0.05,0.35009,-0.75108,0.37339
0.0501,0.37671,-0.75045,0.34913
0.0502,0.40259,-0.74851,0.32449
0.0503,0.42763,-0.74527,0.29953
0.0504,0.45178,-0.74071,0.27426
0.0505,0.47502,-0.73487,0.2487
0.0506,0.49733,-0.72775,0.22285
0.0507,0.51875,-0.71942,0.19669
0.0508,0.53937,-0.70997,0.17019
0.0509,0.55925,-0.69951,0.14335
0.051,0.57846,-0.68815,0.11619
0.0511,0.59709,-0.67601,0.088717
0.0512,0.61517,-0.66319,0.060959
0.0513,0.63269,-0.64976,0.032948
0.0514,0.64961,-0.63577,0.0047133
0.0515,0.6659,-0.62123,-0.023707
0.0516,0.68142,-0.60612,-0.052267
0.0517,0.69605,-0.59041,-0.080909
0.0518,0.70966,-0.57409,-0.10957
0.0519,0.72209,-0.5571,-0.13817
0.052,0.7332,-0.53939,-0.16663
0.0521,0.74285,-0.52091,-0.19487
0.0522,0.75091,-0.50162,-0.22283
0.0523,0.75731,-0.48147,-0.25046
0.0524,0.762,-0.46041,-0.2777
0.0525,0.76497,-0.43845,-0.30455
0.0526,0.76628,-0.4156,-0.33098
0.0527,0.76599,-0.39191,-0.35698
0.0528,0.76426,-0.36747,-0.38256
0.0529,0.76121,-0.3424,-0.40769
0.053,0.75702,-0.3168,-0.43237
0.0531,0.75184,-0.29082,-0.45661
0.0532,0.74581,-0.26455,-0.48039
0.0533,0.73905,-0.23809,-0.50371
0.0534,0.73165,-0.21152,-0.52656
0.0535,0.72368,-0.18487,-0.54891
0.0536,0.71514,-0.15815,-0.57075
0.0537,0.70604,-0.13138,-0.592
0.0538,0.69632,-0.10455,-0.6126
0.0539,0.68593,-0.077647,-0.63246
0.054,0.67475,-0.05063,-0.65149
0.0541,0.66268,-0.023456,-0.66959
0.0542,0.64962,0.0039208,-0.68665
0.0543,0.63548,0.031548,-0.70258
0.0544,0.62019,0.059454,-0.71728
0.0545,0.60372,0.087633,-0.73068
0.0546,0.5861,0.11605,-0.74271
0.0547,0.56735,0.14465,-0.75334
0.0548,0.54758,0.17333,-0.76253
0.0549,0.52689,0.20199,-0.7703
0.055,0.5054,0.23052,-0.77668
0.0551,0.48326,0.2588,-0.78172
0.0552,0.46061,0.28674,-0.78549
0.0553,0.43755,0.31422,-0.78805
0.0554,0.41421,0.34119,-0.78948
0.0555,0.39067,0.36755,-0.78984
0.0556,0.36698,0.39326,-0.78917
0.0557,0.34317,0.41829,-0.78749
0.0558,0.31921,0.44263,-0.78481
0.0559,0.29507,0.46628,-0.78112
0.056,0.27067,0.48929,-0.77643
0.0561,0.24593,0.5117,-0.7707
0.0562,0.22076,0.53356,-0.76394
0.0563,0.19506,0.55493,-0.75615
0.0564,0.16875,0.57582,-0.74731
0.0565,0.1418,0.59623,-0.73743
0.0566,0.11422,0.61613,-0.72652
0.0567,0.086049,0.63546,-0.71461
0.0568,0.057354,0.65412,-0.70172
0.0569,0.028246,0.67201,-0.68788
0.057,-0.0011462,0.68903,-0.67316
0.0571,-0.030683,0.70506,-0.65761
0.0572,-0.06021,0.71997,-0.64129
0.0573,-0.089574,0.73364,-0.62425
0.0574,-0.11864,0.74597,-0.60655
0.0575,-0.14728,0.75687,-0.58821
0.0576,-0.17542,0.76626,-0.56928
0.0577,-0.20299,0.77412,-0.54975
0.0578,-0.22999,0.78043,-0.52964
0.0579,-0.25643,0.78524,-0.50893
0.058,-0.28235,0.78858,-0.48763
0.0581,-0.30784,0.79056,-0.46572
0.0582,-0.33296,0.79126,-0.44321
0.0583,-0.3578,0.79079,-0.42008
0.0584,-0.38243,0.78925,-0.39634
0.0585,-0.40688,0.78672,-0.372
0.0586,-0.4312,0.78329,-0.34706
0.0587,-0.45538,0.779,-0.32157
0.0588,-0.47938,0.77392,-0.29555
0.0589,-0.50314,0.76806,-0.26907
0.059,-0.52657,0.76142,-0.24218
0.0591,-0.54954,0.75397,-0.21494
0.0592,-0.57191,0.74569,-0.1874
0.0593,-0.59351,0.73651,-0.15962
0.0594,-0.61419,0.72636,-0.13168
0.0595,-0.6338,0.71519,-0.10361
0.0596,-0.65221,0.70293,-0.075481
0.0597,-0.6693,0.68956,-0.047323
0.0598,-0.68501,0.67507,-0.019174
0.0599,-0.6993,0.65948,0.0089401
0.06,-0.71217,0.64285,0.036994
0.0601,-0.72366,0.62524,0.064969
0.0602,-0.7338,0.60674,0.092856
0.0603,-0.74267,0.58744,0.12065
0.0604,-0.75036,0.56745,0.14833
0.0605,-0.75694,0.54684,0.17591
0.0606,-0.76251,0.52571,0.20337
0.0607,-0.76712,0.50413,0.23068
0.0608,-0.77083,0.48218,0.25782
0.0609,-0.77366,0.45987,0.28475
0.061,-0.77561,0.43724,0.31142
0.0611,-0.77665,0.41428,0.33776
0.0612,-0.77672,0.39095,0.36373
0.0613,-0.77576,0.36721,0.38927
0.0614,-0.77367,0.343,0.41431
0.0615,-0.77039,0.31827,0.43881
0.0616,-0.76584,0.29298,0.46269
0.0617,-0.75999,0.26711,0.48592
0.0618,-0.75279,0.24064,0.50843
0.0619,-0.74427,0.21357,0.53018
0.062,-0.73446,0.18594,0.55112
0.0621,-0.72342,0.15782,0.57122
0.0622,-0.71125,0.12929,0.59045
0.0623,-0.69804,0.10045,0.60878
0.0624,-0.68393,0.071427,0.62618
0.0625,-0.66904,0.042329,0.64265
0.0626,-0.6535,0.013274,0.65815
0.0627,-0.63739,-0.015631,0.67265
0.0628,-0.62081,-0.044297,0.68613
0.0629,-0.6038,-0.072658,0.69854
0.063,-0.58637,-0.10068,0.70984
0.0631,-0.56851,-0.12834,0.71998
0.0632,-0.55017,-0.15566,0.72892
0.0633,-0.53129,-0.18268,0.73662
0.0634,-0.51178,-0.20943,0.74303
0.0635,-0.49155,-0.23597,0.74813
0.0636,-0.47055,-0.26232,0.7519
0.0637,-0.44871,-0.28853,0.75433
0.0638,1.5475,0.04823,-1.5814
0.0639,2.6171,0.21199,-2.8171
0.064,3.5081,0.34133,-3.8391
0.0641,4.4079,0.48755,-4.8869
0.0642,5.2108,0.63995,-5.844
0.0643,5.8927,0.76002,-6.6477
0.0644,6.6202,0.86679,-7.4837
0.0645,7.5131,1.0222,-8.5343
0.0646,8.6333,1.247,-9.882
0.0647,9.8992,1.482,-11.386
0.0648,11.185,1.7023,-12.896
0.0649,12.471,1.9269,-14.411
0.065,13.745,2.1536,-15.916
0.0651,14.927,2.3641,-17.313
0.0652,15.894,2.5446,-18.465
0.0653,16.786,2.7126,-19.528
0.0654,17.839,2.8975,-20.77
0.0655,19.082,3.113,-22.234
0.0656,20.508,3.3653,-23.917
0.0657,22.131,3.6456,-25.825
0.0658,23.806,3.9328,-27.792
0.0659,25.418,4.2137,-29.69
0.066,26.959,4.4865,-31.507
0.0661,28.437,4.7501,-33.254
0.0662,29.686,4.9845,-34.741
0.0663,30.647,5.1761,-35.897
0.0664,31.5,5.3474,-36.925
0.0665,32.397,5.5351,-38.012
0.0666,33.384,5.7477,-39.216
0.0667,34.53,5.9721,-40.59
0.0668,35.851,6.21,-42.153
0.0669,37.255,6.4723,-43.825
0.067,38.649,6.7438,-45.495
0.0671,39.995,6.9974,-47.101
0.0672,41.175,7.2183,-48.51
0.0673,42.211,7.422,-49.759
0.0674,43.24,7.6221,-50.997
0.0675,44.259,7.8138,-52.219
0.0676,45.212,7.9968,-53.368
0.0677,46.224,8.19,-54.588
0.0678,47.408,8.4064,-56.005
0.0679,48.66,8.636,-57.507
0.068,49.861,8.8631,-58.957
0.0681,50.972,9.0764,-60.308
0.0682,51.884,9.2615,-61.435
0.0683,52.49,9.4063,-62.219
0.0684,52.881,9.5172,-62.76
0.0685,53.201,9.6119,-63.218
0.0686,53.489,9.7015,-63.645
0.0687,53.797,9.7921,-64.1
0.0688,54.223,9.8962,-64.693
0.0689,54.772,10.024,-65.443
0.069,55.387,10.169,-66.286
0.0691,56.026,10.313,-67.163
0.0692,56.607,10.442,-67.982
0.0693,57.025,10.552,-68.632
0.0694,57.253,10.634,-69.081
0.0695,57.294,10.682,-69.325
0.0696,57.163,10.703,-69.389
0.0697,56.973,10.72,-69.413
0.0698,56.853,10.749,-69.542
0.0699,56.76,10.787,-69.733
0.07,56.601,10.826,-69.887
0.0701,56.376,10.862,-70.006
0.0702,56.053,10.888,-70.052
0.0703,55.517,10.888,-69.893
0.0704,54.745,10.854,-69.502
0.0705,53.809,10.79,-68.954
0.0706,52.717,10.705,-68.267
0.0707,51.494,10.607,-67.474
0.0708,50.277,10.51,-66.727
0.0709,49.167,10.431,-66.145
0.071,48.145,10.375,-65.715
0.0711,47.175,10.331,-65.39
0.0712,46.209,10.287,-65.106
0.0713,45.134,10.232,-64.738
0.0714,43.869,10.153,-64.185
0.0715,42.421,10.042,-63.437
0.0716,40.807,9.8994,-62.504
0.0717,39.058,9.7394,-61.421
0.0718,37.252,9.5721,-60.268
0.0719,35.447,9.4017,-59.1
0.072,33.655,9.2337,-57.929
0.0721,31.926,9.0756,-56.805
0.0722,30.291,8.9252,-55.752
0.0723,28.672,8.768,-54.673
0.0724,26.99,8.5915,-53.465
0.0725,25.252,8.3938,-52.127
0.0726,23.468,8.176,-50.664
0.0727,21.645,7.9402,-49.077
0.0728,19.87,7.6966,-47.463
0.0729,18.247,7.4611,-45.943
0.073,16.789,7.2417,-44.542
0.0731,15.477,7.036,-43.242
0.0732,14.315,6.8403,-42.048
0.0733,13.261,6.6509,-40.914
0.0734,12.226,6.4581,-39.746
0.0735,11.161,6.249,-38.479
0.0736,10.025,6.0168,-37.064
0.0737,8.7747,5.7622,-35.458
0.0738,7.4325,5.4897,-33.688
0.0739,6.0792,5.2055,-31.844
0.074,4.7731,4.9208,-30
0.0741,3.5595,4.6472,-28.219
0.0742,2.4837,4.3883,-26.558
0.0743,1.5218,4.1384,-24.992
0.0744,0.60297,3.8915,-23.447
0.0745,-0.2954,3.6446,-21.901
0.0746,-1.1762,3.393,-20.349
0.0747,-2.0826,3.1313,-18.742
0.0748,-3.0252,2.86,-17.072
0.0749,-3.948,2.5867,-15.406
0.075,-4.8124,2.3183,-13.791
0.0751,-5.6072,2.0594,-12.247
0.0752,-6.2895,1.8155,-10.826
0.0753,-6.8375,1.5904,-9.559
0.0754,-7.3123,1.3792,-8.3816
0.0755,-7.7954,1.1705,-7.2021
0.0756,-8.3368,0.95493,-5.9605
0.0757,-8.9812,0.72755,-4.6066
0.0758,-9.7462,0.48631,-3.1196
0.0759,-10.591,0.23288,-1.542
0.076,-11.459,-0.025307,0.061927
0.0761,-12.306,-0.27769,1.6353
0.0762,-13.072,-0.51554,3.1073
0.0763,-13.711,-0.73398,4.4239
0.0764,-14.224,-0.93076,5.5821
0.0765,-14.629,-1.1067,6.597
0.0766,-14.946,-1.2681,7.4961
0.0767,-15.241,-1.4254,8.3552
0.0768,-15.576,-1.5858,9.2441
0.0769,-15.944,-1.7501,10.156
0.077,-16.308,-1.9148,11.054
0.0771,-16.653,-2.0751,11.915
0.0772,-16.941,-2.2239,12.696
0.0773,-17.126,-2.3539,13.34
0.0774,-17.22,-2.4635,13.858
0.0775,-17.272,-2.5574,14.305
0.0776,-17.305,-2.6418,14.707
0.0777,-17.344,-2.7222,15.099
0.0778,-17.442,-2.8055,15.539
0.0779,-17.616,-2.8967,16.052
0.078,-17.838,-2.995,16.61
0.0781,-18.072,-3.093,17.168
0.0782,-18.263,-3.1806,17.663
0.0783,-18.335,-3.2489,18.009
0.0784,-18.246,-3.291,18.156
0.0785,-18.001,-3.3046,18.106
0.0786,-17.622,-3.2936,17.885
0.0787,-17.153,-3.2672,17.548
0.0788,-16.656,-3.2347,17.167
0.0789,-16.169,-3.2016,16.784
0.079,-15.695,-3.1706,16.409
0.0791,-15.244,-3.1423,16.051
0.0792,-14.809,-3.1127,15.702
0.0793,-14.334,-3.0716,15.292
0.0794,-13.819,-3.0193,14.824
0.0795,-13.239,-2.95,14.267
0.0796,-12.592,-2.864,13.618
0.0797,-11.888,-2.7653,12.895
0.0798,-11.176,-2.6611,12.152
0.0799,-10.498,-2.5586,11.438
0.08,-9.852,-2.4604,10.757
0.0801,-9.2219,-2.3641,10.088
0.0802,-8.5833,-2.2649,9.4042
0.0803,-7.8875,-2.1563,8.6493
0.0804,-7.0857,-2.0313,7.7674
0.0805,-6.1608,-1.8846,6.736
0.0806,-5.1099,-1.7157,5.5515
0.0807,-3.94,-1.5283,4.2249
0.0808,-2.69,-1.3284,2.8011
0.0809,-1.4169,-1.1232,1.3446
0.081,-0.16381,-0.9197,-0.09383
0.0811,1.0348,-0.72347,-1.4739
0.0812,2.1574,-0.53535,-2.7729
0.0813,3.2232,-0.35136,-4.0138
0.0814,4.2778,-0.16561,-5.2482
0.0815,5.3506,0.026774,-6.5105
0.0816,6.4577,0.22903,-7.8202
0.0817,7.6142,0.44213,-9.1933
0.0818,8.8131,0.66389,-10.621
0.0819,10.027,0.8901,-12.071
0.082,11.239,1.1171,-13.523
0.0821,12.442,1.3424,-14.968
0.0822,13.624,1.5648,-16.393
0.0823,14.791,1.7855,-17.803
0.0824,15.971,2.0083,-19.232
0.0825,17.199,2.2385,-20.72
0.0826,18.493,2.4797,-22.289
0.0827,19.867,2.7333,-23.955
0.0828,21.308,2.9975,-25.703
0.0829,22.772,3.2674,-27.486
0.083,24.209,3.5361,-29.245
0.0831,25.578,3.797,-30.936
0.0832,26.846,4.0456,-32.519
0.0833,28.002,4.2808,-33.984
0.0834,29.063,4.504,-35.348
0.0835,30.053,4.7186,-36.641
0.0836,31,4.9296,-37.896
0.0837,31.943,5.1422,-39.157
0.0838,32.911,5.3598,-40.461
0.0839,33.904,5.5826,-41.805
0.084,34.903,5.8081,-43.172
0.0841,35.889,6.0321,-44.538
0.0842,36.831,6.2499,-45.87
0.0843,37.703,6.4581,-47.139
0.0844,38.51,6.6561,-48.349
0.0845,39.268,6.8462,-49.523
0.0846,39.99,7.0315,-50.677
0.0847,40.689,7.215,-51.827
0.0848,41.372,7.3985,-52.986
0.0849,42.026,7.5818,-54.142
0.085,42.621,7.762,-55.265
0.0851,43.126,7.9343,-56.32
0.0852,43.506,8.0935,-57.267
0.0853,43.727,8.2353,-58.07
0.0854,43.777,8.3578,-58.715
0.0855,43.673,8.4623,-59.22
0.0856,43.446,8.5532,-59.619
0.0857,43.141,8.6368,-59.964
0.0858,42.801,8.7188,-60.304
0.0859,42.452,8.8025,-60.667
0.086,42.092,8.8884,-61.052
0.0861,41.712,8.9742,-61.446
0.0862,41.29,9.0556,-61.821
0.0863,40.797,9.1275,-62.139
0.0864,40.214,9.1858,-62.374
0.0865,39.538,9.2289,-62.515
0.0866,38.774,9.2573,-62.56
0.0867,37.934,9.2732,-62.52
0.0868,37.044,9.2803,-62.419
0.0869,36.126,9.2817,-62.275
0.087,35.181,9.2785,-62.087
0.0871,34.205,9.2687,-61.841
0.0872,33.184,9.2486,-61.515
0.0873,32.098,9.2142,-61.077
0.0874,30.936,9.1621,-60.507
0.0875,29.71,9.0914,-59.809
0.0876,28.444,9.0042,-59.001
0.0877,27.166,8.905,-58.114
0.0878,25.917,8.7993,-57.191
0.0879,24.73,8.6921,-56.27
0.088,23.625,8.5869,-55.375
0.0881,22.606,8.4846,-54.512
0.0882,21.666,8.3835,-53.674
0.0883,20.778,8.279,-52.828
0.0884,19.905,8.1662,-51.934
0.0885,19.021,8.0408,-50.961
0.0886,18.111,7.9006,-49.892
0.0887,17.169,7.7458,-48.719
0.0888,16.206,7.5788,-47.459
0.0889,15.241,7.4032,-46.137
0.089,14.286,7.2219,-44.771
0.0891,13.346,7.0364,-43.37
0.0892,12.424,6.8468,-41.941
0.0893,11.512,6.652,-40.479
0.0894,10.598,6.4496,-38.972
0.0895,9.6729,6.238,-37.411
0.0896,8.7353,6.0163,-35.796
0.0897,7.7885,5.7857,-34.134
0.0898,6.8484,5.5489,-32.448
0.0899,5.9414,5.3101,-30.77
0.09,5.0906,5.0735,-29.132
0.0901,4.3082,4.8419,-27.554
0.0902,3.5963,4.6157,-26.041
0.0903,2.9392,4.3935,-24.579
0.0904,2.3066,4.1717,-23.137
0.0905,1.6699,3.9464,-21.683
0.0906,1.0055,3.714,-20.192
0.0907,0.29232,3.4723,-18.64
0.0908,-0.47745,3.2206,-17.021
0.0909,-1.2939,2.9606,-15.347
0.091,-2.1406,2.6951,-13.638
0.0911,-2.9986,2.4276,-11.921
0.0912,-3.8449,2.1615,-10.222
0.0913,-4.6631,1.8987,-8.5616
0.0914,-5.4542,1.6399,-6.9422
0.0915,-6.2263,1.3839,-5.3554
0.0916,-6.9856,1.1292,-3.7941
0.0917,-7.739,0.8747,-2.2511
0.0918,-8.4875,0.62056,-0.72609
0.0919,-9.2201,0.36809,0.76833
0.092,-9.9215,0.11951,2.2144
0.0921,-10.581,-0.12264,3.5982
0.0922,-11.19,-0.35615,4.9084
0.0923,-11.745,-0.58001,6.1402
0.0924,-12.257,-0.79489,7.3041
0.0925,-12.747,-1.003,8.4233
0.0926,-13.239,-1.2076,9.5244
0.0927,-13.756,-1.4123,10.636
0.0928,-14.319,-1.6197,11.78
0.0929,-14.93,-1.8303,12.959
0.093,-15.574,-2.0426,14.157
0.0931,-16.227,-2.2531,15.348
0.0932,-16.863,-2.4578,16.5
0.0933,-17.453,-2.6525,17.581
0.0934,-17.981,-2.8347,18.573
0.0935,-18.444,-3.0035,19.471
0.0936,-18.841,-3.1596,20.275
0.0937,-19.181,-3.3045,20.997
0.0938,-19.478,-3.4405,21.653
0.0939,-19.741,-3.5694,22.255
0.094,-19.972,-3.6918,22.805
0.0941,-20.17,-3.8068,23.303
0.0942,-20.327,-3.9126,23.738
0.0943,-20.434,-4.0074,24.102
0.0944,-20.489,-4.0901,24.39
0.0945,-20.501,-4.161,24.613
0.0946,-20.484,-4.222,24.787
0.0947,-20.455,-4.2759,24.932
0.0948,-20.431,-4.3257,25.069
0.0949,-20.422,-4.3733,25.21
0.095,-20.422,-4.4188,25.349
0.0951,-20.419,-4.4608,25.474
0.0952,-20.392,-4.4962,25.562
0.0953,-20.315,-4.5213,25.582
0.0954,-20.161,-4.5323,25.505
0.0955,-19.916,-4.5269,25.315
0.0956,-19.574,-4.5044,25.005
0.0957,-19.14,-4.4662,24.585
0.0958,-18.633,-4.415,24.073
0.0959,-18.073,-4.3541,23.495
0.096,-17.476,-4.2862,22.871
0.0961,-16.854,-4.2124,22.212
0.0962,-16.21,-4.1329,21.525
0.0963,-15.543,-4.0469,20.805
0.0964,-14.849,-3.9528,20.049
0.0965,-14.126,-3.8499,19.253
0.0966,-13.374,-3.7382,18.418
0.0967,-12.598,-3.6184,17.548
0.0968,-11.804,-3.4922,16.655
0.0969,-11.002,-3.3616,15.748
0.097,-10.197,-3.228,14.833
0.0971,-9.386,-3.0917,13.91
0.0972,-8.5615,-2.9517,12.97
0.0973,-7.7054,-2.8055,11.991
0.0974,-6.796,-2.6503,10.95
0.0975,-5.8164,-2.4835,9.8276
0.0976,-4.7577,-2.3038,8.6138
0.0977,-3.6192,-2.1112,7.3085
0.0978,-2.4116,-1.9075,5.9245
0.0979,-1.1553,-1.6954,4.4849
0.098,0.1281,-1.4782,3.0151
0.0981,1.4181,-1.2586,1.5385
0.0982,2.6971,-1.0387,0.075068
0.0983,3.955,-0.81949,-1.3644
0.0984,5.1926,-0.60054,-2.7808
0.0985,6.416,-0.38075,-4.1813
0.0986,7.633,-0.15878,-5.575
0.0987,8.8518,0.066317,-6.9706
0.0988,10.077,0.29472,-8.3726
0.0989,11.305,0.52586,-9.7781
0.099,12.534,0.75874,-11.182
0.0991,13.76,0.99242,-12.58
0.0992,14.985,1.2265,-13.973
0.0993,16.211,1.4612,-15.363
0.0994,17.448,1.6975,-16.762
0.0995,18.706,1.937,-18.18
0.0996,19.994,2.1807,-19.626
0.0997,21.316,2.4295,-21.106
0.0998,22.67,2.683,-22.616
0.0999,24.043,2.9397,-24.142
0.1,25.414,3.1969,-25.66
0.1001,26.761,3.4514,-27.144
0.1002,28.061,3.7,-28.569
0.1003,29.296,3.9404,-29.914
0.1004,30.461,4.1715,-31.173
0.1005,31.557,4.3937,-32.35
0.1006,32.595,4.6082,-33.455
0.1007,33.587,4.8167,-34.502
0.1008,34.547,5.021,-35.509
0.1009,35.484,5.2222,-36.485
0.101,36.402,5.4204,-37.435
0.1011,37.299,5.6153,-38.358
0.1012,38.172,5.8056,-39.248
0.1013,39.014,5.9904,-40.099
0.1014,39.819,6.1691,-40.906
0.1015,40.588,6.3418,-41.669
0.1016,41.321,6.509,-42.39
0.1017,42.02,6.6717,-43.075
0.1018,42.685,6.8305,-43.723
0.1019,43.31,6.9851,-44.331
0.102,43.88,7.1345,-44.884
0.1021,44.378,7.2768,-45.365
0.1022,44.784,7.4096,-45.755
0.1023,45.082,7.5307,-46.037
0.1024,45.259,7.6386,-46.202
0.1025,45.316,7.7331,-46.251
0.1026,45.259,7.8147,-46.196
0.1027,45.104,7.8854,-46.056
0.1028,44.871,7.9472,-45.857
0.1029,44.578,8.0024,-45.62
0.103,44.238,8.0523,-45.362
0.1031,43.857,8.0971,-45.09
0.1032,43.433,8.1363,-44.803
0.1033,42.959,8.1684,-44.493
0.1034,42.428,8.1918,-44.15
0.1035,41.833,8.2055,-43.768
0.1036,41.171,8.209,-43.342
0.1037,40.442,8.2022,-42.872
0.1038,39.65,8.1858,-42.358
0.1039,38.795,8.1604,-41.802
0.104,37.88,8.1261,-41.203
0.1041,36.903,8.0825,-40.557
0.1042,35.862,8.0287,-39.858
0.1043,34.752,7.9632,-39.096
0.1044,33.574,7.885,-38.265
0.1045,32.331,7.7934,-37.366
0.1046,31.034,7.6889,-36.406
0.1047,29.701,7.573,-35.398
0.1048,28.353,7.4482,-34.362
0.1049,27.014,7.3171,-33.32
0.105,25.703,7.1819,-32.289
0.1051,24.432,7.0441,-31.279
0.1052,23.208,6.9041,-30.293
0.1053,22.029,6.7611,-29.325
0.1054,20.886,6.6138,-28.363
0.1055,19.767,6.4604,-27.393
0.1056,18.662,6.2994,-26.399
0.1057,17.562,6.1299,-25.371
0.1058,16.462,5.9515,-24.305
0.1059,15.36,5.7649,-23.199
0.106,14.259,5.5707,-22.057
0.1061,13.161,5.3697,-20.882
0.1062,12.066,5.1624,-19.678
0.1063,10.974,4.9489,-18.444
0.1064,9.8836,4.729,-17.18
0.1065,8.7933,4.5025,-15.886
0.1066,7.7051,4.2697,-14.566
0.1067,6.6237,4.0312,-13.226
0.1068,5.5571,3.7883,-11.877
0.1069,4.5165,3.5429,-10.533
0.107,3.5133,3.297,-9.2085
0.1071,2.5563,3.0521,-7.9153
0.1072,1.6503,2.8096,-6.6605
0.1073,0.79322,2.5696,-5.4439
0.1074,-0.023864,2.3315,-4.257
0.1075,-0.8151,2.0937,-3.0857
0.1076,-1.5963,1.8546,-1.9137
0.1077,-2.3826,1.6125,-0.72593
0.1078,-3.1851,1.3665,0.48839
0.1079,-4.0086,1.1163,1.7329
0.108,-4.8526,0.86252,3.005
0.1081,-5.7122,0.60631,4.2974
0.1082,-6.5801,0.34915,5.5998
0.1083,-7.4478,0.092507,6.9014
0.1084,-8.3088,-0.16245,8.1932
0.1085,-9.1584,-0.41494,9.4689
0.1086,-9.9932,-0.66451,10.724
0.1087,-10.811,-0.91089,11.955
0.1088,-11.608,-1.1537,13.159
0.1089,-12.38,-1.3921,14.328
0.109,-13.119,-1.6253,15.456
0.1091,-13.819,-1.8518,16.533
0.1092,-14.476,-2.0708,17.554
0.1093,-15.087,-2.2815,18.517
0.1094,-15.657,-2.4839,19.424
0.1095,-16.194,-2.6789,20.286
0.1096,-16.71,-2.8677,21.116
0.1097,-17.218,-3.052,21.926
0.1098,-17.731,-3.2332,22.731
0.1099,-18.254,-3.4122,23.537
0.11,-18.788,-3.589,24.345
0.1101,-19.328,-3.7628,25.147
0.1102,-19.862,-3.932,25.931
0.1103,-20.377,-4.0945,26.682
0.1104,-20.86,-4.2485,27.383
0.1105,-21.299,-4.3925,28.025
0.1106,-21.688,-4.5257,28.598
0.1107,-22.024,-4.6479,29.1
0.1108,-22.305,-4.7594,29.531
0.1109,-22.533,-4.8604,29.893
0.111,-22.709,-4.9514,30.187
0.1111,-22.833,-5.0322,30.414
0.1112,-22.905,-5.1028,30.575
0.1113,-22.926,-5.1629,30.671
0.1114,-22.898,-5.2125,30.704
0.1115,-22.826,-5.2518,30.679
0.1116,-22.717,-5.2817,30.606
0.1117,-22.582,-5.3035,30.494
0.1118,-22.428,-5.3184,30.355
0.1119,-22.263,-5.3277,30.197
0.112,-22.088,-5.332,30.022
0.1121,-21.902,-5.3309,29.827
0.1122,-21.694,-5.3235,29.604
0.1123,-21.453,-5.3081,29.337
0.1124,-21.165,-5.2829,29.013
0.1125,-20.817,-5.2464,28.617
0.1126,-20.403,-5.1974,28.141
0.1127,-19.916,-5.1357,27.581
0.1128,-19.359,-5.0615,26.938
0.1129,-18.736,-4.9759,26.219
0.113,-18.056,-4.8801,25.433
0.1131,-17.326,-4.7751,24.59
0.1132,-16.555,-4.6619,23.698
0.1133,-15.748,-4.5411,22.765
0.1134,-14.909,-4.4128,21.794
0.1135,-14.042,-4.2775,20.791
0.1136,-13.152,-4.1355,19.759
0.1137,-12.243,-3.9873,18.703
0.1138,-11.32,-3.8338,17.63
0.1139,-10.386,-3.6758,16.544
0.114,-9.4442,-3.5138,15.448
0.1141,-8.4934,-3.3482,14.341
0.1142,-7.5294,-3.1786,13.219
0.1143,-6.5445,-3.0042,12.074
0.1144,-5.5288,-2.8238,10.894
0.1145,-4.472,-2.6361,9.6677
0.1146,-3.3659,-2.4402,8.3871
0.1147,-2.2059,-2.2354,7.047
0.1148,-0.99268,-2.022,5.6485
0.1149,-0.11929,-1.8727,4.6561
0.115,-0.087545,-1.8778,4.6585
0.1151,-0.056897,-1.8809,4.6594
0.1152,-0.026317,-1.8844,4.6603
0.1153,0.0069584,-1.8978,4.6691
0.1154,0.043836,-1.9228,4.6875
0.1155,0.079787,-1.9448,4.7048
0.1156,0.11346,-1.9588,4.7176
0.1157,0.14924,-1.9801,4.7374
0.1158,0.1886,-2.0122,4.7671
0.1159,0.22726,-2.0402,4.7953
0.116,0.26337,-2.0572,4.8166
0.1161,0.29786,-2.0672,4.8337
0.1162,0.33121,-2.0716,4.8474
0.1163,0.36425,-2.0735,4.8597
0.1164,0.39818,-2.0771,4.8739
0.1165,0.43092,-2.0768,4.886
0.1166,0.46045,-2.0659,4.8907
0.1167,0.48813,-2.0505,4.8926
0.1168,0.51557,-2.0367,4.8962
0.1169,0.54142,-2.0204,4.8986
0.117,0.56489,-1.9989,4.8974
0.1171,0.58671,-1.976,4.8957
0.1172,0.60736,-1.9538,4.895
0.1173,0.62738,-1.9335,4.8962
0.1174,0.64811,-1.9182,4.9012
0.1175,0.66927,-1.9064,4.9091
0.1176,0.69064,-1.8965,4.9185
0.1177,0.71401,-1.894,4.9338
0.1178,0.73989,-1.8998,4.9557
0.1179,0.76488,-1.9025,4.9759
0.118,0.78725,-1.8966,4.9899
0.1181,0.8088,-1.8896,5.0033
0.1182,0.83,-1.8833,5.0178
0.1183,0.84886,-1.8717,5.0283
0.1184,0.86509,-1.854,5.0342
0.1185,0.87905,-1.8322,5.0367
0.1186,0.88992,-1.8032,5.0331
0.1187,0.89803,-1.768,5.024
0.1188,0.9054,-1.7336,5.0145
0.1189,0.91177,-1.6995,5.0046
0.119,0.91565,-1.6611,4.9909
0.1191,0.91763,-1.6215,4.9759
0.1192,0.91896,-1.5857,4.9636
0.1193,0.9191,-1.5519,4.9527
0.1194,0.91814,-1.5197,4.9428
0.1195,0.91714,-1.4925,4.9365
0.1196,0.91605,-1.4693,4.9331
0.1197,0.9143,-1.4475,4.9305
0.1198,0.91242,-1.4278,4.929
0.1199,0.91027,-1.4091,4.9278
0.12,0.90712,-1.389,4.925
0.1201,0.90366,-1.37,4.9226
0.1202,0.90066,-1.3547,4.9227
0.1203,0.89646,-1.3376,4.9212
0.1204,0.8896,-1.3141,4.9144
0.1205,0.8806,-1.2863,4.9038
0.1206,0.86971,-1.2549,4.8899
0.1207,0.8562,-1.2177,4.8707
0.1208,0.84047,-1.1761,4.8471
0.1209,0.82296,-1.1321,4.8207
0.121,0.80327,-1.0842,4.7903
0.1211,0.78189,-1.034,4.7569
0.1212,0.76054,-0.98749,4.7248
0.1213,0.73958,-0.94596,4.6955
0.1214,0.71863,-0.90795,4.6679
0.1215,0.69816,-0.87519,4.6435
0.1216,0.67824,-0.84809,4.6231
0.1217,0.6578,-0.82308,4.6041
0.1218,0.63686,-0.79967,4.5863
0.1219,0.61613,-0.78015,4.5715
0.122,0.59514,-0.76289,4.5587
0.1221,0.57332,-0.74562,4.5462
0.1222,0.55126,-0.72954,4.5346
0.1223,0.52871,-0.71343,4.5231
0.1224,0.50464,-0.69329,4.5082
0.1225,0.47945,-0.67019,4.4906
