0.05,1.1319,-1.3496,0.055125
0.0501,1.3561,-1.319,-0.29619
0.0502,1.5641,-1.2885,-0.63662
0.0503,1.7575,-1.253,-0.97449
0.0504,1.9345,-1.2101,-1.3081
0.0505,2.0969,-1.1681,-1.6308
0.0506,2.2468,-1.1302,-1.9431
0.0507,2.3851,-1.0873,-2.2565
0.0508,2.5134,-1.0357,-2.576
0.0509,2.6345,-0.98432,-2.8957
0.051,2.747,-0.9372,-3.2095
0.0511,2.8492,-0.89109,-3.5182
0.0512,2.9376,-0.84583,-3.8193
0.0513,3.0168,-0.79999,-4.1157
0.0514,3.0801,-0.75253,-4.4024
0.0515,3.1277,-0.70564,-4.6774
0.0516,3.1622,-0.6614,-4.9424
0.0517,3.1851,-0.6177,-5.2018
0.0518,3.197,-0.57197,-5.4585
0.0519,3.1998,-0.52578,-5.7122
0.052,3.1927,-0.48145,-5.9588
0.0521,3.1746,-0.43825,-6.1963
0.0522,3.146,-0.3945,-6.4261
0.0523,3.1076,-0.34917,-6.6487
0.0524,3.0551,-0.3019,-6.8588
0.0525,2.9844,-0.25372,-7.0501
0.0526,2.8957,-0.20547,-7.2216
0.0527,2.7902,-0.15468,-7.3775
0.0528,2.669,-0.10029,-7.5203
0.0529,2.5354,-0.047282,-7.649
0.053,2.393,0.00074534,-7.7638
0.0531,2.2435,0.0473,-7.87
0.0532,2.0882,0.095062,-7.9713
0.0533,1.929,0.14155,-8.0666
0.0534,1.765,0.18553,-8.1535
0.0535,1.5948,0.22847,-8.2313
0.0536,1.4181,0.26987,-8.2988
0.0537,1.2337,0.30889,-8.3533
0.0538,1.0379,0.34726,-8.3923
0.0539,0.82992,0.38519,-8.4149
0.054,0.61201,0.42024,-8.4208
0.0541,0.38583,0.45277,-8.4114
0.0542,0.15224,0.48553,-8.3901
0.0543,-0.086263,0.51876,-8.359
0.0544,-0.32886,0.55154,-8.3172
0.0545,-0.57691,0.58491,-8.2635
0.0546,-0.83056,0.61944,-8.1978
0.0547,-1.0883,0.65388,-8.1204
0.0548,-1.3513,0.68747,-8.0292
0.0549,-1.6215,0.7197,-7.9216
0.055,-1.8989,0.7495,-7.7968
0.0551,-2.1825,0.77754,-7.6568
0.0552,-2.4712,0.80541,-7.5046
0.0553,-2.7623,0.83199,-7.342
0.0554,-3.0521,0.85513,-7.1705
0.0555,-3.3383,0.87543,-6.9927
0.0556,-3.6199,0.89409,-6.8106
0.0557,-3.8961,0.91025,-6.6236
0.0558,-4.1679,0.9234,-6.4296
0.0559,-4.437,0.93421,-6.2272
0.056,-4.7041,0.94248,-6.0153
0.0561,-4.9704,0.94828,-5.7923
0.0562,-5.2388,0.95346,-5.5572
0.0563,-5.51,0.95902,-5.3096
0.0564,-5.7829,0.96416,-5.05
0.0565,-6.0562,0.96895,-4.7796
0.0566,-6.3279,0.97398,-4.5008
0.0567,-6.5949,0.97774,-4.2156
0.0568,-6.8551,0.97929,-3.9249
0.0569,-7.1092,0.9798,-3.6297
0.057,-7.3572,0.97939,-3.3301
0.0571,-7.5982,0.97695,-3.0266
0.0572,-7.833,0.97278,-2.719
0.0573,-8.0624,0.96732,-2.4072
0.0574,-8.2862,0.95903,-2.0903
0.0575,-8.5035,0.94725,-1.7683
0.0576,-8.7141,0.93323,-1.4429
0.0577,-8.9163,0.91663,-1.1152
0.0578,-9.1072,0.89564,-0.78651
0.0579,-9.2852,0.87061,-0.45852
0.058,-9.4499,0.8433,-0.13323
0.0581,-9.6015,0.81408,0.18891
0.0582,-9.7411,0.78321,0.50905
0.0583,-9.8712,0.75202,0.82826
0.0584,-9.9933,0.72085,1.1476
0.0585,-10.108,0.68888,1.4684
0.0586,-10.217,0.65622,1.7919
0.0587,-10.32,0.62341,2.118
0.0588,-10.417,0.5902,2.4459
0.0589,-10.507,0.55657,2.7738
0.059,-10.586,0.52297,3.0992
0.0591,-10.654,0.48907,3.4191
0.0592,-10.707,0.45436,3.7314
0.0593,-10.746,0.41899,4.035
0.0594,-10.77,0.38277,4.33
0.0595,-10.78,0.34503,4.6165
0.0596,-10.776,0.30573,4.8955
0.0597,-10.761,0.26487,5.1676
0.0598,-10.733,0.22174,5.4337
0.0599,-10.695,0.17655,5.6938
0.06,-10.645,0.13081,5.947
0.0601,-10.584,0.085038,6.1925
0.0602,-10.511,0.038843,6.4293
0.0603,-10.425,-0.0072559,6.6561
0.0604,-10.326,-0.052701,6.872
0.0605,-10.215,-0.098038,7.0769
0.0606,-10.091,-0.14323,7.2716
0.0607,-9.9583,-0.18718,7.4567
0.0608,-9.8171,-0.22975,7.6332
0.0609,-9.6682,-0.27159,7.8018
0.061,-9.5123,-0.31233,7.9625
0.0611,-9.3497,-0.35163,8.1148
0.0612,-9.1791,-0.39029,8.2579
0.0613,-8.9994,-0.4288,8.3904
0.0614,-8.8094,-0.4669,8.5107
0.0615,-8.6075,-0.50515,8.6169
0.0616,-8.3919,-0.54454,8.7078
0.0617,-8.1627,-0.58485,8.7825
0.0618,-7.9209,-0.62544,8.8411
0.0619,-7.6677,-0.66627,8.8846
0.062,-7.405,-0.70696,8.9144
0.0621,-7.1351,-0.74673,8.9316
0.0622,-6.8593,-0.78562,8.9378
0.0623,-6.5783,-0.82395,8.9339
0.0624,-6.293,-0.86125,8.9202
0.0625,-6.0039,-0.89696,8.8964
0.0626,-5.7106,-0.93107,8.8618
0.0627,-5.4128,-0.96336,8.8156
0.0628,-5.1104,-0.99334,8.7566
0.0629,-4.803,-1.0211,8.6842
0.063,-4.4912,-1.0468,8.5985
0.0631,-4.1762,-1.0703,8.5001
0.0632,-3.8589,-1.0917,8.3901
0.0633,-3.54,-1.1117,8.2692
0.0634,-3.22,-1.1306,8.1382
0.0635,-2.899,-1.1487,7.9971
0.0636,-2.5762,-1.1666,7.8455
0.0637,-2.2512,-1.1843,7.6826
0.0638,-1.9237,-1.2011,7.5076
0.0639,-1.5931,-1.2172,7.3196
0.064,-1.2589,-1.2328,7.1183
0.0641,-0.92182,-1.2474,6.9039
0.0642,-0.58293,-1.2609,6.6772
0.0643,-0.24365,-1.2735,6.44
0.0644,0.09382,-1.2849,6.1942
0.0645,0.42705,-1.2941,5.9415
0.0646,0.75451,-1.301,5.6833
0.0647,1.0754,-1.3059,5.4206
0.0648,1.3892,-1.3081,5.1533
0.0649,1.6957,-1.3073,4.8811
0.065,1.9958,-1.3039,4.6033
0.0651,2.2901,-1.2981,4.3195
0.0652,2.579,-1.2899,4.0289
0.0653,2.8634,-1.2796,3.7312
0.0654,3.1435,-1.2682,3.4265
0.0655,3.4188,-1.2555,3.1155
0.0656,3.6884,-1.2413,2.799
0.0657,3.9514,-1.2259,2.478
0.0658,4.2072,-1.2094,2.1536
0.0659,4.4549,-1.1915,1.8265
0.066,4.6949,-1.1726,1.497
0.0661,4.9272,-1.1528,1.1652
0.0662,5.152,-1.1321,0.83125
0.0663,5.3691,-1.1101,0.49518
0.0664,5.5784,-1.0869,0.15715
0.0665,5.7794,-1.0621,-0.18239
0.0666,5.9711,-1.0353,-0.52262
0.0667,6.1522,-1.0064,-0.86234
0.0668,6.3213,-0.97518,-1.2
0.0669,6.4769,-0.94144,-1.5343
0.067,6.618,-0.90533,-1.8637
0.0671,6.7445,-0.8673,-2.1875
0.0672,6.8567,-0.82759,-2.5056
0.0673,6.9555,-0.78658,-2.8184
0.0674,7.0424,-0.7448,-3.1266
0.0675,7.1185,-0.70242,-3.431
0.0676,7.1847,-0.65939,-3.7323
0.0677,7.2418,-0.61606,-4.031
0.0678,7.2902,-0.57284,-4.3268
0.0679,7.3295,-0.52978,-4.6189
0.068,7.359,-0.48698,-4.9061
0.0681,7.3779,-0.44477,-5.1871
0.0682,7.385,-0.40301,-5.4603
0.0683,7.3795,-0.36134,-5.7248
0.0684,7.3611,-0.31971,-5.98
0.0685,7.3301,-0.27805,-6.2256
0.0686,7.2863,-0.23585,-6.4617
0.0687,7.23,-0.19277,-6.6884
0.0688,7.1616,-0.14884,-6.9057
0.0689,7.081,-0.10395,-7.1133
0.069,6.9881,-0.057998,-7.3109
0.0691,6.8828,-0.011337,-7.4976
0.0692,6.7651,0.035662,-7.6728
0.0693,6.6346,0.082977,-7.8358
0.0694,6.4913,0.13049,-7.986
0.0695,6.3357,0.1778,-8.1234
0.0696,6.1689,0.22465,-8.2483
0.0697,5.992,0.2708,-8.3614
0.0698,5.8066,0.31582,-8.4635
0.0699,5.614,0.35931,-8.5551
0.07,5.415,0.40123,-8.6369
0.0701,5.2103,0.44152,-8.7089
0.0702,4.9998,0.48014,-8.7709
0.0703,4.7832,0.51731,-8.822
0.0704,4.5597,0.5533,-8.8614
0.0705,4.3283,0.58829,-8.8881
0.0706,4.0883,0.62263,-8.901
0.0707,3.8391,0.65665,-8.8993
0.0708,3.5807,0.69041,-8.8828
0.0709,3.3136,0.72384,-8.8514
0.071,3.0386,0.757,-8.8059
0.0711,2.7568,0.78979,-8.7469
0.0712,2.4692,0.82202,-8.6751
0.0713,2.1769,0.85366,-8.5913
0.0714,1.8804,0.88471,-8.496
0.0715,1.5804,0.91479,-8.3894
0.0716,1.2775,0.94354,-8.2714
0.0717,0.97185,0.97078,-8.1422
0.0718,0.66397,0.9962,-8.0015
0.0719,0.35445,1.0194,-7.8495
0.072,0.043956,1.0403,-7.6862
0.0721,-0.2667,1.0589,-7.5125
0.0722,-0.57646,1.075,-7.3289
0.0723,-0.88442,1.0888,-7.1363
0.0724,-1.1901,1.1006,-6.935
0.0725,-1.4934,1.1107,-6.7255
0.0726,-1.7943,1.1192,-6.5076
0.0727,-2.0933,1.1264,-6.281
0.0728,-2.391,1.1326,-6.045
0.0729,-2.6879,1.1378,-5.7992
0.073,-2.9843,1.1421,-5.5433
0.0731,-3.2803,1.1457,-5.2772
0.0732,-3.5756,1.1486,-5.0015
0.0733,-3.8692,1.1507,-4.7168
0.0734,-4.1599,1.1518,-4.4244
0.0735,-4.4463,1.1518,-4.1257
0.0736,-4.727,1.1502,-3.8218
0.0737,-5.0006,1.1467,-3.5139
0.0738,-5.2665,1.1411,-3.2026
0.0739,-5.5238,1.133,-2.8884
0.074,-5.7724,1.1223,-2.5715
0.0741,-6.0123,1.1088,-2.2519
0.0742,-6.2433,1.0925,-1.9297
0.0743,-6.4656,1.0735,-1.6049
0.0744,-6.679,1.0521,-1.2778
0.0745,-6.8836,1.0284,-0.9487
0.0746,-7.0788,1.0026,-0.61818
0.0747,-7.2644,0.97493,-0.28682
0.0748,-7.4402,0.94574,0.044795
0.0749,-7.6061,0.91531,0.37621
0.075,-7.7622,0.88389,0.70717
0.0751,-7.909,0.85184,1.0375
0.0752,-8.0469,0.81944,1.3672
0.0753,-8.176,0.7867,1.6962
0.0754,-8.2965,0.7536,2.0243
0.0755,-8.4081,0.7201,2.351
0.0756,-8.5102,0.68601,2.6757
0.0757,-8.6018,0.65104,2.9975
0.0758,-8.682,0.61502,3.3151
0.0759,-8.7497,0.57779,3.6273
0.076,-8.8037,0.53914,3.933
0.0761,-8.8434,0.49899,4.2311
0.0762,-8.8687,0.45747,4.521
0.0763,-8.8797,0.41468,4.8026
0.0764,-8.8771,0.37069,5.0759
0.0765,-8.8614,0.32572,5.3413
0.0766,-8.8337,0.28,5.599
0.0767,-8.7946,0.2337,5.8494
0.0768,-8.7446,0.18709,6.0926
0.0769,-8.6842,0.14055,6.3283
0.077,-8.6136,0.094356,6.5562
0.0771,-8.5326,0.048717,6.7755
0.0772,-8.4411,0.0038304,6.9858
0.0773,-8.3391,-0.040206,7.1863
0.0774,-8.2266,-0.083434,7.3767
0.0775,-8.1036,-0.12593,7.5566
0.0776,-7.9703,-0.1678,7.726
0.0777,-7.8268,-0.20926,7.8848
0.0778,-7.6733,-0.25051,8.0326
0.0779,-7.5096,-0.29171,8.1693
0.078,-7.3355,-0.333,8.2944
0.0781,-7.1509,-0.37447,8.4072
0.0782,-6.9554,-0.41613,8.5072
0.0783,-6.7488,-0.45793,8.5939
0.0784,-6.5312,-0.49985,8.6667
0.0785,-6.3027,-0.54178,8.7256
0.0786,-6.0641,-0.58351,8.7706
0.0787,-5.8163,-0.6248,8.8023
0.0788,-5.5604,-0.66536,8.8211
0.0789,-5.2978,-0.70482,8.8278
0.079,-5.0296,-0.74286,8.823
0.0791,-4.7569,-0.77928,8.8072
0.0792,-4.4801,-0.81392,8.7805
0.0793,-4.1998,-0.84663,8.7431
0.0794,-3.9159,-0.87745,8.6945
0.0795,-3.6283,-0.90647,8.6344
0.0796,-3.3368,-0.93379,8.5622
0.0797,-3.0411,-0.95956,8.4776
0.0798,-2.7411,-0.98401,8.3802
0.0799,-2.4368,-1.0073,8.2699
0.08,-2.1286,-1.0296,8.1469
0.0801,-1.8169,-1.0509,8.0114
0.0802,-1.5021,-1.0715,7.8638
0.0803,-1.1848,-1.0914,7.7046
0.0804,-0.86542,-1.1106,7.534
0.0805,-0.54431,-1.1291,7.3524
0.0806,-0.22192,-1.1468,7.16
0.0807,0.10123,-1.1635,6.9569
0.0808,0.42461,-1.1788,6.7435
0.0809,0.74754,-1.1927,6.5202
0.081,1.0691,-1.2048,6.2873
0.0811,1.3885,-1.2148,6.0457
0.0812,1.7044,-1.2227,5.7961
0.0813,2.0161,-1.2283,5.5393
0.0814,2.3225,-1.2316,5.276
0.0815,2.6232,-1.2325,5.0068
0.0816,2.9178,-1.2313,4.7319
0.0817,3.2064,-1.2279,4.4513
0.0818,3.4892,-1.2226,4.165
0.0819,3.7666,-1.2156,3.8727
0.082,4.0389,-1.2069,3.5742
0.0821,4.3065,-1.1968,3.2694
0.0822,4.5694,-1.1854,2.9585
0.0823,4.8273,-1.1729,2.6419
0.0824,5.0798,-1.1592,2.3202
0.0825,5.3263,-1.1444,1.9942
0.0826,5.5659,-1.1283,1.6648
0.0827,5.7977,-1.1108,1.3327
0.0828,6.021,-1.0918,0.99892
0.0829,6.2351,-1.071,0.66399
0.083,6.4396,-1.0484,0.32849
0.0831,6.6339,-1.0238,-0.0070983
0.0832,6.8176,-0.99714,-0.34234
0.0833,6.9905,-0.96836,-0.67677
0.0834,7.1523,-0.93749,-1.0099
0.0835,7.3024,-0.90457,-1.3412
0.0836,7.4407,-0.86976,-1.6701
0.0837,7.567,-0.83322,-1.996
0.0838,7.681,-0.79513,-2.3184
0.0839,7.7828,-0.75578,-2.6369
0.084,7.8728,-0.71548,-2.9513
0.0841,7.9513,-0.67452,-3.2614
0.0842,8.0189,-0.63319,-3.5674
0.0843,8.076,-0.59175,-3.8691
0.0844,8.1232,-0.55035,-4.1665
0.0845,8.1606,-0.50905,-4.4594
0.0846,8.1881,-0.46788,-4.7475
0.0847,8.2054,-0.42678,-5.0301
0.0848,8.2119,-0.38563,-5.3066
0.0849,8.207,-0.34428,-5.5759
0.085,8.1899,-0.30258,-5.8371
0.0851,8.16,-0.26037,-6.0893
0.0852,8.1167,-0.21753,-6.3318
0.0853,8.06,-0.17398,-6.5642
0.0854,7.9898,-0.12967,-6.7859
0.0855,7.9064,-0.084591,-6.9971
0.0856,7.8102,-0.03881,-7.1976
0.0857,7.7017,0.0075524,-7.3874
0.0858,7.5814,0.054333,-7.5666
0.0859,7.4499,0.10129,-7.7352
0.086,7.3075,0.14813,-7.8929
0.0861,7.1548,0.19458,-8.0398
0.0862,6.9922,0.24037,-8.1755
0.0863,6.82,0.28524,-8.2999
0.0864,6.6387,0.32903,-8.413
0.0865,6.4487,0.37161,-8.5146
0.0866,6.2506,0.41294,-8.6048
0.0867,6.0446,0.453,-8.6837
0.0868,5.8311,0.49187,-8.751
0.0869,5.6102,0.52971,-8.8067
0.087,5.3818,0.56664,-8.8504
0.0871,5.1458,0.60283,-8.8818
0.0872,4.9019,0.63842,-8.9004
0.0873,4.6499,0.67355,-8.9057
0.0874,4.3896,0.70829,-8.8973
0.0875,4.1212,0.7427,-8.875
0.0876,3.8448,0.77679,-8.8387
0.0877,3.561,0.81045,-8.7887
0.0878,3.2705,0.84353,-8.7253
0.0879,2.9744,0.87582,-8.649
0.088,2.6736,0.90708,-8.5604
0.0881,2.3693,0.93705,-8.4602
0.0882,2.0622,0.9655,-8.3487
0.0883,1.7532,0.99221,-8.2264
0.0884,1.4429,1.017,-8.0935
0.0885,1.1318,1.0398,-7.9502
0.0886,0.82008,1.0606,-7.7964
0.0887,0.50807,1.0793,-7.6322
0.0888,0.19594,1.0959,-7.4575
0.0889,-0.1161,1.1107,-7.2725
0.089,-0.42783,1.1237,-7.0772
0.0891,-0.73901,1.1351,-6.8718
0.0892,-1.0494,1.1451,-6.6565
0.0893,-1.3589,1.1538,-6.4316
0.0894,-1.6672,1.1615,-6.1973
0.0895,-1.9743,1.1683,-5.9537
0.0896,-2.2799,1.1742,-5.7011
0.0897,-2.5838,1.1792,-5.4397
0.0898,-2.8857,1.1832,-5.1697
0.0899,-3.185,1.1861,-4.8916
0.09,-3.4812,1.1878,-4.6059
0.0901,-3.7733,1.188,-4.3132
0.0902,-4.0605,1.1864,-4.0144
0.0903,-4.3418,1.1829,-3.7103
0.0904,-4.6161,1.1772,-3.4018
0.0905,-4.8827,1.1692,-3.0894
0.0906,-5.1408,1.1587,-2.774
0.0907,-5.39,1.1456,-2.4558
0.0908,-5.6302,1.1301,-2.1352
0.0909,-5.8614,1.112,-1.8123
0.091,-6.0836,1.0917,-1.4872
0.0911,-6.297,1.0692,-1.1599
0.0912,-6.5019,1.0449,-0.83063
0.0913,-6.6983,1.0189,-0.4995
0.0914,-6.8862,0.99152,-0.16688
0.0915,-7.0655,0.96299,0.16677
0.0916,-7.236,0.93349,0.50094
0.0917,-7.3975,0.90316,0.83505
0.0918,-7.5495,0.87207,1.1685
0.0919,-7.6917,0.84026,1.5007
0.092,-7.8239,0.8077,1.8312
0.0921,-7.9457,0.77431,2.1593
0.0922,-8.0566,0.74,2.4846
0.0923,-8.1564,0.70465,2.8063
0.0924,-8.2444,0.66815,3.124
0.0925,-8.3203,0.6304,3.4369
0.0926,-8.3836,0.59134,3.7443
0.0927,-8.434,0.55093,4.0457
0.0928,-8.471,0.50924,4.3404
0.0929,-8.4948,0.46633,4.628
0.093,-8.5053,0.42239,4.9081
0.0931,-8.5029,0.37762,5.1804
0.0932,-8.488,0.33226,5.4451
0.0933,-8.4612,0.28657,5.702
0.0934,-8.4231,0.24079,5.9512
0.0935,-8.3742,0.19515,6.1927
0.0936,-8.3149,0.14981,6.4263
0.0937,-8.2454,0.1049,6.6519
0.0938,-8.1658,0.0605,6.869
0.0939,-8.0759,0.016608,7.0772
0.094,-7.9755,-0.026804,7.2758
0.0941,-7.8644,-0.069805,7.4643
0.0942,-7.7423,-0.1125,7.642
0.0943,-7.6089,-0.15502,7.8085
0.0944,-7.4642,-0.19746,7.9633
0.0945,-7.3081,-0.23994,8.1061
0.0946,-7.1408,-0.28255,8.2367
0.0947,-6.9624,-0.3253,8.355
0.0948,-6.7732,-0.36819,8.4608
0.0949,-6.5736,-0.41113,8.5539
0.095,-6.3639,-0.45399,8.6345
0.0951,-6.1445,-0.49659,8.7023
0.0952,-5.916,-0.5387,8.7574
0.0953,-5.679,-0.58013,8.7999
0.0954,-5.434,-0.62063,8.8298
0.0955,-5.1819,-0.65999,8.8474
0.0956,-4.9233,-0.69801,8.8529
0.0957,-4.6588,-0.73454,8.8464
0.0958,-4.3892,-0.76948,8.8283
0.0959,-4.115,-0.80279,8.7985
0.096,-3.8363,-0.83447,8.7571
0.0961,-3.5534,-0.8646,8.7039
0.0962,-3.2664,-0.89327,8.6388
0.0963,-2.9751,-0.92061,8.5615
0.0964,-2.6796,-0.94678,8.4717
0.0965,-2.3796,-0.97192,8.3692
0.0966,-2.0753,-0.99614,8.254
0.0967,-1.7669,-1.0195,8.1261
0.0968,-1.4546,-1.0422,7.9857
0.0969,-1.1391,-1.064,7.833
0.097,-0.82102,-1.0849,7.6686
0.0971,-0.50104,-1.1048,7.493
0.0972,-0.17998,-1.1236,7.3065
0.0973,0.14138,-1.1411,7.1099
0.0974,0.46228,-1.1571,6.9034
0.0975,0.78201,-1.1714,6.6876
0.0976,1.0999,-1.1839,6.4628
0.0977,1.4154,-1.1945,6.2295
0.0978,1.728,-1.2029,5.9878
0.0979,2.0371,-1.2093,5.7382
0.098,2.3422,-1.2136,5.4811
0.0981,2.6431,-1.2157,5.2166
0.0982,2.9393,-1.216,4.9453
0.0983,3.2308,-1.2143,4.6672
0.0984,3.5172,-1.2109,4.3827
0.0985,3.7987,-1.2059,4.0919
0.0986,4.0751,-1.1995,3.7951
0.0987,4.3465,-1.1918,3.4923
0.0988,4.6128,-1.1828,3.1839
0.0989,4.8738,-1.1724,2.87
0.099,5.1293,-1.1608,2.5512
0.0991,5.3786,-1.1478,2.2279
0.0992,5.6214,-1.1332,1.9007
0.0993,5.8567,-1.117,1.5704
0.0994,6.0839,-1.099,1.2378
0.0995,6.3021,-1.0791,0.90366
0.0996,6.5106,-1.0572,0.56867
0.0997,6.7087,-1.0331,0.23352
0.0998,6.8961,-1.0069,-0.10124
0.0999,7.0724,-0.9786,-0.43514
0.1,7.2373,-0.94822,-0.7678
0.1001,7.3909,-0.91591,-1.0989
0.1002,7.5332,-0.88185,-1.4281
0.1003,7.6642,-0.84624,-1.7552
0.1004,7.7841,-0.80932,-2.0799
0.1005,7.8929,-0.77134,-2.4017
0.1006,7.9909,-0.73253,-2.7204
0.1007,8.0781,-0.69312,-3.0357
0.1008,8.1545,-0.65329,-3.3471
0.1009,8.2203,-0.61319,-3.6543
0.101,8.2754,-0.57291,-3.957
0.1011,8.3198,-0.5325,-4.2546
0.1012,8.3533,-0.49194,-4.5469
0.1013,8.3759,-0.45119,-4.8332
0.1014,8.3871,-0.41014,-5.1131
0.1015,8.3867,-0.36871,-5.3859
0.1016,8.3741,-0.32675,-5.6511
0.1017,8.3491,-0.28417,-5.9078
0.1018,8.3112,-0.24089,-6.1556
0.1019,8.2602,-0.19686,-6.3939
0.102,8.196,-0.15209,-6.6222
0.1021,8.1187,-0.10666,-6.8403
0.1022,8.0286,-0.060674,-7.0478
0.1023,7.9261,-0.014298,-7.2448
0.1024,7.8118,0.032272,-7.4312
0.1025,7.6861,0.078815,-7.607
0.1026,7.5499,0.12511,-7.7723
0.1027,7.4035,0.17094,-7.927
0.1028,7.2474,0.21611,-8.0712
0.1029,7.0821,0.26047,-8.2046
0.103,6.9078,0.3039,-8.327
0.1031,6.7247,0.34633,-8.4381
0.1032,6.5329,0.38775,-8.5378
0.1033,6.3324,0.42818,-8.6256
0.1034,6.1234,0.46768,-8.7014
0.1035,5.9058,0.50636,-8.7648
0.1036,5.6798,0.54435,-8.8156
0.1037,5.4453,0.58177,-8.8536
0.1038,5.2025,0.61871,-8.8786
0.1039,4.9515,0.65523,-8.8905
0.104,4.6925,0.69134,-8.8892
0.1041,4.4257,0.72702,-8.8747
0.1042,4.1516,0.76219,-8.8469
0.1043,3.8706,0.79672,-8.8059
0.1044,3.5833,0.83046,-8.7519
0.1045,3.2904,0.86322,-8.6852
0.1046,2.9927,0.89481,-8.6061
0.1047,2.6909,0.92502,-8.515
0.1048,2.386,0.95368,-8.4123
0.1049,2.0785,0.98063,-8.2984
0.105,1.7693,1.0057,-8.1735
0.1051,1.4588,1.029,-8.0378
0.1052,1.1474,1.0503,-7.8915
0.1053,0.8354,1.0698,-7.7346
0.1054,0.52294,1.0874,-7.5672
0.1055,0.21013,1.1034,-7.3892
0.1056,0.14019,1.1318,-7.2099
0.1057,0.10208,1.1606,-7.0268
0.1058,0.063278,1.1876,-6.8352
0.1059,0.024902,1.2146,-6.6366
0.106,-0.013235,1.2431,-6.4337
0.1061,-0.05147,1.2712,-6.2243
0.1062,-0.090075,1.2973,-6.0047
0.1063,-0.12813,1.3229,-5.7773
0.1064,-0.16533,1.3495,-5.5453
0.1065,-0.20195,1.3756,-5.3073
0.1066,-0.2388,1.3991,-5.0609
0.1067,-0.27575,1.4194,-4.8067
0.1068,-0.31271,1.4368,-4.5454
0.1069,-0.34933,1.4514,-4.2782
0.107,-0.38539,1.4636,-4.0062
0.1071,-0.42062,1.4731,-3.7287
0.1072,-0.45531,1.4784,-3.4434
0.1073,-0.48918,1.4796,-3.1503
0.1074,-0.52195,1.478,-2.8515
0.1075,-0.55361,1.4735,-2.5482
0.1076,-0.58471,1.4657,-2.24
0.1077,-0.61517,1.4546,-1.9273
0.1078,-0.6449,1.4411,-1.6123
0.1079,-0.67383,1.4256,-1.2972
0.108,-0.70206,1.4094,-0.98317
0.1081,-0.7294,1.3925,-0.66954
0.1082,-0.76876,1.3838,-0.57932
0.1083,-0.80912,1.3764,-0.53205
0.1084,-0.84757,1.3688,-0.48629
0.1085,-0.88596,1.3612,-0.44164
0.1086,-0.92592,1.3537,-0.39595
0.1087,-0.96549,1.3449,-0.34941
0.1088,-1.0029,1.3333,-0.30254
0.1089,-1.0396,1.3197,-0.25537
0.109,-1.0771,1.3061,-0.20768
0.1091,-1.1141,1.2907,-0.15955
0.1092,-1.1487,1.2711,-0.10955
0.1093,-1.1808,1.2469,-0.057322
0.1094,-1.2103,1.2193,-0.0039447
0.1095,-1.2374,1.189,0.049756
0.1096,-1.2632,1.1565,0.10466
0.1097,-1.2871,1.1216,0.16055
0.1098,-1.3078,1.084,0.21641
0.1099,-1.3253,1.0441,0.27153
0.11,-1.3407,1.0038,0.32573
0.1101,-1.354,0.96345,0.37824
0.1102,-1.3645,0.92243,0.4292
0.1103,-1.3723,0.88038,0.4789
0.1104,-1.3779,0.83807,0.52712
0.1105,-1.3818,0.79615,0.57361
0.1106,-1.3848,0.75471,0.61914
0.1107,-1.3868,0.71364,0.6636
0.1108,-1.3873,0.67294,0.70619
0.1109,-1.3865,0.63287,0.74689
0.111,-1.3854,0.59323,0.78677
0.1111,-1.3827,0.55247,0.82621
0.1112,-1.3769,0.50892,0.86546
0.1113,-1.3684,0.46258,0.90483
0.1114,-1.3581,0.41433,0.94443
0.1115,-1.3454,0.36403,0.98392
0.1116,-1.3302,0.31126,1.0236
0.1117,-1.3128,0.25645,1.0634
0.1118,-1.2931,0.20028,1.1023
0.1119,-1.2704,0.14327,1.1393
0.112,-1.2459,0.086403,1.1743
0.1121,-1.2197,0.030402,1.2069
0.1122,-1.1914,-0.025168,1.2368
0.1123,-1.1606,-0.080606,1.2642
0.1124,-1.1286,-0.13503,1.2892
0.1125,-1.0954,-0.18768,1.3112
0.1126,-1.0612,-0.23869,1.3303
0.1127,-1.0263,-0.28802,1.3468
0.1128,-0.99083,-0.33541,1.3605
0.1129,-0.95443,-0.38116,1.3713
0.113,-0.91729,-0.42603,1.3801
0.1131,-0.87946,-0.47049,1.3873
0.1132,-0.84043,-0.51484,1.3928
0.1133,-0.80009,-0.55926,1.3966
0.1134,-0.75922,-0.60369,1.3994
0.1135,-0.71762,-0.64833,1.4013
0.1136,-0.67449,-0.69376,1.402
0.1137,-0.62969,-0.74008,1.4016
0.1138,-0.58362,-0.78671,1.3999
0.1139,-0.53596,-0.83326,1.3962
0.114,-0.48668,-0.8796,1.3906
0.1141,-0.43622,-0.92545,1.383
0.1142,-0.38471,-0.97045,1.3735
0.1143,-0.33207,-1.0141,1.3615
0.1144,-0.27913,-1.0555,1.347
0.1145,-0.22654,-1.0936,1.3295
0.1146,-0.17424,-1.1282,1.3089
0.1147,-0.12212,-1.1595,1.2852
0.1148,-0.070521,-1.1875,1.2588
0.1149,-0.019175,-1.2126,1.2299
0.115,0.032107,-1.2356,1.199
0.1151,0.08304,-1.2567,1.1666
0.1152,0.13344,-1.276,1.1331
0.1153,0.18359,-1.294,1.0986
0.1154,0.23325,-1.311,1.0636
0.1155,0.28222,-1.3268,1.0285
0.1156,0.33098,-1.3417,0.99289
0.1157,0.37992,-1.3558,0.95657
0.1158,0.42863,-1.3687,0.9197
0.1159,0.47714,-1.3804,0.88211
0.116,0.52599,-1.3912,0.8437
0.1161,0.57514,-1.4011,0.80464
0.1162,0.62405,-1.4097,0.76488
0.1163,0.6727,-1.4163,0.72383
0.1164,0.72085,-1.4203,0.6812
0.1165,0.76789,-1.4212,0.63695
0.1166,0.81351,-1.4185,0.59086
0.1167,0.85794,-1.4123,0.54273
0.1168,0.90092,-1.4026,0.49288
0.1169,0.94203,-1.3894,0.44152
0.117,0.98128,-1.3729,0.38875
0.1171,1.0187,-1.3534,0.33502
0.1172,1.0539,-1.3315,0.281
0.1173,1.0872,-1.3076,0.22699
0.1174,1.1187,-1.2824,0.17323
0.1175,1.1487,-1.2562,0.12023
0.1176,1.1771,-1.2294,0.067965
0.1177,1.2043,-1.202,0.016309
0.1178,1.2303,-1.1744,-0.034416
0.1179,1.2552,-1.1468,-0.084013
0.118,1.2789,-1.119,-0.13275
0.1181,1.3017,-1.0908,-0.18096
0.1182,1.3229,-1.0618,-0.22869
0.1183,1.3423,-1.0314,-0.27629
0.1184,1.36,-0.99918,-0.32424
0.1185,1.3757,-0.96497,-0.37265
0.1186,1.3893,-0.92859,-0.4214
0.1187,1.4007,-0.89004,-0.47064
0.1188,1.41,-0.84931,-0.52033
0.1189,1.4166,-0.80629,-0.57018
0.119,1.4205,-0.76098,-0.6199
0.1191,1.4215,-0.71373,-0.66923
0.1192,1.4197,-0.66481,-0.71778
0.1193,1.415,-0.61437,-0.76526
0.1194,1.4075,-0.5628,-0.81153
0.1195,1.3977,-0.51062,-0.85634
0.1196,1.3857,-0.45821,-0.89935
0.1197,1.3718,-0.40603,-0.94039
0.1198,1.3565,-0.35476,-0.9792
0.1199,1.3399,-0.30477,-1.0155
0.12,1.3219,-0.25596,-1.0493
0.1201,1.3028,-0.20816,-1.081
0.1202,1.2825,-0.16109,-1.1107
0.1203,1.2607,-0.11427,-1.1386
0.1204,1.2373,-0.067267,-1.1653
0.1205,1.2127,-0.019855,-1.1909
0.1206,1.1865,0.028264,-1.2157
0.1207,1.1586,0.077465,-1.2396
0.1208,1.1291,0.12788,-1.263
0.1209,1.0978,0.17944,-1.2855
0.121,1.0646,0.23208,-1.3068
0.1211,1.0294,0.28559,-1.3268
0.1212,0.99252,0.33961,-1.3452
0.1213,0.95387,0.39386,-1.3618
0.1214,0.9135,0.44808,-1.3762
0.1215,0.87171,0.50178,-1.3883
0.1216,0.82868,0.55443,-1.3979
0.1217,0.78453,0.6056,-1.4044
0.1218,0.73951,0.65494,-1.408
0.1219,0.69383,0.70216,-1.4084
0.122,0.64749,0.74722,-1.4058
0.1221,0.6006,0.79018,-1.4002
0.1222,0.55339,0.83104,-1.3919
0.1223,0.50593,0.86983,-1.3811
0.1224,0.45822,0.90675,-1.368
0.1225,0.41044,0.94204,-1.3531
