0.05,2.2882,-0.50982,-1.7661
0.0501,2.2586,-0.42142,-1.8259
0.0502,2.2257,-0.33246,-1.8833
0.0503,2.1895,-0.24307,-1.9381
0.0504,2.1501,-0.15337,-1.9904
0.0505,2.1077,-0.06348,-2.0401
0.0506,2.0622,0.026455,-2.087
0.0507,2.0137,0.11631,-2.131
0.0508,1.9624,0.20596,-2.1722
0.0509,1.9083,0.29527,-2.2103
0.051,1.8515,0.38411,-2.2453
0.0511,1.792,0.47236,-2.2771
0.0512,1.73,0.55989,-2.3058
0.0513,1.6655,0.64661,-2.3311
0.0514,1.4751,0.71963,-2.4643
0.0515,1.3335,0.79913,-2.5386
0.0516,1.1976,0.87923,-2.5938
0.0517,1.066,0.95922,-2.6345
0.0518,0.93866,1.0396,-2.6622
0.0519,0.81395,1.1198,-2.6774
0.052,0.69008,1.1984,-2.6823
0.0521,0.56684,1.276,-2.68
0.0522,0.44446,1.3531,-2.6715
0.0523,0.32194,1.4286,-2.6559
0.0524,0.19933,1.5025,-2.6327
0.0525,0.077083,1.5755,-2.6025
0.0526,-0.04435,1.6469,-2.5655
0.0527,-0.16436,1.7159,-2.522
0.0528,-0.28229,1.7829,-2.4729
0.0529,-0.399,1.8475,-2.4183
0.053,-0.51544,1.909,-2.359
0.0531,-0.63163,1.9675,-2.2961
0.0532,-0.74703,2.0236,-2.2303
0.0533,-0.86159,2.0771,-2.1606
0.0534,-0.97483,2.1279,-2.0865
0.0535,-1.0862,2.1764,-2.0078
0.0536,-1.1952,2.2223,-1.9247
0.0537,-1.301,2.265,-1.8371
0.0538,-1.4029,2.3045,-1.7454
0.0539,-1.5009,2.341,-1.6498
0.054,-1.5953,2.3738,-1.5507
0.0541,-1.6865,2.4032,-1.4499
0.0542,-1.7753,2.4296,-1.3484
0.0543,-1.8625,2.4527,-1.2458
0.0544,-1.9485,2.4722,-1.1419
0.0545,-2.0329,2.4885,-1.0374
0.0546,-2.1152,2.5018,-0.93238
0.0547,-2.1951,2.5112,-0.82604
0.0548,-2.2721,2.5166,-0.71825
0.0549,-2.346,2.5184,-0.60914
0.055,-2.4167,2.5164,-0.49838
0.0551,-2.4838,2.5101,-0.38617
0.0552,-2.5468,2.5001,-0.27342
0.0553,-2.6063,2.4867,-0.16024
0.0554,-2.6625,2.4694,-0.046354
0.0555,-2.715,2.4482,0.06764
0.0556,-2.7634,2.4235,0.18109
0.0557,-2.8078,2.3951,0.29428
0.0558,-2.8476,2.3628,0.40745
0.0559,-2.8827,2.3272,0.52023
0.056,-2.9131,2.2885,0.63245
0.0561,-2.9392,2.2465,0.74411
0.0562,-2.961,2.2014,0.85473
0.0563,-2.9787,2.1536,0.96393
0.0564,-2.9924,2.1027,1.0716
0.0565,-3.0022,2.0486,1.1773
0.0566,-3.008,1.9918,1.2802
0.0567,-3.01,1.9321,1.3806
0.0568,-3.0084,1.8693,1.4788
0.0569,-3.0031,1.8039,1.5748
0.057,-2.994,1.7363,1.6684
0.0571,-2.9811,1.6663,1.7601
0.0572,-2.9642,1.5941,1.8498
0.0573,-2.9433,1.5201,1.9372
0.0574,-2.9184,1.4439,2.0225
0.0575,-2.8892,1.3655,2.1053
0.0576,-2.8551,1.285,2.1851
0.0577,-2.8163,1.2027,2.2616
0.0578,-2.7728,1.1184,2.335
0.0579,-2.7247,1.0326,2.4049
0.058,-2.6723,0.94566,2.4711
0.0581,-2.616,0.85764,2.5339
0.0582,-2.5558,0.76854,2.5931
0.0583,-2.4919,0.67885,2.6484
0.0584,-2.4244,0.58847,2.6998
0.0585,-2.3536,0.49709,2.7474
0.0586,-2.2795,0.40492,2.7907
0.0587,-2.2022,0.31226,2.8298
0.0588,-2.122,0.2189,2.865
0.0589,-2.0389,0.12503,2.8961
0.059,-1.953,0.031224,2.923
0.0591,-1.8644,-0.062419,2.9459
0.0592,-1.7735,-0.15613,2.9652
0.0593,-1.6803,-0.24957,2.9805
0.0594,-1.5848,-0.3425,2.9918
0.0595,-1.4872,-0.4351,2.9992
0.0596,-1.3872,-0.52735,3.0026
0.0597,-1.2851,-0.61877,3.0017
0.0598,-1.1811,-0.7093,2.9967
0.0599,-1.0753,-0.79896,2.9876
0.06,-0.9677,-0.88741,2.9742
0.0601,-0.85842,-0.9744,2.9564
0.0602,-0.74765,-1.06,2.9343
0.0603,-0.63551,-1.1442,2.908
0.0604,-0.52223,-1.2267,2.8771
0.0605,-0.40828,-1.3075,2.8419
0.0606,-0.294,-1.3867,2.8024
0.0607,-0.17966,-1.4638,2.7586
0.0608,-0.065576,-1.5388,2.7106
0.0609,0.047986,-1.6117,2.6587
0.061,0.16096,-1.6824,2.6029
0.0611,0.27329,-1.7506,2.5434
0.0612,0.38495,-1.8166,2.4805
0.0613,0.49606,-1.8804,2.4143
0.0614,0.60673,-1.9417,2.3446
0.0615,0.7168,-2.0005,2.2717
0.0616,0.82609,-2.0569,2.1958
0.0617,0.93433,-2.1104,2.1168
0.0618,1.0412,-2.1608,2.0347
0.0619,1.1464,-2.2083,1.9498
0.062,1.2498,-2.2526,1.8621
0.0621,1.3516,-2.2936,1.7714
0.0622,1.4514,-2.3314,1.6781
0.0623,1.5493,-2.3661,1.5823
0.0624,1.6453,-2.3975,1.484
0.0625,1.7393,-2.4255,1.3835
0.0626,1.831,-2.4502,1.281
0.0627,1.9203,-2.4715,1.1767
0.0628,2.0067,-2.4891,1.0706
0.0629,2.09,-2.5029,0.963
0.063,2.1698,-2.5133,0.85416
0.0631,2.2461,-2.5198,0.74413
0.0632,2.3187,-2.5227,0.63308
0.0633,2.3877,-2.5221,0.52135
0.0634,2.4533,-2.5178,0.40904
0.0635,2.5153,-2.5098,0.29629
0.0636,2.5738,-2.4981,0.18343
0.0637,2.6289,-2.4828,0.070678
0.0638,2.6805,-2.4637,-0.04201
0.0639,2.7287,-2.4408,-0.15454
0.064,2.7734,-2.4143,-0.26678
0.0641,2.8144,-2.3842,-0.37879
0.0642,2.8517,-2.3506,-0.49055
0.0643,2.8851,-2.3134,-0.60182
0.0644,2.9144,-2.2729,-0.71249
0.0645,2.9396,-2.229,-0.82243
0.0646,2.9606,-2.1817,-0.93137
0.0647,2.9774,-2.1313,-1.039
0.0648,2.99,-2.0777,-1.1452
0.0649,2.9983,-2.0211,-1.2496
0.065,3.0025,-1.9618,-1.3522
0.0651,3.0024,-1.8999,-1.4526
0.0652,2.9981,-1.8354,-1.551
0.0653,2.9895,-1.7685,-1.6471
0.0654,2.9765,-1.6993,-1.7407
0.0655,2.9589,-1.6278,-1.8317
0.0656,2.9368,-1.554,-1.92
0.0657,2.9103,-1.4782,-2.0054
0.0658,2.8795,-1.4003,-2.0879
0.0659,2.8447,-1.3204,-2.1673
0.066,2.8061,-1.2388,-2.2436
0.0661,2.7637,-1.1557,-2.3167
0.0662,2.7178,-1.0711,-2.3867
0.0663,2.6682,-0.98491,-2.4534
0.0664,2.6151,-0.89749,-2.5169
0.0665,2.5582,-0.80875,-2.577
0.0666,2.4976,-0.71871,-2.6338
0.0667,2.433,-0.62756,-2.6871
0.0668,2.3646,-0.53552,-2.7368
0.0669,2.2924,-0.44265,-2.7828
0.067,2.2165,-0.34917,-2.8249
0.0671,2.1372,-0.25534,-2.863
0.0672,2.0547,-0.16126,-2.8971
0.0673,1.9692,-0.06702,-2.927
0.0674,1.8808,0.027161,-2.9526
0.0675,1.7895,0.12118,-2.9739
0.0676,1.6957,0.21498,-2.9909
0.0677,1.5994,0.30842,-3.0036
0.0678,1.5008,0.40131,-3.012
0.0679,1.4001,0.49359,-3.0162
0.068,1.2974,0.58515,-3.0163
0.0681,1.193,0.67581,-3.0121
0.0682,1.087,0.76551,-3.0039
0.0683,0.97976,0.85422,-2.9915
0.0684,0.8714,0.94178,-2.9751
0.0685,0.76212,1.0281,-2.9544
0.0686,0.65205,1.113,-2.9297
0.0687,0.5413,1.1965,-2.9009
0.0688,0.42997,1.2782,-2.8681
0.0689,0.31815,1.3582,-2.8312
0.069,0.20589,1.4364,-2.7903
0.0691,0.0932,1.5125,-2.7454
0.0692,-0.019849,1.5865,-2.6965
0.0693,-0.13316,1.6584,-2.6436
0.0694,-0.2466,1.728,-2.5866
0.0695,-0.35995,1.7952,-2.5257
0.0696,-0.47289,1.8599,-2.4609
0.0697,-0.58518,1.922,-2.3922
0.0698,-0.69656,1.9814,-2.3199
0.0699,-0.80679,2.0378,-2.2441
0.07,-0.91566,2.0914,-2.1649
0.0701,-1.023,2.1421,-2.0826
0.0702,-1.1288,2.1898,-1.9973
0.0703,-1.2329,2.2345,-1.9093
0.0704,-1.3351,2.2763,-1.8187
0.0705,-1.4354,2.315,-1.7256
0.0706,-1.5337,2.3505,-1.6302
0.0707,-1.6296,2.3828,-1.5327
0.0708,-1.7232,2.4119,-1.4332
0.0709,-1.8141,2.4375,-1.3318
0.071,-1.9024,2.4596,-1.2286
0.0711,-1.9879,2.4783,-1.1237
0.0712,-2.0707,2.4934,-1.0172
0.0713,-2.1506,2.5048,-0.9093
0.0714,-2.2277,2.5127,-0.80007
0.0715,-2.302,2.5169,-0.68965
0.0716,-2.3733,2.5173,-0.57819
0.0717,-2.4415,2.514,-0.46587
0.0718,-2.5065,2.5069,-0.35283
0.0719,-2.568,2.4959,-0.2392
0.072,-2.626,2.4812,-0.12518
0.0721,-2.6802,2.4627,-0.010956
0.0722,-2.7305,2.4404,0.10332
0.0723,-2.7768,2.4146,0.21744
0.0724,-2.8189,2.3851,0.33117
0.0725,-2.8569,2.3521,0.44432
0.0726,-2.8908,2.3157,0.5567
0.0727,-2.9204,2.2759,0.66806
0.0728,-2.946,2.2328,0.77823
0.0729,-2.9675,2.1866,0.88712
0.073,-2.9849,2.1374,0.99457
0.0731,-2.9983,2.0852,1.1005
0.0732,-3.0077,2.0301,1.2048
0.0733,-3.013,1.9722,1.3073
0.0734,-3.0142,1.9116,1.408
0.0735,-3.0113,1.8483,1.5068
0.0736,-3.0042,1.7824,1.6035
0.0737,-2.993,1.7139,1.698
0.0738,-2.9776,1.6431,1.7902
0.0739,-2.9582,1.5699,1.8799
0.074,-2.9347,1.4946,1.967
0.0741,-2.9071,1.4173,2.0513
0.0742,-2.8753,1.3381,2.1327
0.0743,-2.8395,1.2571,2.211
0.0744,-2.7995,1.1745,2.2861
0.0745,-2.7551,1.0902,2.358
0.0746,-2.7066,1.0045,2.4264
0.0747,-2.6537,0.9174,2.4912
0.0748,-2.5967,0.82909,2.5524
0.0749,-2.5357,0.73968,2.6099
0.075,-2.4709,0.64931,2.6637
0.0751,-2.4024,0.55811,2.7136
0.0752,-2.3306,0.46623,2.7596
0.0753,-2.2555,0.37375,2.8017
0.0754,-2.1774,0.28077,2.8398
0.0755,-2.0963,0.18741,2.8741
0.0756,-2.0123,0.093769,2.9043
0.0757,-1.9256,-5.9019e-05,2.9307
0.0758,-1.8361,-0.09391,2.953
0.0759,-1.7441,-0.18764,2.9714
0.076,-1.6496,-0.28113,2.9857
0.0761,-1.5527,-0.37422,2.9959
0.0762,-1.4536,-0.46675,3.002
0.0763,-1.3524,-0.55863,3.0039
0.0764,-1.2492,-0.64975,3.0016
0.0765,-1.1442,-0.73992,2.9949
0.0766,-1.0376,-0.82903,2.9839
0.0767,-0.92943,-0.91696,2.9686
0.0768,-0.81993,-1.0036,2.9489
0.0769,-0.70922,-1.0887,2.9249
0.077,-0.59748,-1.1723,2.8967
0.0771,-0.48486,-1.2543,2.8642
0.0772,-0.37156,-1.3345,2.8276
0.0773,-0.25778,-1.4129,2.7868
0.0774,-0.14375,-1.4894,2.742
0.0775,-0.029693,-1.5639,2.6933
0.0776,0.08418,-1.6363,2.6406
0.0777,0.19766,-1.7066,2.5841
0.0778,0.31059,-1.7745,2.5239
0.0779,0.42282,-1.84,2.4601
0.078,0.53426,-1.903,2.3929
0.0781,0.64481,-1.9635,2.3222
0.0782,0.75444,-2.0213,2.2482
0.0783,0.86306,-2.0764,2.171
0.0784,0.97058,-2.1287,2.0907
0.0785,1.0769,-2.1781,2.0074
0.0786,1.1818,-2.2245,1.9211
0.0787,1.2852,-2.2678,1.8321
0.0788,1.3867,-2.3079,1.7403
0.0789,1.4864,-2.3448,1.646
0.079,1.5839,-2.3784,1.5492
0.0791,1.6791,-2.4086,1.4501
0.0792,1.7719,-2.4354,1.3489
0.0793,1.8621,-2.4588,1.2457
0.0794,1.9497,-2.4787,1.1408
0.0795,2.0344,-2.4952,1.0344
0.0796,2.1162,-2.5081,0.92652
0.0797,2.1948,-2.5173,0.8175
0.0798,2.2702,-2.523,0.70746
0.0799,2.3423,-2.525,0.59657
0.08,2.4109,-2.5232,0.48496
0.0801,2.4759,-2.5178,0.37279
0.0802,2.5374,-2.5086,0.26019
0.0803,2.5952,-2.4956,0.14727
0.0804,2.6494,-2.4789,0.034177
0.0805,2.6999,-2.4585,-0.07894
0.0806,2.7467,-2.4344,-0.19196
0.0807,2.7899,-2.4065,-0.30474
0.0808,2.8294,-2.3751,-0.41714
0.0809,2.8651,-2.3402,-0.52903
0.081,2.8969,-2.3017,-0.64026
0.0811,2.9249,-2.2599,-0.75067
0.0812,2.9488,-2.2148,-0.86011
0.0813,2.9686,-2.1665,-0.96841
0.0814,2.9842,-2.1151,-1.0754
0.0815,2.9954,-2.0607,-1.1808
0.0816,3.0024,-2.0034,-1.2846
0.0817,3.0049,-1.9433,-1.3864
0.0818,3.0032,-1.8806,-1.4862
0.0819,2.997,-1.8153,-1.5837
0.082,2.9866,-1.7475,-1.6789
0.0821,2.972,-1.6774,-1.7715
0.0822,2.9531,-1.6051,-1.8616
0.0823,2.93,-1.5307,-1.9489
0.0824,2.9028,-1.4542,-2.0334
0.0825,2.8715,-1.3757,-2.1149
0.0826,2.836,-1.2954,-2.1936
0.0827,2.7965,-1.2132,-2.2692
0.0828,2.753,-1.1294,-2.3416
0.0829,2.7056,-1.044,-2.4109
0.083,2.6544,-0.95712,-2.4769
0.0831,2.5993,-0.86893,-2.5396
0.0832,2.5406,-0.77954,-2.5988
0.0833,2.4782,-0.68908,-2.6544
0.0834,2.4121,-0.59767,-2.7064
0.0835,2.3425,-0.50544,-2.7547
0.0836,2.2692,-0.41253,-2.7991
0.0837,2.1925,-0.31907,-2.8396
0.0838,2.1124,-0.2252,-2.8761
0.0839,2.029,-0.13109,-2.9085
0.084,1.9424,-0.036858,-2.9368
0.0841,1.853,0.057346,-2.961
0.0842,1.7607,0.15138,-2.981
0.0843,1.6659,0.24511,-2.9967
0.0844,1.5688,0.33842,-3.0082
0.0845,1.4695,0.43119,-3.0155
0.0846,1.3683,0.52331,-3.0185
0.0847,1.2653,0.61469,-3.0173
0.0848,1.1607,0.70522,-3.012
0.0849,1.0546,0.79477,-3.0025
0.085,0.94712,0.88323,-2.9889
0.0851,0.8385,0.97048,-2.9711
0.0852,0.72882,1.0564,-2.9493
0.0853,0.61822,1.1409,-2.9233
0.0854,0.50685,1.2238,-2.8933
0.0855,0.39483,1.3051,-2.8591
0.0856,0.28231,1.3845,-2.8208
0.0857,0.16942,1.462,-2.7784
0.0858,0.056285,1.5375,-2.7319
0.0859,-0.056965,1.6108,-2.6813
0.086,-0.17021,1.6819,-2.6267
0.0861,-0.28331,1.7506,-2.5682
0.0862,-0.39612,1.8168,-2.5058
0.0863,-0.50849,1.8805,-2.4396
0.0864,-0.62023,1.9416,-2.3698
0.0865,-0.73113,2.0001,-2.2965
0.0866,-0.84098,2.0558,-2.2198
0.0867,-0.94956,2.1086,-2.1398
0.0868,-1.0567,2.1586,-2.0568
0.0869,-1.1621,2.2055,-1.9709
0.087,-1.2657,2.2495,-1.8821
0.0871,-1.3673,2.2903,-1.7908
0.0872,-1.4669,2.3279,-1.6969
0.0873,-1.5642,2.3624,-1.6008
0.0874,-1.6593,2.3936,-1.5025
0.0875,-1.752,2.4214,-1.4022
0.0876,-1.8422,2.4459,-1.3
0.0877,-1.9299,2.4669,-1.196
0.0878,-2.015,2.4844,-1.0904
0.0879,-2.0973,2.4983,-0.98328
0.088,-2.1767,2.5086,-0.87476
0.0881,-2.2531,2.5151,-0.76497
0.0882,-2.3265,2.518,-0.65405
0.0883,-2.3966,2.5171,-0.54216
0.0884,-2.4635,2.5124,-0.42946
0.0885,-2.527,2.504,-0.31612
0.0886,-2.587,2.4918,-0.20233
0.0887,-2.6435,2.4758,-0.088268
0.0888,-2.6962,2.4561,0.025881
0.0889,-2.7451,2.4328,0.13993
0.089,-2.79,2.4058,0.25371
0.0891,-2.831,2.3752,0.36704
0.0892,-2.8679,2.3412,0.47975
0.0893,-2.9007,2.3038,0.59168
0.0894,-2.9293,2.263,0.70267
0.0895,-2.9537,2.2189,0.81257
0.0896,-2.974,2.1717,0.9212
0.0897,-2.9902,2.1214,1.0284
0.0898,-3.0022,2.0682,1.1341
0.0899,-3.0102,2.012,1.2381
0.09,-3.0141,1.953,1.3404
0.0901,-3.014,1.8913,1.4406
0.0902,-3.0098,1.827,1.5389
0.0903,-3.0015,1.7602,1.6349
0.0904,-2.9891,1.6909,1.7287
0.0905,-2.9725,1.6193,1.8201
0.0906,-2.9517,1.5455,1.9089
0.0907,-2.9267,1.4695,1.995
0.0908,-2.8975,1.3916,2.0783
0.0909,-2.8641,1.3117,2.1586
0.091,-2.8265,1.2302,2.2358
0.0911,-2.7847,1.1469,2.3098
0.0912,-2.7388,1.0622,2.3804
0.0913,-2.6888,0.97602,2.4476
0.0914,-2.6348,0.88858,2.5112
0.0915,-2.5768,0.79995,2.5711
0.0916,-2.5149,0.71026,2.6274
0.0917,-2.4493,0.61961,2.68
0.0918,-2.38,0.52812,2.7287
0.0919,-2.3073,0.4359,2.7736
0.092,-2.2312,0.34307,2.8147
0.0921,-2.152,0.24978,2.8518
0.0922,-2.0698,0.15613,2.885
0.0923,-1.9846,0.062271,2.9142
0.0924,-1.8968,-0.031669,2.9393
0.0925,-1.8063,-0.12556,2.9604
0.0926,-1.7134,-0.21926,2.9774
0.0927,-1.618,-0.31263,2.9903
0.0928,-1.5203,-0.40553,2.999
0.0929,-1.4205,-0.49784,3.0035
0.093,-1.3185,-0.58944,3.0038
0.0931,-1.2147,-0.6802,2.9998
0.0932,-1.109,-0.77,2.9916
0.0933,-1.0017,-0.8587,2.9791
0.0934,-0.893,-0.94618,2.9624
0.0935,-0.78298,-1.0323,2.9413
0.0936,-0.67188,-1.117,2.916
0.0937,-0.55988,-1.2002,2.8864
0.0938,-0.44716,-1.2817,2.8527
0.0939,-0.33391,-1.3614,2.8148
0.094,-0.22031,-1.4393,2.7728
0.0941,-0.10652,-1.5152,2.7268
0.0942,0.0072904,-1.5891,2.6768
0.0943,0.12096,-1.6609,2.623
0.0944,0.23432,-1.7304,2.5654
0.0945,0.34722,-1.7976,2.5042
0.0946,0.45951,-1.8624,2.4393
0.0947,0.57104,-1.9247,2.3709
0.0948,0.68168,-1.9844,2.299
0.0949,0.7913,-2.0413,2.2238
0.095,0.89978,-2.0955,2.1454
0.0951,1.007,-2.1467,2.0639
0.0952,1.1128,-2.195,1.9794
0.0953,1.2171,-2.2403,1.892
0.0954,1.3198,-2.2825,1.8019
0.0955,1.4207,-2.3215,1.7091
0.0956,1.5195,-2.3573,1.6139
0.0957,1.6163,-2.3898,1.5163
0.0958,1.7108,-2.419,1.4166
0.0959,1.8028,-2.4448,1.3149
0.096,1.8922,-2.4671,1.2113
0.0961,1.9788,-2.486,1.1061
0.0962,2.0625,-2.5013,0.99928
0.0963,2.1431,-2.5131,0.89115
0.0964,2.2206,-2.5212,0.78184
0.0965,2.2948,-2.5257,0.67151
0.0966,2.3657,-2.5265,0.56034
0.0967,2.4332,-2.5236,0.44847
0.0968,2.4972,-2.5169,0.33606
0.0969,2.5577,-2.5064,0.22323
0.097,2.6147,-2.4922,0.11014
0.0971,2.6679,-2.4742,-0.0030877
0.0972,2.7175,-2.4525,-0.11632
0.0973,2.7634,-2.4271,-0.22943
0.0974,2.8054,-2.398,-0.34226
0.0975,2.8436,-2.3654,-0.45467
0.0976,2.878,-2.3292,-0.5665
0.0977,2.9083,-2.2896,-0.67759
0.0978,2.9347,-2.2466,-0.78775
0.0979,2.9571,-2.2004,-0.89683
0.098,2.9753,-2.151,-1.0046
0.0981,2.9893,-2.0987,-1.111
0.0982,2.9992,-2.0433,-1.2158
0.0983,3.0047,-1.9852,-1.3187
0.0984,3.0059,-1.9243,-1.4198
0.0985,3.0028,-1.8608,-1.5187
0.0986,2.9954,-1.7947,-1.6154
0.0987,2.9837,-1.7262,-1.7098
0.0988,2.9677,-1.6554,-1.8017
0.0989,2.9474,-1.5823,-1.8909
0.099,2.923,-1.5071,-1.9775
0.0991,2.8945,-1.4298,-2.0612
0.0992,2.8619,-1.3506,-2.142
0.0993,2.8252,-1.2696,-2.2198
0.0994,2.7846,-1.1868,-2.2945
0.0995,2.7399,-1.1023,-2.3661
0.0996,2.6914,-1.0164,-2.4344
0.0997,2.6389,-0.92903,-2.4993
0.0998,2.5826,-0.84038,-2.5609
0.0999,2.5225,-0.75057,-2.6189
0.1,2.4586,-0.65974,-2.6733
0.1001,2.3911,-0.56802,-2.7241
0.1002,2.32,-0.47554,-2.771
0.1003,2.2454,-0.38244,-2.814
0.1004,2.1674,-0.28886,-2.8531
0.1005,2.0862,-0.19494,-2.8882
0.1006,2.0018,-0.1008,-2.9192
0.1007,1.9144,-0.0065928,-2.9461
0.1008,1.8242,0.087563,-2.9689
0.1009,1.7313,0.18154,-2.9875
0.101,1.6359,0.2752,-3.0019
0.1011,1.5381,0.36842,-3.0121
0.1012,1.4383,0.46108,-3.0181
0.1013,1.3365,0.55308,-3.0199
0.1014,1.2329,0.64431,-3.0176
0.1015,1.1277,0.73464,-3.011
0.1016,1.0211,0.82396,-3.0003
0.1017,0.91319,0.91212,-2.9854
0.1018,0.80415,0.99902,-2.9664
0.1019,0.6941,1.0845,-2.9432
0.102,0.58318,1.1685,-2.9158
0.1021,0.4715,1.2509,-2.8843
0.1022,0.35919,1.3316,-2.8486
0.1023,0.2464,1.4103,-2.8089
0.1024,0.13324,1.4872,-2.765
0.1025,0.019875,1.5619,-2.717
0.1026,-0.093553,1.6345,-2.665
0.1027,-0.20689,1.7048,-2.6091
0.1028,-0.31996,1.7727,-2.5492
0.1029,-0.43261,1.8381,-2.4856
0.103,-0.54468,1.9011,-2.4183
0.1031,-0.65598,1.9613,-2.3473
0.1032,-0.76505,2.0138,-2.3002
0.1033,-0.87293,2.0635,-2.2595
0.1034,-0.97947,2.1104,-2.2156
0.1035,-1.0844,2.1541,-2.1684
0.1036,-1.1872,2.1945,-2.1183
0.1037,-1.2881,2.2319,-2.0652
0.1038,-1.3874,2.2661,-2.0091
0.1039,-1.4846,2.2971,-1.9502
0.104,-1.5793,2.3245,-1.8888
0.1041,-1.6717,2.3484,-1.8247
0.1042,-1.7619,2.3692,-1.7582
0.1043,-1.8498,2.387,-1.6896
0.1044,-1.9353,2.4017,-1.6188
0.1045,-2.0182,2.413,-1.5457
0.1046,-2.0983,2.4207,-1.4705
0.1047,-2.1756,2.4249,-1.3931
0.1048,-2.2504,2.4255,-1.3137
0.1049,-2.3225,2.4226,-1.2322
0.105,-2.3916,2.4161,-1.1489
0.1051,-2.4574,2.4059,-1.064
0.1052,-2.52,2.3924,-0.97778
0.1053,-2.579,2.3755,-0.89048
0.1054,-2.6344,2.3552,-0.80214
0.1055,-2.6857,2.3313,-0.71265
0.1056,-2.7328,2.3037,-0.62219
0.1057,-2.7759,2.2726,-0.53096
0.1058,-2.8149,2.2379,-0.43887
0.1059,-2.8499,2.1996,-0.34606
0.106,-2.8806,2.1578,-0.25289
0.1061,-2.9073,2.1127,-0.1595
0.1062,-2.9303,2.0647,-0.065968
0.1063,-2.9494,2.0139,0.02741
0.1064,-2.9642,1.9604,0.1205
0.1065,-2.9749,1.904,0.21343
0.1066,-2.9816,1.845,0.30613
0.1067,-2.9841,1.7836,0.39835
0.1068,-2.9825,1.7198,0.4901
0.1069,-2.977,1.6537,0.58139
0.107,-2.9676,1.5854,0.6719
0.1071,-2.9541,1.515,0.76135
0.1072,-2.9367,1.4427,0.84972
0.1073,-2.9154,1.3685,0.9369
0.1074,-2.8901,1.2926,1.0227
0.1075,-2.8605,1.2149,1.107
0.1076,-2.8266,1.1354,1.1899
0.1077,-2.7884,1.0543,1.271
0.1078,-2.7459,0.97181,1.3503
0.1079,-2.699,0.88788,1.4277
0.108,-2.648,0.80271,1.5031
0.1081,-2.5929,0.71651,1.5761
0.1082,-2.5341,0.62938,1.6469
0.1083,-2.4717,0.54134,1.7154
0.1084,-2.4058,0.45243,1.7816
0.1085,-2.3364,0.36279,1.8453
0.1086,-2.2638,0.27261,1.9066
0.1087,-2.188,0.1821,1.9655
0.1088,-2.1376,0.091708,2.0163
0.1089,-2.0932,0.0014627,2.0645
0.109,-2.0459,-0.088616,2.1099
0.1091,-1.9957,-0.17821,2.1519
0.1092,-1.9428,-0.26703,2.1906
0.1093,-1.8874,-0.35526,2.2262
0.1094,-1.8292,-0.44315,2.2588
0.1095,-1.7684,-0.53045,2.2881
0.1096,-1.7051,-0.61681,2.3139
0.1097,-1.6394,-0.70232,2.3364
0.1098,-1.5714,-0.78706,2.3557
0.1099,-1.5013,-0.87083,2.372
0.11,-1.4292,-0.95347,2.385
0.1101,-1.355,-1.0348,2.3944
0.1102,-1.2788,-1.1147,2.4001
0.1103,-1.2006,-1.193,2.4024
0.1104,-1.1206,-1.2701,2.4012
0.1105,-1.0388,-1.3457,2.3964
0.1106,-0.95556,-1.4195,2.3882
0.1107,-0.87114,-1.4913,2.3766
0.1108,-0.78567,-1.5611,2.3616
0.1109,-0.6995,-1.6288,2.3434
0.111,-0.61273,-1.6941,2.3219
0.1111,-0.52526,-1.7569,2.2968
0.1112,-0.43718,-1.817,2.2682
0.1113,-0.34866,-1.8746,2.2362
0.1114,-0.2596,-1.9295,2.2007
0.1115,-0.17005,-1.9817,2.1616
0.1116,-0.080294,-2.0309,2.119
0.1117,0.0094995,-2.0773,2.0733
0.1118,0.099311,-2.1209,2.0247
0.1119,0.18888,-2.1617,1.9732
0.112,0.27807,-2.1995,1.919
0.1121,0.367,-2.2344,1.8621
0.1122,0.45563,-2.2664,1.8026
0.1123,0.54366,-2.2955,1.7407
0.1124,0.63105,-2.3216,1.6765
0.1125,0.7178,-2.3447,1.61
0.1126,0.80356,-2.3645,1.5414
0.1127,0.88801,-2.3809,1.4707
0.1128,0.97114,-2.3939,1.398
0.1129,1.0528,-2.4034,1.3235
0.113,1.1328,-2.4093,1.2473
0.1131,1.2111,-2.4116,1.1695
0.1132,1.2876,-2.4103,1.09
0.1133,1.3623,-2.4054,1.0091
0.1134,1.4349,-2.3969,0.92688
0.1135,1.5055,-2.3847,0.84336
0.1136,1.574,-2.3687,0.75858
0.1137,1.6402,-2.3491,0.67277
0.1138,1.7041,-2.3258,0.58599
0.1139,1.7658,-2.299,0.49819
0.114,1.8253,-2.2687,0.40947
0.1141,1.8824,-2.2351,0.32005
0.1142,1.9372,-2.1983,0.23014
0.1143,1.9896,-2.1585,0.13995
0.1144,2.0393,-2.1158,0.049731
0.1145,2.0862,-2.0702,-0.040362
0.1146,2.1303,-2.0218,-0.1302
0.1147,2.1712,-1.9705,-0.2196
0.1148,2.209,-1.9165,-0.30849
0.1149,2.2438,-1.8598,-0.39682
0.115,2.2753,-1.8005,-0.48456
0.1151,2.3035,-1.7385,-0.57163
0.1152,2.3285,-1.674,-0.65801
0.1153,2.3503,-1.6071,-0.74355
0.1154,2.3686,-1.5379,-0.82807
0.1155,2.3834,-1.4664,-0.91146
0.1156,2.3947,-1.3928,-0.99362
0.1157,2.4023,-1.3172,-1.0744
0.1158,2.4065,-1.2397,-1.1537
0.1159,2.4071,-1.1605,-1.2315
0.116,2.4045,-1.0798,-1.3077
0.1161,2.3983,-0.99761,-1.3823
0.1162,2.3888,-0.91424,-1.455
0.1163,2.3759,-0.82979,-1.5259
0.1164,2.3596,-0.74431,-1.5946
0.1165,2.3398,-0.65788,-1.6612
0.1166,2.3165,-0.57071,-1.7255
0.1167,2.2898,-0.4829,-1.7873
0.1168,2.2595,-0.39453,-1.8466
0.1169,2.2259,-0.30574,-1.9032
0.117,2.1889,-0.21664,-1.9571
0.1171,2.1485,-0.12727,-2.0082
0.1172,2.1049,-0.037717,-2.0565
0.1173,2.0581,0.051926,-2.1019
0.1174,2.0082,0.14161,-2.1445
0.1175,1.9553,0.23128,-2.1841
0.1176,1.8995,0.32079,-2.2209
0.1177,1.8411,0.41,-2.2548
0.1178,1.78,0.49873,-2.2857
0.1179,1.7166,0.58678,-2.3136
0.118,1.651,0.67395,-2.3383
0.1181,1.5832,0.76009,-2.3598
0.1182,1.5134,0.84504,-2.378
0.1183,1.4415,0.92865,-2.3927
0.1184,1.3678,1.0108,-2.404
0.1185,1.2923,1.0915,-2.4117
0.1186,1.2152,1.1705,-2.4159
0.1187,1.1365,1.2477,-2.4165
0.1188,1.0563,1.3231,-2.4136
0.1189,0.97487,1.3966,-2.4072
0.119,0.89214,1.4681,-2.3972
0.1191,0.80819,1.5376,-2.3835
0.1192,0.72298,1.605,-2.3661
0.1193,0.63663,1.6702,-2.3451
0.1194,0.54924,1.7333,-2.3205
0.1195,0.46086,1.7941,-2.2923
0.1196,0.37169,1.8526,-2.2607
0.1197,0.28198,1.9088,-2.2257
0.1198,0.19188,1.9624,-2.1877
0.1199,0.10155,2.0134,-2.1465
0.12,0.011209,2.0617,-2.1023
0.1201,-0.07898,2.1071,-2.0552
0.1202,-0.16895,2.1497,-2.0053
0.1203,-0.25857,2.1892,-1.9526
0.1204,-0.34765,2.2255,-1.8972
0.1205,-0.4361,2.2587,-1.8391
0.1206,-0.52384,2.2885,-1.7783
0.1207,-0.61068,2.3148,-1.7149
0.1208,-0.69655,2.3378,-1.6492
0.1209,-0.78141,2.3573,-1.5811
0.121,-0.86519,2.3735,-1.5107
0.1211,-0.94779,2.3861,-1.4382
0.1212,-1.0292,2.3955,-1.3638
0.1213,-1.1093,2.4014,-1.2874
0.1214,-1.188,2.4041,-1.2093
0.1215,-1.2652,2.4034,-1.1296
0.1216,-1.3408,2.3993,-1.0485
0.1217,-1.4146,2.3917,-0.96588
0.1218,-1.4866,2.3808,-0.88205
0.1219,-1.5566,2.3663,-0.79707
0.122,-1.6245,2.3484,-0.71104
0.1221,-1.6901,2.327,-0.62413
0.1222,-1.7534,2.3021,-0.53646
0.1223,-1.8143,2.2738,-0.44815
0.1224,-1.8725,2.2421,-0.35935
0.1225,-1.928,2.2069,-0.27018
