0.05,-0.72216,0.34788,0.36858
0.0501,-0.72064,0.32471,0.3933
0.0502,-0.71786,0.30119,0.41727
0.0503,-0.7138,0.27732,0.44043
0.0504,-0.70847,0.25313,0.46273
0.0505,-0.70189,0.22863,0.48416
0.0506,-0.69408,0.20381,0.50471
0.0507,-0.68512,0.17863,0.52444
0.0508,-0.67511,0.1531,0.54342
0.0509,-0.66415,0.12723,0.56169
0.051,-0.65237,0.10106,0.57933
0.0511,-0.63989,0.074623,0.5964
0.0512,-0.62683,0.047967,0.6129
0.0513,-0.61325,0.021152,0.62882
0.0514,-0.5992,-0.0057788,0.64412
0.0515,-0.5847,-0.032775,0.65872
0.0516,-0.56973,-0.059786,0.67253
0.0517,-0.55426,-0.086764,0.68541
0.0518,-0.53824,-0.11367,0.69725
0.0519,-0.52162,-0.14044,0.70791
0.052,-0.50433,-0.16702,0.71725
0.0521,-0.48631,-0.19338,0.72518
0.0522,-0.46751,-0.21945,0.73158
0.0523,-0.44787,-0.24522,0.7364
0.0524,-0.42736,-0.27065,0.73961
0.0525,-0.40597,-0.29573,0.74123
0.0526,-0.38372,-0.32046,0.74131
0.0527,-0.36069,-0.34484,0.73995
0.0528,-0.33695,-0.36885,0.73728
0.0529,-0.31262,-0.39248,0.73344
0.053,-0.28783,-0.41571,0.72858
0.0531,-0.26272,-0.43851,0.72283
0.0532,-0.2374,-0.46085,0.71633
0.0533,-0.21197,-0.48271,0.70917
0.0534,-0.18651,-0.50405,0.70142
0.0535,-0.16103,-0.52482,0.69312
0.0536,-0.13557,-0.545,0.68428
0.0537,-0.11012,-0.56452,0.67487
0.0538,-0.084668,-0.58331,0.66486
0.0539,-0.059191,-0.6013,0.65415
0.054,-0.033637,-0.61841,0.64267
0.0541,-0.0079533,-0.63454,0.63032
0.0542,0.017918,-0.64964,0.61702
0.0543,0.044024,-0.66361,0.60268
0.0544,0.070399,-0.6764,0.58727
0.0545,0.097042,-0.68796,0.57078
0.0546,0.12392,-0.69825,0.55323
0.0547,0.15098,-0.70723,0.53469
0.0548,0.17812,-0.71492,0.51524
0.0549,0.20523,-0.72131,0.49499
0.055,0.2322,-0.72643,0.47406
0.0551,0.25891,-0.73032,0.45257
0.0552,0.28525,-0.73302,0.43065
0.0553,0.31111,-0.73459,0.4084
0.0554,0.3364,-0.73508,0.38591
0.0555,0.36107,-0.73451,0.36326
0.0556,0.38505,-0.73294,0.34048
0.0557,0.40833,-0.73035,0.31758
0.0558,0.43089,-0.72677,0.29454
0.0559,0.45276,-0.72219,0.2713
0.056,0.47398,-0.71661,0.24781
0.0561,0.49461,-0.71002,0.22397
0.0562,0.5147,-0.70244,0.1997
0.0563,0.5343,-0.69388,0.17492
0.0564,0.55345,-0.68437,0.14957
0.0565,0.57214,-0.67392,0.12365
0.0566,0.59035,-0.66258,0.097167
0.0567,0.60801,-0.65037,0.070183
0.0568,0.62504,-0.63733,0.042778
0.0569,0.64133,-0.6235,0.015057
0.057,0.65677,-0.60893,-0.012855
0.0571,0.67124,-0.59363,-0.04083
0.0572,0.68459,-0.57767,-0.068724
0.0573,0.69671,-0.56106,-0.096404
0.0574,0.7075,-0.54383,-0.12375
0.0575,0.71687,-0.52599,-0.15067
0.0576,0.72474,-0.50757,-0.17709
0.0577,0.7311,-0.48854,-0.20297
0.0578,0.73595,-0.46892,-0.2283
0.0579,0.73932,-0.44868,-0.25313
0.058,0.74128,-0.42784,-0.27749
0.0581,0.74193,-0.4064,-0.30145
0.0582,0.74138,-0.38436,-0.32508
0.0583,0.80991,-0.035694,-3.5516
0.0584,0.83688,0.10236,-4.7283
0.0585,0.84958,0.18288,-5.3591
0.0586,0.8485,0.27727,-6.0088
0.0587,0.82892,0.36207,-6.3798
0.0588,0.81444,0.40742,-6.4793
0.0589,0.81705,0.45539,-6.8079
0.059,0.81581,0.55804,-7.5155
0.0591,0.80661,0.70302,-8.4446
0.0592,0.80954,0.8341,-9.4093
0.0593,0.81854,0.94019,-10.26
0.0594,0.81848,1.0176,-10.782
0.0595,0.81154,1.0642,-11.022
0.0596,0.79732,1.085,-11.002
0.0597,0.77048,1.0979,-10.8
0.0598,0.74608,1.1173,-10.657
0.0599,0.74048,1.1566,-10.876
0.06,0.74521,1.2287,-11.441
0.0601,0.74847,1.3294,-12.201
0.0602,0.75373,1.4253,-12.944
0.0603,0.75234,1.4742,-13.301
0.0604,0.73379,1.475,-13.124
0.0605,0.70412,1.4592,-12.718
0.0606,0.67058,1.4358,-12.217
0.0607,0.62465,1.3865,-11.417
0.0608,0.57245,1.3185,-10.409
0.0609,0.52669,1.2673,-9.6028
0.061,0.48597,1.248,-9.0754
0.0611,0.44732,1.2368,-8.6237
0.0612,0.42223,1.2126,-8.1994
0.0613,0.40412,1.1761,-7.7712
0.0614,0.3745,1.1321,-7.1634
0.0615,0.33423,1.0705,-6.3208
0.0616,0.29733,0.98944,-5.3668
0.0617,0.25986,0.90687,-4.4131
0.0618,0.22138,0.84096,-3.5694
0.0619,0.19078,0.78425,-2.8929
0.062,0.16581,0.72438,-2.2619
0.0621,0.13386,0.65695,-1.5228
0.0622,0.098546,0.58038,-0.68307
0.0623,0.063701,0.48332,0.28568
0.0624,0.020909,0.36318,1.5062
0.0625,-0.034285,0.231,2.9348
0.0626,-0.093314,0.092168,4.4514
0.0627,-0.1563,-0.058455,6.0787
0.0628,-0.22291,-0.21112,7.7637
0.0629,-0.28286,-0.34766,9.2609
0.063,-0.32993,-0.46843,10.515
0.0631,-0.37241,-0.59212,11.736
0.0632,-0.41251,-0.72514,13.009
0.0633,-0.45039,-0.86107,14.278
0.0634,-0.49196,-0.9987,15.604
0.0635,-0.53916,-1.1447,17.049
0.0636,-0.58046,-1.2946,18.466
0.0637,-0.62185,-1.4422,19.856
0.0638,-0.66445,-1.5863,21.223
0.0639,-0.70646,-1.7308,22.569
0.064,-0.74437,-1.8799,23.895
0.0641,-0.78525,-2.036,25.282
0.0642,-0.82713,-2.194,26.688
0.0643,-0.87168,-2.3597,28.162
0.0644,-0.9242,-2.5375,29.797
0.0645,-0.98582,-2.721,31.554
0.0646,-1.0525,-2.9054,33.362
0.0647,-1.1185,-3.0865,35.117
0.0648,-1.1828,-3.2605,36.785
0.0649,-1.2445,-3.4244,38.313
0.065,-1.3016,-3.5785,39.669
0.0651,-1.3617,-3.7284,40.937
0.0652,-1.434,-3.8771,42.206
0.0653,-1.524,-4.0243,43.455
0.0654,-1.6364,-4.1704,44.682
0.0655,-1.7732,-4.3199,45.956
0.0656,-1.9196,-4.4746,47.273
0.0657,-2.0531,-4.6318,48.586
0.0658,-2.1532,-4.7887,49.871
0.0659,-2.219,-4.9434,51.125
0.066,-2.2552,-5.0935,52.299
0.0661,-2.2675,-5.2374,53.384
0.0662,-2.2663,-5.3763,54.457
0.0663,-2.2661,-5.5141,55.567
0.0664,-2.2722,-5.6516,56.704
0.0665,-2.2841,-5.7863,57.843
0.0666,-2.2992,-5.9139,58.944
0.0667,-2.3102,-6.0327,59.935
0.0668,-2.3065,-6.1416,60.771
0.0669,-2.2834,-6.238,61.453
0.067,-2.2429,-6.3188,61.971
0.0671,-2.1893,-6.3863,62.338
0.0672,-2.1286,-6.4449,62.616
0.0673,-2.0671,-6.4983,62.852
0.0674,-2.007,-6.5501,63.064
0.0675,-1.9491,-6.6055,63.285
0.0676,-1.8952,-6.6658,63.528
0.0677,-1.8446,-6.7274,63.733
0.0678,-1.7952,-6.7861,63.837
0.0679,-1.7479,-6.8394,63.83
0.068,-1.7034,-6.8846,63.695
0.0681,-1.6618,-6.9208,63.424
0.0682,-1.6264,-6.9502,63.063
0.0683,-1.5985,-6.9763,62.658
0.0684,-1.5748,-7.0001,62.189
0.0685,-1.5526,-7.0215,61.627
0.0686,-1.531,-7.0404,60.964
0.0687,-1.507,-7.0566,60.167
0.0688,-1.4776,-7.0685,59.185
0.0689,-1.4438,-7.075,58.009
0.069,-1.4067,-7.0787,56.642
0.0691,-1.3651,-7.0912,55.09
0.0692,-1.3203,-7.1339,53.398
0.0693,-1.2752,-7.234,51.638
0.0694,-1.2294,-7.3947,49.845
0.0695,-1.1822,-7.573,48.034
0.0696,-1.1351,-7.7202,46.204
0.0697,-1.0875,-7.8138,44.309
0.0698,-1.0373,-7.8523,42.295
0.0699,-0.986,-7.846,40.165
0.07,-0.93683,-7.815,37.959
0.0701,-0.88918,-7.7806,35.705
0.0702,-0.84219,-7.7539,33.452
0.0703,-0.79725,-7.7389,31.257
0.0704,-0.75329,-7.7344,29.13
0.0705,-0.70778,-7.7288,27.046
0.0706,-0.66103,-7.702,24.996
0.0707,-0.61395,-7.6391,22.965
0.0708,-0.56541,-7.5333,20.919
0.0709,-0.51641,-7.385,18.86
0.071,-0.46983,-7.2082,16.837
0.0711,-0.42574,-7.025,14.903
0.0712,-0.38274,-6.8462,13.107
0.0713,-0.34146,-6.6688,11.496
0.0714,-0.30093,-6.4835,10.059
0.0715,-0.25831,-6.275,8.7357
0.0716,-0.21368,-6.0252,7.463
0.0717,-0.16877,-5.7283,6.184
0.0718,-0.12282,-5.3904,4.8473
0.0719,-0.076065,-5.0229,3.4518
0.072,-0.03106,-4.6467,2.0473
0.0721,0.012051,-4.2899,0.68155
0.0722,0.055085,-3.9712,-0.60368
0.0723,0.096676,-3.6948,-1.7583
0.0724,0.13564,-3.4551,-2.7729
0.0725,0.17447,-3.2403,-3.6993
0.0726,0.21436,-3.0377,-4.5946
0.0727,0.25328,-2.8382,-5.4976
0.0728,0.29151,-2.6357,-6.4483
0.0729,0.33054,-2.4294,-7.4531
0.073,0.36892,-2.2238,-8.4563
0.0731,0.40565,-2.0251,-9.3947
0.0732,0.44303,-1.8379,-10.237
0.0733,0.48176,-1.6651,-10.963
0.0734,0.52026,-1.5058,-11.575
0.0735,0.55899,-1.3552,-12.126
0.0736,0.59906,-1.2067,-12.681
0.0737,0.63903,-1.0546,-13.287
0.0738,0.67839,-0.8946,-13.976
0.0739,0.7185,-0.72645,-14.759
0.074,0.75877,-0.55408,-15.596
0.0741,0.797,-0.38311,-16.425
0.0742,0.83264,-0.2185,-17.2
0.0743,0.86482,-0.06424,-17.883
0.0744,0.89128,0.078632,-18.45
0.0745,0.91148,0.21264,-18.925
0.0746,0.92658,0.34183,-19.35
0.0747,0.93649,0.46908,-19.752
0.0748,0.94199,0.59623,-20.151
0.0749,0.94613,0.72343,-20.563
0.075,0.95102,0.84868,-20.978
0.0751,0.95687,0.96883,-21.364
0.0752,0.9646,1.0817,-21.71
0.0753,0.97446,1.1862,-22.008
0.0754,0.98424,1.2825,-22.251
0.0755,0.99243,1.3722,-22.451
0.0756,0.99973,1.4582,-22.639
0.0757,1.006,1.5422,-22.829
0.0758,1.0107,1.6248,-23.022
0.0759,1.015,1.7049,-23.218
0.076,1.0195,1.7804,-23.399
0.0761,1.0223,1.8489,-23.531
0.0762,1.022,1.909,-23.592
0.0763,1.0182,1.9599,-23.576
0.0764,1.0089,2.0018,-23.475
0.0765,0.9923,2.0359,-23.291
0.0766,0.96928,2.0638,-23.046
0.0767,0.94129,2.086,-22.752
0.0768,0.90935,2.1026,-22.409
0.0769,0.87582,2.1138,-22.028
0.077,0.84356,2.1194,-21.615
0.0771,0.81312,2.1186,-21.165
0.0772,0.78404,2.1119,-20.676
0.0773,0.75655,2.1003,-20.16
0.0774,0.73016,2.0845,-19.625
0.0775,0.70352,2.0645,-19.065
0.0776,0.67743,2.0424,-18.504
0.0777,0.65219,2.0163,-17.931
0.0778,0.62738,1.9845,-17.326
0.0779,0.6023,1.9457,-16.674
0.078,0.57669,1.8989,-15.963
0.0781,0.54918,1.8427,-15.17
0.0782,0.51797,1.7769,-14.287
0.0783,0.48213,1.7031,-13.323
0.0784,0.44124,1.6224,-12.29
0.0785,0.39495,1.5359,-11.199
0.0786,0.34453,1.4447,-10.069
0.0787,0.29207,1.3497,-8.9207
0.0788,0.23901,1.2512,-7.7567
0.0789,0.18647,1.1486,-6.577
0.079,0.13568,1.0419,-5.3835
0.0791,0.086461,0.93088,-4.1713
0.0792,0.037826,0.81587,-2.9338
0.0793,-0.010214,0.69714,-1.6758
0.0794,-0.057024,0.57528,-0.40483
0.0795,-0.10263,0.45072,0.87635
0.0796,-0.14653,0.32354,2.1627
0.0797,-0.18768,0.19322,3.4505
0.0798,-0.22616,0.059116,4.747
0.0799,-0.26325,-0.079207,6.0629
0.08,-0.29994,-0.22221,7.4058
0.0801,-0.33761,-0.3706,8.7872
0.0802,-0.3783,-0.52445,10.218
0.0803,-0.42333,-0.6831,11.694
0.0804,-0.47243,-0.84569,13.204
0.0805,-0.52498,-1.0115,14.739
0.0806,-0.57981,-1.1792,16.281
0.0807,-0.6351,-1.3471,17.807
0.0808,-0.68936,-1.5141,19.303
0.0809,-0.74233,-1.6796,20.764
0.081,-0.79404,-1.8432,22.187
0.0811,-0.84475,-2.0046,23.57
0.0812,-0.89507,-2.1643,24.921
0.0813,-0.94537,-2.3231,26.248
0.0814,-0.99521,-2.4816,27.549
0.0815,-1.0443,-2.6402,28.827
0.0816,-1.0928,-2.7993,30.08
0.0817,-1.141,-2.959,31.302
0.0818,-1.1896,-3.1188,32.49
0.0819,-1.2412,-3.2785,33.64
0.082,-1.2987,-3.4376,34.752
0.0821,-1.3649,-3.5964,35.825
0.0822,-1.4419,-3.755,36.861
0.0823,-1.528,-3.9134,37.858
0.0824,-1.6163,-4.0713,38.805
0.0825,-1.6968,-4.2283,39.69
0.0826,-1.7624,-4.3826,40.499
0.0827,-1.8112,-4.5326,41.21
0.0828,-1.8451,-4.6768,41.811
0.0829,-1.8683,-4.8144,42.296
0.083,-1.885,-4.9452,42.665
0.0831,-1.8968,-5.0694,42.914
0.0832,-1.9035,-5.1873,43.047
0.0833,-1.9048,-5.2992,43.064
0.0834,-1.8991,-5.4053,42.961
0.0835,-1.885,-5.5052,42.73
0.0836,-1.8628,-5.5989,42.375
0.0837,-1.8344,-5.6863,41.897
0.0838,-1.8019,-5.7675,41.304
0.0839,-1.7679,-5.8433,40.613
0.084,-1.7347,-5.9147,39.843
0.0841,-1.7031,-5.9828,39.009
0.0842,-1.673,-6.0484,38.122
0.0843,-1.6439,-6.1112,37.186
0.0844,-1.6152,-6.1704,36.197
0.0845,-1.5862,-6.2249,35.15
0.0846,-1.5571,-6.2734,34.046
0.0847,-1.5284,-6.3149,32.888
0.0848,-1.5007,-6.3492,31.686
0.0849,-1.4747,-6.3769,30.46
0.085,-1.4509,-6.3992,29.234
0.0851,-1.429,-6.417,28.023
0.0852,-1.4082,-6.4314,26.841
0.0853,-1.3873,-6.4429,25.694
0.0854,-1.3647,-6.4517,24.577
0.0855,-1.3391,-6.4577,23.482
0.0856,-1.3096,-6.4617,22.403
0.0857,-1.276,-6.4662,21.338
0.0858,-1.2384,-6.4759,20.291
0.0859,-1.1973,-6.4991,19.27
0.086,-1.1536,-6.5465,18.291
0.0861,-1.1076,-6.6225,17.362
0.0862,-1.0598,-6.7149,16.486
0.0863,-1.0106,-6.8002,15.656
0.0864,-0.96044,-6.8619,14.853
0.0865,-0.90958,-6.8953,14.055
0.0866,-0.85843,-6.9039,13.246
0.0867,-0.808,-6.8949,12.42
0.0868,-0.75887,-6.8772,11.58
0.0869,-0.71116,-6.8577,10.739
0.087,-0.66502,-6.8383,9.9124
0.0871,-0.6205,-6.8175,9.1088
0.0872,-0.57694,-6.7905,8.3248
0.0873,-0.53356,-6.7485,7.552
0.0874,-0.49006,-6.6812,6.7765
0.0875,-0.4463,-6.5812,5.9833
0.0876,-0.40229,-6.4466,5.1659
0.0877,-0.35847,-6.2809,4.3302
0.0878,-0.31516,-6.0923,3.4886
0.0879,-0.27204,-5.8891,2.656
0.088,-0.22845,-5.6744,1.8462
0.0881,-0.18396,-5.4468,1.062
0.0882,-0.13817,-5.203,0.29105
0.0883,-0.091073,-4.9403,-0.48608
0.0884,-0.043266,-4.6589,-1.2892
0.0885,0.0044545,-4.3635,-2.1341
0.0886,0.051547,-4.0624,-3.0246
0.0887,0.09743,-3.7656,-3.9462
0.0888,0.14165,-3.4833,-4.8732
0.0889,0.18413,-3.2227,-5.7777
0.089,0.22502,-2.9849,-6.6367
0.0891,0.26438,-2.7669,-7.4411
0.0892,0.30274,-2.5642,-8.1996
0.0893,0.34079,-2.3716,-8.9317
0.0894,0.37871,-2.1845,-9.6578
0.0895,0.41637,-1.9999,-10.393
0.0896,0.45398,-1.8165,-11.143
0.0897,0.49181,-1.6346,-11.897
0.0898,0.53007,-1.4555,-12.641
0.0899,0.56937,-1.2805,-13.361
0.09,0.61028,-1.1104,-14.049
0.0901,0.65259,-0.94509,-14.704
0.0902,0.69555,-0.78306,-15.339
0.0903,0.73846,-0.62223,-15.974
0.0904,0.78052,-0.46067,-16.627
0.0905,0.82087,-0.29736,-17.309
0.0906,0.85904,-0.13251,-18.021
0.0907,0.89478,0.032178,-18.748
0.0908,0.92756,0.19413,-19.466
0.0909,0.95683,0.35086,-20.149
0.091,0.98239,0.50078,-20.78
0.0911,1.0041,0.6433,-21.351
0.0912,1.0219,0.77895,-21.865
0.0913,1.0358,0.90894,-22.335
0.0914,1.0465,1.0346,-22.774
0.0915,1.0546,1.1568,-23.193
0.0916,1.0611,1.2759,-23.6
0.0917,1.0675,1.3916,-23.996
0.0918,1.0747,1.5035,-24.376
0.0919,1.0832,1.6108,-24.732
0.092,1.0928,1.713,-25.059
0.0921,1.103,1.8102,-25.352
0.0922,1.1126,1.9027,-25.613
0.0923,1.1209,1.9911,-25.848
0.0924,1.1275,2.0758,-26.062
0.0925,1.132,2.1565,-26.255
0.0926,1.1342,2.2325,-26.421
0.0927,1.1339,2.3026,-26.551
0.0928,1.1308,2.366,-26.634
0.0929,1.1242,2.4216,-26.66
0.093,1.1138,2.4694,-26.623
0.0931,1.099,2.5094,-26.523
0.0932,1.0795,2.542,-26.361
0.0933,1.0554,2.5677,-26.143
0.0934,1.0275,2.587,-25.876
0.0935,0.99723,2.6005,-25.568
0.0936,0.96589,2.6084,-25.224
0.0937,0.93499,2.611,-24.847
0.0938,0.90554,2.6084,-24.436
0.0939,0.87771,2.6006,-23.99
0.094,0.85121,2.5878,-23.508
0.0941,0.82556,2.5703,-22.989
0.0942,0.80018,2.5481,-22.433
0.0943,0.77447,2.521,-21.841
0.0944,0.7481,2.4887,-21.209
0.0945,0.72082,2.4505,-20.533
0.0946,0.69222,2.4058,-19.805
0.0947,0.6618,2.3542,-19.022
0.0948,0.6291,2.2955,-18.178
0.0949,0.5935,2.2297,-17.274
0.095,0.55438,2.157,-16.31
0.0951,0.51143,2.0778,-15.293
0.0952,0.4648,1.9927,-14.23
0.0953,0.41509,1.9019,-13.129
0.0954,0.36336,1.8061,-12.001
0.0955,0.31093,1.7056,-10.852
0.0956,0.25898,1.6006,-9.685
0.0957,0.20827,1.4914,-8.4995
0.0958,0.15916,1.3782,-7.2931
0.0959,0.11161,1.261,-6.0627
0.096,0.065389,1.1401,-4.8066
0.0961,0.020362,1.0154,-3.5248
0.0962,-0.02352,0.887,-2.2174
0.0963,-0.066287,0.7548,-0.88526
0.0964,-0.10796,0.61868,0.47039
0.0965,-0.14867,0.4786,1.849
0.0966,-0.18886,0.33459,3.2506
0.0967,-0.22925,0.18674,4.6752
0.0968,-0.27067,0.03521,6.1231
0.0969,-0.31402,-0.11984,7.5948
0.097,-0.36001,-0.27812,9.0882
0.0971,-0.40889,-0.43922,10.598
0.0972,-0.46028,-0.60255,12.117
0.0973,-0.51342,-0.76744,13.637
0.0974,-0.5673,-0.93313,15.147
0.0975,-0.6209,-1.0989,16.642
0.0976,-0.67351,-1.2644,18.117
0.0977,-0.72483,-1.4291,19.571
0.0978,-0.77484,-1.5931,21.006
0.0979,-0.8236,-1.7563,22.423
0.098,-0.87122,-1.919,23.824
0.0981,-0.91774,-2.0815,25.213
0.0982,-0.9631,-2.2439,26.587
0.0983,-1.0073,-2.4061,27.943
0.0984,-1.0505,-2.568,29.279
0.0985,-1.0935,-2.7291,30.586
0.0986,-1.1372,-2.889,31.861
0.0987,-1.1832,-3.0474,33.098
0.0988,-1.2333,-3.2042,34.297
0.0989,-1.2888,-3.3594,35.454
0.099,-1.3499,-3.5133,36.569
0.0991,-1.4145,-3.6658,37.635
0.0992,-1.4777,-3.8165,38.647
0.0993,-1.5334,-3.9649,39.595
0.0994,-1.577,-4.1097,40.467
0.0995,-1.6078,-4.25,41.255
0.0996,-1.6278,-4.3848,41.951
0.0997,-1.6404,-4.5138,42.554
0.0998,-1.6486,-4.6373,43.063
0.0999,-1.6542,-4.7557,43.48
0.1,-1.6576,-4.8691,43.803
0.1001,-1.6584,-4.9777,44.027
0.1002,-1.6556,-5.0808,44.145
0.1003,-1.6484,-5.1781,44.147
0.1004,-1.6366,-5.2688,44.025
0.1005,-1.6204,-5.3526,43.777
0.1006,-1.6006,-5.4298,43.405
0.1007,-1.5787,-5.501,42.918
0.1008,-1.5558,-5.5673,42.327
0.1009,-1.5328,-5.6297,41.64
0.101,-1.5101,-5.6888,40.867
0.1011,-1.4878,-5.7446,40.007
0.1012,-1.4658,-5.7965,39.06
0.1013,-1.4439,-5.8436,38.027
0.1014,-1.4222,-5.885,36.908
0.1015,-1.4006,-5.92,35.71
0.1016,-1.3796,-5.9485,34.447
0.1017,-1.359,-5.9711,33.136
0.1018,-1.3388,-5.9886,31.799
0.1019,-1.3187,-6.0019,30.454
0.102,-1.2978,-6.0117,29.114
0.1021,-1.2752,-6.0181,27.786
0.1022,-1.2497,-6.0213,26.472
0.1023,-1.2206,-6.0214,25.17
0.1024,-1.1875,-6.0194,23.878
0.1025,-1.1501,-6.0174,22.597
0.1026,-1.1091,-6.0195,21.335
0.1027,-1.0649,-6.0317,20.101
0.1028,-1.0182,-6.0599,18.904
0.1029,-0.96972,-6.1057,17.754
0.103,-0.9201,-6.1617,16.654
0.1031,-0.87001,-6.2147,15.6
0.1032,-0.82,-6.254,14.583
0.1033,-0.77047,-6.2749,13.588
0.1034,-0.72182,-6.2773,12.607
0.1035,-0.67439,-6.264,11.632
0.1036,-0.62835,-6.2387,10.664
0.1037,-0.58358,-6.2044,9.7088
0.1038,-0.53988,-6.1616,8.7735
0.1039,-0.49692,-6.1092,7.8603
0.104,-0.45415,-6.0438,6.9663
0.1041,-0.41102,-5.9602,6.0838
0.1042,-0.36723,-5.8529,5.2027
0.1043,-0.3227,-5.7177,4.314
0.1044,-0.2775,-5.5537,3.4136
0.1045,-0.23192,-5.3633,2.5037
0.1046,-0.18623,-5.1519,1.5912
0.1047,-0.14041,-4.925,0.68514
0.1048,-0.094312,-4.6868,-0.2068
0.1049,-0.047882,-4.4398,-1.0825
0.105,-0.0011831,-4.1855,-1.9465
0.1051,0.045553,-3.9258,-2.8077
0.1052,0.091887,-3.6638,-3.6762
0.1053,0.13738,-3.4038,-4.5595
0.1054,0.18179,-3.1505,-5.4582
0.1055,0.22498,-2.9079,-6.3649
0.1056,0.26695,-2.678,-7.2662
0.1057,0.30785,-2.4615,-8.1478
0.1058,0.34794,-2.2574,-8.999
0.1059,0.38753,-2.064,-9.8162
0.106,0.42698,-1.8789,-10.604
0.1061,0.46665,-1.6995,-11.371
0.1062,0.50667,-1.5234,-12.13
0.1063,0.54703,-1.3489,-12.888
0.1064,0.58772,-1.1751,-13.649
0.1065,0.62883,-1.002,-14.41
0.1066,0.6704,-0.82995,-15.166
0.1067,0.71248,-0.65964,-15.912
0.1068,0.75496,-0.49155,-16.642
0.1069,0.79729,-0.32578,-17.355
0.107,0.83868,-0.16205,-18.055
0.1071,0.87833,0.00016394,-18.746
0.1072,0.91563,0.16126,-19.437
0.1073,0.95014,0.32126,-20.13
0.1074,0.98174,0.47963,-20.824
0.1075,1.0105,0.63539,-21.514
0.1076,1.0364,0.7873,-22.188
0.1077,1.0596,0.93431,-22.836
0.1078,1.0802,1.0758,-23.451
0.1079,1.0984,1.2116,-24.027
0.108,1.1142,1.3419,-24.567
0.1081,1.1278,1.4672,-25.071
0.1082,1.1395,1.5879,-25.544
0.1083,1.1496,1.7043,-25.988
0.1084,1.1587,1.8166,-26.407
0.1085,1.1672,1.9247,-26.801
0.1086,1.1758,2.0287,-27.169
0.1087,1.1844,2.1283,-27.511
0.1088,1.1928,2.2235,-27.823
0.1089,1.2004,2.3144,-28.104
0.109,1.2063,2.401,-28.353
0.1091,1.21,2.4832,-28.571
0.1092,1.2111,2.5608,-28.758
0.1093,1.2094,2.633,-28.91
0.1094,1.2047,2.6994,-29.024
0.1095,1.197,2.7591,-29.095
0.1096,1.1863,2.8117,-29.118
0.1097,1.1724,2.8571,-29.091
0.1098,1.1555,2.8953,-29.013
0.1099,1.1355,2.9266,-28.884
0.11,1.1126,2.9512,-28.705
0.1101,1.0871,2.9695,-28.477
0.1102,1.0596,2.9816,-28.203
0.1103,1.031,2.9878,-27.884
0.1104,1.002,2.9882,-27.521
0.1105,0.97333,2.9829,-27.114
0.1106,0.94549,2.972,-26.664
0.1107,0.91837,2.9559,-26.168
0.1108,0.89159,2.9345,-25.627
0.1109,0.86467,2.9082,-25.041
0.111,0.83709,2.8769,-24.411
0.1111,0.80838,2.8405,-23.739
0.1112,0.77819,2.7988,-23.023
0.1113,0.74625,2.7514,-22.263
0.1114,0.7123,2.6979,-21.457
0.1115,0.6761,2.6382,-20.603
0.1116,0.63749,2.5721,-19.701
0.1117,0.59633,2.4997,-18.752
0.1118,0.55256,2.4211,-17.757
0.1119,0.50629,2.3363,-16.717
0.112,0.4579,2.2456,-15.638
0.1121,0.408,2.1491,-14.523
0.1122,0.35736,2.0472,-13.376
0.1123,0.30689,1.9401,-12.202
0.1124,0.25727,1.8283,-11.001
0.1125,0.20891,1.712,-9.7742
0.1126,0.16193,1.5914,-8.52
0.1127,0.11621,1.4669,-7.2371
0.1128,0.071488,1.3385,-5.9251
0.1129,0.02753,1.2064,-4.5843
0.113,-0.01585,1.0705,-3.2159
0.1131,-0.058828,0.93091,-1.822
0.1132,-0.085161,0.86867,-1.1956
0.1133,-0.096672,0.86588,-1.1678
0.1134,-0.10624,0.85943,-1.138
0.1135,-0.11931,0.85308,-1.1089
0.1136,-0.14041,0.8532,-1.081
0.1137,-0.16699,0.85743,-1.0525
0.1138,-0.19379,0.85725,-1.0211
0.1139,-0.22278,0.85503,-0.98822
0.114,-0.25931,0.85957,-0.95681
0.1141,-0.30114,0.86852,-0.92656
0.1142,-0.34144,0.87335,-0.89454
0.1143,-0.37739,0.87264,-0.86033
0.1144,-0.4094,0.86809,-0.82543
0.1145,-0.43825,0.86075,-0.79061
0.1146,-0.4657,0.85375,-0.75663
0.1147,-0.49139,0.84781,-0.7243
0.1148,-0.512,0.838,-0.69271
0.1149,-0.52653,0.82263,-0.66118
0.115,-0.53775,0.80609,-0.63094
0.1151,-0.54655,0.78989,-0.60239
0.1152,-0.55143,0.77052,-0.57379
0.1153,-0.55241,0.74714,-0.54452
0.1154,-0.55127,0.72215,-0.51551
0.1155,-0.54981,0.69731,-0.48659
0.1156,-0.55042,0.67404,-0.4567
0.1157,-0.55439,0.65297,-0.42551
0.1158,-0.56112,0.63278,-0.3931
0.1159,-0.57152,0.61464,-0.36011
0.116,-0.5877,0.60195,-0.32788
0.1161,-0.60725,0.59236,-0.29634
0.1162,-0.62502,0.57938,-0.26401
0.1163,-0.64012,0.56297,-0.23128
0.1164,-0.65462,0.54747,-0.20014
0.1165,-0.6675,0.53243,-0.1707
0.1166,-0.67667,0.51497,-0.14197
0.1167,-0.68185,0.49528,-0.1142
0.1168,-0.68235,0.47285,-0.087582
0.1169,-0.67716,0.44583,-0.061387
0.117,-0.6678,0.41592,-0.036107
0.1171,-0.65579,0.38573,-0.013022
0.1172,-0.64004,0.35355,0.0082266
0.1173,-0.6202,0.3182,0.028468
0.1174,-0.59871,0.28271,0.047055
0.1175,-0.57731,0.24914,0.063728
0.1176,-0.55652,0.21668,0.079693
0.1177,-0.53769,0.18601,0.095527
0.1178,-0.52186,0.15836,0.11084
0.1179,-0.5085,0.13279,0.12599
0.118,-0.49757,0.1084,0.14161
0.1181,-0.48914,0.085261,0.15766
0.1182,-0.482,0.062181,0.17399
0.1183,-0.47562,0.039076,0.19024
0.1184,-0.47119,0.018477,0.20516
0.1185,-0.46791,0.00058022,0.21808
0.1186,-0.46259,-0.018184,0.22952
0.1187,-0.45355,-0.039371,0.23958
0.1188,-0.44084,-0.062003,0.24738
0.1189,-0.42352,-0.086807,0.25279
0.119,-0.40083,-0.11497,0.25616
0.1191,-0.3734,-0.1456,0.25722
0.1192,-0.34165,-0.17839,0.25602
0.1193,-0.30601,-0.21389,0.25348
0.1194,-0.26886,-0.25004,0.24983
0.1195,-0.23271,-0.28391,0.24468
0.1196,-0.19828,-0.31526,0.23841
0.1197,-0.16599,-0.34426,0.23163
0.1198,-0.1367,-0.36985,0.22407
0.1199,-0.11,-0.39247,0.21577
0.12,-0.08522,-0.41359,0.20739
0.1201,-0.062933,-0.43263,0.19898
0.1202,-0.04347,-0.44874,0.18997
0.1203,-0.025918,-0.46282,0.1804
0.1204,-0.0099937,-0.47518,0.1703
0.1205,0.0045314,-0.48553,0.15934
0.1206,0.019522,-0.49567,0.1475
0.1207,0.036659,-0.50723,0.13492
0.1208,0.055707,-0.51901,0.12076
0.1209,0.077021,-0.53033,0.10422
0.121,0.10236,-0.54311,0.08552
0.1211,0.13223,-0.55795,0.064948
0.1212,0.16557,-0.57337,0.042205
0.1213,0.20179,-0.58902,0.017632
0.1214,0.24015,-0.60495,-0.0080184
0.1215,0.2789,-0.61962,-0.034563
0.1216,0.31691,-0.63227,-0.061884
0.1217,0.35408,-0.64387,-0.089119
0.1218,0.38952,-0.65426,-0.11577
0.1219,0.42184,-0.66198,-0.14202
0.122,0.45043,-0.66654,-0.16792
0.1221,0.47485,-0.66762,-0.19336
0.1222,0.49453,-0.6642,-0.21879
0.1223,0.5101,-0.65646,-0.24458
0.1224,0.5229,-0.6459,-0.27055
0.1225,0.53382,-0.63323,-0.29672
