0.05,0.1795,-0.26494,0.17856
0.0501,0.1904,-0.26563,0.16831
0.0502,0.20107,-0.26606,0.15754
0.0503,0.21141,-0.26621,0.14633
0.0504,0.22133,-0.26606,0.13475
0.0505,0.23072,-0.26556,0.12289
0.0506,0.23949,-0.26469,0.11082
0.0507,0.24762,-0.26342,0.098609
0.0508,0.25506,-0.26172,0.086316
0.0509,0.26185,-0.25958,0.073972
0.051,0.26802,-0.25702,0.061601
0.0511,0.27366,-0.25406,0.0492
0.0512,0.27885,-0.25071,0.036768
0.0513,0.28369,-0.24703,0.024299
0.0514,0.28826,-0.24307,0.011791
0.0515,0.29266,-0.23887,-0.00076595
0.0516,0.29697,-0.23445,-0.013363
0.0517,0.30121,-0.22985,-0.025993
0.0518,0.30542,-0.22508,-0.038635
0.0519,0.30956,-0.22014,-0.051261
0.052,0.31362,-0.21499,-0.06382
0.0521,0.31753,-0.2096,-0.076252
0.0522,0.32122,-0.20391,-0.088482
0.0523,0.32459,-0.19785,-0.10044
0.0524,0.32756,-0.19133,-0.11203
0.0525,0.33002,-0.18429,-0.12322
0.0526,0.33191,-0.17661,-0.13395
0.0527,0.33317,-0.16825,-0.14422
0.0528,0.33378,-0.15916,-0.15402
0.0529,0.33375,-0.14932,-0.16338
0.053,0.33311,-0.13876,-0.17234
0.0531,0.33193,-0.12753,-0.18094
0.0532,0.33028,-0.1157,-0.18922
0.0533,0.32824,-0.10337,-0.19721
0.0534,0.32591,-0.090636,-0.20496
0.0535,0.32338,-0.077617,-0.21251
0.0536,0.32073,-0.064409,-0.21987
0.0537,0.31804,-0.051111,-0.22707
0.0538,0.31535,-0.037816,-0.2341
0.0539,0.3127,-0.0246,-0.24096
0.054,0.31007,-0.011523,-0.24761
0.0541,0.30743,0.0013622,-0.254
0.0542,0.30471,0.014031,-0.26006
0.0543,0.30183,0.026478,-0.26577
0.0544,0.29866,0.038711,-0.27106
0.0545,0.29511,0.050748,-0.27587
0.0546,0.29106,0.062621,-0.28018
0.0547,0.28644,0.074362,-0.28395
0.0548,0.28119,0.085993,-0.28718
0.0549,0.27526,0.097533,-0.28986
0.055,0.26862,0.10899,-0.29204
0.0551,0.26127,0.12037,-0.29373
0.0552,0.25324,0.13165,-0.29498
0.0553,0.24457,0.1428,-0.29585
0.0554,0.2353,0.1538,-0.29639
0.0555,0.22552,0.16461,-0.29667
0.0556,0.24766,-0.032028,-4.5771
0.0557,0.24569,-0.076859,-5.7753
0.0558,0.23599,-0.092382,-6.2935
0.0559,0.23357,-0.12846,-7.0919
0.056,0.23838,-0.14166,-7.4082
0.0561,0.23288,-0.13311,-7.3576
0.0562,0.21911,-0.15481,-7.9235
0.0563,0.22024,-0.20706,-9.074
0.0564,0.23238,-0.26636,-10.346
0.0565,0.23102,-0.32158,-11.553
0.0566,0.22206,-0.36763,-12.587
0.0567,0.21394,-0.3892,-13.134
0.0568,0.19937,-0.39706,-13.369
0.0569,0.1838,-0.39662,-13.424
0.057,0.17406,-0.39196,-13.358
0.0571,0.16661,-0.40087,-13.605
0.0572,0.15291,-0.43775,-14.476
0.0573,0.14238,-0.49152,-15.731
0.0574,0.13804,-0.54941,-17.062
0.0575,0.1292,-0.59509,-18.149
0.0576,0.11066,-0.60848,-18.522
0.0577,0.092401,-0.59013,-18.203
0.0578,0.077251,-0.56939,-17.808
0.0579,0.063763,-0.55179,-17.48
0.058,0.050964,-0.52478,-16.906
0.0581,0.039769,-0.49577,-16.282
0.0582,0.029323,-0.48417,-16.022
0.0583,0.023224,-0.48055,-15.941
0.0584,0.015945,-0.47087,-15.735
0.0585,0.00016545,-0.45502,-15.465
0.0586,-0.020188,-0.43609,-15.132
0.0587,-0.033406,-0.40758,-14.566
0.0588,-0.04448,-0.37338,-13.86
0.0589,-0.058816,-0.34243,-13.262
0.059,-0.070977,-0.3228,-12.885
0.0591,-0.077722,-0.3146,-12.754
0.0592,-0.089956,-0.31123,-12.739
0.0593,-0.10792,-0.29682,-12.506
0.0594,-0.12482,-0.26777,-11.916
0.0595,-0.14117,-0.22791,-11.101
0.0596,-0.16229,-0.17738,-10.063
0.0597,-0.18076,-0.11507,-8.7709
0.0598,-0.19266,-0.053933,-7.4605
0.0599,-0.20252,0.0021131,-6.2558
0.06,-0.21329,0.062404,-4.934
0.0601,-0.22215,0.11827,-3.7011
0.0602,-0.23084,0.1623,-2.7126
0.0603,-0.24297,0.20177,-1.8412
0.0604,-0.25813,0.24763,-0.80873
0.0605,-0.27256,0.29891,0.34819
0.0606,-0.28594,0.34799,1.4887
0.0607,-0.29488,0.39722,2.6533
0.0608,-0.30111,0.44508,3.8172
0.0609,-0.30842,0.48662,4.8284
0.061,-0.31778,0.52299,5.7447
0.0611,-0.32761,0.5615,6.7074
0.0612,-0.34117,0.60555,7.7967
0.0613,-0.35854,0.6557,9.0028
0.0614,-0.37595,0.71128,10.349
0.0615,-0.39013,0.77201,11.816
0.0616,-0.40393,0.83493,13.345
0.0617,-0.41553,0.90079,14.951
0.0618,-0.42288,0.96686,16.595
0.0619,-0.42859,1.0289,18.143
0.062,-0.43722,1.0864,19.573
0.0621,-0.44669,1.1417,20.934
0.0622,-0.45699,1.1923,22.183
0.0623,-0.46979,1.2394,23.333
0.0624,-0.48334,1.2893,24.551
0.0625,-0.49554,1.3385,25.759
0.0626,-0.50746,1.3838,26.889
0.0627,-0.52288,1.427,27.97
0.0628,-0.54475,1.4718,29.098
0.0629,-0.57802,1.5181,30.251
0.063,-0.63292,1.5646,31.399
0.0631,-0.71934,1.6152,32.616
0.0632,-0.85053,1.6704,33.921
0.0633,-1.0308,1.728,35.243
0.0634,-1.2262,1.7865,36.571
0.0635,-1.3843,1.8466,37.943
0.0636,-1.4903,1.9051,39.296
0.0637,-1.5568,1.9594,40.557
0.0638,-1.601,2.0089,41.726
0.0639,-1.6456,2.0546,42.809
0.064,-1.7081,2.0953,43.774
0.0641,-1.7868,2.1342,44.673
0.0642,-1.8728,2.1727,45.558
0.0643,-1.9608,2.2088,46.385
0.0644,-2.037,2.2416,47.143
0.0645,-2.0797,2.271,47.839
0.0646,-2.0768,2.2946,48.433
0.0647,-2.0258,2.3122,48.917
0.0648,-1.9332,2.3259,49.349
0.0649,-1.8208,2.3369,49.752
0.065,-1.716,2.345,50.116
0.0651,-1.6272,2.3539,50.49
0.0652,-1.5484,2.3652,50.91
0.0653,-1.4687,2.3762,51.3
0.0654,-1.3717,2.3856,51.648
0.0655,-1.2415,2.3912,51.908
0.0656,-1.0822,2.3902,52.031
0.0657,-0.91024,2.3809,51.965
0.0658,-0.74384,2.3645,51.731
0.0659,-0.60214,2.3438,51.387
0.066,-0.49646,2.3208,50.973
0.0661,-0.42162,2.2989,50.544
0.0662,-0.36653,2.2797,50.155
0.0663,-0.32238,2.2618,49.786
0.0664,-0.28536,2.2425,49.385
0.0665,-0.25243,2.2212,48.938
0.0666,-0.22205,2.1953,48.427
0.0667,-0.19454,2.1626,47.817
0.0668,-0.17095,2.1231,47.124
0.0669,-0.15015,2.0774,46.388
0.067,-0.13163,2.0227,45.605
0.0671,-0.11527,1.9556,44.779
0.0672,-0.10037,1.8696,43.944
0.0673,-0.08526,1.7505,43.097
0.0674,-0.069953,1.5825,42.2
0.0675,-0.054717,1.3676,41.245
0.0676,-0.040088,1.1301,40.22
0.0677,-0.026503,0.90383,39.076
0.0678,-0.014465,0.71586,37.795
0.0679,-0.0031388,0.5728,36.416
0.068,0.0084954,0.46146,34.96
0.0681,0.021068,0.36586,33.45
0.0682,0.034739,0.27245,31.942
0.0683,0.049518,0.16929,30.474
0.0684,0.064256,0.052869,29.033
0.0685,0.078436,-0.066974,27.614
0.0686,0.092122,-0.17805,26.213
0.0687,0.10535,-0.26835,24.779
0.0688,0.11804,-0.32281,23.261
0.0689,0.13146,-0.33347,21.65
0.069,0.1463,-0.31039,19.952
0.0691,0.16225,-0.27059,18.192
0.0692,0.17903,-0.22998,16.44
0.0693,0.19677,-0.20308,14.76
0.0694,0.21412,-0.19476,13.164
0.0695,0.22981,-0.19252,11.638
0.0696,0.24389,-0.17957,10.161
0.0697,0.25711,-0.14475,8.6814
0.0698,0.26958,-0.080417,7.1571
0.0699,0.28232,0.012113,5.5912
0.07,0.29631,0.11222,4.009
0.0701,0.31126,0.1923,2.4446
0.0702,0.3259,0.23683,0.96306
0.0703,0.33982,0.24834,-0.37518
0.0704,0.35257,0.23687,-1.5675
0.0705,0.36365,0.21169,-2.6462
0.0706,0.37303,0.17849,-3.6543
0.0707,0.38157,0.13891,-4.6622
0.0708,0.38964,0.092762,-5.7356
0.0709,0.39746,0.042247,-6.8739
0.071,0.40507,-0.010016,-8.0328
0.0711,0.41249,-0.062709,-9.1736
0.0712,0.41936,-0.11481,-10.258
0.0713,0.42549,-0.16504,-11.253
0.0714,0.43046,-0.2143,-12.168
0.0715,0.43425,-0.2639,-13.041
0.0716,0.43729,-0.31382,-13.895
0.0717,0.44033,-0.36367,-14.755
0.0718,0.44355,-0.41394,-15.645
0.0719,0.44719,-0.46374,-16.555
0.072,0.45122,-0.5116,-17.449
0.0721,0.4552,-0.5569,-18.297
0.0722,0.45837,-0.59947,-19.074
0.0723,0.46072,-0.63852,-19.76
0.0724,0.46217,-0.67488,-20.369
0.0725,0.46239,-0.71034,-20.948
0.0726,0.46128,-0.7456,-21.529
0.0727,0.45936,-0.78017,-22.127
0.0728,0.45659,-0.81391,-22.745
0.0729,0.45277,-0.8457,-23.361
0.073,0.44795,-0.87409,-23.932
0.0731,0.44215,-0.89907,-24.444
0.0732,0.4347,-0.92192,-24.9
0.0733,0.4253,-0.94299,-25.303
0.0734,0.41411,-0.96263,-25.659
0.0735,0.40143,-0.98152,-25.993
0.0736,0.38749,-0.9995,-26.311
0.0737,0.37295,-1.0153,-26.602
0.0738,0.35826,-1.0286,-26.855
0.0739,0.34357,-1.039,-27.058
0.074,0.32888,-1.0458,-27.183
0.0741,0.31434,-1.0485,-27.217
0.0742,0.29985,-1.0481,-27.171
0.0743,0.28538,-1.0454,-27.068
0.0744,0.2709,-1.0409,-26.93
0.0745,0.25647,-1.0353,-26.785
0.0746,0.24201,-1.0287,-26.64
0.0747,0.22763,-1.0199,-26.477
0.0748,0.21331,-1.0081,-26.275
0.0749,0.19898,-0.99337,-26.018
0.075,0.18462,-0.97569,-25.693
0.0751,0.17021,-0.95532,-25.299
0.0752,0.1555,-0.93326,-24.851
0.0753,0.14049,-0.90972,-24.361
0.0754,0.12531,-0.88423,-23.833
0.0755,0.10997,-0.8566,-23.277
0.0756,0.094343,-0.82686,-22.695
0.0757,0.078597,-0.79433,-22.073
0.0758,0.062801,-0.7587,-21.396
0.0759,0.04693,-0.72032,-20.655
0.076,0.031125,-0.67937,-19.844
0.0761,0.01579,-0.63591,-18.964
0.0762,0.0009918,-0.59084,-18.038
0.0763,-0.01329,-0.54483,-17.088
0.0764,-0.026991,-0.49777,-16.123
0.0765,-0.040102,-0.44947,-15.148
0.0766,-0.052948,-0.40017,-14.16
0.0767,-0.065696,-0.3497,-13.147
0.0768,-0.078393,-0.29826,-12.098
0.0769,-0.091153,-0.24664,-11.015
0.077,-0.1042,-0.19538,-9.8998
0.0771,-0.11743,-0.14428,-8.7531
0.0772,-0.13072,-0.09335,-7.5811
0.0773,-0.14399,-0.04255,-6.3913
0.0774,-0.1572,0.0085693,-5.1831
0.0775,-0.17023,0.060321,-3.9548
0.0776,-0.18313,0.11243,-2.7065
0.0777,-0.19587,0.16494,-1.4319
0.0778,-0.20846,0.21795,-0.12444
0.0779,-0.22081,0.27109,1.2106
0.078,-0.23287,0.32385,2.5621
0.0781,-0.24454,0.37632,3.9204
0.0782,-0.25586,0.42852,5.2737
0.0783,-0.26681,0.4805,6.6133
0.0784,-0.27733,0.53278,7.9432
0.0785,-0.28739,0.58593,9.2712
0.0786,-0.2971,0.6398,10.6
0.0787,-0.30645,0.69401,11.93
0.0788,-0.31546,0.74829,13.264
0.0789,-0.32432,0.80224,14.593
0.079,-0.33331,0.85549,15.909
0.0791,-0.34254,0.90831,17.21
0.0792,-0.35224,0.96105,18.49
0.0793,-0.36279,1.0137,19.746
0.0794,-0.37451,1.0664,20.98
0.0795,-0.38766,1.1191,22.199
0.0796,-0.40276,1.1714,23.405
0.0797,-0.42068,1.223,24.599
0.0798,-0.44269,1.2735,25.782
0.0799,-0.47092,1.3228,26.945
0.08,-0.50894,1.3704,28.074
0.0801,-0.56201,1.4172,29.174
0.0802,-0.63558,1.4635,30.237
0.0803,-0.73123,1.5101,31.268
0.0804,-0.84015,1.5571,32.269
0.0805,-0.94334,1.6041,33.238
0.0806,-1.0243,1.6496,34.154
0.0807,-1.0788,1.6931,35.017
0.0808,-1.1122,1.7332,35.806
0.0809,-1.1328,1.7703,36.522
0.081,-1.1471,1.8046,37.166
0.0811,-1.1579,1.8371,37.744
0.0812,-1.1632,1.8681,38.252
0.0813,-1.1577,1.8976,38.694
0.0814,-1.1351,1.9242,39.045
0.0815,-1.0911,1.9472,39.294
0.0816,-1.0249,1.9658,39.429
0.0817,-0.94112,1.9793,39.441
0.0818,-0.8485,1.9875,39.329
0.0819,-0.75672,1.9915,39.109
0.082,-0.67293,1.9929,38.803
0.0821,-0.59949,1.993,38.431
0.0822,-0.5348,1.9928,38.001
0.0823,-0.4758,1.9924,37.512
0.0824,-0.42024,1.991,36.948
0.0825,-0.36726,1.9874,36.293
0.0826,-0.31737,1.9805,35.536
0.0827,-0.27166,1.9701,34.677
0.0828,-0.2311,1.9567,33.726
0.0829,-0.196,1.9412,32.707
0.083,-0.16625,1.9248,31.639
0.0831,-0.1413,1.9079,30.54
0.0832,-0.12017,1.8905,29.422
0.0833,-0.10158,1.8716,28.285
0.0834,-0.084405,1.8494,27.121
0.0835,-0.067768,1.8225,25.924
0.0836,-0.051074,1.7894,24.692
0.0837,-0.03395,1.749,23.429
0.0838,-0.016437,1.7004,22.149
0.0839,0.0012192,1.6429,20.877
0.084,0.018659,1.5743,19.632
0.0841,0.035666,1.4896,18.429
0.0842,0.052073,1.3802,17.274
0.0843,0.067846,1.2371,16.172
0.0844,0.083015,1.0611,15.121
0.0845,0.097746,0.87058,14.111
0.0846,0.11212,0.69343,13.122
0.0847,0.12619,0.55015,12.137
0.0848,0.13991,0.44451,11.142
0.0849,0.1533,0.36786,10.132
0.085,0.16625,0.30645,9.1162
0.0851,0.17862,0.24725,8.1129
0.0852,0.19031,0.18168,7.1396
0.0853,0.20145,0.10725,6.2033
0.0854,0.21227,0.027271,5.2972
0.0855,0.22315,-0.04937,4.4072
0.0856,0.23445,-0.11006,3.5157
0.0857,0.24656,-0.1429,2.6038
0.0858,0.25975,-0.14214,1.6596
0.0859,0.27415,-0.11154,0.68605
0.086,0.28965,-0.063935,-0.29895
0.0861,0.30595,-0.01498,-1.2688
0.0862,0.32264,0.024621,-2.1961
0.0863,0.33939,0.051923,-3.0649
0.0864,0.35585,0.068903,-3.8825
0.0865,0.3718,0.078884,-4.6756
0.0866,0.38706,0.08378,-5.477
0.0867,0.40149,0.082896,-6.3127
0.0868,0.4148,0.073883,-7.1955
0.0869,0.42677,0.055094,-8.1189
0.087,0.43727,0.026713,-9.0589
0.0871,0.44633,-0.0095316,-9.9851
0.0872,0.45406,-0.051354,-10.872
0.0873,0.4608,-0.096566,-11.708
0.0874,0.46686,-0.14364,-12.495
0.0875,0.47251,-0.19187,-13.25
0.0876,0.47792,-0.24109,-13.999
0.0877,0.48326,-0.29111,-14.765
0.0878,0.48861,-0.34157,-15.557
0.0879,0.49401,-0.39186,-16.369
0.088,0.49951,-0.4415,-17.183
0.0881,0.50524,-0.49031,-17.979
0.0882,0.51137,-0.53853,-18.745
0.0883,0.518,-0.58642,-19.475
0.0884,0.52503,-0.63404,-20.178
0.0885,0.53228,-0.68124,-20.866
0.0886,0.53943,-0.72776,-21.555
0.0887,0.54611,-0.7732,-22.255
0.0888,0.55195,-0.81727,-22.97
0.0889,0.55677,-0.85984,-23.696
0.089,0.56056,-0.90076,-24.419
0.0891,0.56336,-0.93984,-25.124
0.0892,0.56517,-0.97705,-25.797
0.0893,0.56591,-1.0125,-26.433
0.0894,0.56522,-1.0463,-27.031
0.0895,0.56254,-1.0783,-27.593
0.0896,0.55734,-1.1081,-28.118
0.0897,0.54951,-1.1351,-28.605
0.0898,0.53929,-1.1589,-29.046
0.0899,0.52721,-1.1793,-29.437
0.09,0.51385,-1.1968,-29.779
0.0901,0.49973,-1.2121,-30.075
0.0902,0.48509,-1.226,-30.334
0.0903,0.47001,-1.2387,-30.561
0.0904,0.45448,-1.2501,-30.761
0.0905,0.43848,-1.26,-30.938
0.0906,0.42202,-1.2683,-31.09
0.0907,0.40522,-1.2745,-31.213
0.0908,0.38831,-1.2785,-31.296
0.0909,0.37152,-1.28,-31.332
0.091,0.355,-1.279,-31.314
0.0911,0.33879,-1.2755,-31.241
0.0912,0.32274,-1.2695,-31.117
0.0913,0.30663,-1.261,-30.95
0.0914,0.29019,-1.2501,-30.742
0.0915,0.27321,-1.2362,-30.493
0.0916,0.2556,-1.2191,-30.196
0.0917,0.23747,-1.1987,-29.844
0.0918,0.21913,-1.1751,-29.432
0.0919,0.20099,-1.1488,-28.956
0.092,0.18352,-1.1203,-28.418
0.0921,0.16706,-1.09,-27.823
0.0922,0.1517,-1.0578,-27.178
0.0923,0.13733,-1.0238,-26.493
0.0924,0.12363,-0.9877,-25.778
0.0925,0.11023,-0.94968,-25.04
0.0926,0.096784,-0.90979,-24.28
0.0927,0.0831,-0.86812,-23.496
0.0928,0.069148,-0.8247,-22.682
0.0929,0.054986,-0.77951,-21.831
0.093,0.040713,-0.73248,-20.941
0.0931,0.026435,-0.68344,-20.008
0.0932,0.012188,-0.63216,-19.034
0.0933,-0.0020764,-0.57851,-18.02
0.0934,-0.016445,-0.52264,-16.966
0.0935,-0.030991,-0.46517,-15.876
0.0936,-0.045762,-0.40731,-14.751
0.0937,-0.06073,-0.35045,-13.596
0.0938,-0.075775,-0.29555,-12.413
0.0939,-0.090675,-0.24283,-11.204
0.094,-0.10523,-0.19189,-9.9695
0.0941,-0.11927,-0.14205,-8.7113
0.0942,-0.13273,-0.092603,-7.4314
0.0943,-0.14558,-0.04309,-6.1331
0.0944,-0.15784,0.0066332,-4.8195
0.0945,-0.16949,0.056529,-3.4931
0.0946,-0.18054,0.10648,-2.1558
0.0947,-0.191,0.15635,-0.8101
0.0948,-0.20093,0.20605,0.54056
0.0949,-0.21046,0.25568,1.8923
0.095,-0.2198,0.30548,3.242
0.0951,-0.22916,0.35577,4.5885
0.0952,-0.23875,0.40696,5.9325
0.0953,-0.2487,0.45932,7.2754
0.0954,-0.25903,0.51289,8.6187
0.0955,-0.26964,0.56743,9.963
0.0956,-0.28036,0.62248,11.307
0.0957,-0.29096,0.67751,12.649
0.0958,-0.30127,0.7321,13.985
0.0959,-0.31123,0.78608,15.312
0.096,-0.32095,0.83946,16.624
0.0961,-0.33067,0.89231,17.917
0.0962,-0.34067,0.94468,19.186
0.0963,-0.35127,0.99651,20.429
0.0964,-0.36283,1.0476,21.647
0.0965,-0.37577,1.0977,22.839
0.0966,-0.39079,1.1465,24.008
0.0967,-0.40909,1.1938,25.152
0.0968,-0.43259,1.2396,26.272
0.0969,-0.46423,1.2841,27.365
0.097,-0.50797,1.3277,28.432
0.0971,-0.5674,1.3708,29.472
0.0972,-0.64162,1.414,30.485
0.0973,-0.71975,1.4571,31.464
0.0974,-0.78291,1.4993,32.398
0.0975,-0.81659,1.5395,33.271
0.0976,-0.8196,1.5768,34.072
0.0977,-0.80118,1.6106,34.799
0.0978,-0.77313,1.6411,35.458
0.0979,-0.74445,1.6692,36.061
0.098,-0.71945,1.6956,36.619
0.0981,-0.69806,1.7208,37.135
0.0982,-0.67724,1.7443,37.6
0.0983,-0.65246,1.7653,37.996
0.0984,-0.61919,1.7827,38.306
0.0985,-0.57514,1.7958,38.513
0.0986,-0.52199,1.804,38.613
0.0987,-0.4648,1.8079,38.613
0.0988,-0.4092,1.8085,38.531
0.0989,-0.35889,1.8072,38.391
0.099,-0.31512,1.8053,38.21
0.0991,-0.27739,1.8037,37.991
0.0992,-0.24443,1.802,37.724
0.0993,-0.21485,1.7992,37.387
0.0994,-0.18756,1.7938,36.956
0.0995,-0.16189,1.7847,36.419
0.0996,-0.13758,1.7717,35.773
0.0997,-0.11474,1.7551,35.029
0.0998,-0.093639,1.7359,34.206
0.0999,-0.074515,1.7152,33.328
0.1,-0.057324,1.6937,32.412
0.1001,-0.041652,1.6712,31.468
0.1002,-0.026781,1.6467,30.493
0.1003,-0.011945,1.6187,29.478
0.1004,0.003454,1.5855,28.41
0.1005,0.019783,1.5454,27.283
0.1006,0.037155,1.4973,26.1
0.1007,0.055358,1.4404,24.874
0.1008,0.073923,1.3738,23.623
0.1009,0.092284,1.2956,22.365
0.101,0.10992,1.2023,21.113
0.1011,0.12644,1.0891,19.874
0.1012,0.14171,0.95376,18.654
0.1013,0.15585,0.80107,17.451
0.1014,0.16908,0.64555,16.259
0.1015,0.18162,0.50587,15.07
0.1016,0.1937,0.39569,13.872
0.1017,0.20551,0.31831,12.659
0.1018,0.21713,0.26788,11.433
0.1019,0.22862,0.23374,10.206
0.102,0.23999,0.20502,8.992
0.1021,0.25131,0.17362,7.8033
0.1022,0.2627,0.1356,6.6455
0.1023,0.27434,0.091466,5.5167
0.1024,0.28649,0.046159,4.4091
0.1025,0.29935,0.0079959,3.3117
0.1026,0.31308,-0.014216,2.2135
0.1027,0.32774,-0.015636,1.1064
0.1028,0.34325,0.0010447,-0.010535
0.1029,0.35935,0.026042,-1.1283
0.103,0.37569,0.047545,-2.2302
0.1031,0.39185,0.057551,-3.299
0.1032,0.40746,0.053893,-4.3258
0.1033,0.42219,0.038109,-5.315
0.1034,0.4358,0.012732,-6.2824
0.1035,0.44807,-0.020011,-7.2478
0.1036,0.45889,-0.058399,-8.2273
0.1037,0.46818,-0.1011,-9.2266
0.1038,0.47598,-0.14698,-10.24
0.1039,0.48244,-0.19501,-11.252
0.104,0.48792,-0.24432,-12.244
0.1041,0.49283,-0.29419,-13.202
0.1042,0.49761,-0.3441,-14.116
0.1043,0.5026,-0.39377,-14.989
0.1044,0.50809,-0.44326,-15.831
0.1045,0.51423,-0.49274,-16.661
0.1046,0.52104,-0.54224,-17.495
0.1047,0.52845,-0.59157,-18.343
0.1048,0.53636,-0.64042,-19.202
0.1049,0.54466,-0.68852,-20.062
0.105,0.55326,-0.73581,-20.91
0.1051,0.56207,-0.78244,-21.736
0.1052,0.57084,-0.82856,-22.537
0.1053,0.57924,-0.87417,-23.314
0.1054,0.58691,-0.91904,-24.075
0.1055,0.59357,-0.96284,-24.827
0.1056,0.59914,-1.0052,-25.575
0.1057,0.60373,-1.0458,-26.322
0.1058,0.60763,-1.0845,-27.061
0.1059,0.61118,-1.1211,-27.783
0.106,0.61464,-1.1554,-28.474
0.1061,0.61788,-1.1875,-29.125
0.1062,0.6201,-1.2173,-29.728
0.1063,0.61972,-1.245,-30.28
0.1064,0.61484,-1.2705,-30.782
0.1065,0.6042,-1.2936,-31.237
0.1066,0.58808,-1.314,-31.645
0.1067,0.56813,-1.3315,-32.007
0.1068,0.54643,-1.3463,-32.324
0.1069,0.52465,-1.3588,-32.601
0.107,0.50373,-1.3696,-32.841
0.1071,0.48389,-1.3791,-33.049
0.1072,0.46496,-1.3873,-33.227
0.1073,0.44652,-1.3939,-33.374
0.1074,0.42818,-1.3987,-33.49
0.1075,0.40966,-1.4014,-33.569
0.1076,0.39087,-1.4016,-33.609
0.1077,0.3719,-1.3992,-33.602
0.1078,0.35297,-1.3942,-33.543
0.1079,0.33425,-1.3866,-33.429
0.108,0.31588,-1.3765,-33.257
0.1081,0.29785,-1.3638,-33.031
0.1082,0.2801,-1.3486,-32.753
0.1083,0.26245,-1.3306,-32.424
0.1084,0.24479,-1.3095,-32.043
0.1085,0.22704,-1.2852,-31.608
0.1086,0.2093,-1.2576,-31.118
0.1087,0.1918,-1.2271,-30.572
0.1088,0.17484,-1.1941,-29.973
0.1089,0.15874,-1.1593,-29.326
0.109,0.14367,-1.1228,-28.635
0.1091,0.12959,-1.0847,-27.907
0.1092,0.11624,-1.0448,-27.149
0.1093,0.10325,-1.0029,-26.366
0.1094,0.090211,-0.95881,-25.559
0.1095,0.076781,-0.91243,-24.728
0.1096,0.062772,-0.86381,-23.869
0.1097,0.048148,-0.81297,-22.976
0.1098,0.033015,-0.75996,-22.043
0.1099,0.017557,-0.70481,-21.067
0.11,0.0019853,-0.64755,-20.048
0.1101,-0.013515,-0.58829,-18.984
0.1102,-0.028817,-0.52739,-17.88
0.1103,-0.043868,-0.46572,-16.736
0.1104,-0.058652,-0.40478,-15.558
0.1105,-0.073197,-0.3464,-14.35
0.1106,-0.087469,-0.292,-13.114
0.1107,-0.10138,-0.24199,-11.855
0.1108,-0.11483,-0.19557,-10.575
0.1109,-0.12774,-0.15133,-9.2765
0.111,-0.1401,-0.10776,-7.962
0.1111,-0.15194,-0.063745,-6.6346
0.1112,-0.16333,-0.018646,-5.2972
0.1113,-0.17434,0.027735,-3.9523
0.1114,-0.18502,0.075318,-2.6014
0.1115,-0.19542,0.12387,-1.2459
0.1116,-0.20538,0.17205,0.091259
0.1117,-0.20492,0.15625,0.10941
0.1118,-0.20461,0.1424,0.12725
0.1119,-0.20563,0.12927,0.14481
0.112,-0.20607,0.11465,0.15724
0.1121,-0.20281,0.09916,0.16627
0.1122,-0.19909,0.084651,0.17335
0.1123,-0.19846,0.071051,0.18065
0.1124,-0.19623,0.056911,0.18344
0.1125,-0.18901,0.041303,0.18122
0.1126,-0.18099,0.024899,0.17648
0.1127,-0.17473,0.0087855,0.17419
0.1128,-0.1685,-0.0065266,0.17309
0.1129,-0.16278,-0.021641,0.17343
0.113,-0.15662,-0.036656,0.17375
0.1131,-0.14885,-0.051523,0.1744
0.1132,-0.14046,-0.065215,0.17456
0.1133,-0.13414,-0.077617,0.17649
0.1134,-0.12867,-0.088929,0.17905
0.1135,-0.12207,-0.099694,0.18171
0.1136,-0.11514,-0.10965,0.18445
0.1137,-0.1099,-0.11924,0.1897
0.1138,-0.10539,-0.12837,0.19578
0.1139,-0.10059,-0.13716,0.20172
0.114,-0.09465,-0.14558,0.20665
0.1141,-0.087119,-0.15446,0.2112
0.1142,-0.078021,-0.16345,0.21407
0.1143,-0.068219,-0.17245,0.21543
0.1144,-0.055884,-0.18178,0.2134
0.1145,-0.040228,-0.19211,0.20801
0.1146,-0.023976,-0.20225,0.20084
0.1147,-0.009831,-0.21172,0.19459
0.1148,0.0044138,-0.22065,0.1875
0.1149,0.020171,-0.22944,0.17902
0.115,0.036099,-0.23738,0.17014
0.1151,0.051152,-0.2446,0.16248
0.1152,0.06621,-0.25095,0.15504
0.1153,0.080209,-0.25652,0.149
0.1154,0.092659,-0.2614,0.14469
0.1155,0.10453,-0.26637,0.14156
0.1156,0.11613,-0.27092,0.13846
0.1157,0.12573,-0.27477,0.13675
0.1158,0.13398,-0.27782,0.13554
0.1159,0.14246,-0.2804,0.1336
0.116,0.15121,-0.28215,0.13041
0.1161,0.15991,-0.2836,0.12659
0.1162,0.16987,-0.28506,0.12104
0.1163,0.18097,-0.2866,0.11387
0.1164,0.19253,-0.28802,0.10541
0.1165,0.20456,-0.28994,0.096137
0.1166,0.21709,-0.29206,0.085785
0.1167,0.22896,-0.29404,0.075113
0.1168,0.24094,-0.29574,0.063286
0.1169,0.25417,-0.29735,0.04968
0.117,0.26777,-0.29822,0.034781
0.1171,0.28,-0.29818,0.0203
0.1172,0.29142,-0.29731,0.0059428
0.1173,0.30221,-0.29592,-0.0081246
0.1174,0.31149,-0.29388,-0.021168
0.1175,0.31888,-0.29152,-0.032523
0.1176,0.32509,-0.28873,-0.042984
0.1177,0.32957,-0.28543,-0.052115
0.1178,0.3323,-0.28162,-0.059962
0.1179,0.33444,-0.27772,-0.067316
0.118,0.33684,-0.27356,-0.075263
0.1181,0.33909,-0.26921,-0.083431
0.1182,0.34183,-0.26478,-0.092321
0.1183,0.3454,-0.26038,-0.10223
0.1184,0.34927,-0.25563,-0.11301
0.1185,0.35314,-0.25075,-0.12415
0.1186,0.35789,-0.2458,-0.13642
0.1187,0.36333,-0.24059,-0.14974
0.1188,0.36903,-0.23487,-0.16385
0.1189,0.37518,-0.22893,-0.17852
0.119,0.38162,-0.22266,-0.19361
0.1191,0.38696,-0.21593,-0.2078
0.1192,0.39115,-0.20876,-0.22092
0.1193,0.3949,-0.20142,-0.23331
0.1194,0.39774,-0.19349,-0.24482
0.1195,0.3986,-0.18468,-0.25451
0.1196,0.39799,-0.17479,-0.26291
0.1197,0.39633,-0.16379,-0.27036
0.1198,0.39335,-0.15151,-0.27672
0.1199,0.38926,-0.13833,-0.28193
0.12,0.38499,-0.12454,-0.28683
0.1201,0.38031,-0.11043,-0.29123
0.1202,0.375,-0.096215,-0.29493
0.1203,0.3696,-0.082294,-0.2983
0.1204,0.3647,-0.068603,-0.30212
0.1205,0.36024,-0.055136,-0.30643
0.1206,0.35685,-0.041865,-0.31186
0.1207,0.35487,-0.028751,-0.3188
0.1208,0.35379,-0.01549,-0.327
0.1209,0.35308,-0.0022316,-0.33573
0.121,0.35278,0.010881,-0.34482
0.1211,0.35227,0.023788,-0.35359
0.1212,0.35094,0.036526,-0.36147
0.1213,0.34883,0.048851,-0.36824
0.1214,0.34583,0.060889,-0.3739
0.1215,0.34108,0.072814,-0.3778
0.1216,0.33469,0.084682,-0.38006
0.1217,0.32732,0.096368,-0.38127
0.1218,0.31893,0.10807,-0.38163
0.1219,0.30909,0.11979,-0.38082
0.122,0.29825,0.13147,-0.3793
0.1221,0.28647,0.14306,-0.37725
0.1222,0.27352,0.15461,-0.37453
0.1223,0.25978,0.16583,-0.37133
0.1224,0.24621,0.1766,-0.36853
0.1225,0.23294,0.18693,-0.36631
