0.05,-1.3753,0.50426,0.84858
0.0501,-1.3658,0.45604,0.88964
0.0502,-1.3543,0.40735,0.92945
0.0503,-1.341,0.35824,0.96794
0.0504,-1.3257,0.30879,1.005
0.0505,-1.3087,0.25904,1.0407
0.0506,-1.2898,0.20903,1.0749
0.0507,-1.2691,0.1588,1.1075
0.0508,-1.2466,0.10834,1.1386
0.0509,-1.2223,0.057674,1.1681
0.051,-1.1964,0.0068175,1.1961
0.0511,-1.1687,-0.044185,1.2224
0.0512,-1.1395,-0.095296,1.247
0.0513,-1.1086,-0.14646,1.27
0.0514,-1.0763,-0.19761,1.2912
0.0515,-1.0425,-0.24866,1.3107
0.0516,-1.0073,-0.29952,1.3283
0.0517,-0.97078,-0.35009,1.344
0.0518,-0.93303,-0.40025,1.3577
0.0519,-0.8941,-0.44989,1.3694
0.052,-0.85405,-0.49891,1.3789
0.0521,-0.81293,-0.5472,1.3863
0.0522,-0.77081,-0.59465,1.3914
0.0523,-0.72773,-0.64119,1.3943
0.0524,-0.68372,-0.68675,1.3949
0.0525,-0.63885,-0.73124,1.3932
0.0526,-0.59313,-0.77465,1.3892
0.0527,-0.54662,-0.81693,1.3831
0.0528,-0.49936,-0.85806,1.3747
0.0529,-0.45139,-0.89802,1.3643
0.053,-0.40276,-0.93681,1.3518
0.0531,-0.35353,-0.97441,1.3373
0.0532,-0.30376,-1.0108,1.321
0.0533,-0.25353,-1.046,1.3029
0.0534,-0.2029,-1.0799,1.2831
0.0535,-0.15197,-1.1126,1.2616
0.0536,-0.10079,-1.1438,1.2385
0.0537,-0.049431,-1.1737,1.2138
0.0538,0.0020199,-1.202,1.1876
0.0539,0.053479,-1.2287,1.1599
0.054,0.10487,-1.2537,1.1307
0.0541,0.1561,-1.2768,1.1
0.0542,0.2071,-1.2981,1.0678
0.0543,0.25781,-1.3174,1.0342
0.0544,0.30814,-1.3346,0.99911
0.0545,0.35805,-1.3496,0.96258
0.0546,0.40747,-1.3624,0.92467
0.0547,0.45635,-1.373,0.88541
0.0548,0.50462,-1.3813,0.84487
0.0549,0.55224,-1.3874,0.80311
0.055,0.59916,-1.3913,0.76022
0.0551,0.64531,-1.393,0.71629
0.0552,0.69065,-1.3925,0.6714
0.0553,0.73511,-1.39,0.62566
0.0554,0.77863,-1.3855,0.57917
0.0555,0.82115,-1.379,0.532
0.0556,0.904,-0.6666,-3.4327
0.0557,0.96901,-0.38557,-5.0126
0.0558,1.0255,-0.21273,-6.002
0.0559,1.0543,-0.011618,-7.0173
0.056,1.0503,0.17598,-7.7523
0.0561,1.0629,0.2943,-8.2051
0.0562,1.1055,0.4167,-8.8807
0.0563,1.1299,0.6258,-9.9035
0.0564,1.1217,0.93521,-11.25
0.0565,1.1341,1.2452,-12.725
0.0566,1.1743,1.4893,-14.016
0.0567,1.2084,1.6836,-14.993
0.0568,1.2357,1.8536,-15.807
0.0569,1.2596,1.9913,-16.437
0.057,1.2652,2.0885,-16.747
0.0571,1.2768,2.1986,-17.158
0.0572,1.3044,2.347,-17.873
0.0573,1.3426,2.563,-18.996
0.0574,1.3724,2.8262,-20.308
0.0575,1.4089,3.0858,-21.635
0.0576,1.4515,3.2801,-22.671
0.0577,1.478,3.3987,-23.218
0.0578,1.4885,3.4851,-23.511
0.0579,1.4936,3.5573,-23.709
0.058,1.4806,3.5851,-23.595
0.0581,1.4511,3.5707,-23.182
0.0582,1.4213,3.5718,-22.876
0.0583,1.3876,3.627,-22.833
0.0584,1.3491,3.7111,-22.913
0.0585,1.3352,3.7887,-23.094
0.0586,1.3455,3.8544,-23.364
0.0587,1.3428,3.9155,-23.529
0.0588,1.3209,3.9618,-23.507
0.0589,1.3059,3.9784,-23.381
0.059,1.2907,3.9752,-23.174
0.0591,1.2633,3.9857,-22.968
0.0592,1.2413,4.0192,-22.925
0.0593,1.2319,4.0504,-22.953
0.0594,1.214,4.0624,-22.836
0.0595,1.1916,4.063,-22.626
0.0596,1.1794,4.0494,-22.407
0.0597,1.1637,4.0089,-22.031
0.0598,1.1274,3.9457,-21.427
0.0599,1.0818,3.869,-20.709
0.06,1.0292,3.7698,-19.859
0.0601,0.96201,3.6535,-18.843
0.0602,0.89302,3.553,-17.903
0.0603,0.84044,3.4807,-17.205
0.0604,0.79742,3.4115,-16.585
0.0605,0.75901,3.3325,-15.936
0.0606,0.72707,3.2551,-15.339
0.0607,0.69202,3.1818,-14.749
0.0608,0.64549,3.0998,-14.057
0.0609,0.60144,3.0071,-13.332
0.061,0.5627,2.9121,-12.644
0.0611,0.51739,2.8144,-11.916
0.0612,0.46785,2.7106,-11.142
0.0613,0.42784,2.594,-10.363
0.0614,0.39049,2.4631,-9.5353
0.0615,0.34892,2.3282,-8.6603
0.0616,0.30923,2.1918,-7.7979
0.0617,0.26653,2.0417,-6.859
0.0618,0.2058,1.8718,-5.725
0.0619,0.13421,1.6938,-4.4906
0.062,0.064414,1.5157,-3.2768
0.0621,-0.0053423,1.3376,-2.0641
0.0622,-0.072551,1.1663,-0.90057
0.0623,-0.12408,1.0091,0.10003
0.0624,-0.16626,0.85798,1.0061
0.0625,-0.21199,0.70719,1.9315
0.0626,-0.25684,0.56351,2.8086
0.0627,-0.2961,0.42908,3.5959
0.0628,-0.34095,0.29184,4.4156
0.0629,-0.39133,0.14491,5.3112
0.063,-0.43751,-0.011494,6.2173
0.0631,-0.4827,-0.17709,7.157
0.0632,-0.53237,-0.35145,8.1631
0.0633,-0.57491,-0.52943,9.1464
0.0634,-0.60774,-0.70657,10.06
0.0635,-0.64352,-0.88058,10.969
0.0636,-0.68653,-1.0521,11.899
0.0637,-0.73126,-1.2256,12.84
0.0638,-0.7824,-1.4046,13.838
0.0639,-0.84084,-1.5835,14.878
0.064,-0.89581,-1.757,15.868
0.0641,-0.94236,-1.9283,16.8
0.0642,-0.98607,-2.098,17.709
0.0643,-1.0245,-2.2578,18.542
0.0644,-1.0557,-2.4031,19.256
0.0645,-1.0855,-2.5363,19.9
0.0646,-1.116,-2.6576,20.484
0.0647,-1.1428,-2.7676,20.983
0.0648,-1.1705,-2.8765,21.471
0.0649,-1.2029,-2.9937,22.028
0.065,-1.2341,-3.1186,22.612
0.0651,-1.2601,-3.247,23.183
0.0652,-1.2853,-3.3784,23.763
0.0653,-1.3069,-3.5088,24.321
0.0654,-1.3226,-3.6327,24.808
0.0655,-1.34,-3.7479,25.262
0.0656,-1.3632,-3.855,25.709
0.0657,-1.3858,-3.9547,26.119
0.0658,-1.4061,-4.0484,26.489
0.0659,-1.4267,-4.1356,26.837
0.066,-1.443,-4.2165,27.138
0.0661,-1.4501,-4.2935,27.376
0.0662,-1.4532,-4.3662,27.579
0.0663,-1.4546,-4.4273,27.727
0.0664,-1.45,-4.4724,27.765
0.0665,-1.4405,-4.5042,27.715
0.0666,-1.4314,-4.5258,27.625
0.0667,-1.4215,-4.5385,27.491
0.0668,-1.4085,-4.5484,27.333
0.0669,-1.3947,-4.5618,27.196
0.067,-1.3794,-4.5771,27.069
0.0671,-1.3579,-4.5897,26.897
0.0672,-1.3322,-4.5992,26.69
0.0673,-1.3067,-4.6053,26.469
0.0674,-1.2811,-4.6037,26.211
0.0675,-1.2562,-4.5921,25.906
0.0676,-1.234,-4.5717,25.576
0.0677,-1.2115,-4.5428,25.206
0.0678,-1.1852,-4.5061,24.78
0.0679,-1.1564,-4.4638,24.318
0.068,-1.1256,-4.417,23.832
0.0681,-1.09,-4.3645,23.298
0.0682,-1.051,-4.3038,22.709
0.0683,-1.0113,-4.2319,22.068
0.0684,-0.96983,-4.1479,21.36
0.0685,-0.92653,-4.055,20.6
0.0686,-0.8854,-3.9577,19.835
0.0687,-0.84594,-3.858,19.074
0.0688,-0.80419,-3.7572,18.301
0.0689,-0.76019,-3.6576,17.529
0.069,-0.71526,-3.558,16.759
0.0691,-0.66722,-3.4552,15.962
0.0692,-0.6171,-3.3481,15.135
0.0693,-0.56931,-3.2365,14.303
0.0694,-0.52363,-3.1178,13.453
0.0695,-0.47689,-2.9904,12.557
0.0696,-0.43028,-2.8567,11.634
0.0697,-0.38437,-2.7195,10.706
0.0698,-0.3361,-2.5798,9.7599
0.0699,-0.28511,-2.4386,8.7988
0.07,-0.23412,-2.2956,7.8381
0.0701,-0.18202,-2.1481,6.858
0.0702,-0.12732,-1.9939,5.8355
0.0703,-0.073058,-1.8331,4.788
0.0704,-0.021185,-1.6668,3.7326
0.0705,0.030119,-1.4974,2.67
0.0706,0.080774,-1.3277,1.6159
0.0707,0.12985,-1.1592,0.58498
0.0708,0.17957,-0.99194,-0.43519
0.0709,0.23184,-0.82713,-1.4494
0.071,0.28298,-0.66418,-2.4427
0.0711,0.33297,-0.50099,-3.423
0.0712,0.3822,-0.33538,-4.4071
0.0713,0.42976,-0.16731,-5.3886
0.0714,0.47526,0.0037443,-6.3683
0.0715,0.52088,0.17851,-7.3616
0.0716,0.56671,0.35458,-8.3582
0.0717,0.61179,0.52877,-9.3336
0.0718,0.65712,0.70057,-10.292
0.0719,0.70365,0.8712,-11.245
0.072,0.74934,1.0411,-12.184
0.0721,0.79381,1.2106,-13.109
0.0722,0.83793,1.38,-14.028
0.0723,0.88022,1.5487,-14.929
0.0724,0.91889,1.7154,-15.797
0.0725,0.95617,1.8791,-16.637
0.0726,0.99359,2.0385,-17.453
0.0727,1.0301,2.1929,-18.233
0.0728,1.0657,2.3424,-18.98
0.0729,1.1017,2.487,-19.702
0.073,1.1363,2.6268,-20.39
0.0731,1.1678,2.7632,-21.042
0.0732,1.1976,2.8978,-21.674
0.0733,1.2264,3.0301,-22.289
0.0734,1.2531,3.1588,-22.874
0.0735,1.2781,3.2836,-23.427
0.0736,1.303,3.4035,-23.955
0.0737,1.3271,3.5171,-24.445
0.0738,1.3496,3.6248,-24.897
0.0739,1.3714,3.7285,-25.324
0.074,1.3916,3.8278,-25.724
0.0741,1.4085,3.922,-26.083
0.0742,1.4217,4.0108,-26.399
0.0743,1.4318,4.0941,-26.676
0.0744,1.4383,4.1706,-26.905
0.0745,1.4416,4.2381,-27.078
0.0746,1.4433,4.3,-27.221
0.0747,1.4429,4.3525,-27.311
0.0748,1.4397,4.3991,-27.363
0.0749,1.434,4.439,-27.375
0.075,1.4257,4.4732,-27.352
0.0751,1.4143,4.5023,-27.292
0.0752,1.4,4.5265,-27.2
0.0753,1.3842,4.545,-27.077
0.0754,1.3663,4.5567,-26.914
0.0755,1.3464,4.5611,-26.708
0.0756,1.3257,4.5585,-26.465
0.0757,1.3043,4.5489,-26.189
0.0758,1.2812,4.5326,-25.873
0.0759,1.2563,4.5106,-25.523
0.076,1.2298,4.4828,-25.14
0.0761,1.2005,4.4488,-24.715
0.0762,1.1683,4.4084,-24.246
0.0763,1.1347,4.3619,-23.743
0.0764,1.1002,4.3086,-23.206
0.0765,1.0642,4.2484,-22.63
0.0766,1.0275,4.1815,-22.019
0.0767,0.99019,4.1082,-21.379
0.0768,0.95133,4.0292,-20.706
0.0769,0.91068,3.9453,-20.006
0.077,0.86899,3.8575,-19.286
0.0771,0.82622,3.7654,-18.547
0.0772,0.78183,3.6686,-17.781
0.0773,0.73667,3.5668,-16.993
0.0774,0.69132,3.4596,-16.183
0.0775,0.64555,3.3469,-15.35
0.0776,0.59939,3.2293,-14.498
0.0777,0.55323,3.1074,-13.63
0.0778,0.50623,2.981,-12.743
0.0779,0.45771,2.8504,-11.833
0.078,0.40789,2.7161,-10.904
0.0781,0.35713,2.5779,-9.9573
0.0782,0.30543,2.4356,-8.9908
0.0783,0.25362,2.2895,-8.0099
0.0784,0.20218,2.1398,-7.0184
0.0785,0.15085,1.9865,-6.0141
0.0786,0.099485,1.83,-4.9994
0.0787,0.048477,1.6715,-3.9823
0.0788,-0.0026027,1.5116,-2.9647
0.0789,-0.054056,1.3505,-1.9454
0.079,-0.10545,1.1882,-0.92795
0.0791,-0.15649,1.0245,0.087782
0.0792,-0.20754,0.85867,1.1065
0.0793,-0.25805,0.69087,2.1258
0.0794,-0.30731,0.52136,3.1393
0.0795,-0.35561,0.3505,4.1473
0.0796,-0.40352,0.17871,5.1505
0.0797,-0.45082,0.0065091,6.1452
0.0798,-0.49782,-0.16596,7.1317
0.0799,-0.54511,-0.33847,8.1136
0.08,-0.59237,-0.51074,9.0878
0.0801,-0.63876,-0.68274,10.05
0.0802,-0.68439,-0.85471,11.004
0.0803,-0.72926,-1.0263,11.947
0.0804,-0.77292,-1.197,12.875
0.0805,-0.81529,-1.3663,13.786
0.0806,-0.85689,-1.5334,14.678
0.0807,-0.89757,-1.6972,15.545
0.0808,-0.93715,-1.8575,16.384
0.0809,-0.97587,-2.0144,17.198
0.081,-1.0138,-2.1682,17.989
0.0811,-1.0505,-2.3187,18.753
0.0812,-1.0856,-2.4663,19.49
0.0813,-1.1194,-2.6109,20.202
0.0814,-1.1515,-2.752,20.885
0.0815,-1.1821,-2.8894,21.536
0.0816,-1.2117,-3.0229,22.16
0.0817,-1.2404,-3.152,22.753
0.0818,-1.268,-3.2766,23.315
0.0819,-1.2946,-3.3965,23.845
0.082,-1.3198,-3.5118,24.344
0.0821,-1.3431,-3.6225,24.809
0.0822,-1.3644,-3.7286,25.241
0.0823,-1.3836,-3.8299,25.641
0.0824,-1.4004,-3.9257,26.003
0.0825,-1.4146,-4.0155,26.325
0.0826,-1.4263,-4.0988,26.608
0.0827,-1.4356,-4.1754,26.849
0.0828,-1.4421,-4.2452,27.048
0.0829,-1.4456,-4.3085,27.207
0.083,-1.4464,-4.3654,27.327
0.0831,-1.4439,-4.4159,27.407
0.0832,-1.4381,-4.4601,27.443
0.0833,-1.4293,-4.498,27.441
0.0834,-1.4179,-4.5294,27.398
0.0835,-1.4042,-4.5541,27.315
0.0836,-1.3885,-4.5723,27.192
0.0837,-1.3712,-4.5839,27.033
0.0838,-1.3523,-4.5889,26.835
0.0839,-1.3315,-4.5876,26.599
0.084,-1.3092,-4.5804,26.328
0.0841,-1.2852,-4.5672,26.022
0.0842,-1.2594,-4.548,25.679
0.0843,-1.2319,-4.5226,25.3
0.0844,-1.2029,-4.4907,24.884
0.0845,-1.1725,-4.452,24.43
0.0846,-1.1406,-4.4067,23.94
0.0847,-1.1076,-4.3548,23.415
0.0848,-1.0732,-4.2968,22.857
0.0849,-1.0374,-4.2327,22.266
0.085,-0.99994,-4.1629,21.644
0.0851,-0.96098,-4.0876,20.992
0.0852,-0.92048,-4.0068,20.31
0.0853,-0.87867,-3.9205,19.6
0.0854,-0.83593,-3.8288,18.863
0.0855,-0.7923,-3.7317,18.1
0.0856,-0.74786,-3.6293,17.311
0.0857,-0.70277,-3.5219,16.5
0.0858,-0.65697,-3.4099,15.667
0.0859,-0.6103,-3.2935,14.814
0.086,-0.56291,-3.1731,13.943
0.0861,-0.51486,-3.0486,13.054
0.0862,-0.46607,-2.9201,12.147
0.0863,-0.41665,-2.7875,11.222
0.0864,-0.36696,-2.6508,10.281
0.0865,-0.31699,-2.51,9.3238
0.0866,-0.26672,-2.3656,8.3528
0.0867,-0.21626,-2.2177,7.3702
0.0868,-0.16561,-2.0668,6.3778
0.0869,-0.11451,-1.913,5.3757
0.087,-0.063048,-1.7567,4.3659
0.0871,-0.011478,-1.5981,3.3511
0.0872,0.040121,-1.4371,2.3319
0.0873,0.091683,-1.274,1.309
0.0874,0.1429,-1.1089,0.28483
0.0875,0.19365,-0.94184,-0.73933
0.0876,0.24402,-0.77314,-1.7629
0.0877,0.29399,-0.60321,-2.7834
0.0878,0.34342,-0.43244,-3.7985
0.0879,0.39243,-0.261,-4.8077
0.088,0.44101,-0.089093,-5.8108
0.0881,0.48903,0.083137,-6.8061
0.0882,0.53637,0.25561,-7.7931
0.0883,0.58299,0.42822,-8.7713
0.0884,0.62873,0.60064,-9.7385
0.0885,0.67353,0.77254,-10.693
0.0886,0.71751,0.9436,-11.633
0.0887,0.76074,1.1134,-12.558
0.0888,0.80321,1.2816,-13.465
0.0889,0.84498,1.4479,-14.355
0.089,0.88601,1.612,-15.224
0.0891,0.92611,1.7737,-16.073
0.0892,0.96516,1.9329,-16.899
0.0893,1.0032,2.0894,-17.702
0.0894,1.04,2.243,-18.481
0.0895,1.0755,2.3934,-19.233
0.0896,1.1099,2.5402,-19.958
0.0897,1.1432,2.6832,-20.654
0.0898,1.1751,2.822,-21.32
0.0899,1.2059,2.9566,-21.955
0.09,1.2354,3.0869,-22.561
0.0901,1.2634,3.2129,-23.135
0.0902,1.2898,3.3344,-23.677
0.0903,1.3145,3.4513,-24.186
0.0904,1.3374,3.5633,-24.66
0.0905,1.3583,3.6703,-25.1
0.0906,1.3773,3.772,-25.503
0.0907,1.3942,3.868,-25.87
0.0908,1.409,3.9583,-26.199
0.0909,1.4214,4.0427,-26.49
0.091,1.4312,4.1212,-26.742
0.0911,1.4384,4.1937,-26.955
0.0912,1.4427,4.26,-27.13
0.0913,1.4441,4.3203,-27.265
0.0914,1.4428,4.3741,-27.36
0.0915,1.4387,4.4215,-27.415
0.0916,1.432,4.4621,-27.429
0.0917,1.4229,4.4961,-27.402
0.0918,1.4115,4.5233,-27.336
0.0919,1.3979,4.5439,-27.23
0.092,1.3822,4.5579,-27.085
0.0921,1.3645,4.5654,-26.901
0.0922,1.3446,4.5664,-26.678
0.0923,1.3229,4.5611,-26.417
0.0924,1.2993,4.5494,-26.119
0.0925,1.2741,4.5312,-25.783
0.0926,1.2472,4.5066,-25.41
0.0927,1.2188,4.4756,-25.001
0.0928,1.1889,4.4384,-24.556
0.0929,1.1575,4.3949,-24.076
0.093,1.1247,4.3454,-23.563
0.0931,1.0905,4.2901,-23.017
0.0932,1.0548,4.2288,-22.439
0.0933,1.0178,4.1618,-21.829
0.0934,0.97954,4.089,-21.189
0.0935,0.94014,4.0104,-20.518
0.0936,0.89961,3.9261,-19.819
0.0937,0.85807,3.8364,-19.093
0.0938,0.81555,3.7412,-18.34
0.0939,0.77199,3.6409,-17.563
0.094,0.72737,3.5356,-16.761
0.0941,0.68178,3.4255,-15.936
0.0942,0.63525,3.3106,-15.09
0.0943,0.58782,3.1912,-14.223
0.0944,0.53966,3.0673,-13.336
0.0945,0.49087,2.9391,-12.431
0.0946,0.4415,2.8068,-11.508
0.0947,0.39162,2.6705,-10.569
0.0948,0.34134,2.5306,-9.616
0.0949,0.29068,2.3873,-8.6499
0.095,0.23969,2.2407,-7.6722
0.0951,0.18846,2.0912,-6.6842
0.0952,0.1371,1.9389,-5.6872
0.0953,0.085687,1.7838,-4.682
0.0954,0.034333,1.6261,-3.6702
0.0955,-0.016874,1.466,-2.6535
0.0956,-0.067897,1.3037,-1.6332
0.0957,-0.1187,1.1393,-0.61065
0.0958,-0.16925,0.97318,0.41244
0.0959,-0.21955,0.80547,1.4349
0.096,-0.26959,0.63639,2.4554
0.0961,-0.31929,0.46614,3.4726
0.0962,-0.36858,0.29492,4.4852
0.0963,-0.41743,0.12288,5.4923
0.0964,-0.46575,-0.049751,6.4927
0.0965,-0.51346,-0.22272,7.4848
0.0966,-0.56054,-0.39572,8.4674
0.0967,-0.60698,-0.56844,9.4391
0.0968,-0.65271,-0.74053,10.398
0.0969,-0.69769,-0.91166,11.343
0.097,-0.74193,-1.0816,12.273
0.0971,-0.78532,-1.2499,13.187
0.0972,-0.82777,-1.4166,14.083
0.0973,-0.86922,-1.5812,14.959
0.0974,-0.90963,-1.7436,15.815
0.0975,-0.94893,-1.9035,16.649
0.0976,-0.9871,-2.0606,17.46
0.0977,-1.0242,-2.2148,18.246
0.0978,-1.0602,-2.3656,19.006
0.0979,-1.095,-2.5131,19.74
0.098,-1.1288,-2.6569,20.445
0.0981,-1.1614,-2.7969,21.122
0.0982,-1.1927,-2.9329,21.77
0.0983,-1.2228,-3.0649,22.387
0.0984,-1.2516,-3.1927,22.972
0.0985,-1.2789,-3.316,23.526
0.0986,-1.3048,-3.4346,24.046
0.0987,-1.3291,-3.5484,24.532
0.0988,-1.3517,-3.657,24.984
0.0989,-1.3724,-3.7604,25.4
0.099,-1.3911,-3.8584,25.78
0.0991,-1.4075,-3.9509,26.123
0.0992,-1.4214,-4.0376,26.428
0.0993,-1.4326,-4.1183,26.695
0.0994,-1.4408,-4.1931,26.923
0.0995,-1.4461,-4.2615,27.112
0.0996,-1.4484,-4.3237,27.26
0.0997,-1.4478,-4.3793,27.369
0.0998,-1.4442,-4.4283,27.436
0.0999,-1.4379,-4.4707,27.463
0.1,-1.4289,-4.5065,27.45
0.1001,-1.4174,-4.5357,27.396
0.1002,-1.4037,-4.5583,27.303
0.1003,-1.3877,-4.5744,27.171
0.1004,-1.3698,-4.5839,26.999
0.1005,-1.35,-4.587,26.788
0.1006,-1.3285,-4.5837,26.539
0.1007,-1.3054,-4.5739,26.252
0.1008,-1.2807,-4.5577,25.928
0.1009,-1.2545,-4.5352,25.568
0.101,-1.2268,-4.5064,25.171
0.1011,-1.1975,-4.4715,24.739
0.1012,-1.1668,-4.4304,24.273
0.1013,-1.1345,-4.3832,23.772
0.1014,-1.1008,-4.33,23.237
0.1015,-1.0657,-4.2707,22.669
0.1016,-1.0292,-4.2054,22.07
0.1017,-0.99135,-4.1342,21.438
0.1018,-0.95222,-4.0571,20.777
0.1019,-0.91186,-3.9745,20.086
0.102,-0.87031,-3.8863,19.367
0.1021,-0.82764,-3.7927,18.622
0.1022,-0.78392,-3.694,17.851
0.1023,-0.73922,-3.5902,17.056
0.1024,-0.69363,-3.4815,16.237
0.1025,-0.64726,-3.368,15.396
0.1026,-0.60018,-3.25,14.534
0.1027,-0.55247,-3.1276,13.653
0.1028,-0.50417,-3.0009,12.753
0.1029,-0.45534,-2.8701,11.836
0.103,-0.406,-2.7355,10.903
0.1031,-0.3562,-2.5973,9.9545
0.1032,-0.306,-2.4555,8.9927
0.1033,-0.25545,-2.3104,8.0185
0.1034,-0.20462,-2.162,7.0331
0.1035,-0.15358,-2.0106,6.0377
0.1036,-0.1024,-1.8564,5.0338
0.1037,-0.051133,-1.6994,4.0228
0.1038,0.00016058,-1.54,3.0062
0.1039,0.051444,-1.3783,1.9854
0.104,0.10266,-1.2145,0.96197
0.1041,0.15373,-1.0488,-0.062722
0.1042,0.20455,-0.88148,-1.0872
0.1043,0.25504,-0.71263,-2.1101
0.1044,0.30513,-0.54249,-3.1302
0.1045,0.35472,-0.37131,-4.1459
0.1046,0.40374,-0.1993,-5.156
0.1047,0.45215,-0.02674,-6.1591
0.1048,0.49991,0.14611,-7.154
0.1049,0.547,0.31898,-8.1394
0.105,0.59337,0.49161,-9.114
0.1051,0.63902,0.66373,-10.077
0.1052,0.6839,0.83506,-11.026
0.1053,0.72797,1.0053,-11.961
0.1054,0.77122,1.1743,-12.88
0.1055,0.8136,1.3417,-13.782
0.1056,0.85509,1.5073,-14.665
0.1057,0.89567,1.6706,-15.528
0.1058,0.93531,1.8316,-16.369
0.1059,0.97399,1.9899,-17.188
0.106,1.0117,2.1453,-17.983
0.1061,1.0483,2.2976,-18.752
0.1062,1.0838,2.4465,-19.496
0.1063,1.1181,2.5918,-20.212
0.1064,1.1512,2.7334,-20.899
0.1065,1.183,2.8711,-21.557
0.1066,1.2135,3.0046,-22.184
0.1067,1.2425,3.1338,-22.78
0.1068,1.2701,3.2585,-23.344
0.1069,1.2962,3.3785,-23.875
0.107,1.3205,3.4936,-24.372
0.1071,1.3432,3.6036,-24.834
0.1072,1.3639,3.7085,-25.261
0.1073,1.3826,3.8081,-25.651
0.1074,1.399,3.9022,-26.006
0.1075,1.4132,3.9905,-26.322
0.1076,1.4248,4.0731,-26.601
0.1077,1.4338,4.1497,-26.841
0.1078,1.4401,4.2201,-27.042
0.1079,1.4436,4.2843,-27.203
0.108,1.4443,4.3421,-27.325
0.1081,1.4423,4.3935,-27.406
0.1082,1.4376,4.4384,-27.447
0.1083,1.4303,4.4767,-27.448
0.1084,1.4205,4.5084,-27.409
0.1085,1.4084,4.5335,-27.33
0.1086,1.3941,4.552,-27.211
0.1087,1.3777,4.5639,-27.052
0.1088,1.3593,4.5692,-26.854
0.1089,1.339,4.5679,-26.618
0.109,1.3169,4.5602,-26.343
0.1091,1.2931,4.546,-26.031
0.1092,1.2675,4.5255,-25.682
0.1093,1.2403,4.4987,-25.297
0.1094,1.2115,4.4657,-24.876
0.1095,1.1812,4.4265,-24.42
0.1096,1.1494,4.3811,-23.929
0.1097,1.1162,4.3297,-23.405
0.1098,1.0816,4.2722,-22.847
0.1099,1.0457,4.2089,-22.258
0.11,1.0084,4.1397,-21.637
0.1101,0.96999,4.0647,-20.986
0.1102,0.93033,3.9841,-20.306
0.1103,0.88952,3.898,-19.597
0.1104,0.8476,3.8064,-18.862
0.1105,0.80463,3.7096,-18.1
0.1106,0.76066,3.6075,-17.313
0.1107,0.71573,3.5005,-16.502
0.1108,0.66991,3.3886,-15.669
0.1109,0.62324,3.272,-14.814
0.111,0.57578,3.1509,-13.939
0.1111,0.52757,3.0255,-13.045
0.1112,0.47869,2.8959,-12.133
0.1113,0.42922,2.7624,-11.204
0.1114,0.37922,2.6251,-10.261
0.1115,0.32879,2.4841,-9.3027
0.1116,0.27802,2.3398,-8.3322
0.1117,0.22699,2.1923,-7.3502
0.1118,0.17579,2.0417,-6.3581
0.1119,0.12448,1.8883,-5.3574
0.112,0.073155,1.7322,-4.3493
0.1121,0.021849,1.5736,-3.3352
0.1122,-0.02939,1.4127,-2.3166
0.1123,-0.080498,1.2498,-1.2947
0.1124,-0.12439,1.2247,-1.0479
0.1125,-0.16357,1.2355,-1.0118
0.1126,-0.20049,1.2421,-0.97425
0.1127,-0.24161,1.2502,-0.93733
0.1128,-0.29211,1.2667,-0.90071
0.1129,-0.34575,1.2856,-0.86409
0.113,-0.39552,1.2976,-0.82587
0.1131,-0.44699,1.3093,-0.78784
0.1132,-0.50748,1.3297,-0.75098
0.1133,-0.57158,1.3522,-0.71465
0.1134,-0.63152,1.3681,-0.67617
0.1135,-0.68636,1.3776,-0.63591
0.1136,-0.73722,1.3816,-0.59392
0.1137,-0.78533,1.3811,-0.55031
0.1138,-0.83393,1.38,-0.50506
0.1139,-0.88155,1.3777,-0.45917
0.114,-0.92303,1.3676,-0.41156
0.1141,-0.95824,1.3498,-0.36236
0.1142,-0.99174,1.3301,-0.31236
0.1143,-1.0235,1.309,-0.26214
0.1144,-1.0506,1.2825,-0.21051
0.1145,-1.073,1.251,-0.15822
0.1146,-1.0927,1.2171,-0.10593
0.1147,-1.1114,1.1824,-0.053724
0.1148,-1.1319,1.1495,-0.001003
0.1149,-1.1549,1.1191,0.051424
0.115,-1.1789,1.0893,0.10356
0.1151,-1.2058,1.0625,0.15469
0.1152,-1.2389,1.0426,0.20422
0.1153,-1.2739,1.0253,0.25226
0.1154,-1.3044,1.003,0.30039
0.1155,-1.3311,0.97704,0.34817
0.1156,-1.357,0.95159,0.39498
0.1157,-1.3801,0.92433,0.44129
0.1158,-1.3984,0.8924,0.48827
0.1159,-1.4123,0.85715,0.53536
0.116,-1.4209,0.81722,0.58291
0.1161,-1.4227,0.77068,0.63145
0.1162,-1.4209,0.72093,0.68046
0.1163,-1.4173,0.67088,0.7285
0.1164,-1.409,0.61721,0.77595
0.1165,-1.3951,0.5589,0.8228
0.1166,-1.3789,0.50019,0.86809
0.1167,-1.3618,0.44306,0.91115
0.1168,-1.3434,0.3864,0.95273
0.1169,-1.3254,0.332,0.99251
0.117,-1.3089,0.28147,1.03
0.1171,-1.293,0.23346,1.0654
0.1172,-1.2778,0.18733,1.0995
0.1173,-1.2637,0.14356,1.132
0.1174,-1.2493,0.10063,1.1631
0.1175,-1.2337,0.057455,1.193
0.1176,-1.2192,0.016734,1.2213
0.1177,-1.2051,-0.021465,1.2477
0.1178,-1.1878,-0.061656,1.2729
0.1179,-1.1656,-0.10545,1.2973
0.118,-1.1394,-0.15158,1.3202
0.1181,-1.1088,-0.20066,1.3416
0.1182,-1.073,-0.25376,1.3617
0.1183,-1.0328,-0.30993,1.38
0.1184,-0.988,-0.36931,1.3964
0.1185,-0.93866,-0.43233,1.4112
0.1186,-0.88755,-0.49602,1.4242
0.1187,-0.8373,-0.55692,1.4348
0.1188,-0.78809,-0.61486,1.4432
0.1189,-0.74017,-0.66941,1.4493
0.119,-0.69456,-0.71901,1.4525
0.1191,-0.65025,-0.76449,1.4528
0.1192,-0.60624,-0.8075,1.4507
0.1193,-0.56352,-0.84692,1.4459
0.1194,-0.52245,-0.8822,1.4382
0.1195,-0.4816,-0.91516,1.428
0.1196,-0.44123,-0.94601,1.4157
0.1197,-0.40191,-0.97395,1.4012
0.1198,-0.36167,-1.0013,1.3848
0.1199,-0.31892,-1.0301,1.3672
0.12,-0.27509,-1.0585,1.3481
0.1201,-0.23008,-1.0862,1.3271
0.1202,-0.18133,-1.116,1.3046
0.1203,-0.12816,-1.149,1.2811
0.1204,-0.071971,-1.1834,1.2562
0.1205,-0.012892,-1.2192,1.23
0.1206,0.048574,-1.2562,1.203
0.1207,0.11009,-1.2919,1.1748
0.1208,0.17047,-1.3248,1.1453
0.1209,0.23042,-1.3558,1.1146
0.121,0.28906,-1.3843,1.083
0.1211,0.34461,-1.4078,1.0498
0.1212,0.3968,-1.4261,1.0148
0.1213,0.4457,-1.4391,0.97816
0.1214,0.4905,-1.4458,0.93943
0.1215,0.5317,-1.4464,0.89844
0.1216,0.5708,-1.443,0.85562
0.1217,0.60835,-1.4361,0.81127
0.1218,0.64467,-1.4263,0.76548
0.1219,0.68111,-1.4151,0.71863
0.122,0.71831,-1.4036,0.67116
0.1221,0.75627,-1.3919,0.62316
0.1222,0.79593,-1.3814,0.57497
0.1223,0.83794,-1.373,0.52705
0.1224,0.88101,-1.3655,0.47933
0.1225,0.92406,-1.3576,0.4315
