0.05,0.2785,-0.63302,0.33653
0.0501,0.29943,-0.63262,0.31837
0.0502,0.31983,-0.63106,0.29974
0.0503,0.33968,-0.62838,0.28063
0.0504,0.359,-0.62458,0.26104
0.0505,0.3778,-0.61974,0.24099
0.0506,0.3961,-0.61394,0.22047
0.0507,0.41396,-0.60727,0.1995
0.0508,0.43139,-0.59984,0.17811
0.0509,0.44842,-0.59176,0.15639
0.051,0.46504,-0.58315,0.13439
0.0511,0.48123,-0.57408,0.1122
0.0512,0.49695,-0.56461,0.089872
0.0513,0.51212,-0.55478,0.067486
0.0514,0.52666,-0.54459,0.045085
0.0515,0.54047,-0.53402,0.022709
0.0516,0.55345,-0.52303,0.00038607
0.0517,0.56548,-0.51156,-0.021865
0.0518,0.57644,-0.49952,-0.044044
0.0519,0.58625,-0.48686,-0.06614
0.052,0.59481,-0.4735,-0.088158
0.0521,0.60206,-0.45937,-0.1101
0.0522,0.60797,-0.44443,-0.13198
0.0523,0.61255,-0.42866,-0.15378
0.0524,0.61584,-0.41207,-0.17552
0.0525,0.61789,-0.39468,-0.19718
0.0526,0.61881,-0.37657,-0.21876
0.0527,0.6187,-0.35782,-0.24021
0.0528,0.61768,-0.33853,-0.26152
0.0529,0.61585,-0.31883,-0.28262
0.053,0.61332,-0.29883,-0.30346
0.0531,0.61016,-0.27863,-0.32398
0.0532,0.60643,-0.25831,-0.34412
0.0533,0.60217,-0.23796,-0.36382
0.0534,0.59739,-0.2176,-0.38302
0.0535,0.59207,-0.1972,-0.40166
0.0536,0.58618,-0.17677,-0.41972
0.0537,0.57967,-0.15626,-0.43713
0.0538,0.57248,-0.13562,-0.45385
0.0539,0.56454,-0.11479,-0.46986
0.054,0.55581,-0.093711,-0.48511
0.0541,0.54622,-0.072324,-0.49954
0.0542,0.53575,-0.050584,-0.51315
0.0543,0.5244,-0.028477,-0.52589
0.0544,0.51219,-0.0060121,-0.53772
0.0545,0.49916,0.016777,-0.5486
0.0546,0.48536,0.039828,-0.55852
0.0547,0.47087,0.063051,-0.56746
0.0548,0.45577,0.086347,-0.57538
0.0549,0.44015,0.10961,-0.58228
0.055,0.42408,0.13272,-0.58816
0.0551,0.40764,0.15556,-0.59302
0.0552,0.39089,0.17806,-0.59687
0.0553,0.37387,0.20013,-0.5997
0.0554,0.35661,0.2217,-0.60154
0.0555,0.33911,0.24275,-0.60238
0.0556,0.32135,0.26327,-0.60224
0.0557,0.30331,0.28327,-0.60113
0.0558,0.28494,0.30278,-0.59907
0.0559,0.26617,0.32186,-0.59608
0.056,0.24697,0.34057,-0.59219
0.0561,0.22729,0.35895,-0.58745
0.0562,0.20709,0.37706,-0.58191
0.0563,0.18635,0.3949,-0.57562
0.0564,0.16507,0.41249,-0.56863
0.0565,0.14332,0.4298,-0.56099
0.0566,0.12114,0.44675,-0.55275
0.0567,0.098614,0.46328,-0.54393
0.0568,0.075836,0.47926,-0.53455
0.0569,0.052899,0.49458,-0.52462
0.057,0.029904,0.5091,-0.51414
0.0571,0.0069444,0.52269,-0.5031
0.0572,-0.015895,0.53523,-0.49148
0.0573,-0.038548,0.54661,-0.47926
0.0574,-0.060965,0.55673,-0.46642
0.0575,-0.083118,0.56554,-0.45294
0.0576,-0.105,0.57302,-0.43879
0.0577,-0.12663,0.57918,-0.42398
0.0578,-0.14803,0.58406,-0.40849
0.0579,-0.16924,0.58772,-0.39235
0.058,-0.19031,0.59027,-0.37559
0.0581,-0.21125,0.59181,-0.35823
0.0582,-0.23212,0.59244,-0.34033
0.0583,-0.25291,0.59227,-0.32195
0.0584,-0.27365,0.5914,-0.30314
0.0585,-0.2943,0.5899,-0.28395
0.0586,-0.31484,0.58783,-0.26444
0.0587,-0.33522,0.58522,-0.24466
0.0588,-0.35535,0.58206,-0.22465
0.0589,-0.37516,0.57834,-0.20444
0.059,-0.39454,0.574,-0.18403
0.0591,-0.41338,0.56897,-0.16341
0.0592,-0.43159,0.56319,-0.14258
0.0593,-0.44906,0.55659,-0.12154
0.0594,-0.4657,0.54909,-0.10028
0.0595,-0.48144,0.54065,-0.078782
0.0596,-0.49622,0.53125,-0.057054
0.0597,-0.51,0.52089,-0.035092
0.0598,-0.52277,0.5096,-0.012909
0.0599,-0.53452,0.49744,0.0094718
0.06,-0.54526,0.48447,0.03201
0.0601,-0.55502,0.4708,0.054661
0.0602,-0.56384,0.45652,0.077369
0.0603,-0.57173,0.44173,0.10008
0.0604,-0.57874,0.42653,0.12272
0.0605,-0.5849,0.41098,0.14524
0.0606,-0.59023,0.39515,0.16758
0.0607,-0.59474,0.37907,0.1897
0.0608,-0.59842,0.36276,0.21154
0.0609,-0.60127,0.3462,0.23309
0.061,-0.60324,0.32936,0.2543
0.0611,-0.58508,-0.096348,0.53716
0.0612,-0.57631,-0.32575,0.6861
0.0613,-0.56928,-0.50742,0.79665
0.0614,-0.56089,-0.65818,0.87913
0.0615,-0.55003,-0.78316,0.93785
0.0616,-0.5408,-0.88324,0.97695
0.0617,-0.53431,-0.96473,1.0012
0.0618,-0.52547,-1.0399,1.0164
0.0619,-0.51261,-1.1117,1.0244
0.062,-0.50134,-1.1785,1.0289
0.0621,-0.49274,-1.2349,1.0265
0.0622,-0.48486,-1.2828,1.0178
0.0623,-0.477,-1.3238,1.0039
0.0624,-0.4687,-1.3577,0.98444
0.0625,-0.45924,-1.3828,0.95739
0.0626,-0.45005,-1.4006,0.92501
0.0627,-0.44237,-1.4143,0.89027
0.0628,-0.43441,-1.4274,0.85459
0.0629,-0.42474,-1.4416,0.81858
0.063,-0.41488,-1.4556,0.78308
0.0631,-0.40569,-1.4656,0.74604
0.0632,-0.39581,-1.4712,0.70622
0.0633,-0.38462,-1.4741,0.66483
0.0634,-0.3721,-1.474,0.62192
0.0635,-0.35774,-1.4668,0.57325
0.0636,-0.3423,-1.4497,0.51686
0.0637,-0.32671,-1.4249,0.45497
0.0638,-0.30946,-1.3981,0.39085
0.0639,-0.29021,-1.372,0.326
0.064,-0.27196,-1.346,0.2626
0.0641,-0.25577,-1.3208,0.2023
0.0642,-0.23885,-1.3001,0.14622
0.0643,-0.22043,-1.2847,0.09476
0.0644,-0.20254,-1.2714,0.047334
0.0645,-0.18535,-1.2569,0.0013476
0.0646,-0.168,-1.2405,-0.044434
0.0647,-0.1513,-1.2207,-0.090495
0.0648,-0.13537,-1.1955,-0.1386
0.0649,-0.11882,-1.1636,-0.19106
0.065,-0.10196,-1.1262,-0.24669
0.0651,-0.085894,-1.0847,-0.30331
0.0652,-0.069452,-1.0415,-0.35972
0.0653,-0.051371,-0.99878,-0.41497
0.0654,-0.032441,-0.95711,-0.46758
0.0655,-0.013017,-0.91487,-0.51865
0.0656,0.0076672,-0.87115,-0.56967
0.0657,0.02909,-0.82599,-0.62027
0.0658,0.050347,-0.77949,-0.66979
0.0659,0.071711,-0.73037,-0.71997
0.066,0.093006,-0.67746,-0.77186
0.0661,0.11352,-0.62115,-0.82463
0.0662,0.13409,-0.56419,-0.87668
0.0663,0.15552,-0.50873,-0.92675
0.0664,0.17636,-0.45541,-0.97274
0.0665,0.19555,-0.40431,-1.0134
0.0666,0.21408,-0.35651,-1.0482
0.0667,0.23228,-0.31164,-1.0778
0.0668,0.24932,-0.26754,-1.1032
0.0669,0.26545,-0.22187,-1.1268
0.067,0.28138,-0.17401,-1.15
0.0671,0.29672,-0.12323,-1.1732
0.0672,0.31173,-0.068665,-1.1979
0.0673,0.32748,-0.0099152,-1.2255
0.0674,0.34379,0.052254,-1.2553
0.0675,0.35995,0.11653,-1.2857
0.0676,0.37638,0.18093,-1.3153
0.0677,0.39299,0.24378,-1.3426
0.0678,0.40877,0.30386,-1.3657
0.0679,0.42382,0.36096,-1.3847
0.068,0.43894,0.41522,-1.4006
0.0681,0.45365,0.46718,-1.4138
0.0682,0.46735,0.51712,-1.424
0.0683,0.48036,0.56566,-1.4323
0.0684,0.49233,0.61371,-1.4392
0.0685,0.5022,0.66214,-1.4444
0.0686,0.51029,0.71042,-1.4477
0.0687,0.51737,0.75757,-1.4486
0.0688,0.52279,0.80302,-1.4459
0.0689,0.52604,0.84647,-1.4388
0.069,0.52813,0.88683,-1.4272
0.0691,0.52964,0.9239,-1.4116
0.0692,0.53022,0.95903,-1.3931
0.0693,0.53018,0.99405,-1.374
0.0694,0.53009,1.0296,-1.3555
0.0695,0.52953,1.0661,-1.338
0.0696,0.52823,1.1042,-1.3219
0.0697,0.52669,1.1438,-1.3077
0.0698,0.52502,1.1839,-1.2945
0.0699,0.52302,1.2231,-1.281
0.07,0.52106,1.2597,-1.2658
0.0701,0.51914,1.2923,-1.2477
0.0702,0.51654,1.3196,-1.2248
0.0703,0.51301,1.3415,-1.1968
0.0704,0.50875,1.3586,-1.1645
0.0705,0.50331,1.372,-1.1287
0.0706,0.49641,1.3829,-1.0901
0.0707,0.48849,1.3919,-1.0498
0.0708,0.47955,1.4,-1.0084
0.0709,0.46919,1.4079,-0.96615
0.071,0.45794,1.4153,-0.92333
0.0711,0.44653,1.4219,-0.8801
0.0712,0.43469,1.4273,-0.83589
0.0713,0.42212,1.4313,-0.79028
0.0714,0.40933,1.433,-0.74311
0.0715,0.3964,1.4321,-0.6943
0.0716,0.38298,1.4289,-0.64418
0.0717,0.36949,1.4244,-0.59412
0.0718,0.35647,1.4186,-0.54505
0.0719,0.34361,1.4119,-0.49703
0.072,0.33065,1.4044,-0.44994
0.0721,0.31777,1.3959,-0.40376
0.0722,0.30466,1.3858,-0.35755
0.0723,0.29079,1.3735,-0.31017
0.0724,0.27629,1.3582,-0.26094
0.0725,0.26126,1.339,-0.20916
0.0726,0.24522,1.3153,-0.15382
0.0727,0.22812,1.2871,-0.094908
0.0728,0.2104,1.2547,-0.033337
0.0729,0.19202,1.2195,0.029719
0.073,0.17287,1.1828,0.093041
0.0731,0.15338,1.1459,0.15514
0.0732,0.13368,1.1096,0.21515
0.0733,0.11343,1.0745,0.2728
0.0734,0.092853,1.0407,0.32797
0.0735,0.072496,1.0074,0.38066
0.0736,0.052438,0.97386,0.43142
0.0737,0.032703,0.93938,0.48074
0.0738,0.013649,0.90293,0.52902
0.0739,-0.0047595,0.86375,0.57681
0.074,-0.022931,0.82174,0.62441
0.0741,-0.040891,0.7774,0.67131
0.0742,-0.058597,0.73122,0.71701
0.0743,-0.076402,0.68371,0.76143
0.0744,-0.094464,0.63519,0.80457
0.0745,-0.11264,0.58572,0.84641
0.0746,-0.1311,0.53504,0.88755
0.0747,-0.15003,0.48289,0.92857
0.0748,-0.16912,0.42895,0.96963
0.0749,-0.18821,0.37315,1.0108
0.075,-0.20761,0.31556,1.0524
0.0751,-0.22728,0.25646,1.0941
0.0752,-0.2469,0.19638,1.1353
0.0753,-0.26655,0.13629,1.175
0.0754,-0.28616,0.077219,1.2124
0.0755,-0.30517,0.019904,1.2461
0.0756,-0.32325,-0.035276,1.2755
0.0757,-0.34057,-0.088122,1.3006
0.0758,-0.35704,-0.13898,1.3217
0.0759,-0.37238,-0.18859,1.3392
0.076,-0.3868,-0.2377,1.354
0.0761,-0.4005,-0.28684,1.3667
0.0762,-0.41333,-0.33673,1.3781
0.0763,-0.4253,-0.38797,1.3888
0.0764,-0.43673,-0.44066,1.3992
0.0765,-0.4476,-0.49448,1.4092
0.0766,-0.45774,-0.54891,1.4183
0.0767,-0.4673,-0.60323,1.4264
0.0768,-0.47634,-0.65666,1.4328
0.0769,-0.48477,-0.70867,1.4373
0.077,-0.49268,-0.75902,1.44
0.0771,-0.50025,-0.80766,1.441
0.0772,-0.50728,-0.85468,1.4403
0.0773,-0.51354,-0.90021,1.438
0.0774,-0.51899,-0.94432,1.4341
0.0775,-0.52346,-0.98704,1.4282
0.0776,-0.52668,-1.0283,1.4202
0.0777,-0.52873,-1.0677,1.4094
0.0778,-0.52972,-1.1047,1.3957
0.0779,-0.52949,-1.1389,1.3783
0.078,-0.52803,-1.1702,1.3571
0.0781,-0.52561,-1.1985,1.3324
0.0782,-0.52226,-1.2243,1.3046
0.0783,-0.51794,-1.2483,1.2745
0.0784,-0.51288,-1.2712,1.2432
0.0785,-0.50727,-1.2936,1.2114
0.0786,-0.50103,-1.3161,1.1797
0.0787,-0.4943,-1.3386,1.1483
0.0788,-0.4874,-1.3611,1.1175
0.0789,-0.48039,-1.383,1.0869
0.079,-0.47323,-1.4037,1.0561
0.0791,-0.46603,-1.4223,1.0243
0.0792,-0.4587,-1.4382,0.99094
0.0793,-0.45092,-1.4508,0.95529
0.0794,-0.44258,-1.46,0.91714
0.0795,-0.43371,-1.4658,0.87658
0.0796,-0.42413,-1.4685,0.83372
0.0797,-0.41367,-1.4684,0.78867
0.0798,-0.40242,-1.4658,0.74176
0.0799,-0.39035,-1.461,0.69313
0.08,-0.37734,-1.4541,0.64284
0.0801,-0.36347,-1.4454,0.59104
0.0802,-0.34891,-1.4348,0.53786
0.0803,-0.33362,-1.4224,0.48328
0.0804,-0.31765,-1.4081,0.42742
0.0805,-0.30121,-1.392,0.37061
0.0806,-0.28447,-1.3742,0.31328
0.0807,-0.2675,-1.3551,0.25599
0.0808,-0.25055,-1.3351,0.19948
0.0809,-0.23379,-1.3144,0.14425
0.081,-0.21714,-1.293,0.090457
0.0811,-0.20056,-1.2711,0.038092
0.0812,-0.18402,-1.2482,-0.013032
0.0813,-0.16739,-1.224,-0.063434
0.0814,-0.15055,-1.1979,-0.11371
0.0815,-0.13352,-1.1694,-0.16436
0.0816,-0.11623,-1.1378,-0.21591
0.0817,-0.098505,-1.1029,-0.26877
0.0818,-0.08032,-1.0648,-0.32295
0.0819,-0.061712,-1.0236,-0.37813
0.082,-0.042584,-0.98006,-0.43385
0.0821,-0.022899,-0.93479,-0.48956
0.0822,-0.002801,-0.88842,-0.54463
0.0823,0.017659,-0.84145,-0.59862
0.0824,0.038473,-0.79424,-0.65126
0.0825,0.059419,-0.7469,-0.70227
0.0826,0.08022,-0.69937,-0.7515
0.0827,0.10079,-0.65153,-0.79895
0.0828,0.12103,-0.60322,-0.84463
0.0829,0.14077,-0.55424,-0.88848
0.083,0.16002,-0.50447,-0.93053
0.0831,0.17886,-0.45399,-0.9707
0.0832,0.19726,-0.4029,-1.0088
0.0833,0.2152,-0.35129,-1.0447
0.0834,0.23277,-0.29919,-1.0784
0.0835,0.25006,-0.24658,-1.1102
0.0836,0.26705,-0.19327,-1.1402
0.0837,0.28385,-0.13907,-1.169
0.0838,0.30059,-0.083832,-1.1969
0.0839,0.31727,-0.027464,-1.2243
0.084,0.33389,0.030032,-1.2512
0.0841,0.35053,0.088497,-1.2778
0.0842,0.36717,0.14761,-1.304
0.0843,0.38365,0.20692,-1.3293
0.0844,0.39987,0.26585,-1.3531
0.0845,0.41567,0.32375,-1.375
0.0846,0.43079,0.38012,-1.3942
0.0847,0.44507,0.4346,-1.4102
0.0848,0.45841,0.48699,-1.4231
0.0849,0.47069,0.53733,-1.4326
0.085,0.48178,0.58583,-1.4389
0.0851,0.49165,0.63281,-1.4423
0.0852,0.50027,0.6786,-1.4431
0.0853,0.50756,0.72359,-1.4415
0.0854,0.51356,0.76808,-1.438
0.0855,0.5184,0.81219,-1.4326
0.0856,0.52213,0.85591,-1.4256
0.0857,0.52486,0.89911,-1.4169
0.0858,0.52677,0.94156,-1.4067
0.0859,0.52802,0.98306,-1.395
0.086,0.52867,1.0235,-1.3819
0.0861,0.52889,1.0627,-1.3676
0.0862,0.52875,1.1007,-1.3523
0.0863,0.52821,1.1374,-1.336
0.0864,0.5272,1.1727,-1.3188
0.0865,0.52573,1.2065,-1.3004
0.0866,0.5237,1.2384,-1.2806
0.0867,0.52102,1.2683,-1.2591
0.0868,0.51765,1.2957,-1.2355
0.0869,0.51356,1.3203,-1.2093
0.087,0.50862,1.3419,-1.1803
0.0871,0.50277,1.3605,-1.1484
0.0872,0.49602,1.3762,-1.1135
0.0873,0.48836,1.3892,-1.076
0.0874,0.47978,1.4,-1.0363
0.0875,0.47037,1.409,-0.99492
0.0876,0.46025,1.4166,-0.95229
0.0877,0.4495,1.4232,-0.90881
0.0878,0.43824,1.4288,-0.86482
0.0879,0.42664,1.4336,-0.82053
0.088,0.41478,1.4373,-0.77596
0.0881,0.40271,1.4398,-0.731
0.0882,0.39049,1.4407,-0.68552
0.0883,0.3781,1.4396,-0.63932
0.0884,0.36549,1.4364,-0.59223
0.0885,0.35264,1.4308,-0.54418
0.0886,0.33953,1.4227,-0.49516
0.0887,0.32606,1.4121,-0.44513
0.0888,0.31216,1.399,-0.39408
0.0889,0.29778,1.3834,-0.34198
0.089,0.28283,1.3654,-0.2888
0.0891,0.26723,1.3451,-0.23448
0.0892,0.25096,1.3224,-0.17902
0.0893,0.23405,1.2976,-0.12247
0.0894,0.2165,1.2706,-0.06491
0.0895,0.19836,1.2416,-0.0065487
0.0896,0.17975,1.211,0.052264
0.0897,0.16077,1.1788,0.11111
0.0898,0.14153,1.1456,0.16951
0.0899,0.12218,1.1115,0.22695
0.09,0.10283,1.0769,0.28304
0.0901,0.083518,1.0418,0.33754
0.0902,0.064305,1.0063,0.39035
0.0903,0.04526,0.97003,0.44148
0.0904,0.026382,0.93281,0.49114
0.0905,0.0076594,0.89426,0.5396
0.0906,-0.010904,0.854,0.58714
0.0907,-0.029352,0.81172,0.63405
0.0908,-0.047788,0.76722,0.68058
0.0909,-0.066278,0.72045,0.72684
0.091,-0.084874,0.67153,0.77279
0.0911,-0.10365,0.62072,0.81837
0.0912,-0.12265,0.56832,0.86341
0.0913,-0.14185,0.51466,0.90773
0.0914,-0.16123,0.46007,0.95114
0.0915,-0.18074,0.40481,0.9935
0.0916,-0.20029,0.34915,1.0346
0.0917,-0.21975,0.29326,1.0743
0.0918,-0.23904,0.23732,1.1123
0.0919,-0.25806,0.18148,1.1486
0.092,-0.2767,0.12587,1.1829
0.0921,-0.29488,0.070597,1.215
0.0922,-0.31255,0.015788,1.2446
0.0923,-0.3296,-0.038484,1.2717
0.0924,-0.34597,-0.092195,1.2961
0.0925,-0.36165,-0.14539,1.3178
0.0926,-0.37663,-0.19819,1.3371
0.0927,-0.3909,-0.25075,1.354
0.0928,-0.4045,-0.30326,1.369
0.0929,-0.41749,-0.35586,1.3823
0.093,-0.42987,-0.40867,1.3943
0.0931,-0.44165,-0.46173,1.4051
0.0932,-0.45289,-0.51497,1.4149
0.0933,-0.46355,-0.56821,1.4237
0.0934,-0.47359,-0.62118,1.4314
0.0935,-0.48298,-0.67351,1.4377
0.0936,-0.49167,-0.7248,1.4423
0.0937,-0.49956,-0.7747,1.445
0.0938,-0.50661,-0.82289,1.4455
0.0939,-0.51279,-0.86915,1.4436
0.094,-0.51803,-0.91336,1.4391
0.0941,-0.52226,-0.9555,1.4321
0.0942,-0.52546,-0.99563,1.4225
0.0943,-0.52759,-1.0338,1.4103
0.0944,-0.52864,-1.0703,1.3957
0.0945,-0.52864,-1.105,1.3787
0.0946,-0.52764,-1.1381,1.3595
0.0947,-0.52571,-1.1698,1.3381
0.0948,-0.52293,-1.1999,1.3148
0.0949,-0.51942,-1.2286,1.2897
0.095,-0.51527,-1.2559,1.263
0.0951,-0.51056,-1.2818,1.235
0.0952,-0.50538,-1.3066,1.206
0.0953,-0.4998,-1.33,1.176
0.0954,-0.49384,-1.3522,1.1453
0.0955,-0.48751,-1.373,1.1138
0.0956,-0.48083,-1.3922,1.0816
0.0957,-0.47377,-1.4096,1.0484
0.0958,-0.46628,-1.425,1.0139
0.0959,-0.45832,-1.438,0.97801
0.096,-0.44982,-1.4484,0.94028
0.0961,-0.44069,-1.4561,0.9005
0.0962,-0.43087,-1.4608,0.85851
0.0963,-0.42031,-1.4628,0.81429
0.0964,-0.40897,-1.462,0.76792
0.0965,-0.39686,-1.4587,0.71958
0.0966,-0.384,-1.4532,0.66955
0.0967,-0.37044,-1.4457,0.61813
0.0968,-0.35625,-1.4364,0.56563
0.0969,-0.34152,-1.4257,0.51235
0.097,-0.32634,-1.4135,0.45855
0.0971,-0.3108,-1.4001,0.40443
0.0972,-0.29497,-1.3853,0.35015
0.0973,-0.27894,-1.3693,0.29583
0.0974,-0.26276,-1.3519,0.24156
0.0975,-0.24647,-1.3329,0.18741
0.0976,-0.2301,-1.3124,0.13344
0.0977,-0.21365,-1.2902,0.079671
0.0978,-0.19707,-1.2662,0.026084
0.0979,-0.18029,-1.2403,-0.027372
0.098,-0.16326,-1.2125,-0.080785
0.0981,-0.14593,-1.1826,-0.13427
0.0982,-0.12822,-1.1505,-0.18793
0.0983,-0.11012,-1.1163,-0.24185
0.0984,-0.091596,-1.08,-0.29606
0.0985,-0.072657,-1.0416,-0.35054
0.0986,-0.053328,-1.0012,-0.40515
0.0987,-0.033663,-0.95898,-0.45969
0.0988,-0.013725,-0.91531,-0.51386
0.0989,0.0064108,-0.87043,-0.56734
0.099,0.026647,-0.82463,-0.61978
0.0991,0.046892,-0.77813,-0.67087
0.0992,0.067063,-0.73111,-0.72038
0.0993,0.087073,-0.68367,-0.76813
0.0994,0.10684,-0.63579,-0.81402
0.0995,0.12631,-0.58741,-0.85805
0.0996,0.14545,-0.53841,-0.90027
0.0997,0.16425,-0.48863,-0.94079
0.0998,0.18272,-0.43793,-0.97971
0.0999,0.20091,-0.38622,-1.0172
0.1,0.21885,-0.33344,-1.0533
0.1001,0.2366,-0.27961,-1.088
0.1002,0.25421,-0.22478,-1.1216
0.1003,0.27171,-0.16907,-1.1539
0.1004,0.28911,-0.1126,-1.185
0.1005,0.30643,-0.055563,-1.2148
0.1006,0.32364,0.0018732,-1.2434
0.1007,0.3407,0.059494,-1.2707
0.1008,0.35754,0.11709,-1.2966
0.1009,0.37409,0.17443,-1.3209
0.101,0.39024,0.23128,-1.3436
0.1011,0.40588,0.28742,-1.3643
0.1012,0.42089,0.34265,-1.3829
0.1013,0.43514,0.39679,-1.3991
0.1014,0.4485,0.44969,-1.4127
0.1015,0.46088,0.5013,-1.4237
0.1016,0.47221,0.55159,-1.432
0.1017,0.48241,0.60064,-1.4376
0.1018,0.49148,0.64855,-1.4407
0.1019,0.49941,0.69545,-1.4414
0.102,0.50624,0.74151,-1.4399
0.1021,0.51201,0.78685,-1.4365
0.1022,0.51678,0.83155,-1.4314
0.1023,0.52063,0.87565,-1.4248
0.1024,0.52366,0.9191,-1.4167
0.1025,0.52593,0.96178,-1.4073
0.1026,0.52752,1.0035,-1.3965
0.1027,0.52849,1.0441,-1.3843
0.1028,0.52886,1.0832,-1.3706
0.1029,0.52867,1.1207,-1.3553
0.103,0.5279,1.1564,-1.3383
0.1031,0.52654,1.1901,-1.3195
0.1032,0.52453,1.2217,-1.2988
0.1033,0.52184,1.251,-1.2762
0.1034,0.51842,1.2781,-1.2515
0.1035,0.51423,1.3028,-1.2248
0.1036,0.50924,1.3253,-1.1959
0.1037,0.50345,1.3456,-1.165
0.1038,0.49686,1.3637,-1.1319
0.1039,0.4895,1.3796,-1.0969
0.104,0.48141,1.3936,-1.0601
0.1041,0.47265,1.4057,-1.0216
0.1042,0.46327,1.4161,-0.98164
0.1043,0.45335,1.425,-0.94045
0.1044,0.44296,1.4323,-0.89822
0.1045,0.43215,1.4383,-0.85512
0.1046,0.42098,1.4427,-0.81128
0.1047,0.40949,1.4456,-0.76672
0.1048,0.3977,1.4469,-0.72145
0.1049,0.38562,1.4462,-0.67538
0.105,0.37321,1.4436,-0.62842
0.1051,0.36046,1.4387,-0.58044
0.1052,0.34731,1.4315,-0.53133
0.1053,0.33372,1.4217,-0.481
0.1054,0.31965,1.4095,-0.42944
0.1055,0.30505,1.3947,-0.37666
0.1056,0.28991,1.3776,-0.32274
0.1057,0.27421,1.3581,-0.26781
0.1058,0.25797,1.3366,-0.21204
0.1059,0.2412,1.3131,-0.1556
0.106,0.22395,1.2878,-0.098711
0.1061,0.20628,1.261,-0.041578
0.1062,0.18823,1.2327,0.015587
0.1063,0.16987,1.2032,0.072581
0.1064,0.15127,1.1724,0.1292
0.1065,0.13252,1.1405,0.18527
0.1066,0.11369,1.1075,0.24061
0.1067,0.094826,1.0733,0.29509
0.1068,0.07598,1.038,0.34862
0.1069,0.057167,1.0015,0.40113
0.107,0.038388,0.96366,0.45264
0.1071,0.019636,0.92436,0.50318
0.1072,0.00088338,0.88348,0.55284
0.1073,-0.017897,0.84092,0.60171
0.1074,-0.036733,0.79659,0.64989
0.1075,-0.055652,0.75045,0.69747
0.1076,-0.074676,0.70254,0.74447
0.1077,-0.093815,0.65296,0.79089
0.1078,-0.11306,0.60187,0.83664
0.1079,-0.1324,0.5495,0.88161
0.108,-0.1518,0.4961,0.92561
0.1081,-0.17121,0.44193,0.96845
0.1082,-0.19056,0.38727,1.0099
0.1083,-0.20978,0.33232,1.0498
0.1084,-0.2288,0.27728,1.0879
0.1085,-0.24753,0.22227,1.1242
0.1086,-0.26591,0.1674,1.1584
0.1087,-0.28387,0.11268,1.1905
0.1088,-0.30138,0.058137,1.2205
0.1089,-0.31838,0.0037384,1.2484
0.109,-0.33486,-0.050545,1.2742
0.1091,-0.3508,-0.10475,1.2979
0.1092,-0.3662,-0.15892,1.3196
0.1093,-0.38106,-0.21306,1.3394
0.1094,-0.39536,-0.26719,1.3573
0.1095,-0.40911,-0.32128,1.3735
0.1096,-0.42229,-0.37528,1.3881
0.1097,-0.43489,-0.42912,1.401
0.1098,-0.44687,-0.48268,1.4124
0.1099,-0.45822,-0.53582,1.4223
0.11,-0.46889,-0.58836,1.4305
0.1101,-0.47881,-0.6401,1.4372
0.1102,-0.48794,-0.69085,1.442
0.1103,-0.49621,-0.74038,1.4449
0.1104,-0.50356,-0.78852,1.4457
0.1105,-0.50996,-0.83509,1.4443
0.1106,-0.51537,-0.87997,1.4406
0.1107,-0.51976,-0.92309,1.4344
0.1108,-0.52314,-0.96442,1.4258
0.1109,-0.5255,-1.004,1.4147
0.111,-0.52689,-1.0419,1.4013
0.1111,-0.52733,-1.0781,1.3857
0.1112,-0.52687,-1.1128,1.3681
0.1113,-0.52557,-1.1461,1.3485
0.1114,-0.52351,-1.178,1.3272
0.1115,-0.52075,-1.2086,1.3043
0.1116,-0.51735,-1.2378,1.28
0.1117,-0.51339,-1.2657,1.2543
0.1118,-0.50891,-1.2921,1.2272
0.1119,-0.50395,-1.317,1.199
0.112,-0.49852,-1.3403,1.1695
0.1121,-0.49264,-1.3618,1.1387
0.1122,-0.4863,-1.3814,1.1066
0.1123,-0.47946,-1.399,1.0732
0.1124,-0.4721,-1.4144,1.0383
0.1125,-0.46417,-1.4276,1.0019
0.1126,-0.45565,-1.4385,0.96377
0.1127,-0.44648,-1.4469,0.92393
0.1128,-0.43666,-1.4529,0.88231
0.1129,-0.42615,-1.4565,0.83888
0.113,-0.41497,-1.4577,0.79368
0.1131,-0.40311,-1.4566,0.74679
0.1132,-0.39061,-1.4534,0.69835
0.1133,-0.3775,-1.4482,0.64856
0.1134,-0.36384,-1.4411,0.59762
0.1135,-0.34909,-1.4326,0.56295
0.1136,-0.33282,-1.4241,0.56619
0.1137,-0.31636,-1.4147,0.56865
0.1138,-0.29951,-1.4041,0.57018
0.1139,-0.28221,-1.3924,0.57104
0.114,-0.26453,-1.3795,0.57124
0.1141,-0.24666,-1.3649,0.5707
0.1142,-0.22863,-1.3483,0.56941
0.1143,-0.21027,-1.3299,0.56759
0.1144,-0.19151,-1.3098,0.5652
0.1145,-0.17249,-1.2877,0.56214
0.1146,-0.15334,-1.2632,0.55829
0.1147,-0.134,-1.2364,0.55366
0.1148,-0.11434,-1.2075,0.54815
0.1149,-0.094324,-1.1766,0.54183
0.115,-0.073971,-1.1436,0.53476
0.1151,-0.053368,-1.1084,0.52692
0.1152,-0.032605,-1.0709,0.51827
0.1153,-0.011699,-1.0314,0.50893
0.1154,0.0093466,-0.99028,0.49899
0.1155,0.030412,-0.94779,0.48844
0.1156,0.051382,-0.90405,0.4773
0.1157,0.072241,-0.85934,0.4656
0.1158,0.093017,-0.81404,0.45333
0.1159,0.11368,-0.76835,0.44057
0.116,0.13419,-0.72217,0.42738
0.1161,0.1545,-0.67519,0.41377
0.1162,0.17463,-0.62727,0.39974
0.1163,0.19532,-0.60608,0.38446
0.1164,0.21656,-0.60881,0.36828
0.1165,0.23741,-0.6103,0.3517
0.1166,0.25793,-0.61069,0.33449
0.1167,0.27844,-0.61026,0.31662
0.1168,0.29894,-0.609,0.29813
0.1169,0.31914,-0.60679,0.27911
0.117,0.33905,-0.60377,0.25958
0.1171,0.35892,-0.60011,0.23941
0.1172,0.37868,-0.59575,0.21859
0.1173,0.39802,-0.59062,0.19738
0.1174,0.41681,-0.58479,0.17598
0.1175,0.43503,-0.57818,0.15433
0.1176,0.45258,-0.57072,0.13239
0.1177,0.46951,-0.56254,0.11024
0.1178,0.4858,-0.55373,0.087991
0.1179,0.50121,-0.54422,0.065729
0.118,0.5156,-0.534,0.043561
0.1181,0.52903,-0.5232,0.021522
0.1182,0.5415,-0.51181,-0.00043411
0.1183,0.55284,-0.49975,-0.02227
0.1184,0.56295,-0.487,-0.043945
0.1185,0.57187,-0.47355,-0.065543
0.1186,0.57971,-0.45942,-0.087172
0.1187,0.58658,-0.44474,-0.10883
0.1188,0.59256,-0.42959,-0.13049
0.1189,0.59759,-0.41392,-0.1522
0.119,0.60171,-0.39776,-0.17397
0.1191,0.60507,-0.38121,-0.1958
0.1192,0.60762,-0.36427,-0.21763
0.1193,0.60917,-0.34683,-0.23934
0.1194,0.60973,-0.3289,-0.26083
0.1195,0.60944,-0.31054,-0.28215
0.1196,0.60833,-0.29172,-0.30328
0.1197,0.60635,-0.27246,-0.32409
0.1198,0.60354,-0.2529,-0.34444
0.1199,0.59988,-0.23303,-0.36426
0.12,0.59532,-0.21282,-0.3835
0.1201,0.58987,-0.19232,-0.40208
0.1202,0.58358,-0.17155,-0.42001
0.1203,0.57638,-0.15043,-0.43728
0.1204,0.56825,-0.12895,-0.45382
0.1205,0.55932,-0.10724,-0.46963
0.1206,0.5497,-0.085327,-0.48476
0.1207,0.53943,-0.063234,-0.49918
0.1208,0.52859,-0.041068,-0.51284
0.1209,0.51725,-0.018853,-0.52574
0.121,0.5054,0.0034477,-0.53789
0.1211,0.49306,0.025766,-0.54921
0.1212,0.48028,0.048031,-0.55966
0.1213,0.467,0.070296,-0.56922
0.1214,0.4532,0.092576,-0.57788
0.1215,0.43899,0.11476,-0.58561
0.1216,0.42438,0.13679,-0.59238
0.1217,0.40926,0.15871,-0.59812
0.1218,0.39357,0.18045,-0.60272
0.1219,0.37733,0.20197,-0.60616
0.122,0.36049,0.2233,-0.60847
0.1221,0.34299,0.24447,-0.60964
0.1222,0.32485,0.26542,-0.60969
0.1223,0.30609,0.28614,-0.60868
0.1224,0.28675,0.30662,-0.60667
0.1225,0.26693,0.32676,-0.6037
