0.1,0.18206,-0.4434,0.27011
0.1001,0.19894,-0.44391,0.25704
0.1002,0.21551,-0.44362,0.24364
0.1003,0.23174,-0.44254,0.22989
0.1004,0.24762,-0.44068,0.21578
0.1005,0.26316,-0.43805,0.2013
0.1006,0.27835,-0.43468,0.18643
0.1007,0.2932,-0.43064,0.17115
0.1008,0.30772,-0.42596,0.1555
0.1009,0.32192,-0.42072,0.1395
0.101,0.33578,-0.41499,0.12318
0.1011,0.34927,-0.40883,0.10661
0.1012,0.36238,-0.4023,0.089822
0.1013,0.37504,-0.39543,0.072873
0.1014,0.38718,-0.38827,0.055816
0.1015,0.39874,-0.38081,0.038695
0.1016,0.40964,-0.37306,0.021553
0.1017,0.41978,-0.365,0.0044205
0.1018,0.42908,-0.35657,-0.01268
0.1019,0.43747,-0.34775,-0.029735
0.102,0.44488,-0.33847,-0.04674
0.1021,0.45127,-0.32869,-0.063698
0.1022,0.45661,-0.31836,-0.080615
0.1023,0.46091,-0.30745,-0.097502
0.1024,0.4642,-0.29594,-0.11437
0.1025,0.46651,-0.28384,-0.13122
0.1026,0.46793,-0.27116,-0.14806
0.1027,0.46851,-0.25794,-0.16488
0.1028,0.46834,-0.24424,-0.18166
0.1029,0.46752,-0.23011,-0.19839
0.103,0.46612,-0.21564,-0.21503
0.1031,0.46422,-0.20089,-0.23155
0.1032,0.46186,-0.18594,-0.24789
0.1033,0.4591,-0.17085,-0.264
0.1034,0.45596,-0.15564,-0.27983
0.1035,0.45243,-0.14034,-0.29533
0.1036,0.44851,-0.12495,-0.31043
0.1037,0.44418,-0.10948,-0.32509
0.1038,0.43938,-0.093918,-0.33924
0.1039,0.43409,-0.07823,-0.35283
0.104,0.42826,-0.062386,-0.3658
0.1041,0.42184,-0.046349,-0.37811
0.1042,0.41481,-0.030086,-0.3897
0.1043,0.40714,-0.013571,-0.40053
0.1044,0.39883,0.0032093,-0.41057
0.1045,0.38989,0.020253,-0.41979
0.1046,0.38035,0.037542,-0.42816
0.1047,0.37024,0.05504,-0.43567
0.1048,0.35962,0.072697,-0.44233
0.1049,0.34855,0.09045,-0.44815
0.105,0.33708,0.10823,-0.45315
0.1051,0.32527,0.12595,-0.45735
0.1052,0.31317,0.14356,-0.46077
0.1053,0.30082,0.16097,-0.46344
0.1054,0.28825,0.17814,-0.46537
0.1055,0.27548,0.19502,-0.46657
0.1056,0.2625,0.21158,-0.46706
0.1057,0.24929,0.22781,-0.46685
0.1058,0.23583,0.24372,-0.46595
0.1059,0.2221,0.25932,-0.46436
0.106,0.20805,0.27463,-0.46211
0.1061,0.19365,0.28968,-0.45921
0.1062,0.17886,0.30447,-0.45569
0.1063,0.16365,0.31904,-0.45158
0.1064,0.148,0.33337,-0.44692
0.1065,0.13195,0.34745,-0.44173
0.1066,0.11551,0.36125,-0.43605
0.1067,0.098742,0.37471,-0.42992
0.1068,0.081693,0.38777,-0.42337
0.1069,0.064433,0.40032,-0.4164
0.107,0.047033,0.4123,-0.40904
0.1071,0.029563,0.4236,-0.40128
0.1072,0.012092,0.43412,-0.39314
0.1073,-0.0053254,0.44378,-0.38458
0.1074,-0.022642,0.45252,-0.3756
0.1075,-0.039826,0.46027,-0.36619
0.1076,-0.056861,0.46699,-0.35631
0.1077,-0.073745,0.47267,-0.34595
0.1078,-0.090489,0.47735,-0.33509
0.1079,-0.10711,0.48104,-0.32374
0.108,-0.12364,0.4838,-0.31188
0.1081,-0.1401,0.48571,-0.29954
0.1082,-0.15652,0.48685,-0.28673
0.1083,-0.074778,0.41009,-0.29444
0.1084,-0.048089,0.37417,-0.28664
0.1085,-0.034481,0.35062,-0.2767
0.1086,-0.0088173,0.3142,-0.26593
0.1087,0.026422,0.27049,-0.25763
0.1088,0.051215,0.23559,-0.24783
0.1089,0.067051,0.20833,-0.23675
0.109,0.10112,0.16228,-0.22514
0.1091,0.16373,0.091533,-0.21764
0.1092,0.23261,0.01541,-0.21137
0.1093,0.2892,-0.04885,-0.2048
0.1094,0.33478,-0.10414,-0.19619
0.1095,0.37324,-0.15265,-0.18724
0.1096,0.41257,-0.2027,-0.17768
0.1097,0.44942,-0.24977,-0.16864
0.1098,0.48261,-0.29406,-0.15873
0.1099,0.52106,-0.34322,-0.14919
0.11,0.57132,-0.40376,-0.14007
0.1101,0.63776,-0.47887,-0.13258
0.1102,0.71065,-0.55965,-0.12581
0.1103,0.77642,-0.63356,-0.11862
0.1104,0.83038,-0.69688,-0.10997
0.1105,0.87863,-0.7549,-0.10063
0.1106,0.92696,-0.81286,-0.091213
0.1107,0.97282,-0.86799,-0.081991
0.1108,1.0132,-0.91854,-0.071713
0.1109,1.0564,-0.97253,-0.060614
0.111,1.1146,-1.0409,-0.050065
0.1111,1.1861,-1.1207,-0.041374
0.1112,1.2567,-1.1987,-0.033466
0.1113,1.318,-1.2676,-0.025392
0.1114,1.3736,-1.3311,-0.016926
0.1115,1.4267,-1.3921,-0.0085434
0.1116,1.4734,-1.4474,0.0005477
0.1117,1.5116,-1.4955,0.010915
0.1118,1.5484,-1.5433,0.022364
0.1119,1.5929,-1.5986,0.033409
0.112,1.6468,-1.6621,0.043341
0.1121,1.705,-1.729,0.052096
0.1122,1.7627,-1.795,0.06046
0.1123,1.816,-1.8567,0.068845
0.1124,1.8624,-1.9121,0.077861
0.1125,1.901,-1.9608,0.087756
0.1126,1.933,-2.0039,0.098717
0.1127,1.9604,-2.0431,0.11029
0.1128,1.987,-2.0817,0.12201
0.1129,2.0176,-2.1237,0.13309
0.113,2.0553,-2.1717,0.14296
0.1131,2.0975,-2.2225,0.15119
0.1132,2.1375,-2.27,0.15835
0.1133,2.1717,-2.3115,0.16516
0.1134,2.2011,-2.348,0.1718
0.1135,2.2248,-2.3785,0.17821
0.1136,2.2403,-2.4012,0.18495
0.1137,2.2498,-2.4184,0.19207
0.1138,2.2605,-2.4362,0.19876
0.1139,2.2768,-2.4582,0.20393
0.114,2.2971,-2.4825,0.20735
0.1141,2.3179,-2.5059,0.2094
0.1142,2.3377,-2.5275,0.21052
0.1143,2.3548,-2.5458,0.21111
0.1144,2.3654,-2.5579,0.21193
0.1145,2.3672,-2.562,0.21358
0.1146,2.3624,-2.5602,0.21587
0.1147,2.3549,-2.5554,0.21787
0.1148,2.3478,-2.5498,0.21871
0.1149,2.3433,-2.5451,0.21784
0.115,2.3424,-2.542,0.21506
0.1151,2.3438,-2.5397,0.21073
0.1152,2.3436,-2.5349,0.20555
0.1153,2.3383,-2.5249,0.20034
0.1154,2.3275,-2.5094,0.19504
0.1155,2.3111,-2.4878,0.18935
0.1156,2.289,-2.4598,0.18293
0.1157,2.2633,-2.4272,0.1756
0.1158,2.2388,-2.3944,0.16689
0.1159,2.2181,-2.364,0.15675
0.116,2.1997,-2.335,0.14565
0.1161,2.1809,-2.3053,0.13443
0.1162,2.1605,-2.2741,0.12328
0.1163,2.1375,-2.2404,0.1123
0.1164,2.109,-2.2015,0.10158
0.1165,2.0734,-2.1559,0.091301
0.1166,2.0332,-2.1058,0.081198
0.1167,1.9918,-2.0544,0.070996
0.1168,1.9511,-2.0033,0.060423
0.1169,1.9118,-1.9531,0.049502
0.117,1.8745,-1.9046,0.038191
0.1171,1.8387,-1.8572,0.026603
0.1172,1.8019,-1.8084,0.014796
0.1173,1.7613,-1.7559,0.0030055
0.1174,1.7161,-1.6987,-0.0088159
0.1175,1.6669,-1.6373,-0.020746
0.1176,1.6143,-1.5721,-0.03295
0.1177,1.5599,-1.505,-0.045388
0.1178,1.5067,-1.4386,-0.058147
0.1179,1.4563,-1.375,-0.071115
0.118,1.4079,-1.3133,-0.084046
0.1181,1.3597,-1.2524,-0.096499
0.1182,1.3107,-1.1912,-0.1084
0.1183,1.2596,-1.1286,-0.11967
0.1184,1.2046,-1.0627,-0.13031
0.1185,1.1448,-0.99308,-0.14017
0.1186,1.0824,-0.92152,-0.14933
0.1187,1.0199,-0.85064,-0.15785
0.1188,0.95865,-0.7816,-0.16581
0.1189,0.89899,-0.71486,-0.1732
0.119,0.84154,-0.65077,-0.18022
0.1191,0.78604,-0.58884,-0.18709
0.1192,0.73052,-0.52681,-0.19411
0.1193,0.67291,-0.46261,-0.20127
0.1194,0.61274,-0.39577,-0.20857
0.1195,0.55067,-0.32708,-0.21586
0.1196,0.48754,-0.25731,-0.22317
0.1197,0.42467,-0.18786,-0.23043
0.1198,0.36412,-0.1206,-0.23774
0.1199,0.30728,-0.056765,-0.24531
0.12,0.25377,0.0042438,-0.25328
0.1201,0.20223,0.063569,-0.26142
0.1202,0.15153,0.12209,-0.26951
0.1203,0.10059,0.18061,-0.27728
0.1204,0.048198,0.24015,-0.28452
0.1205,-0.0058986,0.30063,-0.29093
0.1206,-0.060195,0.3606,-0.29657
0.1207,-0.11269,0.41824,-0.30161
0.1208,-0.16235,0.47272,-0.30626
0.1209,-0.20883,0.52373,-0.31054
0.121,-0.25187,0.57117,-0.31463
0.1211,-0.29186,0.61554,-0.31864
0.1212,-0.33044,0.65853,-0.32264
0.1213,-0.36919,0.70159,-0.3265
0.1214,-0.40839,0.74502,-0.33024
0.1215,-0.44738,0.78813,-0.33385
0.1216,-0.4854,0.83029,-0.33743
0.1217,-0.52148,0.87051,-0.341
0.1218,-0.55414,0.90753,-0.34474
0.1219,-0.58242,0.94048,-0.34879
0.122,-0.60668,0.96982,-0.35319
0.1221,-0.62815,0.99647,-0.35769
0.1222,-0.6479,1.0212,-0.36198
0.1223,-0.66682,1.0446,-0.36568
0.1224,-0.68574,1.0671,-0.36852
0.1225,-0.70478,1.0886,-0.37022
0.1226,-0.72285,1.108,-0.37086
0.1227,-0.73846,1.1241,-0.37059
0.1228,-0.75077,1.1362,-0.36964
0.1229,-0.75963,1.1442,-0.36797
0.123,-0.76505,1.148,-0.36563
0.1231,-0.76762,1.1481,-0.36252
0.1232,-0.76866,1.1459,-0.35863
0.1233,-0.76935,1.1425,-0.35389
0.1234,-0.76982,1.1382,-0.34856
0.1235,-0.76943,1.1327,-0.3429
0.1236,-0.76742,1.1256,-0.33726
0.1237,-0.763,1.1161,-0.33173
0.1238,-0.75514,1.1034,-0.32643
0.1239,-0.74329,1.0868,-0.32129
0.124,-0.72793,1.0668,-0.31627
0.1241,-0.71013,1.0443,-0.31121
0.1242,-0.69076,1.0201,-0.30606
0.1243,-0.67041,0.99463,-0.30072
0.1244,-0.64957,0.96837,-0.29512
0.1245,-0.62828,0.9411,-0.28903
0.1246,-0.6058,0.91196,-0.28232
0.1247,-0.58116,0.87983,-0.27485
0.1248,-0.55386,0.84422,-0.26666
0.1249,-0.52389,0.80509,-0.25771
0.125,-0.49141,0.76275,-0.24815
0.1251,-0.45694,0.71781,-0.2381
0.1252,-0.42143,0.67138,-0.2277
0.1253,-0.38572,0.62433,-0.21697
0.1254,-0.34996,0.57693,-0.20606
0.1255,-0.31368,0.52886,-0.19509
0.1256,-0.27634,0.4798,-0.18429
0.1257,-0.23733,0.42926,-0.17381
0.1258,-0.19592,0.37675,-0.16385
0.1259,-0.15176,0.32197,-0.1545
0.126,-0.10524,0.26542,-0.14586
0.1261,-0.0572,0.20787,-0.13781
0.1262,-0.0083952,0.14998,-0.13029
0.1263,0.040681,0.092084,-0.12307
0.1264,0.089663,0.034419,-0.11601
0.1265,0.13855,-0.023264,-0.10881
0.1266,0.18791,-0.081657,-0.10127
0.1267,0.23848,-0.14161,-0.093247
0.1268,0.29068,-0.20347,-0.084743
0.1269,0.34447,-0.2672,-0.075715
0.127,0.39962,-0.33243,-0.066244
0.1271,0.45565,-0.3986,-0.056387
0.1272,0.51176,-0.46484,-0.046217
0.1273,0.56721,-0.53052,-0.035654
0.1274,0.62182,-0.59546,-0.024721
0.1275,0.67585,-0.65991,-0.013494
0.1276,0.72973,-0.72413,-0.0021772
0.1277,0.78387,-0.7884,0.0090399
0.1278,0.83874,-0.85291,0.01983
0.1279,0.89453,-0.91766,0.029954
0.128,0.95085,-0.98215,0.039285
0.1281,1.0069,-1.0458,0.047955
0.1282,1.0621,-1.1081,0.056127
0.1283,1.1159,-1.1688,0.064065
0.1284,1.1681,-1.2279,0.071975
0.1285,1.2186,-1.2855,0.080048
0.1286,1.2678,-1.3422,0.0883
0.1287,1.3164,-1.3984,0.096758
0.1288,1.3644,-1.4544,0.10541
0.1289,1.4118,-1.5102,0.11436
0.129,1.4582,-1.5653,0.12368
0.1291,1.5031,-1.6195,0.13345
0.1292,1.546,-1.6723,0.14369
0.1293,1.5862,-1.723,0.15447
0.1294,1.6239,-1.7715,0.16563
0.1295,1.6593,-1.8181,0.17693
0.1296,1.6931,-1.8628,0.18803
0.1297,1.7255,-1.9059,0.19879
0.1298,1.7568,-1.9472,0.20892
0.1299,1.7873,-1.987,0.21815
0.13,1.8169,-2.0247,0.22631
0.1301,1.8448,-2.0598,0.2335
0.1302,1.8706,-2.092,0.23972
0.1303,1.8942,-2.121,0.245
0.1304,1.9156,-2.1469,0.24939
0.1305,1.9347,-2.1697,0.25305
0.1306,1.9519,-2.1899,0.25587
0.1307,1.9677,-2.2079,0.25788
0.1308,1.9823,-2.2241,0.25918
0.1309,1.9955,-2.2383,0.25999
0.131,2.0068,-2.2504,0.26046
0.1311,2.0161,-2.2603,0.26082
0.1312,2.0228,-2.2677,0.2612
0.1313,2.0266,-2.2722,0.26157
0.1314,2.0276,-2.2736,0.26172
0.1315,2.0262,-2.2724,0.26154
0.1316,2.0229,-2.2686,0.26085
0.1317,2.0178,-2.2624,0.25951
0.1318,2.0112,-2.2539,0.25737
0.1319,2.0034,-2.2433,0.25439
0.132,1.994,-2.2301,0.25044
0.1321,1.9828,-2.2141,0.24542
0.1322,1.9695,-2.1947,0.23924
0.1323,1.9541,-2.172,0.23191
0.1324,1.9366,-2.1461,0.2234
0.1325,1.9171,-2.1172,0.21387
0.1326,1.896,-2.0857,0.20345
0.1327,1.8736,-2.0521,0.19236
0.1328,1.8499,-2.0167,0.18076
0.1329,1.8248,-1.9797,0.16889
0.133,1.7981,-1.9409,0.15692
0.1331,1.7696,-1.9002,0.14504
0.1332,1.7389,-1.8576,0.13339
0.1333,1.7059,-1.813,0.12207
0.1334,1.6705,-1.7664,0.11115
0.1335,1.6332,-1.7181,0.10069
0.1336,1.5942,-1.6685,0.090567
0.1337,1.5539,-1.6177,0.080661
0.1338,1.5124,-1.5657,0.070822
0.1339,1.47,-1.5126,0.060946
0.134,1.4265,-1.4581,0.050836
0.1341,1.3817,-1.402,0.040394
0.1342,1.3355,-1.344,0.029576
0.1343,1.288,-1.2843,0.018372
0.1344,1.2392,-1.2227,0.0067085
0.1345,1.1892,-1.1597,-0.0053327
0.1346,1.1384,-1.0956,-0.017625
0.1347,1.0869,-1.0308,-0.030042
0.1348,1.035,-0.96552,-0.042499
0.1349,0.98251,-0.89996,-0.054792
0.135,0.92925,-0.83406,-0.06675
0.1351,0.87507,-0.76784,-0.078229
0.1352,0.81979,-0.70124,-0.089108
0.1353,0.76329,-0.63433,-0.099192
0.1354,0.70563,-0.56726,-0.1084
0.1355,0.64711,-0.50033,-0.11672
0.1356,0.58807,-0.43376,-0.12426
0.1357,0.52878,-0.3677,-0.13116
0.1358,0.46946,-0.30215,-0.13762
0.1359,0.41028,-0.23711,-0.14383
0.136,0.35126,-0.17239,-0.14996
0.1361,0.29229,-0.10776,-0.15611
0.1362,0.23335,-0.043087,-0.1624
0.1363,0.17458,0.0216,-0.16891
0.1364,0.11619,0.086235,-0.17577
0.1365,0.058444,0.15063,-0.18304
0.1366,0.0016531,0.21454,-0.19074
0.1367,-0.053873,0.27765,-0.19887
0.1368,-0.10799,0.33978,-0.20736
0.1369,-0.16075,0.40081,-0.21602
0.137,-0.21231,0.4607,-0.22467
0.1371,-0.26278,0.51939,-0.23312
0.1372,-0.31231,0.57686,-0.24122
0.1373,-0.36098,0.633,-0.24878
0.1374,-0.40874,0.68767,-0.25572
0.1375,-0.45536,0.74062,-0.26202
0.1376,-0.50064,0.79162,-0.26767
0.1377,-0.54441,0.84052,-0.27268
0.1378,-0.58657,0.88729,-0.27714
0.1379,-0.62703,0.93192,-0.28114
0.138,-0.66585,0.97455,-0.28475
0.1381,-0.7031,1.0153,-0.28808
0.1382,-0.73882,1.0545,-0.29127
0.1383,-0.77291,1.092,-0.29441
0.1384,-0.80523,1.1277,-0.29761
0.1385,-0.8356,1.1617,-0.30096
0.1386,-0.86379,1.1938,-0.30452
0.1387,-0.88963,1.2236,-0.30826
0.1388,-0.91307,1.2512,-0.31211
0.1389,-0.93419,1.2765,-0.31593
0.139,-0.95317,1.2994,-0.31957
0.1391,-0.97016,1.32,-0.32281
0.1392,-0.98531,1.3382,-0.32551
0.1393,-0.99872,1.354,-0.32753
0.1394,-1.0104,1.3672,-0.32877
0.1395,-1.0202,1.3777,-0.32912
0.1396,-1.028,1.3853,-0.3285
0.1397,-1.0339,1.3898,-0.32686
0.1398,-1.0379,1.3912,-0.32418
0.1399,-1.0398,1.3897,-0.3205
0.14,-1.0399,1.3854,-0.31595
0.1401,-1.0382,1.3785,-0.31067
0.1402,-1.0347,1.3692,-0.30487
0.1403,-1.0294,1.3577,-0.29869
0.1404,-1.0221,1.344,-0.29229
0.1405,-1.0127,1.3281,-0.28578
0.1406,-1.0012,1.31,-0.27926
0.1407,-0.98734,1.2896,-0.27278
0.1408,-0.97119,1.2669,-0.26642
0.1409,-0.95281,1.2421,-0.26018
0.141,-0.93235,1.2152,-0.25404
0.1411,-0.90995,1.1863,-0.24789
0.1412,-0.88579,1.1555,-0.24163
0.1413,-0.85997,1.1227,-0.2351
0.1414,-0.83257,1.0878,-0.22818
0.1415,-0.80358,1.0508,-0.22072
0.1416,-0.77298,1.0115,-0.21269
0.1417,-0.74079,0.96986,-0.20405
0.1418,-0.70707,0.92599,-0.19478
0.1419,-0.67189,0.87999,-0.18493
0.142,-0.63535,0.83206,-0.1746
0.1421,-0.5976,0.78242,-0.16387
0.1422,-0.5587,0.73128,-0.15286
0.1423,-0.51866,0.67878,-0.14171
0.1424,-0.47743,0.62504,-0.13059
0.1425,-0.43492,0.57013,-0.11964
0.1426,-0.39105,0.51411,-0.109
0.1427,-0.34578,0.45706,-0.098779
0.1428,-0.2991,0.39908,-0.089067
0.1429,-0.25112,0.34029,-0.079871
0.143,-0.20197,0.28082,-0.071165
0.1431,-0.1518,0.22077,-0.062865
0.1432,-0.10072,0.16018,-0.054849
0.1433,-0.048858,0.099029,-0.046955
0.1434,0.0037553,0.037268,-0.039033
0.1435,0.057116,-0.025191,-0.030943
0.1436,0.11122,-0.0884,-0.022584
0.1437,0.16602,-0.15236,-0.013869
0.1438,0.22144,-0.217,-0.0047445
0.1439,0.27732,-0.2822,0.0048204
0.144,0.33348,-0.34782,0.014835
0.1441,0.38973,-0.41366,0.025296
0.1442,0.4459,-0.47955,0.036145
0.1443,0.50188,-0.54534,0.047275
0.1444,0.55764,-0.61089,0.058542
0.1445,0.61315,-0.67607,0.069802
0.1446,0.66838,-0.74078,0.080897
0.1447,0.72332,-0.80488,0.091708
0.1448,0.77787,-0.86828,0.10217
0.1449,0.83191,-0.93082,0.11226
0.145,0.88527,-0.99237,0.12197
0.1451,0.9378,-1.0528,0.13135
0.1452,0.98937,-1.1121,0.14045
0.1453,1.0399,-1.1702,0.14935
0.1454,1.0892,-1.2271,0.15813
0.1455,1.1374,-1.2828,0.1669
0.1456,1.1843,-1.3375,0.17575
0.1457,1.2299,-1.391,0.18476
0.1458,1.274,-1.4434,0.19401
0.1459,1.3166,-1.4946,0.20353
0.146,1.3575,-1.5444,0.21333
0.1461,1.3965,-1.5926,0.22337
0.1462,1.4337,-1.6392,0.23356
0.1463,1.469,-1.684,0.24379
0.1464,1.5024,-1.7269,0.25391
0.1465,1.5341,-1.7678,0.26374
0.1466,1.5641,-1.8066,0.27313
0.1467,1.5925,-1.8432,0.28193
0.1468,1.6192,-1.8774,0.29
0.1469,1.6442,-1.9092,0.29725
0.147,1.6676,-1.9384,0.30361
0.1471,1.6891,-1.9649,0.30904
0.1472,1.7089,-1.9887,0.31352
0.1473,1.7268,-2.0097,0.31706
0.1474,1.7428,-2.0281,0.31971
0.1475,1.7571,-2.0438,0.32154
0.1476,1.7695,-2.0569,0.32266
0.1477,1.7799,-2.0676,0.32317
0.1478,1.7885,-2.0758,0.32315
0.1479,1.7949,-2.0816,0.3227
0.148,1.7993,-2.0849,0.32185
0.1481,1.8016,-2.0856,0.32061
0.1482,1.8017,-2.0838,0.31898
0.1483,1.7996,-2.0794,0.31694
0.1484,1.7955,-2.0724,0.31445
0.1485,1.7893,-2.063,0.31145
0.1486,1.7811,-2.0509,0.30785
0.1487,1.7711,-2.0363,0.30359
0.1488,1.7592,-2.0191,0.29854
0.1489,1.7456,-1.9992,0.29265
0.149,1.7301,-1.9767,0.28588
0.1491,1.7128,-1.9514,0.27821
0.1492,1.6937,-1.9234,0.26968
0.1493,1.6729,-1.8929,0.26036
0.1494,1.6504,-1.8599,0.25033
0.1495,1.6261,-1.8246,0.23969
0.1496,1.6002,-1.787,0.22855
0.1497,1.5726,-1.7474,0.21705
0.1498,1.5434,-1.7059,0.2053
0.1499,1.5124,-1.6625,0.19346
0.15,1.4798,-1.6173,0.18163
0.1501,1.4453,-1.5705,0.16991
0.1502,1.4091,-1.522,0.15838
0.1503,1.3712,-1.472,0.14705
0.1504,1.3318,-1.4205,0.13595
0.1505,1.2908,-1.3676,0.12503
0.1506,1.2483,-1.3134,0.11425
0.1507,1.2046,-1.2579,0.10355
0.1508,1.1597,-1.2011,0.092861
0.1509,1.1135,-1.143,0.082125
0.151,1.0662,-1.0837,0.071297
0.1511,1.0178,-1.0231,0.060348
0.1512,0.96838,-0.96134,0.049271
0.1513,0.91793,-0.89853,0.038078
0.1514,0.86653,-0.83476,0.0268
0.1515,0.81427,-0.77019,0.01548
0.1516,0.76119,-0.70494,0.0041829
0.1517,0.70734,-0.63916,-0.0070129
0.1518,0.65274,-0.57298,-0.01802
0.1519,0.59739,-0.50651,-0.028748
0.152,0.54132,-0.43985,-0.039109
0.1521,0.48458,-0.37312,-0.049032
0.1522,0.42722,-0.30642,-0.058497
0.1523,0.36935,-0.23983,-0.067487
0.1524,0.3111,-0.17343,-0.076031
0.1525,0.2526,-0.10732,-0.08418
0.1526,0.19401,-0.041556,-0.092005
0.1527,0.13544,0.023826,-0.099576
0.1528,0.07704,0.08879,-0.10697
0.1529,0.018914,0.15332,-0.11428
0.153,-0.038817,0.21741,-0.12157
0.1531,-0.09603,0.28103,-0.12893
0.1532,-0.15259,0.34412,-0.13642
0.1533,-0.20837,0.40662,-0.14409
0.1534,-0.26324,0.46842,-0.15195
0.1535,-0.31707,0.52942,-0.15999
0.1536,-0.36978,0.58947,-0.16815
0.1537,-0.4213,0.64846,-0.17639
0.1538,-0.47158,0.70627,-0.18463
0.1539,-0.5206,0.7628,-0.19277
0.154,-0.56834,0.81793,-0.20075
0.1541,-0.61477,0.87157,-0.20848
0.1542,-0.65988,0.92361,-0.2159
0.1543,-0.70361,0.97396,-0.22295
0.1544,-0.74591,1.0225,-0.22961
0.1545,-0.78671,1.0692,-0.23585
0.1546,-0.82595,1.1139,-0.24168
0.1547,-0.86357,1.1566,-0.24712
0.1548,-0.89953,1.1973,-0.25219
0.1549,-0.93377,1.236,-0.25694
0.155,-0.96625,1.2726,-0.2614
0.1551,-0.99692,1.3072,-0.26562
0.1552,-1.0257,1.3397,-0.26964
0.1553,-1.0526,1.3701,-0.27346
0.1554,-1.0775,1.3984,-0.2771
0.1555,-1.1003,1.4244,-0.28051
0.1556,-1.1211,1.448,-0.28366
0.1557,-1.1398,1.4693,-0.2865
0.1558,-1.1564,1.4882,-0.28895
0.1559,-1.1711,1.5045,-0.29095
0.156,-1.1836,1.5184,-0.29244
0.1561,-1.1942,1.5296,-0.29334
0.1562,-1.2029,1.5383,-0.29359
0.1563,-1.2096,1.5443,-0.29315
0.1564,-1.2145,1.5476,-0.29197
0.1565,-1.2173,1.5482,-0.29004
0.1566,-1.2183,1.5461,-0.28737
0.1567,-1.2172,1.5413,-0.284
0.1568,-1.2143,1.5338,-0.28
0.1569,-1.2093,1.5238,-0.27541
0.157,-1.2024,1.5113,-0.27032
0.1571,-1.1936,1.4964,-0.26478
0.1572,-1.1827,1.479,-0.25886
0.1573,-1.1699,1.4593,-0.25261
0.1574,-1.1551,1.4373,-0.24609
0.1575,-1.1383,1.4131,-0.23934
0.1576,-1.1195,1.3866,-0.23239
0.1577,-1.0987,1.358,-0.22526
0.1578,-1.076,1.3271,-0.21793
0.1579,-1.0515,1.2942,-0.2104
0.158,-1.0252,1.2592,-0.20263
0.1581,-0.99714,1.2221,-0.1946
0.1582,-0.96745,1.1831,-0.18628
0.1583,-0.93615,1.142,-0.17766
0.1584,-0.90329,1.099,-0.16874
0.1585,-0.86891,1.0542,-0.15954
0.1586,-0.83306,1.0075,-0.15006
0.1587,-0.79577,0.95902,-0.14035
0.1588,-0.7571,0.90892,-0.13044
0.1589,-0.7171,0.85727,-0.12039
0.159,-0.67581,0.80418,-0.11025
0.1591,-0.63327,0.74974,-0.10008
0.1592,-0.58951,0.69406,-0.089934
0.1593,-0.54456,0.63722,-0.079856
0.1594,-0.49844,0.5793,-0.069887
0.1595,-0.46843,0.53266,-0.055095
0.1596,-0.45435,0.49934,-0.037966
0.1597,-0.45165,0.47624,-0.020192
0.1598,-0.45486,0.45854,-0.0022705
0.1599,-0.47573,0.45451,0.019529
0.16,-0.50658,0.46209,0.039737
0.1601,-0.52731,0.46147,0.058346
0.1602,-0.54571,0.4593,0.076813
0.1603,-0.57443,0.46697,0.09646
0.1604,-0.60051,0.47563,0.11318
0.1605,-0.61599,0.47415,0.13012
0.1606,-0.63349,0.4747,0.14759
0.1607,-0.65395,0.47794,0.16578
0.1608,-0.66912,0.4761,0.18405
0.1609,-0.68355,0.47101,0.20508
0.161,-0.69725,0.46687,0.22464
0.1611,-0.69559,0.44996,0.24184
0.1612,-0.67709,0.4184,0.25696
0.1613,-0.65323,0.38207,0.2715
0.1614,-0.62505,0.34457,0.28291
0.1615,-0.5933,0.30353,0.29417
0.1616,-0.56992,0.27057,0.30556
0.1617,-0.55582,0.24749,0.31623
0.1618,-0.54137,0.22555,0.32527
0.1619,-0.52977,0.20345,0.33711
0.162,-0.52573,0.18749,0.35024
0.1621,-0.52074,0.17043,0.36362
0.1622,-0.5159,0.15314,0.37749
0.1623,-0.52299,0.14567,0.39364
0.1624,-0.53655,0.14657,0.40813
0.1625,-0.54491,0.14367,0.42144
0.1626,-0.55668,0.14421,0.43469
0.1627,-0.57771,0.1539,0.44798
0.1628,-0.59282,0.16057,0.45816
0.1629,-0.59431,0.15428,0.46713
0.163,-0.58922,0.14237,0.47435
0.1631,-0.57299,0.12086,0.47927
0.1632,-0.53928,0.083234,0.48214
0.1633,-0.50146,0.03953,0.48647
0.1634,-0.47079,0.0031328,0.49056
0.1635,-0.44042,-0.031923,0.49373
0.1636,-0.40907,-0.067073,0.49612
0.1637,-0.38441,-0.095467,0.49849
0.1638,-0.3622,-0.11879,0.49829
0.1639,-0.33561,-0.14558,0.49716
0.164,-0.31168,-0.16964,0.49589
0.1641,-0.29495,-0.18616,0.49425
0.1642,-0.2802,-0.19925,0.4911
0.1643,-0.26923,-0.21,0.48933
0.1644,-0.26784,-0.21226,0.48861
0.1645,-0.27199,-0.20952,0.48839
0.1646,-0.27811,-0.20493,0.48824
0.1647,-0.28848,-0.19687,0.48878
0.1648,-0.29702,-0.18837,0.48692
0.1649,-0.29349,-0.18936,0.48233
0.165,-0.27968,-0.19836,0.47542
0.1651,-0.26017,-0.21123,0.46681
0.1652,-0.23276,-0.22918,0.45567
0.1653,-0.20028,-0.25134,0.44424
0.1654,-0.16955,-0.27073,0.43243
0.1655,-0.13703,-0.29061,0.41993
0.1656,-0.098117,-0.31597,0.40706
0.1657,-0.058908,-0.34303,0.39601
0.1658,-0.022737,-0.36726,0.38529
0.1659,0.014354,-0.39254,0.37463
0.166,0.048248,-0.41525,0.36449
0.1661,0.07155,-0.42813,0.35497
0.1662,0.087789,-0.43252,0.34387
0.1663,0.10004,-0.43273,0.33254
0.1664,0.10225,-0.42327,0.32164
0.1665,0.095563,-0.40434,0.31027
0.1666,0.089889,-0.38436,0.29697
0.1667,0.086961,-0.36668,0.28346
0.1668,0.084819,-0.34879,0.26923
0.1669,0.089478,-0.33619,0.25371
0.167,0.10269,-0.33118,0.23744
0.1671,0.11617,-0.32705,0.22194
0.1672,0.1283,-0.32052,0.20546
0.1673,0.14543,-0.31759,0.1876
0.1674,0.16713,-0.31813,0.16867
0.1675,0.19071,-0.31975,0.14895
0.1676,0.22022,-0.32568,0.12756
0.1677,0.25644,-0.33834,0.10606
0.1678,0.2928,-0.35172,0.08493
0.1679,0.32692,-0.36352,0.064153
0.168,0.35955,-0.37469,0.043836
0.1681,0.38585,-0.38196,0.025516
0.1682,0.40159,-0.38045,0.0085355
0.1683,0.40854,-0.3717,-0.0072799
0.1684,0.40716,-0.35601,-0.022027
0.1685,0.39715,-0.33256,-0.036115
0.1686,0.38386,-0.30479,-0.051386
0.1687,0.37191,-0.27772,-0.06745
0.1688,0.35986,-0.25021,-0.084082
0.1689,0.34801,-0.22242,-0.10148
0.169,0.339,-0.19674,-0.11995
0.1691,0.33093,-0.17267,-0.13823
0.1692,0.3229,-0.14884,-0.15683
0.1693,0.3203,-0.13032,-0.17613
0.1694,0.3252,-0.11963,-0.19583
0.1695,0.33376,-0.11375,-0.21519
0.1696,0.34611,-0.11166,-0.23536
0.1697,0.36416,-0.11523,-0.25632
0.1698,0.38313,-0.11999,-0.27789
0.1699,0.39864,-0.1214,-0.3002
0.17,0.41233,-0.12042,-0.32393
0.1701,0.42274,-0.11688,-0.34818
0.1702,0.42455,-0.1058,-0.37284
0.1703,0.41887,-0.087907,-0.39773
0.1704,0.40998,-0.067404,-0.42238
0.1705,0.39675,-0.044116,-0.44527
0.1706,0.37828,-0.016559,-0.4649
0.1707,0.35807,0.011963,-0.47899
0.1708,0.33604,0.041247,-0.48663
0.1709,0.30904,0.074421,-0.48785
0.171,0.27961,0.11037,-0.48506
0.1711,0.25266,0.14431,-0.48149
0.1712,0.22896,0.17548,-0.47973
0.1713,0.20992,0.2027,-0.48074
0.1714,0.19929,0.22253,-0.48499
0.1715,0.19653,0.23448,-0.49168
0.1716,0.19835,0.24177,-0.50032
0.1717,0.20439,0.24471,-0.51022
0.1718,0.21349,0.24407,-0.52054
0.1719,0.22107,0.24376,-0.52973
0.172,0.22473,0.24666,-0.5364
0.1721,0.22468,0.25249,-0.53859
0.1722,0.21929,0.26289,-0.53545
0.1723,0.20792,0.27873,-0.52753
0.1724,0.19316,0.29788,-0.51708
0.1725,0.1754,0.31928,-0.50563
