0.05,0.0034709,0.014098,-0.0097401
0.0501,0.003882,0.013723,-0.0099874
0.0502,0.004271,0.013283,-0.010248
0.0503,0.0046392,0.012783,-0.010522
0.0504,0.0049873,0.012228,-0.010807
0.0505,0.0053163,0.011623,-0.011104
0.0506,0.0056272,0.010973,-0.011411
0.0507,0.0059211,0.010285,-0.011729
0.0508,0.0061985,0.0095664,-0.012058
0.0509,0.0064603,0.0088236,-0.012397
0.051,0.0067066,0.0080648,-0.012747
0.0511,0.0069375,0.0072971,-0.013107
0.0512,0.0071525,0.0065278,-0.013476
0.0513,0.0073568,0.0057635,-0.01385
0.0514,0.0075579,0.0050114,-0.014228
0.0515,0.0077553,0.0042757,-0.014604
0.0516,0.0079486,0.0035612,-0.014973
0.0517,0.0081381,0.0028711,-0.015328
0.0518,0.0083238,0.0022085,-0.015663
0.0519,0.0085064,0.0015748,-0.015968
0.052,0.0086865,0.00097154,-0.016236
0.0521,0.0088658,0.00039852,-0.016457
0.0522,0.0090457,-0.00014491,-0.016622
0.0523,0.0092284,-0.00066107,-0.016722
0.0524,0.0094159,-0.0011521,-0.016748
0.0525,0.0096114,-0.0016219,-0.016694
0.0526,0.0098175,-0.0020739,-0.016552
0.0527,0.010037,-0.0025112,-0.01632
0.0528,0.010271,-0.0029356,-0.015996
0.0529,0.010522,-0.003349,-0.015582
0.053,0.010791,-0.0037514,-0.015081
0.0531,0.01108,-0.0041425,-0.014502
0.0532,0.011389,-0.0045204,-0.013852
0.0533,0.011718,-0.0048836,-0.013144
0.0534,0.012068,-0.0052295,-0.01239
0.0535,0.012438,-0.005556,-0.011602
0.0536,0.012826,-0.0058608,-0.010792
0.0537,0.013233,-0.0061424,-0.0099708
0.0538,0.013657,-0.006399,-0.0091477
0.0539,0.014094,-0.0066301,-0.0083304
0.054,0.014543,-0.0068354,-0.0075248
0.0541,0.014999,-0.0070245,-0.0067362
0.0542,0.01546,-0.0072026,-0.0059683
0.0543,0.015918,-0.0073715,-0.0052229
0.0544,0.016367,-0.0075327,-0.0045016
0.0545,0.0168,-0.0076887,-0.0038048
0.0546,0.017206,-0.007842,-0.0031326
0.0547,0.017575,-0.0079961,-0.0024845
0.0548,0.017896,-0.0081535,-0.00186
0.0549,0.018156,-0.008318,-0.0012578
0.055,0.018345,-0.0084921,-0.00067685
0.0551,0.018451,-0.0086787,-0.00011587
0.0552,0.018466,-0.0088795,0.00042566
0.0553,0.018382,-0.0090961,0.00094845
0.0554,0.018195,-0.0093291,0.0014524
0.0555,0.017905,-0.0095786,0.001937
0.0556,0.017513,-0.0098437,0.0024012
0.0557,0.017023,-0.010124,0.002844
0.0558,0.016441,-0.010418,0.003264
0.0559,0.015779,-0.010724,0.0036603
0.056,0.015044,-0.011043,0.004032
0.0561,0.014249,-0.011374,0.0043793
0.0562,0.013405,-0.011718,0.0047025
0.0563,0.012525,-0.012076,0.0050029
0.0564,0.01162,-0.012448,0.0052816
0.0565,0.0107,-0.012836,0.0055396
0.0566,0.0097755,-0.013239,0.0057775
0.0567,0.0088563,-0.013656,0.0059963
0.0568,0.00795,-0.014085,0.0061965
0.0569,0.0070641,-0.014526,0.0063839
0.057,0.0062044,-0.014973,0.0065671
0.0571,0.0053754,-0.015423,0.0067468
0.0572,0.0045799,-0.015867,0.0069233
0.0573,0.0038198,-0.0163,0.0070977
0.0574,0.0030958,-0.01671,0.0072705
0.0575,0.0024075,-0.017089,0.0074431
0.0576,0.0017536,-0.017424,0.0076163
0.0577,0.0011324,-0.017703,0.0077912
0.0578,0.00054148,-0.017913,0.0079687
0.0579,-2.1687e-05,-0.018042,0.0081501
0.058,-0.00055976,-0.018078,0.0083361
0.0581,-0.0010751,-0.018011,0.0085281
0.0582,-0.0015698,-0.017833,0.0087272
0.0583,-0.0020453,-0.017539,0.0089351
0.0584,-0.0025027,-0.017131,0.009153
0.0585,-0.0029422,-0.016611,0.009383
0.0586,-0.0033638,-0.015987,0.0096265
0.0587,-0.0037666,-0.015272,0.0098853
0.0588,-0.0041498,-0.014481,0.010161
0.0589,-0.0045121,-0.013629,0.010454
0.059,-0.0048524,-0.012733,0.010765
0.0591,-0.0051691,-0.011812,0.011094
0.0592,-0.0054613,-0.010878,0.011441
0.0593,-0.0057287,-0.0099445,0.011804
0.0594,-0.005971,-0.0090226,0.012183
0.0595,-0.0061881,-0.0081197,0.012574
0.0596,-0.0063804,-0.0072409,0.012974
0.0597,-0.0065497,-0.00639,0.01338
0.0598,-0.0067076,-0.0055692,0.013787
0.0599,-0.006858,-0.0047794,0.014189
0.06,-0.0070028,-0.0040199,0.01458
0.0601,-0.007144,-0.0032898,0.014951
0.0602,-0.0072838,-0.0025878,0.015294
0.0603,-0.0074243,-0.0019127,0.015598
0.0604,-0.0075675,-0.0012628,0.015852
0.0605,-0.0077151,-0.00063724,0.016046
0.0606,-0.0078688,-3.5179e-05,0.016169
0.0607,-0.0080298,0.00054357,0.016212
0.0608,-0.0081991,0.0010991,0.016166
0.0609,-0.0083773,0.0016306,0.016027
0.061,-0.0085648,0.0021374,0.015793
0.0611,-0.0087617,0.0026181,0.015464
0.0612,-0.0089679,0.0030719,0.015045
0.0613,-0.0091835,0.0034979,0.014541
0.0614,-0.0094093,0.0038966,0.013962
0.0615,-0.009645,0.0042681,0.013317
0.0616,-0.0098907,0.0046132,0.012617
0.0617,-0.010146,0.004933,0.011873
0.0618,-0.010412,0.0052292,0.011093
0.0619,-0.010687,0.0055035,0.010288
0.062,-0.010971,0.0057579,0.0094659
0.0621,-0.011265,0.0059938,0.0086348
0.0622,-0.011567,0.0062129,0.0078017
0.0623,-0.011876,0.0064161,0.0069731
0.0624,-0.01219,0.0066042,0.0061547
0.0625,-0.020268,0.023301,-0.0024616
0.0626,-0.020797,0.02439,-0.003844
0.0627,-0.021948,0.026188,-0.005267
0.0628,-0.022875,0.027743,-0.0066648
0.0629,-0.023594,0.029057,-0.0080127
0.063,-0.024177,0.03029,-0.0093786
0.0631,-0.024577,0.031324,-0.010687
0.0632,-0.024817,0.032214,-0.011959
0.0633,-0.024902,0.032988,-0.013206
0.0634,-0.024852,0.033698,-0.01445
0.0635,-0.024611,0.034237,-0.015636
0.0636,-0.024214,0.034696,-0.016811
0.0637,-0.023654,0.035071,-0.01797
0.0638,-0.022934,0.035386,-0.019133
0.0639,-0.022026,0.035581,-0.020268
0.064,-0.020985,0.035784,-0.021447
0.0641,-0.019789,0.035943,-0.022645
0.0642,-0.018443,0.036064,-0.023871
0.0643,-0.016946,0.036138,-0.025132
0.0644,-0.015338,0.036247,-0.026477
0.0645,-0.013588,0.036314,-0.027874
0.0646,-0.011715,0.036386,-0.029375
0.0647,-0.0097189,0.036456,-0.030992
0.0648,-0.0076051,0.03655,-0.032768
0.0649,-0.0053259,0.036584,-0.034699
0.065,-0.0029001,0.036634,-0.036878
0.0651,-0.0002928,0.036679,-0.039368
0.0652,0.0025369,0.036709,-0.042269
0.0653,0.0056586,0.036693,-0.045724
0.0654,0.0091086,0.036702,-0.05
0.0655,0.013032,0.036652,-0.055407
0.0656,0.017578,0.036545,-0.062517
0.0657,0.022974,0.036375,-0.072317
0.0658,0.029545,0.03619,-0.086696
0.0659,0.037891,0.035903,-0.10955
0.066,0.048961,0.035545,-0.15048
0.0661,0.064553,0.035141,-0.23616
0.0662,0.088377,0.034732,-0.43399
0.0663,0.12909,0.034284,-0.79302
0.0664,0.20968,0.033826,-1.2291
0.0665,0.3883,0.033271,-1.6612
0.0666,0.72502,0.032492,-2.0643
0.0667,1.1684,0.031445,-2.4358
0.0668,1.6395,0.030303,-2.7801
0.0669,2.1036,0.029096,-3.1079
0.067,2.5502,0.02784,-3.4305
0.0671,2.9777,0.026581,-3.7517
0.0672,3.392,0.025395,-4.0722
0.0673,3.8046,0.024155,-4.3955
0.0674,4.2225,0.022806,-4.7217
0.0675,4.6485,0.021339,-5.0436
0.0676,5.0858,0.019789,-5.3551
0.0677,5.5353,0.018091,-5.6538
0.0678,5.9905,0.016344,-5.938
0.0679,6.4432,0.014636,-6.2103
0.068,6.8891,0.013033,-6.4789
0.0681,7.3273,0.011536,-6.7481
0.0682,7.7621,0.010224,-7.0143
0.0683,8.2039,0.0090244,-7.2718
0.0684,8.6628,0.0078714,-7.5146
0.0685,9.1415,0.0066905,-7.735
0.0686,9.6372,0.0054483,-7.9279
0.0687,10.143,0.0040142,-8.0912
0.0688,10.649,0.0024146,-8.2223
0.0689,11.139,0.00074267,-8.3186
0.069,11.605,-0.00088361,-8.3836
0.0691,12.036,-0.0024151,-8.4244
0.0692,12.424,-0.0037057,-8.4466
0.0693,12.772,-0.0047514,-8.4567
0.0694,13.088,-0.0056461,-8.4606
0.0695,13.384,-0.0064997,-8.4583
0.0696,13.672,-0.007312,-8.4476
0.0697,13.965,-0.0082174,-8.4306
0.0698,14.268,-0.0093329,-8.4092
0.0699,14.578,-0.010695,-8.3807
0.07,14.894,-0.012256,-8.3422
0.0701,15.21,-0.01405,-8.2921
0.0702,15.52,-0.015972,-8.2246
0.0703,15.816,-0.017885,-8.1328
0.0704,16.095,-0.019756,-8.0164
0.0705,16.356,-0.021749,-7.8768
0.0706,16.598,-0.023987,-7.7114
0.0707,16.822,-0.026639,-7.5195
0.0708,17.035,-0.029956,-7.3053
0.0709,17.234,-0.034222,-7.0714
0.071,17.415,-0.039722,-6.8185
0.0711,17.571,-0.04707,-6.5508
0.0712,17.697,-0.057399,-6.2719
0.0713,17.786,-0.072982,-5.979
0.0714,17.835,-0.099191,-5.6695
0.0715,17.847,-0.15148,-5.3454
0.0716,17.83,-0.28109,-5.0089
0.0717,17.79,-0.60193,-4.6611
0.0718,17.744,-1.0878,-4.3055
0.0719,17.707,-1.5879,-3.9448
0.072,17.686,-2.0436,-3.5789
0.0721,17.684,-2.4504,-3.2084
0.0722,17.696,-2.8162,-2.8371
0.0723,17.711,-3.1541,-2.4659
0.0724,17.715,-3.4838,-2.0901
0.0725,17.699,-3.8182,-1.7064
0.0726,17.655,-4.1585,-1.3149
0.0727,17.577,-4.506,-0.9217
0.0728,17.469,-4.8611,-0.55857
0.0729,17.332,-5.2138,-0.29528
0.073,17.171,-5.5482,-0.1564
0.0731,16.988,-5.8547,-0.089213
0.0732,16.789,-6.1307,-0.053293
0.0733,16.574,-6.3801,-0.031649
0.0734,16.34,-6.617,-0.017483
0.0735,16.087,-6.8568,-0.0077115
0.0736,15.814,-7.1018,-0.00045233
0.0737,15.525,-7.3445,0.0051962
0.0738,15.223,-7.5753,0.009461
0.0739,14.92,-7.7818,0.012715
0.074,14.623,-7.9505,0.015297
0.0741,14.336,-8.0747,0.017125
0.0742,14.062,-8.1516,0.018246
0.0743,13.796,-8.1784,0.019031
0.0744,13.53,-8.16,0.019512
0.0745,13.252,-8.1126,0.019554
0.0746,12.953,-8.0534,0.019494
0.0747,12.627,-7.9954,0.019723
0.0748,12.269,-7.9488,0.020154
0.0749,11.88,-7.9158,0.020773
0.075,11.465,-7.8872,0.021796
0.0751,11.029,-7.8537,0.023033
0.0752,10.58,-7.8117,0.024063
0.0753,10.125,-7.755,0.024937
0.0754,9.6703,-7.6743,0.025785
0.0755,9.2138,-7.5662,0.026347
0.0756,8.7553,-7.4305,0.026553
0.0757,8.294,-7.2651,0.02674
0.0758,7.8296,-7.0733,0.026963
0.0759,7.3658,-6.8649,0.02703
0.076,6.9089,-6.6439,0.027092
0.0761,6.4629,-6.4058,0.027304
0.0762,6.029,-6.1478,0.027364
0.0763,5.608,-5.8691,0.027063
0.0764,5.198,-5.5654,0.026569
0.0765,4.7933,-5.2359,0.025887
0.0766,4.3875,-4.8876,0.024891
0.0767,3.9744,-4.5255,0.023841
0.0768,3.547,-4.1516,0.023075
0.0769,3.1004,-3.7734,0.022565
0.077,2.6376,-3.4019,0.022302
0.0771,2.1671,-3.0422,0.022474
0.0772,1.6999,-2.6953,0.022982
0.0773,1.2511,-2.3606,0.023494
0.0774,0.84173,-2.0308,0.023907
0.0775,0.50386,-1.6946,0.024158
0.0776,0.27571,-1.3478,0.023948
0.0777,0.15169,-0.99737,0.023175
0.0778,0.086646,-0.66238,0.022058
0.0779,0.049332,-0.38587,0.020706
0.078,0.025864,-0.21002,0.019134
0.0781,0.010201,-0.11677,0.017542
0.0782,-0.00050241,-0.066423,0.016055
0.0783,-0.0079032,-0.036638,0.014518
0.0784,-0.013166,-0.017319,0.012855
0.0785,-0.017016,-0.0040436,0.011186
0.0786,-0.019982,0.0054469,0.0094544
0.0787,-0.022531,0.012565,0.0075513
0.0788,-0.024896,0.017909,0.0056548
0.0789,-0.02704,0.021718,0.0039506
0.079,-0.028947,0.024566,0.0023732
0.0791,-0.030596,0.026923,0.00097312
0.0792,-0.031837,0.028828,-4.6447e-05
0.0793,-0.032562,0.030365,-0.00074565
0.0794,-0.032863,0.031741,-0.0013493
0.0795,-0.032823,0.032802,-0.001867
0.0796,-0.032487,0.033378,-0.0023392
0.0797,-0.032019,0.033733,-0.0030376
0.0798,-0.031632,0.03413,-0.0040823
0.0799,-0.031385,0.034472,-0.0053299
0.08,-0.031275,0.034814,-0.0067697
0.0801,-0.031317,0.035388,-0.0084596
0.0802,-0.031422,0.036167,-0.010225
0.0803,-0.031421,0.037031,-0.011892
0.0804,-0.031243,0.038135,-0.013535
0.0805,-0.030859,0.039467,-0.015167
0.0806,-0.030178,0.04066,-0.016648
0.0807,-0.029161,0.041506,-0.018005
0.0808,-0.027891,0.042068,-0.019387
0.0809,-0.026423,0.042266,-0.020762
0.081,-0.024793,0.04206,-0.022074
0.0811,-0.023109,0.041702,-0.02342
0.0812,-0.021443,0.041365,-0.024812
0.0813,-0.019725,0.040934,-0.026109
0.0814,-0.017894,0.040457,-0.027326
0.0815,-0.015965,0.040125,-0.028587
0.0816,-0.013897,0.0399,-0.02993
0.0817,-0.011624,0.039651,-0.031406
0.0818,-0.0091885,0.039455,-0.033226
0.0819,-0.0066304,0.039291,-0.035536
0.082,-0.0038957,0.038979,-0.038401
0.0821,-0.00096823,0.038561,-0.042019
0.0822,0.0020879,0.038283,-0.046696
0.0823,0.0053062,0.038183,-0.052718
0.0824,0.0088314,0.038216,-0.060639
0.0825,0.012787,0.038472,-0.071633
0.0826,0.017366,0.038928,-0.087968
0.0827,0.022942,0.039352,-0.11482
0.0828,0.029993,0.039674,-0.16614
0.0829,0.039214,0.039951,-0.28381
0.083,0.051945,0.040075,-0.55888
0.0831,0.070808,0.039867,-0.99451
0.0832,0.10159,0.039325,-1.4704
0.0833,0.15987,0.038424,-1.9206
0.0834,0.29166,0.037028,-2.3287
0.0835,0.58662,0.035224,-2.6915
0.0836,1.0418,0.033301,-3.0137
0.0837,1.5532,0.031318,-3.3108
0.0838,2.0619,0.029306,-3.5966
0.0839,2.5487,0.027534,-3.8743
0.084,3.0095,0.026044,-4.1466
0.0841,3.4486,0.024602,-4.4188
0.0842,3.8765,0.023224,-4.691
0.0843,4.3021,0.021978,-4.958
0.0844,4.7283,0.020627,-5.2185
0.0845,5.1582,0.01906,-5.4751
0.0846,5.5948,0.017532,-5.731
0.0847,6.036,0.016169,-5.9928
0.0848,6.4754,0.014927,-6.2692
0.0849,6.9083,0.01394,-6.5607
0.085,7.3329,0.01331,-6.858
0.0851,7.7518,0.012777,-7.1486
0.0852,8.1745,0.012126,-7.4189
0.0853,8.6132,0.01133,-7.655
0.0854,9.0742,0.010217,-7.8475
0.0855,9.5554,0.0085506,-7.9925
0.0856,10.048,0.0064239,-8.0871
0.0857,10.541,0.0040094,-8.132
0.0858,11.022,0.0013784,-8.1358
0.0859,11.478,-0.0012049,-8.1114
0.086,11.904,-0.0033266,-8.0699
0.0861,12.291,-0.0049027,-8.022
0.0862,12.637,-0.0060353,-7.9754
0.0863,12.945,-0.0067033,-7.9306
0.0864,13.225,-0.0070161,-7.8852
0.0865,13.488,-0.0073477,-7.8411
0.0866,13.746,-0.007864,-7.8003
0.0867,14.006,-0.0085326,-7.7597
0.0868,14.268,-0.0095113,-7.7164
0.0869,14.53,-0.010949,-7.6681
0.087,14.79,-0.012623,-7.6085
0.0871,15.047,-0.014343,-7.5309
0.0872,15.298,-0.016206,-7.433
0.0873,15.544,-0.01825,-7.3123
0.0874,15.781,-0.020427,-7.1605
0.0875,16.003,-0.023045,-6.9707
0.0876,16.208,-0.02654,-6.7414
0.0877,16.393,-0.031132,-6.4729
0.0878,16.557,-0.037135,-6.1685
0.0879,16.696,-0.045347,-5.8373
0.088,16.807,-0.057048,-5.4894
0.0881,16.884,-0.074966,-5.1302
0.0882,16.924,-0.1068,-4.7644
0.0883,16.929,-0.17798,-4.3989
0.0884,16.907,-0.38426,-4.0387
0.0885,16.866,-0.86088,-3.6838
0.0886,16.814,-1.4535,-3.3321
0.0887,16.76,-2.0034,-2.9797
0.0888,16.708,-2.4711,-2.6219
0.0889,16.66,-2.8557,-2.2584
0.089,16.613,-3.1668,-1.8949
0.0891,16.566,-3.4309,-1.5366
0.0892,16.516,-3.6815,-1.1849
0.0893,16.458,-3.9355,-0.84667
0.0894,16.385,-4.2004,-0.5412
0.0895,16.297,-4.4865,-0.30597
0.0896,16.194,-4.7953,-0.16451
0.0897,16.075,-5.1101,-0.089285
0.0898,15.937,-5.4135,-0.047181
0.0899,15.776,-5.6966,-0.021571
0.09,15.586,-5.9543,-0.004986
0.0901,15.361,-6.1934,0.0061259
0.0902,15.102,-6.434,0.013613
0.0903,14.817,-6.6906,0.018732
0.0904,14.512,-6.9606,0.022465
0.0905,14.198,-7.2329,0.025242
0.0906,13.882,-7.4918,0.027351
0.0907,13.572,-7.7148,0.029118
0.0908,13.272,-7.8839,0.030617
0.0909,12.986,-7.9911,0.031605
0.091,12.708,-8.0282,0.032129
0.0911,12.428,-7.9901,0.032349
0.0912,12.134,-7.8885,0.032238
0.0913,11.816,-7.7472,0.031843
0.0914,11.468,-7.5895,0.031603
0.0915,11.092,-7.4402,0.031745
0.0916,10.697,-7.3216,0.032212
0.0917,10.291,-7.2389,0.033082
0.0918,9.8766,-7.1825,0.034527
0.0919,9.4602,-7.1466,0.036262
0.092,9.0449,-7.1259,0.037933
0.0921,8.627,-7.1051,0.039449
0.0922,8.2013,-7.0688,0.040695
0.0923,7.7633,-7.0087,0.041358
0.0924,7.3057,-6.9137,0.041485
0.0925,6.8237,-6.7719,0.04135
0.0926,6.3245,-6.587,0.041021
0.0927,5.8244,-6.3699,0.040443
0.0928,5.3376,-6.1226,0.039821
0.0929,4.8757,-5.8431,0.039246
0.093,4.4468,-5.5342,0.03859
0.0931,4.048,-5.1953,0.037842
0.0932,3.6663,-4.8226,0.037141
0.0933,3.2885,-4.4223,0.036419
0.0934,2.9026,-4.0068,0.035616
0.0935,2.4949,-3.5819,0.034899
0.0936,2.0572,-3.1531,0.034442
0.0937,1.5955,-2.734,0.034227
0.0938,1.1299,-2.3385,0.034325
0.0939,0.69987,-1.9747,0.034773
0.094,0.37423,-1.6504,0.035369
0.0941,0.19353,-1.3675,0.035857
0.0942,0.10716,-1.115,0.036214
0.0943,0.061751,-0.87834,0.036346
0.0944,0.034113,-0.65211,0.036104
0.0945,0.015251,-0.44251,0.035461
0.0946,0.0016688,-0.27072,0.034459
0.0947,-0.0084011,-0.15459,0.033022
0.0948,-0.01592,-0.0844,0.031177
0.0949,-0.021204,-0.04179,0.029085
0.095,-0.024535,-0.015003,0.026836
0.0951,-0.026588,0.0025668,0.024428
0.0952,-0.027866,0.014409,0.022009
0.0953,-0.028737,0.022451,0.019725
0.0954,-0.029692,0.028159,0.017594
0.0955,-0.030967,0.03241,0.015679
0.0956,-0.032269,0.035316,0.014176
0.0957,-0.033463,0.03717,0.013101
0.0958,-0.03464,0.038526,0.012313
0.0959,-0.03568,0.039532,0.011757
0.096,-0.036336,0.040073,0.011432
0.0961,-0.036684,0.04041,0.01116
0.0962,-0.036736,0.040646,0.010795
0.0963,-0.036338,0.040533,0.010336
0.0964,-0.035656,0.040201,0.0097481
0.0965,-0.035172,0.040233,0.0088823
0.0966,-0.034997,0.040766,0.0077292
0.0967,-0.035031,0.041668,0.0063816
0.0968,-0.035318,0.043065,0.0048498
0.0969,-0.035795,0.044993,0.0031037
0.097,-0.036082,0.047044,0.0012191
0.0971,-0.036042,0.049031,-0.00075535
0.0972,-0.035763,0.051025,-0.002836
0.0973,-0.035085,0.052741,-0.0049791
0.0974,-0.033739,0.053701,-0.0070529
0.0975,-0.031854,0.053895,-0.0089809
0.0976,-0.02966,0.053477,-0.01071
0.0977,-0.027254,0.052477,-0.012167
0.0978,-0.024872,0.051141,-0.013312
0.0979,-0.022871,0.049937,-0.014188
0.098,-0.021223,0.048939,-0.014839
0.0981,-0.019687,0.048018,-0.015351
0.0982,-0.01821,0.047274,-0.015875
0.0983,-0.01678,0.046819,-0.016574
0.0984,-0.015194,0.046489,-0.017573
0.0985,-0.013377,0.046247,-0.019019
0.0986,-0.011394,0.046171,-0.021037
0.0987,-0.0091778,0.046132,-0.023682
0.0988,-0.0066403,0.046,-0.027021
0.0989,-0.003972,0.046009,-0.031231
0.099,-0.0013512,0.046362,-0.036526
0.0991,0.0012618,0.047011,-0.043277
0.0992,0.0039474,0.047921,-0.052262
0.0993,0.0067834,0.049074,-0.065014
0.0994,0.010088,0.05015,-0.084749
0.0995,0.014198,0.050844,-0.11957
0.0996,0.019338,0.051162,-0.1937
0.0997,0.025911,0.051117,-0.383
0.0998,0.034757,0.05054,-0.78187
0.0999,0.04711,0.049382,-1.2955
0.1,0.065591,0.047766,-1.803
0.1001,0.096991,0.045664,-2.2613
0.1002,0.16196,0.043125,-2.6581
0.1003,0.33232,0.04058,-2.9891
0.1004,0.73506,0.038219,-3.2628
0.1005,1.2932,0.035982,-3.4988
0.1006,1.8578,0.034013,-3.713
0.1007,2.3775,0.032592,-3.916
0.1008,2.8444,0.031591,-4.1211
0.1009,3.2622,0.030741,-4.338
0.101,3.6455,0.030062,-4.5655
0.1011,4.0167,0.029534,-4.8011
0.1012,4.3899,0.028767,-5.0451
0.1013,4.7717,0.027646,-5.2977
0.1014,5.1716,0.026473,-5.5626
0.1015,5.596,0.025365,-5.8492
0.1016,6.0368,0.024263,-6.1608
0.1017,6.4806,0.023337,-6.4887
0.1018,6.9187,0.022622,-6.8183
0.1019,7.3464,0.021808,-7.132
0.102,7.7675,0.020692,-7.4091
0.1021,8.199,0.019274,-7.6332
0.1022,8.6578,0.017367,-7.7959
0.1023,9.1461,0.014828,-7.8918
0.1024,9.6559,0.01187,-7.9185
0.1025,10.176,0.0087378,-7.8851
0.1026,10.687,0.0055661,-7.8081
0.1027,11.172,0.0027864,-7.7048
0.1028,11.616,0.00088219,-7.594
0.1029,12.008,-0.00011724,-7.4923
0.103,12.335,-0.00037588,-7.4058
0.1031,12.596,7.1935e-05,-7.333
0.1032,12.806,0.00090513,-7.275
0.1033,12.987,0.0015504,-7.2334
0.1034,13.162,0.0017798,-7.204
0.1035,13.351,0.0016073,-7.183
0.1036,13.567,0.0007898,-7.1669
0.1037,13.805,-0.00079241,-7.146
0.1038,14.058,-0.0027995,-7.108
0.1039,14.326,-0.0049858,-7.0475
0.104,14.602,-0.0074443,-6.9599
0.1041,14.873,-0.010094,-6.8346
0.1042,15.131,-0.012825,-6.6611
0.1043,15.366,-0.016021,-6.434
0.1044,15.569,-0.020237,-6.1496
0.1045,15.737,-0.025745,-5.8089
0.1046,15.877,-0.033054,-5.4253
0.1047,15.993,-0.043353,-5.0168
0.1048,16.077,-0.058818,-4.5967
0.1049,16.127,-0.08505,-4.1767
0.105,16.139,-0.14124,-3.7699
0.1051,16.112,-0.30756,-3.3842
0.1052,16.05,-0.77089,-3.0213
0.1053,15.969,-1.4138,-2.6798
0.1054,15.878,-2.0131,-2.3532
0.1055,15.781,-2.4993,-2.0302
0.1056,15.682,-2.8655,-1.704
0.1057,15.586,-3.1221,-1.378
0.1058,15.496,-3.2995,-1.0592
0.1059,15.419,-3.4481,-0.75614
0.106,15.36,-3.6076,-0.48833
0.1061,15.311,-3.7974,-0.28264
0.1062,15.264,-4.0342,-0.149
0.1063,15.212,-4.3268,-0.070111
0.1064,15.148,-4.6587,-0.022925
0.1065,15.058,-5.002,0.0070897
0.1066,14.934,-5.3371,0.027061
0.1067,14.766,-5.6496,0.040703
0.1068,14.543,-5.9331,0.050102
0.1069,14.265,-6.201,0.056248
0.107,13.943,-6.4734,0.059964
0.1071,13.598,-6.754,0.06224
0.1072,13.244,-7.0336,0.063652
0.1073,12.898,-7.2993,0.06451
0.1074,12.568,-7.5294,0.065283
0.1075,12.255,-7.6982,0.066109
0.1076,11.956,-7.7904,0.066605
0.1077,11.667,-7.7982,0.066705
0.1078,11.381,-7.7146,0.066705
0.1079,11.083,-7.5483,0.066577
0.108,10.761,-7.3293,0.066235
0.1081,10.413,-7.0934,0.066081
0.1082,10.039,-6.8741,0.066373
0.1083,9.6499,-6.7059,0.066933
0.1084,9.26,-6.6079,0.067889
0.1085,8.8767,-6.5744,0.069634
0.1086,8.4977,-6.5911,0.071929
0.1087,8.1184,-6.645,0.074202
0.1088,7.7305,-6.712,0.076287
0.1089,7.3213,-6.7604,0.078014
0.109,6.8815,-6.7679,0.078892
0.1091,6.4078,-6.7182,0.078886
0.1092,5.8986,-6.5937,0.078454
0.1093,5.3595,-6.3918,0.07769
0.1094,4.8104,-6.1296,0.076441
0.1095,4.2777,-5.8219,0.075005
0.1096,3.7818,-5.4743,0.073712
0.1097,3.336,-5.0967,0.072474
0.1098,2.9428,-4.6984,0.071311
0.1099,2.5872,-4.2786,0.070496
0.11,2.2451,-3.8392,0.069922
0.1101,1.8966,-3.3931,0.069297
0.1102,1.528,-2.9496,0.068753
0.1103,1.1335,-2.512,0.068544
0.1104,0.73293,-2.0933,0.068613
0.1105,0.39297,-1.7128,0.068949
0.1106,0.18909,-1.3835,0.06964
0.1107,0.094887,-1.1135,0.070489
0.1108,0.049894,-0.90584,0.071182
0.1109,0.025077,-0.74605,0.07175
0.111,0.0092317,-0.60693,0.072208
0.1111,-0.0021196,-0.46864,0.072258
0.1112,-0.011112,-0.32812,0.071743
0.1113,-0.018521,-0.2,0.070735
0.1114,-0.024406,-0.10412,0.069074
0.1115,-0.028812,-0.042144,0.066665
0.1116,-0.031925,-0.0034431,0.06387
0.1117,-0.033732,0.020835,0.060986
0.1118,-0.034422,0.036229,0.057978
0.1119,-0.034432,0.046083,0.055004
0.112,-0.034097,0.052236,0.05238
0.1121,-0.033618,0.056004,0.050118
0.1122,-0.033429,0.058487,0.048206
0.1123,-0.033799,0.060018,0.046937
0.1124,-0.034635,0.060669,0.04637
0.1125,-0.035782,0.060906,0.046155
0.1126,-0.037192,0.0611,0.046118
0.1127,-0.038512,0.061085,0.046286
0.1128,-0.039425,0.060893,0.046432
0.1129,-0.03997,0.060808,0.046349
0.113,-0.040229,0.060764,0.046171
0.1131,-0.040074,0.060634,0.045873
0.1132,-0.039639,0.06089,0.045126
0.1133,-0.039267,0.061937,0.043866
0.1134,-0.039059,0.063599,0.042294
0.1135,-0.038934,0.065711,0.04039
0.1136,-0.039022,0.068362,0.038103
0.1137,-0.039275,0.071233,0.035654
0.1138,-0.039299,0.073809,0.033152
0.1139,-0.03881,0.07597,0.030465
0.114,-0.037843,0.077655,0.027722
0.1141,-0.036286,0.078413,0.025279
0.1142,-0.034038,0.078038,0.023246
0.1143,-0.031341,0.076819,0.021613
0.1144,-0.028559,0.075023,0.020511
0.1145,-0.025817,0.07281,0.019923
0.1146,-0.023327,0.070637,0.019597
0.1147,-0.021408,0.068892,0.019446
0.1148,-0.020111,0.067565,0.019509
0.1149,-0.019191,0.066607,0.019582
0.115,-0.018502,0.06617,0.019381
0.1151,-0.017875,0.066188,0.018816
0.1152,-0.017003,0.066451,0.017757
0.1153,-0.015694,0.066908,0.016
0.1154,-0.014012,0.067525,0.013545
0.1155,-0.011974,0.068107,0.010472
0.1156,-0.0095921,0.068671,0.0066153
0.1157,-0.007028,0.06943,0.0017098
0.1158,-0.0044499,0.070415,-0.0044649
0.1159,-0.0018364,0.071506,-0.012439
0.116,0.00083361,0.072685,-0.02338
0.1161,0.0036071,0.073789,-0.039645
0.1162,0.0067281,0.074473,-0.067168
0.1163,0.010529,0.074583,-0.1241
0.1164,0.015277,0.074177,-0.27517
0.1165,0.021409,0.07318,-0.65805
0.1166,0.029521,0.071461,-1.2112
0.1167,0.04053,0.069152,-1.7619
0.1168,0.056474,0.066414,-2.244
0.1169,0.082812,0.063279,-2.6414
0.117,0.13596,0.060159,-2.9493
0.1171,0.27514,0.057542,-3.1769
0.1172,0.64086,0.055402,-3.3514
0.1173,1.1886,0.053704,-3.4986
0.1174,1.7371,0.052731,-3.6356
0.1175,2.2231,0.052424,-3.7816
0.1176,2.642,0.052442,-3.9543
0.1177,3.0022,0.052561,-4.1549
0.1178,3.3253,0.052669,-4.3766
0.1179,3.6451,0.052462,-4.6193
0.118,3.9844,0.051707,-4.8826
0.1181,4.351,0.050489,-5.1635
0.1182,4.7534,0.049057,-5.4686
0.1183,5.1964,0.047495,-5.8065
0.1184,5.6676,0.045925,-6.1694
0.1185,6.1487,0.044461,-6.5376
0.1186,6.628,0.043047,-6.8914
0.1187,7.0974,0.041496,-7.2062
0.1188,7.5556,0.03971,-7.4548
0.1189,8.0166,0.037545,-7.622
0.119,8.4964,0.034887,-7.7026
0.1191,8.9953,0.031802,-7.6935
0.1192,9.5035,0.028552,-7.6032
0.1193,10.008,0.025404,-7.4555
0.1194,10.49,0.022718,-7.2773
0.1195,10.927,0.020902,-7.0933
0.1196,11.31,0.020157,-6.9307
0.1197,11.633,0.020404,-6.8079
0.1198,11.889,0.021486,-6.7252
0.1199,12.085,0.023077,-6.679
0.12,12.244,0.024644,-6.6684
0.1201,12.39,0.025695,-6.6838
0.1202,12.545,0.026,-6.7095
0.1203,12.732,0.025381,-6.7371
0.1204,12.961,0.023772,-6.7575
0.1205,13.222,0.021379,-6.7522
0.1206,13.503,0.018544,-6.7092
0.1207,13.802,0.015441,-6.6284
0.1208,14.106,0.012179,-6.503
0.1209,14.397,0.0088586,-6.3199
0.121,14.664,0.0053548,-6.0746
0.1211,14.897,0.0012259,-5.7672
0.1212,15.081,-0.0040015,-5.3931
0.1213,15.212,-0.01092,-4.9588
0.1214,15.299,-0.020607,-4.4883
0.1215,15.347,-0.035226,-4.0041
0.1216,15.352,-0.060046,-3.5221
0.1217,15.32,-0.11258,-3.0638
0.1218,15.259,-0.26759,-2.6495
0.1219,15.171,-0.71839,-2.2842
0.122,15.068,-1.3605,-1.9638
0.1221,14.968,-1.9544,-1.6832
0.1222,14.878,-2.4236,-1.4287
0.1223,14.793,-2.7572,-1.1803
0.1224,14.709,-2.9658,-0.92972
0.1225,14.63,-3.0829,-0.67997
