0.05,0.040169,0.030846,-0.016555
0.0501,0.04123,0.032951,-0.017141
0.0502,0.042189,0.034977,-0.017741
0.0503,0.043016,0.036921,-0.018356
0.0504,0.043683,0.038781,-0.018984
0.0505,0.044159,0.040555,-0.019628
0.0506,0.044415,0.042243,-0.020289
0.0507,0.044427,0.043846,-0.02097
0.0508,0.044173,0.045365,-0.021674
0.0509,0.043639,0.0468,-0.022406
0.051,0.042815,0.048154,-0.023171
0.0511,0.041703,0.049428,-0.023974
0.0512,0.040311,0.050625,-0.024824
0.0513,0.038654,0.051746,-0.025726
0.0514,0.036756,0.052795,-0.026688
0.0515,0.034646,0.053774,-0.027718
0.0516,0.032358,0.054685,-0.028823
0.0517,0.029929,0.055532,-0.030009
0.0518,0.027393,0.056316,-0.031283
0.0519,0.024788,0.057042,-0.032648
0.052,0.02215,0.05771,-0.034103
0.0521,0.019501,0.058333,-0.035655
0.0522,0.016872,0.058916,-0.037298
0.0523,0.014283,0.059457,-0.039026
0.0524,0.011752,0.059968,-0.04083
0.0525,0.0092916,0.060476,-0.042696
0.0526,0.0069096,0.060985,-0.044602
0.0527,0.0046123,0.061495,-0.046527
0.0528,0.0024018,0.062009,-0.048435
0.0529,0.00027897,0.062528,-0.050288
0.053,-0.0017575,0.063056,-0.052038
0.0531,-0.0037093,0.063595,-0.053631
0.0532,-0.0055793,0.064148,-0.055005
0.0533,-0.0073702,0.064725,-0.056098
0.0534,-0.009085,0.06533,-0.056845
0.0535,-0.010726,0.065966,-0.05719
0.0536,-0.012295,0.066642,-0.057085
0.0537,-0.013794,0.067362,-0.056501
0.0538,-0.015223,0.068134,-0.055429
0.0539,-0.016583,0.068963,-0.053882
0.054,-0.017874,0.069857,-0.051892
0.0541,-0.019094,0.070823,-0.049512
0.0542,-0.020243,0.071867,-0.046807
0.0543,-0.021319,0.072996,-0.043839
0.0544,-0.022322,0.074217,-0.040682
0.0545,-0.02325,0.075536,-0.037404
0.0546,-0.024103,0.07696,-0.034062
0.0547,-0.02488,0.078491,-0.030709
0.0548,-0.025581,0.080136,-0.027386
0.0549,-0.026207,0.081895,-0.024123
0.055,-0.026761,0.083767,-0.020945
0.0551,-0.027251,0.085753,-0.017869
0.0552,-0.027703,0.087841,-0.014903
0.0553,-0.028142,0.090022,-0.012054
0.0554,-0.028572,0.092273,-0.009321
0.0555,-0.028998,0.094566,-0.0067056
0.0556,-0.029425,0.09686,-0.004203
0.0557,-0.029858,0.099104,-0.0018114
0.0558,-0.030303,0.10123,0.00047479
0.0559,-0.030764,0.10316,0.0026577
0.056,-0.031249,0.10482,0.0047428
0.0561,-0.031763,0.1061,0.0067274
0.0562,-0.03231,0.10694,0.0086246
0.0563,-0.032895,0.10725,0.010431
0.0564,-0.033523,0.10699,0.01215
0.0565,-0.034195,0.10615,0.013781
0.0566,-0.034912,0.10473,0.015327
0.0567,-0.035682,0.10278,0.016786
0.0568,-0.036504,0.10036,0.018159
0.0569,-0.037468,0.097672,0.018935
0.057,-0.038509,0.094578,0.019781
0.0571,-0.039635,0.091229,0.020517
0.0572,-0.040835,0.087725,0.021161
0.0573,-0.042092,0.084141,0.021718
0.0574,-0.043397,0.080552,0.022202
0.0575,-0.044758,0.076999,0.022635
0.0576,-0.046172,0.073521,0.023012
0.0577,-0.047633,0.07014,0.023328
0.0578,-0.049136,0.066872,0.023592
0.0579,-0.050673,0.063726,0.023815
0.058,-0.052234,0.060714,0.024027
0.0581,-0.053794,0.057836,0.024236
0.0582,-0.055325,0.055103,0.02445
0.0583,-0.0568,0.052513,0.024689
0.0584,-0.058196,0.050069,0.024966
0.0585,-0.059488,0.04776,0.025281
0.0586,-0.060649,0.045579,0.025624
0.0587,-0.061649,0.043512,0.025985
0.0588,-0.062458,0.041556,0.02636
0.0589,-0.063045,0.039704,0.02675
0.059,-0.063376,0.03796,0.027158
0.0591,-0.063692,0.036299,0.027893
0.0592,-0.063439,0.034779,0.028368
0.0593,-0.062882,0.033384,0.028883
0.0594,-0.061992,0.032115,0.029441
0.0595,-0.060777,0.030981,0.030051
0.0596,-0.059249,0.029967,0.030711
0.0597,-0.057425,0.02906,0.031418
0.0598,-0.055347,0.028257,0.032175
0.0599,-0.053069,0.027548,0.032982
0.06,-0.050613,0.02692,0.033833
0.0601,-0.048025,0.026362,0.034722
0.0602,-0.04534,0.025869,0.035648
0.0603,-0.042605,0.02544,0.036614
0.0604,-0.039854,0.025069,0.037618
0.0605,-0.037112,0.024747,0.038651
0.0606,-0.034395,0.024462,0.039699
0.0607,-0.031729,0.02419,0.04075
0.0608,-0.029136,0.023912,0.041791
0.0609,-0.026635,0.023623,0.042808
0.061,-0.024237,0.023321,0.043784
0.0611,-0.021953,0.022996,0.044706
0.0612,-0.019782,0.022647,0.04556
0.0613,-0.017735,0.022279,0.04633
0.0614,-0.015802,0.021898,0.046997
0.0615,-0.013981,0.021506,0.047545
0.0616,-0.01227,0.02111,0.047954
0.0617,-0.010672,0.020706,0.048202
0.0618,-0.0091718,0.020289,0.048267
0.0619,-0.0077412,0.019252,0.048693
0.062,-0.00639,0.018736,0.04834
0.0621,-0.0051715,0.018225,0.047768
0.0622,-0.0040413,0.017676,0.046947
0.0623,-0.0030065,0.017076,0.045897
0.0624,-0.0020598,0.016426,0.044618
0.0625,-0.0011791,0.015735,0.043102
0.0626,-0.00037183,0.01499,0.041386
0.0627,0.00035712,0.014185,0.039509
0.0628,0.0010157,0.013322,0.037489
0.0629,0.0016126,0.012406,0.03535
0.063,0.0021466,0.011437,0.033126
0.0631,0.0026134,0.010409,0.030862
0.0632,0.0030161,0.0093251,0.02859
0.0633,0.0033702,0.0081986,0.026323
0.0634,0.0036883,0.0070469,0.024066
0.0635,0.0039917,0.005883,0.02184
0.0636,0.004294,0.0047171,0.019674
0.0637,0.0046017,0.0035642,0.017588
0.0638,0.0049163,0.0024449,0.015588
0.0639,0.0052394,0.0013802,0.013678
0.064,0.0055676,0.00038978,0.011861
0.0641,0.0058989,-0.00050271,0.01014
0.0642,0.006234,-0.0012699,0.0085101
0.0643,0.0065746,-0.0018868,0.0069694
0.0644,0.0069222,-0.0023301,0.0055208
0.0645,0.007285,-0.0025751,0.0041602
0.0646,0.0076756,-0.0025972,0.0028762
0.0647,0.0091133,-0.0033121,0.0015944
0.0648,0.0095736,-0.0027747,0.0003881
0.0649,0.010123,-0.0020748,-0.00070988
0.065,0.010729,-0.0011038,-0.0017477
0.0651,0.011407,9.6873e-05,-0.0027047
0.0652,0.012149,0.001528,-0.0035902
0.0653,0.01294,0.0032092,-0.0044327
0.0654,0.0138,0.0050832,-0.0052122
0.0655,0.014737,0.0070991,-0.0059114
0.0656,0.01574,0.0092433,-0.0065345
0.0657,0.0168,0.011493,-0.0070971
0.0658,0.017919,0.013808,-0.0075907
0.0659,0.019105,0.016134,-0.0080083
0.066,0.020356,0.018441,-0.0083527
0.0661,0.021655,0.020729,-0.0086591
0.0662,0.022978,0.023004,-0.0089475
0.0663,0.024312,0.025248,-0.0092425
0.0664,0.025645,0.027428,-0.0095379
0.0665,0.026958,0.02953,-0.0098309
0.0666,0.028225,0.031555,-0.010128
0.0667,0.029419,0.033502,-0.010435
0.0668,0.030513,0.035366,-0.010753
0.0669,0.031479,0.037142,-0.011086
0.067,0.032282,0.038834,-0.011436
0.0671,0.032894,0.040437,-0.01181
0.0672,0.033295,0.041942,-0.012214
0.0673,0.033463,0.043351,-0.012655
0.0674,0.033762,0.044693,-0.013567
0.0675,0.034192,0.046076,-0.015051
0.0676,0.033608,0.047274,-0.015719
0.0677,0.032772,0.048398,-0.016475
0.0678,0.03168,0.049442,-0.017319
0.0679,0.03037,0.050396,-0.018258
0.068,0.028828,0.051278,-0.01928
0.0681,0.02705,0.052106,-0.02038
0.0682,0.025098,0.052859,-0.02158
0.0683,0.023013,0.053521,-0.022884
0.0684,0.020802,0.054104,-0.024283
0.0685,0.018488,0.054611,-0.025773
0.0686,0.016118,0.055035,-0.027366
0.0687,0.013747,0.055372,-0.029077
0.0688,0.01139,0.055648,-0.030905
0.0689,0.0090338,0.055894,-0.032836
0.069,0.0066704,0.056126,-0.034852
0.0691,0.0043255,0.056357,-0.036942
0.0692,0.0020301,0.056585,-0.039093
0.0693,-0.00020149,0.05682,-0.041278
0.0694,-0.0023691,0.057067,-0.043458
0.0695,-0.0044658,0.057338,-0.045592
0.0696,-0.0064798,0.057625,-0.047627
0.0697,-0.0084022,0.057935,-0.0495
0.0698,-0.010227,0.058269,-0.051143
0.0699,-0.011938,0.058632,-0.052491
0.07,-0.013525,0.059031,-0.05349
0.0701,-0.014989,0.059481,-0.05409
0.0702,-0.016424,0.061189,-0.05536
0.0703,-0.017805,0.062241,-0.055457
0.0704,-0.018989,0.06295,-0.054832
0.0705,-0.020091,0.063746,-0.053722
0.0706,-0.021089,0.064638,-0.052204
0.0707,-0.021985,0.065627,-0.050318
0.0708,-0.022822,0.066686,-0.048054
0.0709,-0.023596,0.067835,-0.045475
0.071,-0.024281,0.069091,-0.042663
0.0711,-0.024886,0.070449,-0.039656
0.0712,-0.025422,0.071895,-0.036491
0.0713,-0.025884,0.073436,-0.033226
0.0714,-0.026263,0.075092,-0.029938
0.0715,-0.026557,0.076881,-0.02669
0.0716,-0.026804,0.078797,-0.023491
0.0717,-0.027042,0.080826,-0.020326
0.0718,-0.027285,0.082957,-0.017201
0.0719,-0.02754,0.085191,-0.014157
0.072,-0.027804,0.08751,-0.011222
0.0721,-0.028078,0.089891,-0.0084045
0.0722,-0.028369,0.092293,-0.0057051
0.0723,-0.02867,0.094673,-0.0031381
0.0724,-0.028987,0.09698,-0.00071243
0.0725,-0.029311,0.099137,0.0015673
0.0726,-0.02964,0.10107,0.0036913
0.0727,-0.02997,0.10269,0.0056401
0.0728,-0.030315,0.10393,0.007413
0.0729,-0.030695,0.10473,0.0090221
0.073,-0.032396,0.10619,0.010589
0.0731,-0.033614,0.1066,0.012102
0.0732,-0.034209,0.10598,0.013368
0.0733,-0.034881,0.10479,0.014533
0.0734,-0.035635,0.10311,0.015583
0.0735,-0.036476,0.10099,0.016519
0.0736,-0.037374,0.098428,0.017404
0.0737,-0.038341,0.095502,0.018234
0.0738,-0.039393,0.09231,0.018984
0.0739,-0.040521,0.088923,0.019648
0.074,-0.041703,0.085386,0.020249
0.0741,-0.042942,0.081775,0.020782
0.0742,-0.044256,0.078182,0.021241
0.0743,-0.045664,0.07468,0.021625
0.0744,-0.047153,0.07128,0.021972
0.0745,-0.048698,0.067966,0.022313
0.0746,-0.050274,0.064733,0.022656
0.0747,-0.051881,0.061619,0.023
0.0748,-0.053503,0.058652,0.023337
0.0749,-0.055117,0.055838,0.023664
0.075,-0.056687,0.053166,0.024001
0.0751,-0.058187,0.050643,0.024339
0.0752,-0.059574,0.048275,0.024669
0.0753,-0.0608,0.046064,0.024978
0.0754,-0.061823,0.044012,0.025267
0.0755,-0.062613,0.042136,0.025532
0.0756,-0.063136,0.040438,0.025787
0.0757,-0.063366,0.038896,0.026053
0.0758,-0.064434,0.037398,0.027609
0.0759,-0.064897,0.035888,0.029019
0.076,-0.064208,0.034654,0.029448
0.0761,-0.063177,0.033508,0.029936
0.0762,-0.06183,0.03246,0.030489
0.0763,-0.06022,0.031523,0.03112
0.0764,-0.058293,0.030627,0.031792
0.0765,-0.05608,0.029769,0.032514
0.0766,-0.053665,0.028982,0.033303
0.0767,-0.051105,0.028285,0.034153
0.0768,-0.048406,0.027652,0.035037
0.0769,-0.045623,0.027089,0.035959
0.077,-0.042832,0.026604,0.036937
0.0771,-0.040115,0.026208,0.037995
0.0772,-0.037461,0.025858,0.039114
0.0773,-0.034847,0.02552,0.040267
0.0774,-0.032246,0.025157,0.041421
0.0775,-0.029714,0.024792,0.042574
0.0776,-0.027273,0.024439,0.043714
0.0777,-0.024938,0.024106,0.044822
0.0778,-0.022685,0.023767,0.045862
0.0779,-0.020525,0.02343,0.046811
0.078,-0.018462,0.0231,0.047634
0.0781,-0.01651,0.022791,0.048301
0.0782,-0.014673,0.022501,0.048778
0.0783,-0.012974,0.022233,0.049058
0.0784,-0.01142,0.02197,0.049131
0.0785,-0.0099911,0.021494,0.049173
0.0786,-0.0085222,0.01935,0.05046
0.0787,-0.0071096,0.018334,0.050331
0.0788,-0.0059226,0.017856,0.049544
0.0789,-0.0048061,0.017308,0.048522
0.079,-0.0037884,0.016679,0.047316
0.0791,-0.0028644,0.015975,0.045935
0.0792,-0.0019669,0.015233,0.044306
0.0793,-0.0011142,0.014432,0.042488
0.0794,-0.00034351,0.013555,0.040549
0.0795,0.00033726,0.012624,0.038506
0.0796,0.00094366,0.011666,0.036354
0.0797,0.001463,0.01067,0.034147
0.0798,0.0018774,0.0096134,0.031961
0.0799,0.0021902,0.008479,0.029848
0.08,0.0024589,0.0072893,0.027766
0.0801,0.0027282,0.0060752,0.025669
0.0802,0.0030271,0.0048599,0.023552
0.0803,0.0033334,0.0036452,0.021468
0.0804,0.0036426,0.0024471,0.019439
0.0805,0.0039583,0.0012909,0.017465
0.0806,0.0042936,0.00021138,0.015531
0.0807,0.0046407,-0.00076639,0.013651
0.0808,0.004993,-0.0016059,0.011832
0.0809,0.005338,-0.0022701,0.010089
0.081,0.0056698,-0.00273,0.0084395
0.0811,0.0059846,-0.0029787,0.0069204
0.0812,0.0063041,-0.0030062,0.0055331
0.0813,0.0074005,-0.0035024,0.0042202
0.0814,0.0098991,-0.004972,0.0028427
0.0815,0.010527,-0.0043323,0.0015828
0.0816,0.011117,-0.0034921,0.00050423
0.0817,0.011783,-0.0024215,-0.00050065
0.0818,0.012535,-0.0011852,-0.0013996
0.0819,0.013347,0.00025461,-0.0022231
0.082,0.014194,0.0019538,-0.0030328
0.0821,0.015109,0.0038224,-0.0037842
0.0822,0.016095,0.0058078,-0.0044439
0.0823,0.017117,0.0079226,-0.0050213
0.0824,0.018156,0.010158,-0.0055227
0.0825,0.019229,0.012444,-0.0059269
0.0826,0.020368,0.014694,-0.0062165
0.0827,0.021584,0.016884,-0.0064314
0.0828,0.022848,0.019071,-0.0066447
0.0829,0.024129,0.021294,-0.0069051
0.083,0.025416,0.02353,-0.0072226
0.0831,0.026706,0.025719,-0.0075576
0.0832,0.02798,0.027845,-0.007911
0.0833,0.029208,0.029915,-0.0082899
0.0834,0.03036,0.031935,-0.0087032
0.0835,0.031408,0.033885,-0.009145
0.0836,0.032311,0.035758,-0.0095938
0.0837,0.033027,0.037541,-0.01004
0.0838,0.033534,0.039203,-0.010474
0.0839,0.033824,0.040713,-0.010897
0.084,0.033885,0.042077,-0.011335
0.0841,0.034733,0.043393,-0.012926
0.0842,0.036356,0.044776,-0.015748
0.0843,0.035581,0.045986,-0.016347
0.0844,0.034756,0.04703,-0.017122
0.0845,0.033683,0.047988,-0.017983
0.0846,0.032437,0.048828,-0.018949
0.0847,0.030948,0.049614,-0.01999
0.0848,0.029166,0.050399,-0.021088
0.0849,0.027198,0.051123,-0.022289
0.085,0.025088,0.051754,-0.02359
0.0851,0.022812,0.05231,-0.024956
0.0852,0.020391,0.052795,-0.026378
0.0853,0.017912,0.053179,-0.027887
0.0854,0.015477,0.05346,-0.029525
0.0855,0.013099,0.053689,-0.031297
0.0856,0.010719,0.053927,-0.03318
0.0857,0.0083034,0.05421,-0.035141
0.0858,0.0058959,0.054535,-0.037173
0.0859,0.0035602,0.054872,-0.039274
0.086,0.0013139,0.055214,-0.041419
0.0861,-0.00085759,0.055575,-0.043568
0.0862,-0.0029566,0.055963,-0.04568
0.0863,-0.0049658,0.056362,-0.047705
0.0864,-0.0068764,0.056755,-0.049569
0.0865,-0.0086792,0.057134,-0.051197
0.0866,-0.01034,0.057492,-0.052527
0.0867,-0.011831,0.057838,-0.053507
0.0868,-0.013166,0.058206,-0.054085
0.0869,-0.014466,0.0599,-0.055392
0.087,-0.015845,0.062799,-0.057279
0.0871,-0.017043,0.063415,-0.056561
0.0872,-0.018072,0.06416,-0.055549
0.0873,-0.019019,0.065012,-0.054022
0.0874,-0.019853,0.065987,-0.052138
0.0875,-0.020645,0.067052,-0.04986
0.0876,-0.021454,0.068187,-0.047176
0.0877,-0.022216,0.069439,-0.044208
0.0878,-0.022884,0.070805,-0.041035
0.0879,-0.023478,0.072247,-0.037671
0.088,-0.024003,0.073759,-0.034177
0.0881,-0.024429,0.075378,-0.030671
0.0882,-0.024738,0.077149,-0.027278
0.0883,-0.024973,0.079081,-0.024026
0.0884,-0.025209,0.081141,-0.020862
0.0885,-0.025494,0.0833,-0.017744
0.0886,-0.025817,0.085555,-0.014714
0.0887,-0.026135,0.087908,-0.011827
0.0888,-0.026443,0.090337,-0.0090964
0.0889,-0.026759,0.092802,-0.0064967
0.089,-0.027087,0.095253,-0.0040181
0.0891,-0.027413,0.097632,-0.0016713
0.0892,-0.027723,0.099847,0.00053764
0.0893,-0.028,0.1018,0.0026028
0.0894,-0.028248,0.1034,0.0044903
0.0895,-0.028481,0.10457,0.0061721
0.0896,-0.028981,0.10546,0.0076837
0.0897,-0.031105,0.10723,0.0092048
0.0898,-0.033457,0.10855,0.010757
0.0899,-0.033974,0.10771,0.012014
0.09,-0.03463,0.10637,0.013163
0.0901,-0.035401,0.10449,0.014213
0.0902,-0.036288,0.10221,0.015152
0.0903,-0.037248,0.099494,0.016061
0.0904,-0.038277,0.096402,0.016972
0.0905,-0.039408,0.093063,0.017818
0.0906,-0.040622,0.08956,0.018572
0.0907,-0.041873,0.085908,0.019247
0.0908,-0.043157,0.082199,0.019834
0.0909,-0.044511,0.078553,0.0203
0.091,-0.045971,0.075088,0.020638
0.0911,-0.047526,0.071793,0.02091
0.0912,-0.049135,0.068599,0.02119
0.0913,-0.050766,0.065467,0.021503
0.0914,-0.052415,0.062444,0.021831
0.0915,-0.054076,0.05957,0.02214
0.0916,-0.055721,0.056849,0.022438
0.0917,-0.05731,0.05425,0.022747
0.0918,-0.058803,0.051772,0.023069
0.0919,-0.060154,0.049418,0.023387
0.092,-0.061301,0.047201,0.02368
0.0921,-0.062189,0.045134,0.023933
0.0922,-0.062792,0.043261,0.024139
0.0923,-0.063094,0.041595,0.024318
0.0924,-0.063763,0.040079,0.025246
0.0925,-0.065329,0.038541,0.027569
0.0926,-0.065905,0.036982,0.029365
0.0927,-0.065052,0.035774,0.029817
0.0928,-0.063891,0.03465,0.030363
0.0929,-0.062476,0.033634,0.030995
0.093,-0.060836,0.032722,0.031714
0.0931,-0.058889,0.03182,0.032472
0.0932,-0.056688,0.030939,0.03329
0.0933,-0.054309,0.030124,0.034177
0.0934,-0.051789,0.029407,0.035109
0.0935,-0.049107,0.028766,0.036034
0.0936,-0.046348,0.02823,0.036969
0.0937,-0.043609,0.027817,0.037945
0.0938,-0.040979,0.027523,0.039002
0.0939,-0.038401,0.027262,0.040114
0.094,-0.035823,0.026973,0.041246
0.0941,-0.033219,0.026617,0.042364
0.0942,-0.030667,0.026248,0.043475
0.0943,-0.028198,0.025887,0.044565
0.0944,-0.025826,0.025533,0.045616
0.0945,-0.023521,0.025156,0.046591
0.0946,-0.021302,0.024768,0.047467
0.0947,-0.019176,0.024382,0.048199
0.0948,-0.017162,0.024033,0.048749
0.0949,-0.015281,0.023729,0.049086
0.095,-0.013591,0.023482,0.049216
0.0951,-0.012088,0.023258,0.049139
0.0952,-0.010673,0.021846,0.049947
0.0953,-0.0092139,0.019149,0.051634
0.0954,-0.0078045,0.017738,0.051748
0.0955,-0.006697,0.017242,0.050934
0.0956,-0.0056746,0.016658,0.049935
0.0957,-0.0047634,0.015987,0.048795
0.0958,-0.0039282,0.015245,0.04749
0.0959,-0.0030837,0.014472,0.045922
0.096,-0.0022638,0.013634,0.044166
0.0961,-0.0015142,0.01273,0.042277
0.0962,-0.00084774,0.011795,0.040254
0.0963,-0.00024973,0.01087,0.038076
0.0964,0.00024531,0.0099255,0.035832
0.0965,0.0006187,0.0089188,0.033624
0.0966,0.00089313,0.0078195,0.031503
0.0967,0.00116,0.0066612,0.02939
0.0968,0.0014739,0.0054813,0.027227
0.0969,0.0018523,0.0043038,0.025018
0.097,0.0022472,0.003122,0.022848
0.0971,0.0026447,0.0019528,0.020745
0.0972,0.003048,0.00082023,0.018712
0.0973,0.0034743,-0.00023826,0.016723
0.0974,0.0039048,-0.0011942,0.014802
0.0975,0.0043212,-0.0019965,0.012951
0.0976,0.0046945,-0.0026029,0.011196
0.0977,0.0050135,-0.0029868,0.0095686
0.0978,0.005274,-0.0031529,0.0081211
0.0979,0.0055139,-0.0030973,0.006846
0.098,0.0071512,-0.0040887,0.0056154
0.0981,0.010036,-0.0058927,0.0043092
0.0982,0.011463,-0.0059479,0.0030485
0.0983,0.012002,-0.0050789,0.0020769
0.0984,0.012632,-0.0040149,0.0011821
0.0985,0.013355,-0.0027985,0.00039
0.0986,0.014154,-0.0013908,-0.00034823
0.0987,0.01499,0.00030289,-0.0011186
0.0988,0.015897,0.0021976,-0.0018758
0.0989,0.016874,0.0042336,-0.0025674
0.099,0.017886,0.0064101,-0.0031811
0.0991,0.018897,0.0087403,-0.0037308
0.0992,0.01994,0.01112,-0.0041751
0.0993,0.021064,0.013442,-0.0045049
0.0994,0.022296,0.015658,-0.004759
0.0995,0.023595,0.017854,-0.0050235
0.0996,0.02492,0.02009,-0.005364
0.0997,0.026245,0.022356,-0.0057824
0.0998,0.027578,0.024568,-0.006217
0.0999,0.0289,0.0267,-0.006652
0.1,0.030182,0.028757,-0.0070945
0.1001,0.031382,0.030767,-0.0075626
0.1002,0.032467,0.032708,-0.0080359
0.1003,0.033378,0.034574,-0.008494
0.1004,0.034069,0.036338,-0.0089102
0.1005,0.034513,0.037966,-0.0092784
0.1006,0.034713,0.039406,-0.0096008
0.1007,0.034814,0.040671,-0.01008
0.1008,0.036112,0.041939,-0.012189
0.1009,0.038159,0.043282,-0.015531
0.101,0.037687,0.044495,-0.016569
0.1011,0.036742,0.04547,-0.017282
0.1012,0.035567,0.046369,-0.018113
0.1013,0.034232,0.047164,-0.019073
0.1014,0.032663,0.047926,-0.020127
0.1015,0.030789,0.048725,-0.021249
0.1016,0.028727,0.049504,-0.022489
0.1017,0.026529,0.0502,-0.023841
0.1018,0.024176,0.050819,-0.025257
0.1019,0.021682,0.051359,-0.02672
0.102,0.019168,0.051779,-0.028272
0.1021,0.016751,0.052067,-0.029967
0.1022,0.014447,0.052278,-0.031821
0.1023,0.012153,0.052511,-0.033791
0.1024,0.0098089,0.052815,-0.035843
0.1025,0.0074499,0.053182,-0.037965
0.1026,0.0051594,0.053553,-0.040161
0.1027,0.0029534,0.053919,-0.042404
0.1028,0.00081284,0.054297,-0.044654
0.1029,-0.0012788,0.054698,-0.046855
0.103,-0.0033003,0.055102,-0.048946
0.1031,-0.0052417,0.055487,-0.050836
0.1032,-0.0070754,0.055836,-0.052431
0.1033,-0.0087525,0.056131,-0.053651
0.1034,-0.010227,0.056389,-0.054443
0.1035,-0.011541,0.057224,-0.05529
0.1036,-0.012874,0.059544,-0.056945
0.1037,-0.014324,0.063099,-0.059144
0.1038,-0.015492,0.063639,-0.058103
0.1039,-0.016494,0.064395,-0.056812
0.104,-0.017408,0.065288,-0.055041
0.1041,-0.018209,0.06632,-0.052967
0.1042,-0.018992,0.06745,-0.050532
0.1043,-0.019815,0.068658,-0.047728
0.1044,-0.020588,0.069998,-0.044699
0.1045,-0.021265,0.071451,-0.04151
0.1046,-0.021858,0.072961,-0.03815
0.1047,-0.022361,0.074522,-0.034688
0.1048,-0.022729,0.076185,-0.031261
0.1049,-0.022949,0.07801,-0.028004
0.105,-0.023101,0.080001,-0.024907
0.1051,-0.023296,0.082115,-0.02187
0.1052,-0.02359,0.084321,-0.018835
0.1053,-0.023936,0.08662,-0.015858
0.1054,-0.024282,0.089018,-0.013008
0.1055,-0.024625,0.091485,-0.010294
0.1056,-0.024985,0.093975,-0.0076813
0.1057,-0.025367,0.096432,-0.0051656
0.1058,-0.025746,0.098783,-0.0027622
0.1059,-0.026092,0.10092,-0.00049098
0.106,-0.026385,0.10272,0.0016332
0.1061,-0.026618,0.10411,0.0035481
0.1062,-0.026814,0.10498,0.0052229
0.1063,-0.028241,0.10642,0.0067671
0.1064,-0.030978,0.10845,0.0083209
0.1065,-0.033639,0.10977,0.009914
0.1066,-0.034191,0.10871,0.011119
0.1067,-0.03489,0.10718,0.012212
0.1068,-0.035716,0.1052,0.013184
0.1069,-0.036648,0.10286,0.014053
0.107,-0.037647,0.10014,0.014912
0.1071,-0.038719,0.097086,0.015783
0.1072,-0.039892,0.09381,0.016589
0.1073,-0.041126,0.090366,0.017302
0.1074,-0.042365,0.086759,0.017935
0.1075,-0.04362,0.083094,0.018461
0.1076,-0.044946,0.079518,0.018843
0.1077,-0.046386,0.076142,0.019096
0.1078,-0.04792,0.072917,0.019322
0.1079,-0.049507,0.069752,0.019609
0.108,-0.051113,0.066616,0.019973
0.1081,-0.05274,0.063579,0.02037
0.1082,-0.05438,0.060688,0.020754
0.1083,-0.056003,0.057943,0.021138
0.1084,-0.057571,0.055313,0.021541
0.1085,-0.059038,0.052799,0.021956
0.1086,-0.06035,0.050407,0.022355
0.1087,-0.061434,0.048163,0.022701
0.1088,-0.062239,0.04609,0.022968
0.1089,-0.062743,0.044252,0.02315
0.109,-0.062938,0.042656,0.023281
0.1091,-0.064089,0.04117,0.024803
0.1092,-0.066,0.039657,0.027579
0.1093,-0.067241,0.038102,0.030151
0.1094,-0.066303,0.036942,0.030565
0.1095,-0.065136,0.0359,0.031091
0.1096,-0.063733,0.034981,0.031715
0.1097,-0.062103,0.034147,0.032421
0.1098,-0.060159,0.033301,0.033172
0.1099,-0.057919,0.032434,0.033969
0.11,-0.055494,0.031631,0.034837
0.1101,-0.052902,0.030918,0.035735
0.1102,-0.050126,0.030283,0.036611
0.1103,-0.04726,0.029752,0.037484
0.1104,-0.04445,0.029356,0.038419
0.1105,-0.041785,0.029072,0.039459
0.1106,-0.039202,0.028805,0.040581
0.1107,-0.036607,0.028466,0.041724
0.1108,-0.033983,0.028036,0.042858
0.1109,-0.031411,0.027581,0.043985
0.111,-0.028947,0.027146,0.045103
0.1111,-0.026587,0.026718,0.046186
0.1112,-0.024305,0.026273,0.047198
0.1113,-0.022098,0.025823,0.048101
0.1114,-0.019984,0.025405,0.048844
0.1115,-0.017986,0.025053,0.049377
0.1116,-0.016144,0.024786,0.049676
0.1117,-0.014516,0.024604,0.049749
0.1118,-0.01311,0.02444,0.049641
0.1119,-0.011769,0.022706,0.050757
0.112,-0.010368,0.019723,0.052696
0.1121,-0.0089103,0.017261,0.053726
0.1122,-0.0078524,0.016823,0.052818
0.1123,-0.0068774,0.016277,0.051761
0.1124,-0.0060079,0.015624,0.050573
0.1125,-0.0051996,0.014887,0.049222
0.1126,-0.0043574,0.014102,0.047603
0.1127,-0.0034877,0.013262,0.045741
0.1128,-0.0026795,0.012348,0.043744
0.1129,-0.0019608,0.011404,0.041616
0.113,-0.0013242,0.010476,0.039337
0.1131,-0.00079922,0.0095369,0.037001
0.1132,-0.00042089,0.0085218,0.034748
0.1133,-0.00016018,0.0073936,0.032639
0.1134,8.5011e-05,0.0061826,0.030586
0.1135,0.00040482,0.0049498,0.028481
0.1136,0.00081145,0.0037259,0.026314
0.1137,0.0012468,0.0025073,0.024173
0.1138,0.0016727,0.0012972,0.022113
0.1139,0.002099,0.00012797,0.02012
0.114,0.002542,-0.00095826,0.018165
0.1141,0.0029879,-0.0019184,0.016251
0.1142,0.0034017,-0.0027004,0.014402
0.1143,0.0037498,-0.0032497,0.012644
0.1144,0.0040136,-0.0035427,0.011026
0.1145,0.0041972,-0.0035887,0.0096088
0.1146,0.0047275,-0.0037648,0.0083834
0.1147,0.007051,-0.0053045,0.0071375
0.1148,0.010562,-0.0075914,0.005815
0.1149,0.012001,-0.0075565,0.0045703
0.115,0.012526,-0.0065864,0.003627
0.1151,0.013174,-0.0054431,0.0027514
0.1152,0.013936,-0.0041662,0.0019684
0.1153,0.014778,-0.0026924,0.0012188
0.1154,0.015663,-0.00092436,0.00040232
0.1155,0.016635,0.0010296,-0.00040571
0.1156,0.017681,0.0031155,-0.0011472
0.1157,0.018745,0.0053451,-0.0018034
0.1158,0.019787,0.0077215,-0.0023721
0.1159,0.020857,0.010107,-0.0027983
0.116,0.022011,0.012378,-0.0030653
0.1161,0.023276,0.014508,-0.0032384
0.1162,0.024601,0.016633,-0.0034503
0.1163,0.025941,0.018828,-0.0037826
0.1164,0.027277,0.021071,-0.0042113
0.1165,0.028619,0.02326,-0.0046584
0.1166,0.029943,0.025374,-0.0051088
0.1167,0.031217,0.027429,-0.0055743
0.1168,0.032395,0.029452,-0.006071
0.1169,0.033437,0.031418,-0.0065735
0.117,0.034276,0.03332,-0.0070543
0.1171,0.034863,0.035114,-0.0074728
0.1172,0.035172,0.03674,-0.0078116
0.1173,0.035215,0.038146,-0.0080783
0.1174,0.035859,0.039404,-0.009259
0.1175,0.03749,0.040682,-0.011884
0.1176,0.04017,0.042093,-0.016077
0.1177,0.03931,0.043264,-0.016838
0.1178,0.0383,0.044206,-0.017593
0.1179,0.03709,0.045065,-0.018484
0.118,0.035749,0.045819,-0.019511
0.1181,0.034173,0.046566,-0.020633
0.1182,0.032287,0.04738,-0.021824
0.1183,0.030232,0.048163,-0.023141
0.1184,0.028046,0.048855,-0.02456
0.1185,0.02568,0.049466,-0.026015
0.1186,0.023171,0.049976,-0.027492
0.1187,0.020664,0.050334,-0.029051
0.1188,0.01829,0.050541,-0.030761
0.1189,0.016026,0.050691,-0.032634
0.119,0.013736,0.050906,-0.034617
0.1191,0.011359,0.05124,-0.036672
0.1192,0.0089608,0.051652,-0.038794
0.1193,0.0066379,0.052075,-0.040988
0.1194,0.0044025,0.052492,-0.043222
0.1195,0.0022256,0.05293,-0.04545
0.1196,9.5128e-05,0.053396,-0.047616
0.1197,-0.0019647,0.05386,-0.049648
0.1198,-0.0039362,0.054283,-0.051441
0.1199,-0.0057815,0.054636,-0.052895
0.12,-0.0074328,0.054908,-0.053937
0.1201,-0.0088439,0.055123,-0.054521
0.1202,-0.010147,0.056809,-0.055964
0.1203,-0.011484,0.059789,-0.058034
0.1204,-0.012916,0.063664,-0.060382
0.1205,-0.014021,0.064212,-0.059247
0.1206,-0.014948,0.064995,-0.057918
0.1207,-0.015776,0.065926,-0.056157
0.1208,-0.016504,0.06699,-0.05411
0.1209,-0.017251,0.068145,-0.051704
0.121,-0.018059,0.069384,-0.04893
0.1211,-0.018826,0.070755,-0.045928
0.1212,-0.019503,0.072221,-0.04273
0.1213,-0.02011,0.073717,-0.039318
0.1214,-0.020608,0.075254,-0.035792
0.1215,-0.02095,0.076905,-0.032324
0.1216,-0.021143,0.078733,-0.029054
0.1217,-0.0213,0.080732,-0.025938
0.1218,-0.021545,0.082852,-0.022857
0.1219,-0.021913,0.08506,-0.019767
0.122,-0.022337,0.087361,-0.016745
0.1221,-0.022754,0.089761,-0.013867
0.1222,-0.023164,0.092226,-0.011134
0.1223,-0.023589,0.094709,-0.0085091
0.1224,-0.024026,0.09715,-0.0059902
0.1225,-0.024443,0.099464,-0.0035825
