0.05,0.17694,-0.43541,0.26794
0.0501,0.19426,-0.43644,0.25504
0.0502,0.21112,-0.43653,0.24179
0.0503,0.22748,-0.43566,0.22817
0.0504,0.2433,-0.43381,0.21419
0.0505,0.25861,-0.43102,0.19981
0.0506,0.27344,-0.42735,0.18502
0.0507,0.28784,-0.4229,0.16982
0.0508,0.30189,-0.41779,0.15423
0.0509,0.31563,-0.41215,0.1383
0.051,0.32913,-0.40612,0.12209
0.0511,0.3424,-0.39982,0.10565
0.0512,0.35542,-0.39334,0.089038
0.0513,0.36817,-0.38672,0.072304
0.0514,0.38059,-0.37998,0.055476
0.0515,0.39258,-0.37311,0.038584
0.0516,0.40405,-0.36608,0.02165
0.0517,0.41489,-0.35882,0.0046878
0.0518,0.42496,-0.35125,-0.012288
0.0519,0.43414,-0.34328,-0.029261
0.052,0.44231,-0.33481,-0.046227
0.0521,0.44937,-0.32573,-0.063186
0.0522,0.45525,-0.31596,-0.080138
0.0523,0.45991,-0.30543,-0.09709
0.0524,0.46339,-0.2941,-0.11405
0.0525,0.4657,-0.28197,-0.13103
0.0526,0.46696,-0.26909,-0.14801
0.0527,0.46725,-0.25553,-0.16498
0.0528,0.46673,-0.24142,-0.1819
0.0529,0.46552,-0.22688,-0.19874
0.053,0.46375,-0.21203,-0.21545
0.0531,0.46154,-0.19701,-0.232
0.0532,0.45899,-0.18192,-0.24834
0.0533,0.45616,-0.16685,-0.26443
0.0534,0.45311,-0.15183,-0.28024
0.0535,0.44986,-0.13689,-0.29573
0.0536,0.44638,-0.12201,-0.31085
0.0537,0.44263,-0.10719,-0.32556
0.0538,0.43854,-0.092353,-0.33981
0.0539,0.43401,-0.077432,-0.35355
0.054,0.42895,-0.062328,-0.36672
0.0541,0.42326,-0.046943,-0.37927
0.0542,0.41687,-0.031188,-0.39115
0.0543,0.40971,-0.014994,-0.4023
0.0544,0.40175,0.0016747,-0.41269
0.0545,0.39301,0.018813,-0.42225
0.0546,0.38352,0.036379,-0.43095
0.0547,0.37333,0.054299,-0.43877
0.0548,0.36252,0.072474,-0.44569
0.0549,0.35119,0.090788,-0.45172
0.055,0.33942,0.10912,-0.45687
0.0551,0.32733,0.12735,-0.46119
0.0552,0.31502,0.14537,-0.46471
0.0553,0.30255,0.16307,-0.46746
0.0554,0.28999,0.18037,-0.46947
0.0555,0.27739,0.19722,-0.47076
0.0556,-4.9479,0.13567,0.044603
0.0557,-6.7346,0.13148,0.21688
0.0558,-7.7652,0.13501,0.3113
0.0559,-9.1266,0.11726,0.45211
0.056,-10.018,0.097575,0.56751
0.0561,-10.426,0.097752,0.62088
0.0562,-11.431,0.097682,0.71153
0.0563,-13.233,0.073388,0.90264
0.0564,-15.379,0.034215,1.1495
0.0565,-17.531,0.0072401,1.3744
0.0566,-19.555,-0.0089738,1.5737
0.0567,-21.098,-0.017044,1.733
0.0568,-22.259,-0.01654,1.8493
0.0569,-23.122,-0.0095522,1.9373
0.057,-23.8,-0.0052697,2.0209
0.0571,-24.785,-0.0034501,2.1369
0.0572,-26.51,-0.0027192,2.3071
0.0573,-28.826,-0.009089,2.5348
0.0574,-31.455,-0.027311,2.8032
0.0575,-34.016,-0.041457,3.0592
0.0576,-35.848,-0.037757,3.2338
0.0577,-36.84,-0.021163,3.3341
0.0578,-37.68,-0.0059911,3.4274
0.0579,-38.543,0.012769,3.5255
0.058,-39.002,0.037091,3.5894
0.0581,-39.304,0.045691,3.6423
0.0582,-40.085,0.017599,3.7404
0.0583,-41.204,-0.032633,3.8767
0.0584,-42.228,-0.086535,4.002
0.0585,-43.212,-0.13085,4.1051
0.0586,-44.183,-0.16587,4.1971
0.0587,-44.854,-0.19648,4.2749
0.0588,-45.221,-0.22332,4.3294
0.0589,-45.592,-0.24431,4.3764
0.059,-46.174,-0.27121,4.4462
0.0591,-47.021,-0.30503,4.5482
0.0592,-48.161,-0.3384,4.6692
0.0593,-49.234,-0.3648,4.7756
0.0594,-49.945,-0.38869,4.8512
0.0595,-50.396,-0.4077,4.9027
0.0596,-50.606,-0.41931,4.9248
0.0597,-50.451,-0.42834,4.9195
0.0598,-50.097,-0.44139,4.9068
0.0599,-49.756,-0.45557,4.8984
0.06,-49.316,-0.47056,4.8818
0.0601,-48.828,-0.4867,4.8665
0.0602,-48.63,-0.503,4.875
0.0603,-48.663,-0.51454,4.8959
0.0604,-48.533,-0.52138,4.8968
0.0605,-48.222,-0.52384,4.8799
0.0606,-47.891,-0.52615,4.8613
0.0607,-47.444,-0.53044,4.8404
0.0608,-46.882,-0.53633,4.8151
0.0609,-46.468,-0.54036,4.801
0.061,-46.231,-0.54566,4.802
0.0611,-45.96,-0.55196,4.806
0.0612,-45.589,-0.55498,4.8004
0.0613,-45.099,-0.55232,4.7847
0.0614,-44.335,-0.55109,4.7635
0.0615,-43.493,-0.54983,4.7589
0.0616,-42.516,-0.54933,4.7663
0.0617,-41.328,-0.55132,4.7784
0.0618,-39.95,-0.5584,4.7718
0.0619,-38.569,-0.56514,4.7236
0.062,-37.254,-0.56864,4.631
0.0621,-35.986,-0.56847,4.5089
0.0622,-34.843,-0.56485,4.3732
0.0623,-33.807,-0.55533,4.2395
0.0624,-32.696,-0.54409,4.1098
0.0625,-31.499,-0.53422,3.9812
0.0626,-30.362,-0.52604,3.8532
0.0627,-29.241,-0.51743,3.7243
0.0628,-28.007,-0.50946,3.5827
0.0629,-26.692,-0.49885,3.4209
0.063,-25.334,-0.48412,3.2407
0.0631,-23.848,-0.46575,3.0452
0.0632,-22.262,-0.44513,2.8375
0.0633,-20.705,-0.42116,2.6302
0.0634,-19.163,-0.39836,2.4313
0.0635,-17.546,-0.38002,2.2379
0.0636,-15.863,-0.36617,2.0446
0.0637,-14.129,-0.35463,1.85
0.0638,-12.299,-0.34657,1.6521
0.0639,-10.516,-0.33708,1.4575
0.064,-8.8026,-0.3241,1.2659
0.0641,-7.1214,-0.30807,1.0775
0.0642,-5.4697,-0.29204,0.89498
0.0643,-3.9019,-0.2757,0.72383
0.0644,-2.4011,-0.26107,0.56344
0.0645,-0.94215,-0.24927,0.41414
0.0646,0.43919,-0.23954,0.27528
0.0647,1.7821,-0.22814,0.13859
0.0648,3.2258,-0.216,-0.0079498
0.0649,4.7591,-0.20059,-0.16606
0.065,6.2932,-0.18142,-0.33031
0.0651,7.8323,-0.15961,-0.49842
0.0652,9.3829,-0.13786,-0.66866
0.0653,10.893,-0.11633,-0.83556
0.0654,12.39,-0.098213,-0.99817
0.0655,13.905,-0.083371,-1.1583
0.0656,15.427,-0.072154,-1.3145
0.0657,16.891,-0.060586,-1.4659
0.0658,18.297,-0.048153,-1.6136
0.0659,19.649,-0.034773,-1.7573
0.066,20.908,-0.020017,-1.8954
0.0661,22.075,-0.0044925,-2.0263
0.0662,23.187,0.008613,-2.1491
0.0663,24.231,0.019149,-2.2617
0.0664,25.196,0.028125,-2.3654
0.0665,26.14,0.03645,-2.4648
0.0666,27.096,0.044564,-2.5638
0.0667,28.047,0.055262,-2.6637
0.0668,28.99,0.069842,-2.7665
0.0669,29.903,0.087977,-2.869
0.067,30.711,0.10833,-2.9645
0.0671,31.398,0.13005,-3.051
0.0672,32.026,0.15097,-3.1316
0.0673,32.622,0.16998,-3.207
0.0674,33.18,0.18651,-3.277
0.0675,33.727,0.20138,-3.3442
0.0676,34.267,0.21546,-3.4101
0.0677,34.745,0.23045,-3.4722
0.0678,35.14,0.24602,-3.5288
0.0679,35.459,0.2611,-3.5784
0.068,35.671,0.27456,-3.6174
0.0681,35.749,0.28598,-3.6429
0.0682,35.729,0.29393,-3.6561
0.0683,35.647,0.29894,-3.6601
0.0684,35.52,0.30256,-3.6592
0.0685,35.397,0.30604,-3.658
0.0686,35.301,0.30952,-3.6591
0.0687,35.189,0.31474,-3.6604
0.0688,35.009,0.32211,-3.6589
0.0689,34.748,0.33031,-3.6509
0.069,34.381,0.33769,-3.6332
0.0691,33.903,0.34438,-3.6055
0.0692,33.357,0.34945,-3.5707
0.0693,32.774,0.35241,-3.5302
0.0694,32.137,0.35417,-3.4845
0.0695,31.457,0.35654,-3.4364
0.0696,30.759,0.35931,-3.388
0.0697,30.022,0.36225,-3.3368
0.0698,29.216,0.36488,-3.2807
0.0699,28.35,0.3664,-3.2188
0.07,27.422,0.36529,-3.1498
0.0701,26.412,0.36167,-3.0726
0.0702,25.351,0.35581,-2.9901
0.0703,24.285,0.34838,-2.9064
0.0704,23.221,0.34006,-2.8228
0.0705,22.149,0.33209,-2.7383
0.0706,21.059,0.32475,-2.6509
0.0707,19.92,0.31808,-2.5558
0.0708,18.701,0.31166,-2.4483
0.0709,17.41,0.30476,-2.3268
0.071,16.067,0.29653,-2.1928
0.0711,14.68,0.28725,-2.0488
0.0712,13.264,0.27721,-1.8981
0.0713,11.836,0.26689,-1.7438
0.0714,10.393,0.25699,-1.5882
0.0715,8.9289,0.24809,-1.4322
0.0716,7.4495,0.2394,-1.2759
0.0717,5.9399,0.23001,-1.1178
0.0718,4.3784,0.21939,-0.95577
0.0719,2.7765,0.20706,-0.79006
0.072,1.1619,0.1924,-0.62219
0.0721,-0.44815,0.17609,-0.45403
0.0722,-2.0279,0.15909,-0.28852
0.0723,-3.5518,0.142,-0.12778
0.0724,-5.0346,0.12525,0.028943
0.0725,-6.515,0.10971,0.18422
0.0726,-8.0129,0.095242,0.34009
0.0727,-9.5405,0.081118,0.49863
0.0728,-11.111,0.066941,0.66117
0.0729,-12.716,0.05288,0.8271
0.073,-14.329,0.038727,0.99446
0.0731,-15.936,0.024931,1.1617
0.0732,-17.527,0.012476,1.3267
0.0733,-19.081,0.0020601,1.4873
0.0734,-20.592,-0.0065556,1.643
0.0735,-22.075,-0.013546,1.7953
0.0736,-23.539,-0.019418,1.9454
0.0737,-24.992,-0.024922,2.0948
0.0738,-26.44,-0.030648,2.2445
0.0739,-27.872,-0.036312,2.3936
0.074,-29.258,-0.041561,2.5396
0.0741,-30.582,-0.045842,2.6808
0.0742,-31.842,-0.048625,2.8166
0.0743,-33.038,-0.049719,2.9466
0.0744,-34.183,-0.050106,3.0719
0.0745,-35.301,-0.051413,3.1943
0.0746,-36.398,-0.055834,3.3149
0.0747,-37.471,-0.065345,3.4336
0.0748,-38.52,-0.080769,3.5505
0.0749,-39.542,-0.10101,3.6648
0.075,-40.521,-0.12433,3.775
0.0751,-41.447,-0.14882,3.8795
0.0752,-42.317,-0.17293,3.9777
0.0753,-43.124,-0.19596,4.0688
0.0754,-43.866,-0.21835,4.1533
0.0755,-44.554,-0.24041,4.2322
0.0756,-45.191,-0.26231,4.306
0.0757,-45.767,-0.28422,4.3743
0.0758,-46.271,-0.3062,4.4366
0.0759,-46.697,-0.32755,4.4918
0.076,-47.036,-0.34782,4.5393
0.0761,-47.291,-0.36688,4.5794
0.0762,-47.481,-0.38461,4.6136
0.0763,-47.621,-0.40084,4.643
0.0764,-47.717,-0.41597,4.6684
0.0765,-47.777,-0.43046,4.691
0.0766,-47.803,-0.44442,4.7109
0.0767,-47.785,-0.45767,4.7272
0.0768,-47.714,-0.47012,4.739
0.0769,-47.586,-0.48131,4.7455
0.077,-47.392,-0.49068,4.7456
0.0771,-47.127,-0.49795,4.7386
0.0772,-46.796,-0.5033,4.7252
0.0773,-46.41,-0.50696,4.7067
0.0774,-45.973,-0.50941,4.6838
0.0775,-45.488,-0.51117,4.6574
0.0776,-44.955,-0.51268,4.6282
0.0777,-44.361,-0.51412,4.5962
0.0778,-43.695,-0.51558,4.5617
0.0779,-42.958,-0.51697,4.5263
0.078,-42.155,-0.5183,4.4925
0.0781,-41.294,-0.5196,4.4634
0.0782,-40.392,-0.52105,4.4412
0.0783,-39.462,-0.52272,4.4242
0.0784,-38.507,-0.52471,4.4053
0.0785,-37.527,-0.52681,4.3747
0.0786,-36.52,-0.52849,4.3243
0.0787,-35.474,-0.52912,4.2515
0.0788,-34.378,-0.52825,4.1583
0.0789,-33.23,-0.5254,4.0491
0.079,-32.032,-0.52034,3.9287
0.0791,-30.786,-0.51325,3.8008
0.0792,-29.502,-0.50456,3.6674
0.0793,-28.188,-0.49443,3.5284
0.0794,-26.839,-0.48297,3.3826
0.0795,-25.448,-0.47034,3.2279
0.0796,-24.009,-0.45656,3.0625
0.0797,-22.521,-0.4414,2.886
0.0798,-20.987,-0.42499,2.7001
0.0799,-19.422,-0.40769,2.5083
0.08,-17.846,-0.39,2.3146
0.0801,-16.27,-0.37253,2.1225
0.0802,-14.704,-0.35608,1.934
0.0803,-13.148,-0.3411,1.75
0.0804,-11.597,-0.32753,1.5701
0.0805,-10.036,-0.31498,1.393
0.0806,-8.4585,-0.30297,1.2178
0.0807,-6.8575,-0.29091,1.0434
0.0808,-5.2318,-0.27838,0.86931
0.0809,-3.5912,-0.26528,0.69613
0.081,-1.9533,-0.25176,0.525
0.0811,-0.33277,-0.23796,0.35687
0.0812,1.2613,-0.224,0.19212
0.0813,2.8252,-0.20984,0.030487
0.0814,4.3657,-0.19531,-0.12912
0.0815,5.8953,-0.18018,-0.2881
0.0816,7.4203,-0.16422,-0.44737
0.0817,8.9408,-0.14733,-0.60712
0.0818,10.453,-0.12976,-0.76691
0.0819,11.948,-0.11198,-0.92568
0.082,13.413,-0.094603,-1.0821
0.0821,14.84,-0.078176,-1.2351
0.0822,16.225,-0.063142,-1.384
0.0823,17.568,-0.049526,-1.5288
0.0824,18.872,-0.036995,-1.6698
0.0825,20.147,-0.025119,-1.8078
0.0826,21.402,-0.013587,-1.9434
0.0827,22.639,-0.0020943,-2.0769
0.0828,23.856,0.0094812,-2.2079
0.0829,25.048,0.021065,-2.3358
0.083,26.2,0.032594,-2.4595
0.0831,27.304,0.044272,-2.5782
0.0832,28.351,0.056363,-2.6915
0.0833,29.34,0.069184,-2.7993
0.0834,30.266,0.08314,-2.9016
0.0835,31.13,0.098609,-2.9985
0.0836,31.931,0.11561,-3.0902
0.0837,32.668,0.13388,-3.1765
0.0838,33.341,0.15299,-3.2574
0.0839,33.956,0.17236,-3.3332
0.084,34.514,0.19134,-3.4039
0.0841,35.018,0.20952,-3.4696
0.0842,35.47,0.22668,-3.5306
0.0843,35.874,0.24279,-3.5869
0.0844,36.231,0.25779,-3.6386
0.0845,36.543,0.27167,-3.6857
0.0846,36.808,0.28433,-3.7277
0.0847,37.021,0.29563,-3.7642
0.0848,37.177,0.30543,-3.7945
0.0849,37.271,0.31373,-3.8183
0.085,37.3,0.32069,-3.8354
0.0851,37.263,0.32661,-3.8459
0.0852,37.161,0.3319,-3.8503
0.0853,36.995,0.33699,-3.8486
0.0854,36.763,0.34225,-3.841
0.0855,36.463,0.3479,-3.8274
0.0856,36.095,0.35391,-3.8079
0.0857,35.661,0.3601,-3.7825
0.0858,35.16,0.36619,-3.7514
0.0859,34.598,0.37186,-3.7151
0.086,33.981,0.37684,-3.674
0.0861,33.313,0.38101,-3.6286
0.0862,32.601,0.38436,-3.5796
0.0863,31.853,0.38684,-3.5276
0.0864,31.072,0.38835,-3.4728
0.0865,30.258,0.38879,-3.4152
0.0866,29.409,0.38802,-3.3546
0.0867,28.521,0.38589,-3.2906
0.0868,27.587,0.38233,-3.223
0.0869,26.603,0.37745,-3.1515
0.087,25.568,0.37143,-3.0758
0.0871,24.48,0.36453,-2.9951
0.0872,23.34,0.35707,-2.9082
0.0873,22.148,0.34939,-2.8133
0.0874,20.908,0.34166,-2.7084
0.0875,19.624,0.33392,-2.592
0.0876,18.299,0.32613,-2.4635
0.0877,16.939,0.3182,-2.3241
0.0878,15.548,0.30997,-2.1758
0.0879,14.128,0.3014,-2.0211
0.088,12.685,0.29246,-1.8625
0.0881,11.221,0.28314,-1.7017
0.0882,9.7399,0.27334,-1.5401
0.0883,8.2448,0.26291,-1.3783
0.0884,6.7369,0.25165,-1.2163
0.0885,5.2165,0.23938,-1.054
0.0886,3.6851,0.22594,-0.89155
0.0887,2.1446,0.21133,-0.72877
0.0888,0.59636,0.19572,-0.56577
0.0889,-0.95811,0.17938,-0.40262
0.089,-2.5177,0.16268,-0.23936
0.0891,-4.0836,0.14602,-0.075866
0.0892,-5.6585,0.12978,0.088169
0.0893,-7.2389,0.11409,0.25234
0.0894,-8.8261,0.099101,0.41701
0.0895,-10.418,0.084845,0.58202
0.0896,-12.01,0.071321,0.74674
0.0897,-13.593,0.058566,0.91062
0.0898,-15.165,0.046598,1.0732
0.0899,-16.72,0.035499,1.234
0.09,-18.251,0.025363,1.3924
0.0901,-19.754,0.01619,1.5481
0.0902,-21.227,0.007772,1.7011
0.0903,-22.673,-0.00010374,1.8517
0.0904,-24.09,-0.007613,2
0.0905,-25.478,-0.014917,2.1461
0.0906,-26.839,-0.022124,2.2901
0.0907,-28.172,-0.029138,2.4319
0.0908,-29.474,-0.035829,2.5712
0.0909,-30.744,-0.042126,2.7077
0.091,-31.98,-0.048109,2.8412
0.0911,-33.18,-0.054143,2.9716
0.0912,-34.341,-0.061002,3.0986
0.0913,-35.461,-0.069593,3.2217
0.0914,-36.536,-0.080707,3.3408
0.0915,-37.566,-0.094787,3.4554
0.0916,-38.548,-0.11176,3.5653
0.0917,-39.478,-0.131,3.6701
0.0918,-40.356,-0.15169,3.7696
0.0919,-41.18,-0.17308,3.8637
0.092,-41.947,-0.19462,3.952
0.0921,-42.653,-0.21591,4.0345
0.0922,-43.298,-0.23683,4.1112
0.0923,-43.88,-0.25736,4.182
0.0924,-44.397,-0.27745,4.2468
0.0925,-44.85,-0.297,4.3056
0.0926,-45.239,-0.316,4.3588
0.0927,-45.569,-0.33437,4.4064
0.0928,-45.842,-0.35201,4.4489
0.0929,-46.061,-0.36881,4.4864
0.093,-46.228,-0.38478,4.5193
0.0931,-46.343,-0.3999,4.5475
0.0932,-46.403,-0.41411,4.5709
0.0933,-46.408,-0.42737,4.5892
0.0934,-46.352,-0.43961,4.602
0.0935,-46.234,-0.45067,4.6091
0.0936,-46.054,-0.46039,4.6103
0.0937,-45.81,-0.4686,4.6056
0.0938,-45.505,-0.47523,4.5951
0.0939,-45.14,-0.48029,4.5792
0.094,-44.718,-0.48395,4.5583
0.0941,-44.24,-0.48644,4.5328
0.0942,-43.706,-0.48809,4.5032
0.0943,-43.118,-0.48921,4.4702
0.0944,-42.475,-0.49007,4.4344
0.0945,-41.777,-0.49087,4.397
0.0946,-41.027,-0.49177,4.3593
0.0947,-40.228,-0.4929,4.3232
0.0948,-39.383,-0.49428,4.29
0.0949,-38.497,-0.49591,4.26
0.095,-37.573,-0.49777,4.2311
0.0951,-36.611,-0.49968,4.1979
0.0952,-35.608,-0.5013,4.1538
0.0953,-34.562,-0.50221,4.0937
0.0954,-33.47,-0.50206,4.0156
0.0955,-32.33,-0.50045,3.9206
0.0956,-31.143,-0.49708,3.8117
0.0957,-29.913,-0.49186,3.6921
0.0958,-28.643,-0.48486,3.5643
0.0959,-27.338,-0.47618,3.4297
0.096,-25.997,-0.46593,3.2883
0.0961,-24.621,-0.45426,3.1393
0.0962,-23.205,-0.44127,2.9818
0.0963,-21.751,-0.42704,2.8154
0.0964,-20.261,-0.41173,2.6408
0.0965,-18.74,-0.39558,2.4599
0.0966,-17.198,-0.37892,2.2754
0.0967,-15.647,-0.3622,2.0902
0.0968,-14.092,-0.34592,1.9064
0.0969,-12.538,-0.33049,1.7252
0.097,-10.984,-0.31613,1.5468
0.0971,-9.4228,-0.30282,1.3708
0.0972,-7.8491,-0.29032,1.1965
0.0973,-6.2581,-0.27825,1.0231
0.0974,-4.6497,-0.26626,0.85029
0.0975,-3.028,-0.25408,0.67825
0.0976,-1.4013,-0.24153,0.50742
0.0977,0.2199,-0.22857,0.33846
0.0978,1.8258,-0.21524,0.17192
0.0979,3.4104,-0.20149,0.0079353
0.098,4.9723,-0.18727,-0.15378
0.0981,6.5139,-0.1725,-0.3138
0.0982,8.0389,-0.15713,-0.47279
0.0983,9.5504,-0.14111,-0.63118
0.0984,11.048,-0.12457,-0.78906
0.0985,12.53,-0.10778,-0.94606
0.0986,13.988,-0.091115,-1.1015
0.0987,15.419,-0.075017,-1.2548
0.0988,16.817,-0.059894,-1.4052
0.0989,18.181,-0.045953,-1.5525
0.099,19.511,-0.033164,-1.6966
0.0991,20.811,-0.02132,-1.8378
0.0992,22.083,-0.010123,-1.9761
0.0993,23.33,0.00076111,-2.1117
0.0994,24.552,0.011578,-2.2444
0.0995,25.745,0.022474,-2.374
0.0996,26.904,0.03356,-2.4998
0.0997,28.022,0.044972,-2.6212
0.0998,29.092,0.05687,-2.7377
0.0999,30.107,0.069486,-2.849
0.1,31.064,0.083099,-2.9548
0.1001,31.96,0.097953,-3.0551
0.1002,32.793,0.11416,-3.1499
0.1003,33.563,0.13167,-3.2393
0.1004,34.269,0.15026,-3.3231
0.1005,34.914,0.16952,-3.4016
0.1006,35.5,0.18895,-3.475
0.1007,36.03,0.20809,-3.5434
0.1008,36.508,0.22653,-3.607
0.1009,36.937,0.24399,-3.6661
0.101,37.319,0.26031,-3.7206
0.1011,37.653,0.27539,-3.7705
0.1012,37.939,0.28911,-3.8155
0.1013,38.174,0.30141,-3.8551
0.1014,38.355,0.31225,-3.889
0.1015,38.477,0.32162,-3.9167
0.1016,38.537,0.32963,-3.9381
0.1017,38.533,0.3365,-3.9529
0.1018,38.465,0.34253,-3.9614
0.1019,38.331,0.34804,-3.9636
0.102,38.132,0.35338,-3.9597
0.1021,37.867,0.35882,-3.9498
0.1022,37.535,0.3645,-3.9339
0.1023,37.138,0.37042,-3.9123
0.1024,36.677,0.37645,-3.885
0.1025,36.154,0.3824,-3.8525
0.1026,35.574,0.38799,-3.8151
0.1027,34.941,0.39301,-3.7734
0.1028,34.26,0.39731,-3.7278
0.1029,33.537,0.40073,-3.6789
0.103,32.774,0.40316,-3.6269
0.1031,31.974,0.40448,-3.5721
0.1032,31.137,0.40459,-3.5146
0.1033,30.262,0.40339,-3.4542
0.1034,29.344,0.40085,-3.3911
0.1035,28.382,0.397,-3.325
0.1036,27.372,0.39199,-3.2556
0.1037,26.312,0.38598,-3.1823
0.1038,25.203,0.37925,-3.1038
0.1039,24.044,0.37203,-3.018
0.104,22.837,0.36453,-2.9225
0.1041,21.583,0.3569,-2.8147
0.1042,20.286,0.34917,-2.6933
0.1043,18.949,0.34131,-2.5587
0.1044,17.578,0.33325,-2.4126
0.1045,16.176,0.32493,-2.258
0.1046,14.747,0.31626,-2.0978
0.1047,13.296,0.30721,-1.9345
0.1048,11.826,0.2977,-1.7698
0.1049,10.338,0.2876,-1.6047
0.105,8.8349,0.27674,-1.4395
0.1051,7.3163,0.26496,-1.2745
0.1052,5.7838,0.25213,-1.1095
0.1053,4.2393,0.23819,-0.94441
0.1054,2.6854,0.22321,-0.7794
0.1055,1.1248,0.20738,-0.61454
0.1056,0.46021,0.20549,-0.53954
0.1057,0.4411,0.21171,-0.52881
0.1058,0.42027,0.21614,-0.51633
0.1059,0.40213,0.22374,-0.5051
0.106,0.38713,0.23707,-0.50017
0.1061,0.37327,0.25349,-0.49917
0.1062,0.35853,0.26956,-0.49529
0.1063,0.34475,0.28692,-0.49093
0.1064,0.33479,0.30918,-0.4931
0.1065,0.32757,0.33495,-0.49937
0.1066,0.31886,0.3597,-0.5028
0.1067,0.30724,0.38136,-0.50215
0.1068,0.29362,0.40047,-0.49837
0.1069,0.27869,0.41789,-0.49223
0.107,0.26309,0.43464,-0.4862
0.1071,0.24761,0.45003,-0.48053
0.1072,0.23136,0.46175,-0.47133
0.1073,0.21399,0.46928,-0.45787
0.1074,0.197,0.47444,-0.44388
0.1075,0.18084,0.47766,-0.43037
0.1076,0.16367,0.478,-0.41437
0.1077,0.14512,0.47543,-0.39518
0.1078,0.12658,0.47113,-0.37494
0.1079,0.10853,0.46641,-0.35545
0.108,0.090429,0.46293,-0.33781
0.1081,0.072385,0.46135,-0.32222
0.1082,0.054819,0.46133,-0.30781
0.1083,0.038725,0.46375,-0.29605
0.1084,0.025166,0.47016,-0.28938
0.1085,0.013261,0.47879,-0.28537
0.1086,0.00068338,0.48633,-0.2788
0.1087,-0.01262,0.4924,-0.26973
0.1088,-0.025135,0.49833,-0.2613
0.1089,-0.037078,0.50339,-0.25302
0.109,-0.04966,0.50628,-0.2426
0.1091,-0.062714,0.50669,-0.23003
0.1092,-0.076213,0.50416,-0.21481
0.1093,-0.090824,0.4983,-0.19581
0.1094,-0.10602,0.49027,-0.17438
0.1095,-0.12063,0.48079,-0.15223
0.1096,-0.13502,0.46902,-0.12809
0.1097,-0.14952,0.45483,-0.1016
0.1098,-0.16292,0.43971,-0.075359
0.1099,-0.17442,0.42447,-0.050993
0.11,-0.18464,0.4095,-0.028084
0.1101,-0.1936,0.39569,-0.0073154
0.1102,-0.20078,0.38357,0.010474
0.1103,-0.20658,0.37288,0.025995
0.1104,-0.21177,0.36391,0.039963
0.1105,-0.21668,0.3567,0.052721
0.1106,-0.22163,0.35038,0.065496
0.1107,-0.22638,0.34473,0.078136
0.1108,-0.22981,0.34056,0.088624
0.1109,-0.2316,0.33705,0.097158
0.111,-0.23273,0.33201,0.10669
0.1111,-0.23355,0.32445,0.11832
0.1112,-0.23363,0.31453,0.13141
0.1113,-0.23334,0.30168,0.14674
0.1114,-0.23337,0.28564,0.16525
0.1115,-0.23356,0.26684,0.18625
0.1116,-0.23394,0.24557,0.20944
0.1117,-0.23497,0.22217,0.23491
0.1118,-0.23625,0.19819,0.26078
0.1119,-0.23672,0.17498,0.28472
0.112,-0.23619,0.15282,0.30642
0.1121,-0.23468,0.13198,0.32572
0.1122,-0.23168,0.11288,0.34182
0.1123,-0.22718,0.095142,0.35512
0.1124,-0.22186,0.078487,0.36666
0.1125,-0.21579,0.063389,0.37597
0.1126,-0.20856,0.049966,0.3826
0.1127,-0.20035,0.03768,0.38716
0.1128,-0.19133,0.026539,0.38978
0.1129,-0.18155,0.016316,0.39055
0.113,-0.17157,0.0057529,0.39124
0.1131,-0.16191,-0.0060147,0.39304
0.1132,-0.15211,-0.018697,0.39514
0.1133,-0.14186,-0.032674,0.39745
0.1134,-0.13167,-0.049084,0.40158
0.1135,-0.12174,-0.068167,0.4078
0.1136,-0.11156,-0.089332,0.41504
0.1137,-0.10119,-0.11235,0.42313
0.1138,-0.090902,-0.13668,0.43194
0.1139,-0.080328,-0.16127,0.44018
0.114,-0.069266,-0.18555,0.44732
0.1141,-0.058243,-0.20938,0.45392
0.1142,-0.047367,-0.23203,0.45955
0.1143,-0.036143,-0.25269,0.46302
0.1144,-0.024321,-0.271,0.4639
0.1145,-0.011728,-0.28659,0.46169
0.1146,0.0022412,-0.29914,0.45554
0.1147,0.017774,-0.30918,0.44578
0.1148,0.034422,-0.31751,0.43365
0.1149,0.051814,-0.32462,0.41989
0.115,0.069727,-0.33116,0.40537
0.1151,0.087631,-0.33803,0.39139
0.1152,0.10523,-0.34552,0.3785
0.1153,0.12246,-0.35376,0.36682
0.1154,0.13901,-0.36331,0.35728
0.1155,0.15461,-0.3743,0.35026
0.1156,0.16976,-0.38599,0.34462
0.1157,0.18494,-0.39792,0.33951
0.1158,0.20014,-0.41014,0.33516
0.1159,0.21542,-0.42243,0.33126
0.116,0.23111,-0.43439,0.32719
0.1161,0.247,-0.44603,0.32313
0.1162,0.26283,-0.45693,0.3189
0.1163,0.27895,-0.4661,0.31315
0.1164,0.29567,-0.47287,0.30496
0.1165,0.31275,-0.47701,0.2943
0.1166,0.33014,-0.47814,0.28084
0.1167,0.34794,-0.47615,0.26429
0.1168,0.36586,-0.47155,0.24537
0.1169,0.38357,-0.46481,0.22471
0.117,0.40122,-0.4563,0.20241
0.1171,0.41874,-0.44695,0.1793
0.1172,0.43582,-0.43779,0.15667
0.1173,0.45237,-0.42932,0.13506
0.1174,0.46848,-0.42191,0.11488
0.1175,0.48401,-0.41603,0.096827
0.1176,0.49897,-0.41158,0.080937
0.1177,0.51358,-0.40821,0.066742
0.1178,0.52776,-0.40597,0.054462
0.1179,0.54122,-0.40481,0.044311
0.118,0.55414,-0.40405,0.035411
0.1181,0.56665,-0.403,0.026667
0.1182,0.5786,-0.40118,0.017405
0.1183,0.58982,-0.39795,0.0066358
0.1184,0.60028,-0.39274,-0.0066214
0.1185,0.60963,-0.38552,-0.022364
0.1186,0.61764,-0.37626,-0.040264
0.1187,0.62445,-0.36481,-0.060374
0.1188,0.63024,-0.3513,-0.082407
0.1189,0.63487,-0.33608,-0.10564
0.119,0.63845,-0.3194,-0.12969
0.1191,0.64111,-0.30165,-0.15418
0.1192,0.64278,-0.28351,-0.17827
0.1193,0.64349,-0.26542,-0.2015
0.1194,0.64359,-0.24762,-0.22387
0.1195,0.64323,-0.23068,-0.24493
0.1196,0.64239,-0.21518,-0.26397
0.1197,0.64105,-0.2013,-0.28076
0.1198,0.63919,-0.18919,-0.29508
0.1199,0.63647,-0.17889,-0.30657
0.12,0.63281,-0.16985,-0.31576
0.1201,0.6284,-0.16114,-0.32382
0.1202,0.62331,-0.15214,-0.33149
0.1203,0.61747,-0.14234,-0.33925
0.1204,0.61112,-0.13103,-0.34803
0.1205,0.60449,-0.11777,-0.35838
0.1206,0.59762,-0.1025,-0.37023
0.1207,0.59065,-0.0851,-0.38368
0.1208,0.58395,-0.065574,-0.39883
0.1209,0.57752,-0.044383,-0.41512
0.121,0.57122,-0.022057,-0.4318
0.1211,0.56496,0.0010604,-0.4485
0.1212,0.55867,0.024498,-0.46478
0.1213,0.55204,0.047704,-0.47991
0.1214,0.54491,0.07032,-0.49349
0.1215,0.53717,0.091952,-0.50512
0.1216,0.5286,0.11205,-0.5141
0.1217,0.51896,0.13033,-0.51997
0.1218,0.50837,0.14682,-0.52288
0.1219,0.49692,0.1616,-0.523
0.122,0.48476,0.17484,-0.52064
0.1221,0.47209,0.18699,-0.51648
0.1222,0.4591,0.19844,-0.51108
0.1223,0.4457,0.20945,-0.50466
0.1224,0.43185,0.2205,-0.49768
0.1225,0.41766,0.23221,-0.49088
