0.05,0.038009,-0.034182,-0.022679
0.0501,0.038948,-0.031192,-0.023279
0.0502,0.039944,-0.028202,-0.023811
0.0503,0.040997,-0.025239,-0.024282
0.0504,0.042101,-0.022318,-0.024707
0.0505,0.043249,-0.019454,-0.025116
0.0506,0.04443,-0.016656,-0.025519
0.0507,0.045627,-0.013929,-0.025921
0.0508,0.04682,-0.011277,-0.026323
0.0509,0.047982,-0.0087058,-0.026727
0.051,0.049082,-0.0062183,-0.027136
0.0511,0.050084,-0.0038185,-0.027557
0.0512,0.050951,-0.0015119,-0.027987
0.0513,0.051644,0.00069433,-0.028422
0.0514,0.052122,0.0027942,-0.028859
0.0515,0.052351,0.0047823,-0.029297
0.0516,0.052301,0.0066531,-0.029734
0.0517,0.051949,0.008403,-0.030172
0.0518,0.051281,0.010032,-0.030612
0.0519,0.050295,0.01154,-0.031057
0.052,0.048998,0.012929,-0.031513
0.0521,0.047406,0.014206,-0.031982
0.0522,0.045542,0.015377,-0.032473
0.0523,0.043441,0.016449,-0.032991
0.0524,0.04113,0.017431,-0.033542
0.0525,0.038648,0.018332,-0.034134
0.0526,0.036033,0.019162,-0.034775
0.0527,0.033321,0.019928,-0.035463
0.0528,0.030545,0.020636,-0.036213
0.0529,0.027738,0.021295,-0.037022
0.053,0.024926,0.021906,-0.03789
0.0531,0.022134,0.022474,-0.038815
0.0532,0.019379,0.023003,-0.039789
0.0533,0.016677,0.023516,-0.040803
0.0534,0.014041,0.024013,-0.041842
0.0535,0.011478,0.024492,-0.042887
0.0536,0.0089961,0.024948,-0.043916
0.0537,0.0066012,0.025378,-0.044901
0.0538,0.0042978,0.025786,-0.045811
0.0539,0.0020892,0.026175,-0.04661
0.054,-2.0413e-05,0.026547,-0.047263
0.0541,-0.0020276,0.0269,-0.04773
0.0542,-0.0039307,0.027238,-0.047976
0.0543,-0.0057289,0.027567,-0.047967
0.0544,-0.0074225,0.027891,-0.047679
0.0545,-0.0090135,0.028219,-0.047094
0.0546,-0.010505,0.028559,-0.046205
0.0547,-0.011902,0.028921,-0.045018
0.0548,-0.013208,0.029311,-0.043553
0.0549,-0.014429,0.029735,-0.041825
0.055,-0.015568,0.030208,-0.039873
0.0551,-0.01663,0.030732,-0.037732
0.0552,-0.017618,0.031309,-0.03544
0.0553,-0.018534,0.031944,-0.033034
0.0554,-0.019381,0.032637,-0.030547
0.0555,-0.020161,0.033386,-0.028009
0.0556,-0.020875,0.034192,-0.025443
0.0557,-0.021527,0.035049,-0.022871
0.0558,-0.022117,0.035953,-0.020308
0.0559,-0.022647,0.036896,-0.017764
0.056,-0.023126,0.037869,-0.01525
0.0561,-0.023579,0.038859,-0.012774
0.0562,-0.024005,0.03985,-0.010343
0.0563,-0.024406,0.040824,-0.0079652
0.0564,-0.024789,0.041756,-0.0056475
0.0565,-0.025162,0.042621,-0.0033982
0.0566,-0.025525,0.043389,-0.0012262
0.0567,-0.02588,0.044028,0.00086011
0.0568,-0.026232,0.044508,0.0028527
0.0569,-0.026543,0.044793,0.004711
0.057,-0.026898,0.044867,0.006497
0.0571,-0.02727,0.044704,0.008183
0.0572,-0.027644,0.044292,0.0097511
0.0573,-0.028014,0.043623,0.011193
0.0574,-0.028466,0.042708,0.012584
0.0575,-0.028916,0.041546,0.013853
0.0576,-0.029394,0.040156,0.015025
0.0577,-0.029902,0.038553,0.016108
0.0578,-0.030488,0.036766,0.017148
0.0579,-0.031065,0.034797,0.018071
0.058,-0.031689,0.032681,0.018929
0.0581,-0.03236,0.030436,0.019728
0.0582,-0.033093,0.028087,0.020484
0.0583,-0.033841,0.02565,0.021157
0.0584,-0.034669,0.023154,0.021813
0.0585,-0.035554,0.020616,0.022428
0.0586,-0.03649,0.018059,0.023
0.0587,-0.037444,0.015499,0.023505
0.0588,-0.038461,0.012961,0.024001
0.0589,-0.039481,0.010459,0.024458
0.059,-0.040513,0.0080114,0.024897
0.0591,-0.04153,0.0056331,0.025321
0.0592,-0.04253,0.0033402,0.02574
0.0593,-0.043432,0.0011382,0.026106
0.0594,-0.044262,-0.00095714,0.026469
0.0595,-0.044979,-0.0029422,0.026825
0.0596,-0.045557,-0.0048133,0.027179
0.0597,-0.045938,-0.006574,0.027512
0.0598,-0.046148,-0.0082211,0.027878
0.0599,-0.046121,-0.0097656,0.028248
0.06,-0.045839,-0.011214,0.028623
0.0601,-0.045287,-0.012573,0.029013
0.0602,-0.044497,-0.013848,0.029462
0.0603,-0.043417,-0.015053,0.029925
0.0604,-0.042061,-0.016193,0.030424
0.0605,-0.040457,-0.017271,0.030972
0.0606,-0.038634,-0.018291,0.031594
0.0607,-0.036567,-0.019261,0.032246
0.0608,-0.034329,-0.020174,0.032971
0.0609,-0.031957,-0.021032,0.033781
0.061,-0.029474,-0.021832,0.034667
0.0611,-0.026876,-0.022578,0.035597
0.0612,-0.02424,-0.023259,0.036614
0.0613,-0.021577,-0.023876,0.0377
0.0614,-0.018898,-0.024428,0.038838
0.0615,-0.016219,-0.024915,0.040018
0.0616,-0.013602,-0.025355,0.041268
0.0617,-0.011026,-0.025759,0.042542
0.0618,-0.0085019,-0.026137,0.043821
0.0619,-0.0060535,-0.026496,0.045096
0.062,-0.0037169,-0.026837,0.046362
0.0621,-0.0014615,-0.02717,0.047561
0.0622,0.00068796,-0.0275,0.048677
0.0623,0.0027246,-0.027835,0.049678
0.0624,0.0046494,-0.028181,0.050529
0.0625,0.0064941,-0.028551,0.051169
0.0626,0.0082309,-0.028946,0.051591
0.0627,0.0098716,-0.029374,0.051755
0.0628,0.011424,-0.029838,0.051635
0.0629,0.012902,-0.030343,0.051203
0.063,0.014282,-0.030888,0.050471
0.0631,0.015591,-0.031475,0.049413
0.0632,0.016823,-0.032105,0.048042
0.0633,0.017973,-0.032777,0.046378
0.0634,0.01903,-0.033491,0.044442
0.0635,0.020022,-0.034251,0.042244
0.0636,0.020934,-0.035056,0.039827
0.0637,0.021771,-0.035909,0.037222
0.0638,0.022539,-0.036809,0.034459
0.0639,0.023255,-0.037769,0.031564
0.064,0.023893,-0.038783,0.028595
0.0641,0.024467,-0.039855,0.025579
0.0642,0.024988,-0.040982,0.022544
0.0643,0.025465,-0.042164,0.019521
0.0644,0.025898,-0.04339,0.01656
0.0645,0.026312,-0.044652,0.013667
0.0646,0.026707,-0.045937,0.010865
0.0647,0.02708,-0.047225,0.0081803
0.0648,0.027435,-0.048491,0.0056297
0.0649,0.027809,-0.049711,0.003193
0.065,0.028193,-0.050852,0.00088427
0.0651,0.028583,-0.051882,-0.0012901
0.0652,0.028985,-0.052763,-0.0033376
0.0653,0.029423,-0.053463,-0.0052801
0.0654,0.029872,-0.053942,-0.0071022
0.0655,0.030339,-0.054165,-0.0088139
0.0656,0.030834,-0.054103,-0.010432
0.0657,0.031362,-0.053728,-0.011966
0.0658,0.031898,-0.053019,-0.013398
0.0659,0.032454,-0.051971,-0.014746
0.066,0.033047,-0.050573,-0.016019
0.0661,0.033671,-0.04884,-0.017217
0.0662,0.034321,-0.04679,-0.018332
0.0663,0.035022,-0.044458,-0.019385
0.0664,0.035771,-0.04188,-0.02037
0.0665,0.036564,-0.039102,-0.02128
0.0666,0.037405,-0.036173,-0.022113
0.0667,0.038309,-0.033144,-0.022881
0.0668,0.039264,-0.030059,-0.023571
0.0669,0.04027,-0.026964,-0.024182
0.067,0.041325,-0.023897,-0.024717
0.0671,0.042427,-0.020888,-0.025192
0.0672,0.043553,-0.017962,-0.025617
0.0673,0.0447,-0.015137,-0.026004
0.0674,0.045855,-0.012426,-0.026362
0.0675,0.046995,-0.0098334,-0.026696
0.0676,0.048088,-0.0073608,-0.027005
0.0677,0.049118,-0.0050074,-0.027318
0.0678,0.050043,-0.0027673,-0.027637
0.0679,0.050827,-0.00063456,-0.027966
0.068,0.051434,0.0013969,-0.02831
0.0681,0.051837,0.0033321,-0.028683
0.0682,0.05199,0.0051777,-0.029075
0.0683,0.051866,0.0069371,-0.029489
0.0684,0.051447,0.0086122,-0.02993
0.0685,0.05072,0.010204,-0.030401
0.0686,0.049669,0.011712,-0.030892
0.0687,0.048311,0.013135,-0.031415
0.0688,0.046664,0.014469,-0.031972
0.0689,0.044752,0.015714,-0.032559
0.069,0.042591,0.016868,-0.03317
0.0691,0.040231,0.017929,-0.033819
0.0692,0.037706,0.018898,-0.034502
0.0693,0.035048,0.019777,-0.035215
0.0694,0.032296,0.020567,-0.035956
0.0695,0.029493,0.02127,-0.036744
0.0696,0.026662,0.021893,-0.037564
0.0697,0.023828,0.02244,-0.038414
0.0698,0.021025,0.022915,-0.039296
0.0699,0.018276,0.023342,-0.04021
0.07,0.015589,0.023741,-0.041139
0.0701,0.012984,0.02412,-0.042076
0.0702,0.010472,0.024484,-0.043008
0.0703,0.0080562,0.024838,-0.043914
0.0704,0.0057312,0.025188,-0.044764
0.0705,0.0035069,0.025547,-0.045539
0.0706,0.0013813,0.025918,-0.04621
0.0707,-0.00065143,0.026304,-0.046741
0.0708,-0.0025946,0.026703,-0.047101
0.0709,-0.0044415,0.027114,-0.047266
0.071,-0.0061994,0.027536,-0.047203
0.0711,-0.0078689,0.027968,-0.046889
0.0712,-0.0094465,0.028407,-0.046308
0.0713,-0.010928,0.028854,-0.045452
0.0714,-0.012323,0.02931,-0.044312
0.0715,-0.01363,0.029773,-0.0429
0.0716,-0.014847,0.030255,-0.041221
0.0717,-0.015981,0.030756,-0.0393
0.0718,-0.017037,0.031283,-0.03716
0.0719,-0.01801,0.03184,-0.03484
0.072,-0.018907,0.032433,-0.032374
0.0721,-0.019732,0.033068,-0.029799
0.0722,-0.020488,0.03375,-0.027152
0.0723,-0.021171,0.03448,-0.024473
0.0724,-0.021787,0.03526,-0.021792
0.0725,-0.02234,0.036088,-0.019137
0.0726,-0.022826,0.036962,-0.016532
0.0727,-0.023267,0.037872,-0.013998
0.0728,-0.023685,0.03881,-0.011538
0.0729,-0.024081,0.039761,-0.009163
0.073,-0.024455,0.040707,-0.0068786
0.0731,-0.024822,0.041626,-0.0046825
0.0732,-0.025192,0.042491,-0.0025692
0.0733,-0.025559,0.043274,-0.00054229
0.0734,-0.025926,0.043942,0.0014022
0.0735,-0.026299,0.04446,0.0032698
0.0736,-0.026678,0.044796,0.0050617
0.0737,-0.027057,0.044915,0.0067724
0.0738,-0.027444,0.044789,0.0084059
0.0739,-0.027842,0.044394,0.0099633
0.074,-0.028253,0.043715,0.011442
0.0741,-0.028678,0.042748,0.012837
0.0742,-0.029129,0.041497,0.014155
0.0743,-0.029608,0.039978,0.015392
0.0744,-0.030118,0.038218,0.016543
0.0745,-0.030662,0.036241,0.01761
0.0746,-0.031251,0.034086,0.018595
0.0747,-0.031883,0.031789,0.019495
0.0748,-0.032561,0.029387,0.020311
0.0749,-0.033288,0.026915,0.021047
0.075,-0.034067,0.024402,0.021706
0.0751,-0.034888,0.021873,0.022288
0.0752,-0.035763,0.019351,0.022802
0.0753,-0.036685,0.016852,0.023255
0.0754,-0.037649,0.014389,0.023655
0.0755,-0.038645,0.011971,0.024028
0.0756,-0.039664,0.0096071,0.02439
0.0757,-0.04069,0.0073001,0.024753
0.0758,-0.041703,0.0050543,0.025122
0.0759,-0.042679,0.0028734,0.025499
0.076,-0.043595,0.00076122,0.025889
0.0761,-0.044417,-0.0012791,0.026288
0.0762,-0.045114,-0.0032435,0.026696
0.0763,-0.045653,-0.0051276,0.027114
0.0764,-0.046004,-0.0069268,0.027543
0.0765,-0.046133,-0.0086374,0.027978
0.0766,-0.046018,-0.010255,0.028423
0.0767,-0.045642,-0.011777,0.02888
0.0768,-0.044992,-0.013202,0.02935
0.0769,-0.044066,-0.014529,0.029834
0.077,-0.042863,-0.01576,0.030339
0.0771,-0.041399,-0.016897,0.030866
0.0772,-0.039689,-0.017945,0.031426
0.0773,-0.037758,-0.018908,0.032023
0.0774,-0.035634,-0.019792,0.032665
0.0775,-0.033345,-0.020603,0.033357
0.0776,-0.030922,-0.021347,0.034104
0.0777,-0.028397,-0.02203,0.034915
0.0778,-0.025804,-0.022656,0.035795
0.0779,-0.023167,-0.023232,0.036747
0.078,-0.020516,-0.023761,0.037772
0.0781,-0.017873,-0.024245,0.038871
0.0782,-0.015257,-0.024696,0.040038
0.0783,-0.012682,-0.025135,0.041262
0.0784,-0.010164,-0.025566,0.042534
0.0785,-0.0077119,-0.025996,0.043837
0.0786,-0.0053321,-0.026427,0.045147
0.0787,-0.0030312,-0.026857,0.046437
0.0788,-0.00081703,-0.027285,0.04768
0.0789,0.0013079,-0.027709,0.048836
0.079,0.0033401,-0.028131,0.049868
0.0791,0.0052749,-0.02855,0.050733
0.0792,0.0071093,-0.028968,0.05139
0.0793,0.0088451,-0.029388,0.051797
0.0794,0.010482,-0.029814,0.051915
0.0795,0.01202,-0.030252,0.051717
0.0796,0.013462,-0.030707,0.05118
0.0797,0.014813,-0.031187,0.050293
0.0798,0.016075,-0.031698,0.049061
0.0799,0.017251,-0.032248,0.047496
0.08,0.018347,-0.032845,0.045626
0.0801,0.019366,-0.033495,0.043477
0.0802,0.020309,-0.034203,0.041094
0.0803,0.02118,-0.034977,0.038518
0.0804,0.021983,-0.035819,0.035795
0.0805,0.022719,-0.036728,0.032967
0.0806,0.02339,-0.037715,0.030073
0.0807,0.024001,-0.038775,0.027145
0.0808,0.024553,-0.039906,0.024213
0.0809,0.025049,-0.041104,0.0213
0.081,0.02551,-0.042362,0.018426
0.0811,0.025951,-0.04367,0.015603
0.0812,0.026372,-0.045013,0.012846
0.0813,0.026775,-0.046372,0.010163
0.0814,0.02717,-0.047723,0.0075609
0.0815,0.027566,-0.049037,0.0050483
0.0816,0.02796,-0.050281,0.0026332
0.0817,0.028357,-0.051416,0.00032057
0.0818,0.028759,-0.052403,-0.001885
0.0819,0.02917,-0.053201,-0.0039788
0.082,0.02959,-0.05377,-0.0059576
0.0821,0.030027,-0.054075,-0.0078217
0.0822,0.030482,-0.054086,-0.0095703
0.0823,0.030958,-0.053783,-0.011204
0.0824,0.03146,-0.053154,-0.012725
0.0825,0.031991,-0.052196,-0.014139
0.0826,0.032549,-0.050919,-0.015448
0.0827,0.033144,-0.049331,-0.016657
0.0828,0.033778,-0.047458,-0.017773
0.0829,0.034452,-0.045326,-0.018801
0.083,0.035167,-0.042969,-0.019747
0.0831,0.03593,-0.040419,-0.020617
0.0832,0.036743,-0.037713,-0.021419
0.0833,0.037608,-0.034886,-0.022158
0.0834,0.038527,-0.031972,-0.022838
0.0835,0.039501,-0.029005,-0.023465
0.0836,0.040528,-0.026015,-0.02404
0.0837,0.041603,-0.023032,-0.024566
0.0838,0.042719,-0.020079,-0.025062
0.0839,0.043866,-0.01718,-0.025539
0.084,0.045027,-0.014354,-0.025995
0.0841,0.046184,-0.011615,-0.026428
0.0842,0.047312,-0.0089793,-0.026837
0.0843,0.048384,-0.006455,-0.027225
0.0844,0.049367,-0.0040496,-0.027599
0.0845,0.050228,-0.0017676,-0.027965
0.0846,0.050933,0.00038897,-0.028325
0.0847,0.051444,0.0024204,-0.028681
0.0848,0.05173,0.0043294,-0.029038
0.0849,0.05176,0.0061203,-0.029401
0.085,0.051512,0.0077988,-0.029773
0.0851,0.050968,0.0093717,-0.030161
0.0852,0.05012,0.010846,-0.03057
0.0853,0.048968,0.012229,-0.031004
0.0854,0.047521,0.013528,-0.031469
0.0855,0.045796,0.014747,-0.03197
0.0856,0.043821,0.015892,-0.032511
0.0857,0.041618,0.016967,-0.033097
0.0858,0.039225,0.017974,-0.03373
0.0859,0.036677,0.018916,-0.034415
0.086,0.034012,0.019792,-0.035152
0.0861,0.031265,0.020603,-0.035937
0.0862,0.028468,0.021347,-0.036776
0.0863,0.025653,0.022024,-0.037662
0.0864,0.022845,0.022631,-0.03859
0.0865,0.020068,0.023169,-0.039551
0.0866,0.017338,0.02366,-0.040536
0.0867,0.014674,0.024111,-0.041532
0.0868,0.012086,0.024525,-0.042522
0.0869,0.0095852,0.024902,-0.043486
0.087,0.0071787,0.025246,-0.044401
0.0871,0.0048721,0.025566,-0.04524
0.0872,0.002667,0.025877,-0.045972
0.0873,0.00056524,0.026183,-0.046566
0.0874,-0.0014332,0.026492,-0.046991
0.0875,-0.00333,0.026809,-0.047218
0.0876,-0.0051281,0.027141,-0.04722
0.0877,-0.00683,0.027492,-0.046978
0.0878,-0.0084391,0.027867,-0.046478
0.0879,-0.0099591,0.028271,-0.045712
0.088,-0.011393,0.028705,-0.044683
0.0881,-0.012743,0.029171,-0.043402
0.0882,-0.014011,0.029667,-0.041875
0.0883,-0.015199,0.030202,-0.040125
0.0884,-0.016308,0.030772,-0.038175
0.0885,-0.017339,0.031378,-0.03605
0.0886,-0.018295,0.03202,-0.033777
0.0887,-0.019176,0.032699,-0.031382
0.0888,-0.019984,0.033415,-0.028891
0.0889,-0.020722,0.034168,-0.026332
0.089,-0.021392,0.034957,-0.023728
0.0891,-0.021994,0.035781,-0.021104
0.0892,-0.022532,0.036636,-0.018482
0.0893,-0.023009,0.037518,-0.015882
0.0894,-0.023451,0.038417,-0.013324
0.0895,-0.023863,0.039323,-0.010825
0.0896,-0.024249,0.040221,-0.0083998
0.0897,-0.024615,0.041094,-0.006059
0.0898,-0.024972,0.041919,-0.0038117
0.0899,-0.025325,0.042674,-0.0016644
0.09,-0.025676,0.043331,0.00037973
0.0901,-0.026029,0.043863,0.0023192
0.0902,-0.026387,0.044243,0.0041549
0.0903,-0.026753,0.044444,0.0058895
0.0904,-0.02713,0.044443,0.0075273
0.0905,-0.027522,0.044216,0.0090726
0.0906,-0.027929,0.043748,0.01053
0.0907,-0.028354,0.043027,0.011905
0.0908,-0.028801,0.042047,0.013203
0.0909,-0.02927,0.040809,0.014427
0.091,-0.029767,0.03932,0.01558
0.0911,-0.030295,0.0376,0.016666
0.0912,-0.030857,0.03566,0.017687
0.0913,-0.031457,0.033531,0.018644
0.0914,-0.032101,0.031242,0.019538
0.0915,-0.03279,0.028826,0.020369
0.0916,-0.033528,0.026315,0.021136
0.0917,-0.034311,0.023744,0.021837
0.0918,-0.035149,0.021142,0.022473
0.0919,-0.036034,0.01854,0.023042
0.092,-0.036964,0.015962,0.023543
0.0921,-0.03793,0.013429,0.023984
0.0922,-0.038924,0.01096,0.024388
0.0923,-0.039933,0.0085656,0.024762
0.0924,-0.04094,0.0062558,0.025117
0.0925,-0.041925,0.004036,0.025459
0.0926,-0.042865,0.0019089,0.025792
0.0927,-0.043733,-0.00012527,0.026122
0.0928,-0.044501,-0.002068,0.026454
0.0929,-0.045137,-0.0039222,0.026793
0.093,-0.045609,-0.0056913,0.027146
0.0931,-0.045887,-0.007379,0.027516
0.0932,-0.045944,-0.0089885,0.027908
0.0933,-0.045753,-0.010522,0.028325
0.0934,-0.045299,-0.011982,0.02877
0.0935,-0.044571,-0.013369,0.029246
0.0936,-0.043569,-0.014683,0.029756
0.0937,-0.042291,-0.015923,0.030301
0.0938,-0.040752,-0.017089,0.030881
0.0939,-0.038974,-0.01818,0.031507
0.094,-0.03698,-0.019194,0.032177
0.0941,-0.034799,-0.020129,0.032894
0.0942,-0.032463,-0.020986,0.033661
0.0943,-0.030003,-0.021765,0.034479
0.0944,-0.027452,-0.022467,0.035353
0.0945,-0.02484,-0.023095,0.036283
0.0946,-0.022194,-0.023651,0.037271
0.0947,-0.019541,-0.024139,0.038316
0.0948,-0.016902,-0.024565,0.039416
0.0949,-0.014296,-0.024952,0.040566
0.095,-0.011741,-0.025317,0.041758
0.0951,-0.0092476,-0.025671,0.04298
0.0952,-0.0068269,-0.026027,0.044216
0.0953,-0.0044868,-0.02639,0.045444
0.0954,-0.0022328,-0.026763,0.046641
0.0955,-6.867e-05,-0.027151,0.047778
0.0956,0.0020028,-0.027555,0.048822
0.0957,0.0039804,-0.027977,0.049738
0.0958,0.0058639,-0.028418,0.050489
0.0959,0.0076534,-0.028878,0.051038
0.096,0.0093492,-0.029356,0.05135
0.0961,0.010952,-0.029852,0.051391
0.0962,0.012463,-0.030366,0.051133
0.0963,0.013884,-0.030898,0.050557
0.0964,0.015215,-0.031449,0.049648
0.0965,0.016459,-0.032022,0.048403
0.0966,0.017618,-0.032621,0.046834
0.0967,0.018695,-0.033251,0.044951
0.0968,0.019691,-0.033918,0.042783
0.0969,0.020612,-0.034628,0.040366
0.097,0.021459,-0.035388,0.037741
0.0971,0.022235,-0.036204,0.034953
0.0972,0.022946,-0.037078,0.032046
0.0973,0.023592,-0.038023,0.029067
0.0974,0.024177,-0.039038,0.026056
0.0975,0.024704,-0.040122,0.023051
0.0976,0.025178,-0.041274,0.020083
0.0977,0.025625,-0.042488,0.017177
0.0978,0.02605,-0.043755,0.014353
0.0979,0.026458,-0.04506,0.011624
0.098,0.026851,-0.046385,0.0089977
0.0981,0.027241,-0.047708,0.0064793
0.0982,0.027633,-0.048998,0.0040699
0.0983,0.028029,-0.050224,0.0017687
0.0984,0.028432,-0.051348,-0.00042623
0.0985,0.028843,-0.052329,-0.0025176
0.0986,0.029265,-0.053124,-0.0045083
0.0987,0.029699,-0.053691,-0.006401
0.0988,0.030147,-0.053988,-0.0081977
0.0989,0.030613,-0.053979,-0.0099002
0.099,0.031099,-0.053638,-0.011509
0.0991,0.031608,-0.052946,-0.013026
0.0992,0.032138,-0.0519,-0.01445
0.0993,0.032703,-0.0505,-0.015782
0.0994,0.033302,-0.048769,-0.017022
0.0995,0.033939,-0.046735,-0.018171
0.0996,0.034617,-0.044436,-0.01923
0.0997,0.035342,-0.041917,-0.020199
0.0998,0.036115,-0.039223,-0.021083
0.0999,0.036941,-0.036399,-0.021883
0.1,0.03782,-0.03349,-0.022603
0.1001,0.038754,-0.030534,-0.023247
0.1002,0.039742,-0.027566,-0.02382
0.1003,0.040782,-0.024614,-0.024327
0.1004,0.041866,-0.021702,-0.024778
0.1005,0.042989,-0.018846,-0.025201
0.1006,0.044136,-0.01606,-0.025603
0.1007,0.045293,-0.013355,-0.025989
0.1008,0.046438,-0.010735,-0.026363
0.1009,0.047548,-0.008208,-0.026728
0.101,0.048592,-0.0057756,-0.027092
0.1011,0.049539,-0.0034405,-0.027463
0.1012,0.050352,-0.001205,-0.027845
0.1013,0.050996,0.00092859,-0.028238
0.1014,0.051435,0.0029585,-0.028641
0.1015,0.051637,0.0048831,-0.029055
0.1016,0.051573,0.0067011,-0.02948
0.1017,0.051222,0.008412,-0.029917
0.1018,0.05057,0.010016,-0.030366
0.1019,0.049612,0.011514,-0.030828
0.102,0.048352,0.012907,-0.031306
0.1021,0.046804,0.0142,-0.031803
0.1022,0.044988,0.015395,-0.032323
0.1023,0.042934,0.016497,-0.032869
0.1024,0.040667,0.01751,-0.033446
0.1025,0.038224,0.018442,-0.03406
0.1026,0.035642,0.019298,-0.034715
0.1027,0.032955,0.020083,-0.03541
0.1028,0.030199,0.020802,-0.036157
0.1029,0.027405,0.02146,-0.036953
0.103,0.024601,0.02206,-0.037797
0.1031,0.021814,0.022605,-0.038685
0.1032,0.019064,0.023105,-0.039613
0.1033,0.016368,0.023582,-0.040571
0.1034,0.013741,0.024039,-0.041546
0.1035,0.011195,0.024475,-0.042522
0.1036,0.0087359,0.024892,-0.043478
0.1037,0.0063708,0.025287,-0.04439
0.1038,0.0041027,0.025669,-0.045231
0.1039,0.0019338,0.026043,-0.045967
0.104,-0.00013501,0.026409,-0.046566
0.1041,-0.0021037,0.026769,-0.046993
0.1042,-0.0039729,0.027125,-0.047217
0.1043,-0.005744,0.02748,-0.047206
0.1044,-0.0074192,0.027837,-0.046935
0.1045,-0.0090006,0.028202,-0.046387
0.1046,-0.010491,0.028579,-0.045552
0.1047,-0.011893,0.028974,-0.04443
0.1048,-0.013209,0.029393,-0.043035
0.1049,-0.014442,0.029838,-0.041378
0.105,-0.015596,0.030322,-0.03949
0.1051,-0.016671,0.030847,-0.037401
0.1052,-0.01767,0.031417,-0.035147
0.1053,-0.018596,0.032035,-0.032762
0.1054,-0.019449,0.032703,-0.030281
0.1055,-0.020232,0.033423,-0.027737
0.1056,-0.020946,0.034193,-0.025158
0.1057,-0.021593,0.035013,-0.022568
0.1058,-0.022175,0.035877,-0.019989
0.1059,-0.022692,0.036781,-0.017437
0.106,-0.023155,0.037714,-0.014926
0.1061,-0.023588,0.038668,-0.012466
0.1062,-0.023993,0.039626,-0.010065
0.1063,-0.024373,0.040571,-0.00773
0.1064,-0.024737,0.041481,-0.0054661
0.1065,-0.025093,0.04233,-0.0032773
0.1066,-0.025445,0.04309,-0.0011677
0.1067,-0.025796,0.043731,0.00085886
0.1068,-0.026148,0.044222,0.0027993
0.1069,-0.026504,0.044533,0.0046508
0.107,-0.026869,0.044636,0.0064111
0.1071,-0.027245,0.044509,0.0080786
0.1072,-0.027635,0.044134,0.0096524
0.1073,-0.028043,0.043502,0.011132
0.1074,-0.028471,0.042609,0.012519
0.1075,-0.028923,0.041462,0.013815
0.1076,-0.029402,0.040073,0.015021
0.1077,-0.029911,0.038458,0.016141
0.1078,-0.030453,0.036644,0.017179
0.1079,-0.031032,0.034647,0.018138
0.108,-0.03165,0.032498,0.019023
0.1081,-0.032311,0.030222,0.019838
0.1082,-0.033017,0.027846,0.020587
0.1083,-0.03377,0.025395,0.021274
0.1084,-0.034567,0.022894,0.021903
0.1085,-0.035416,0.020365,0.022477
0.1086,-0.03631,0.017828,0.022999
0.1087,-0.037244,0.015303,0.023469
0.1088,-0.038213,0.012807,0.023907
0.1089,-0.039205,0.010356,0.024325
0.109,-0.040206,0.0079615,0.024732
0.1091,-0.041199,0.0056362,0.025134
0.1092,-0.042162,0.0033895,0.025529
0.1093,-0.043071,0.0012296,0.025919
0.1094,-0.043899,-0.00083753,0.026304
0.1095,-0.044616,-0.0028077,0.026686
0.1096,-0.045191,-0.0046784,0.027065
0.1097,-0.045593,-0.0064493,0.027445
0.1098,-0.045792,-0.008121,0.027828
0.1099,-0.045762,-0.0096961,0.028218
0.11,-0.045483,-0.011178,0.02862
0.1101,-0.044939,-0.01257,0.029038
0.1102,-0.044121,-0.013878,0.029478
0.1103,-0.043034,-0.015105,0.029947
0.1104,-0.041676,-0.016258,0.03045
0.1105,-0.040065,-0.01734,0.030991
0.1106,-0.038222,-0.018355,0.031582
0.1107,-0.036173,-0.019306,0.032227
0.1108,-0.033947,-0.020194,0.03293
0.1109,-0.031575,-0.021021,0.033694
0.111,-0.029089,-0.021788,0.034524
0.1111,-0.026521,-0.022495,0.035421
0.1112,-0.023901,-0.023143,0.036387
0.1113,-0.021257,-0.023729,0.03742
0.1114,-0.018613,-0.024255,0.038517
0.1115,-0.01599,-0.024723,0.039674
0.1116,-0.013405,-0.025157,0.040881
0.1117,-0.010875,-0.025561,0.042128
0.1118,-0.0084096,-0.025948,0.043398
0.1119,-0.0060186,-0.026323,0.044671
0.112,-0.0037093,-0.02669,0.045923
0.1121,-0.0014871,-0.027052,0.047125
0.1122,0.00064422,-0.027413,0.048244
0.1123,0.0026821,-0.027779,0.049245
0.1124,0.0046251,-0.028154,0.050089
0.1125,0.0064728,-0.028542,0.050739
0.1126,0.0082255,-0.028949,0.051158
0.1127,0.0098841,-0.029378,0.051314
0.1128,0.01145,-0.029833,0.05118
0.1129,0.012925,-0.030319,0.050737
0.113,0.014311,-0.030837,0.049975
0.1131,0.01561,-0.03139,0.048891
0.1132,0.016824,-0.031982,0.047494
0.1133,0.017955,-0.032614,0.045804
0.1134,0.019006,-0.033291,0.043834
0.1135,0.019979,-0.034013,0.041619
0.1136,0.020876,-0.034786,0.03919
0.1137,0.021701,-0.035611,0.036585
0.1138,0.022457,-0.036488,0.033839
0.1139,0.023145,-0.037427,0.030991
0.114,0.023769,-0.038426,0.028075
0.1141,0.024333,-0.039485,0.025124
0.1142,0.024838,-0.040603,0.022169
0.1143,0.025297,-0.041775,0.019237
0.1144,0.025733,-0.042994,0.016351
0.1145,0.026149,-0.04425,0.013531
0.1146,0.026548,-0.045527,0.010793
0.1147,0.026936,-0.046807,0.0081496
0.1148,0.027325,-0.048063,0.005611
0.1149,0.027717,-0.049269,0.0031843
0.115,0.028115,-0.050392,0.00087416
0.1151,0.02852,-0.051397,-0.0013171
0.1152,0.028935,-0.052246,-0.0033894
0.1153,0.029363,-0.052904,-0.0053442
0.1154,0.029804,-0.053333,-0.0071845
0.1155,0.030261,-0.0535,-0.0089144
0.1156,0.030736,-0.053377,-0.010539
0.1157,0.031232,-0.052941,-0.012062
0.1158,0.031751,-0.052177,-0.01349
0.1159,0.032292,-0.051083,-0.014828
0.116,0.032867,-0.049656,-0.016079
0.1161,0.033475,-0.047912,-0.017249
0.1162,0.03412,-0.045875,-0.01834
0.1163,0.034806,-0.043576,-0.019356
0.1164,0.035538,-0.041051,-0.0203
0.1165,0.036319,-0.038342,-0.021173
0.1166,0.037152,-0.035494,-0.021977
0.1167,0.038041,-0.032549,-0.022714
0.1168,0.038984,-0.02955,-0.023383
0.1169,0.039982,-0.026535,-0.023987
0.117,0.04103,-0.023537,-0.024526
0.1171,0.042123,-0.020585,-0.025011
0.1172,0.04325,-0.017702,-0.025464
0.1173,0.044398,-0.014906,-0.025886
0.1174,0.045549,-0.012208,-0.026279
0.1175,0.046683,-0.0096178,-0.026645
0.1176,0.047772,-0.0071396,-0.026988
0.1177,0.048786,-0.0047745,-0.027322
0.1178,0.049692,-0.0025216,-0.027654
0.1179,0.050453,-0.00037861,-0.027989
0.118,0.051035,0.0016576,-0.028333
0.1181,0.051401,0.0035909,-0.028688
0.1182,0.051521,0.0054248,-0.02906
0.1183,0.051366,0.0071631,-0.029451
0.1184,0.050919,0.0088087,-0.029865
0.1185,0.050167,0.010364,-0.030305
0.1186,0.049109,0.011831,-0.030773
0.1187,0.047751,0.013211,-0.03127
0.1188,0.04611,0.014504,-0.031798
0.1189,0.044214,0.015712,-0.03236
0.119,0.042083,0.016835,-0.032956
0.1191,0.039754,0.017873,-0.033588
0.1192,0.037264,0.018828,-0.03426
0.1193,0.034648,0.019702,-0.034971
0.1194,0.031942,0.020496,-0.035718
0.1195,0.029179,0.021212,-0.03651
0.1196,0.026389,0.021853,-0.037341
0.1197,0.023598,0.022423,-0.03821
0.1198,0.020831,0.022924,-0.03911
0.1199,0.018106,0.023376,-0.040036
0.12,0.01544,0.023799,-0.040978
0.1201,0.012845,0.024197,-0.041922
0.1202,0.010332,0.024573,-0.042852
0.1203,0.0079073,0.024932,-0.043748
0.1204,0.0055771,0.025279,-0.044585
0.1205,0.0033441,0.025627,-0.045337
0.1206,0.0012102,0.025981,-0.045975
0.1207,-0.000824,0.026342,-0.046468
0.1208,-0.0027586,0.026713,-0.046789
0.1209,-0.0045946,0.027094,-0.046908
0.121,-0.0063335,0.027487,-0.046802
0.1211,-0.0079774,0.027892,-0.046449
0.1212,-0.0095284,0.02831,-0.045836
0.1213,-0.010989,0.028742,-0.044955
0.1214,-0.012361,0.029191,-0.043805
0.1215,-0.013648,0.029654,-0.042397
0.1216,-0.014852,0.030144,-0.040736
0.1217,-0.015975,0.030658,-0.038848
0.1218,-0.01702,0.031201,-0.036757
0.1219,-0.017989,0.031778,-0.034493
0.122,-0.018884,0.032392,-0.032089
0.1221,-0.019709,0.033046,-0.029578
0.1222,-0.020464,0.033744,-0.026993
0.1223,-0.021153,0.034487,-0.024366
0.1224,-0.021777,0.035276,-0.021726
0.1225,-0.022337,0.036108,-0.019097
