0.05,0.36922,-0.72157,0.34646
0.0501,0.3939,-0.72,0.32329
0.0502,0.41783,-0.71717,0.29976
0.0503,0.44095,-0.71307,0.2759
0.0504,0.46322,-0.7077,0.25171
0.0505,0.48461,-0.70107,0.22721
0.0506,0.50513,-0.69323,0.2024
0.0507,0.52482,-0.68423,0.17723
0.0508,0.54376,-0.67417,0.15171
0.0509,0.562,-0.66318,0.12585
0.051,0.57961,-0.65136,0.099688
0.0511,0.59664,-0.63884,0.073259
0.0512,0.6131,-0.62574,0.046615
0.0513,0.62898,-0.61212,0.019814
0.0514,1.533,4.4882,-6.0149
0.0515,1.6899,6.4301,-8.1153
0.0516,1.6045,7.6878,-9.2838
0.0517,1.4922,9.4788,-10.96
0.0518,1.1975,10.965,-12.144
0.0519,0.76564,11.679,-12.419
0.052,0.42844,12.695,-13.1
0.0521,0.20704,14.869,-15.055
0.0522,-0.0040047,17.817,-17.791
0.0523,-0.26597,20.702,-20.417
0.0524,-0.64482,23.502,-22.838
0.0525,-1.2345,26.036,-24.779
0.0526,-2.0166,28.091,-26.051
0.0527,-2.9798,29.582,-26.577
0.0528,-4.0751,30.822,-26.72
0.0529,-5.1643,32.271,-27.082
0.053,-6.1357,34.295,-28.141
0.0531,-7.0206,37.06,-30.029
0.0532,-7.8734,40.675,-32.797
0.0533,-8.7873,44.671,-35.882
0.0534,-9.9772,47.938,-37.958
0.0535,-11.504,50.229,-38.72
0.0536,-13.174,52.397,-39.217
0.0537,-14.932,54.457,-39.519
0.0538,-16.881,55.653,-38.767
0.0539,-18.89,56.485,-37.593
0.054,-20.721,58.205,-37.485
0.0541,-22.436,60.63,-38.201
0.0542,-24.202,62.849,-38.663
0.0543,-25.968,65.088,-39.148
0.0544,-27.713,67.797,-40.127
0.0545,-29.622,70.249,-40.691
0.0546,-31.771,71.722,-40.041
0.0547,-34.021,72.679,-38.78
0.0548,-36.25,73.87,-37.782
0.0549,-38.417,75.409,-37.205
0.055,-40.497,77.192,-36.968
0.0551,-42.512,79.287,-37.123
0.0552,-44.527,81.688,-37.606
0.0553,-46.589,84.061,-38.038
0.0554,-48.759,85.951,-37.913
0.0555,-51.082,87.257,-37.089
0.0556,-53.51,88.194,-35.841
0.0557,-56.007,88.657,-34.11
0.0558,-58.591,88.403,-31.645
0.0559,-61.165,87.905,-29.03
0.056,-63.567,87.874,-27.166
0.0561,-65.807,88.121,-25.876
0.0562,-67.992,88.149,-24.578
0.0563,-70.107,88.162,-23.522
0.0564,-72.158,88.221,-22.805
0.0565,-74.287,87.547,-21.529
0.0566,-76.53,85.824,-19.356
0.0567,-78.739,83.761,-17.164
0.0568,-80.86,81.68,-15.357
0.0569,-82.965,79.128,-13.406
0.057,-85.026,76.101,-11.307
0.0571,-86.959,73.138,-9.6683
0.0572,-88.782,70.275,-8.4873
0.0573,-90.566,67.087,-7.1921
0.0574,-92.339,63.468,-5.545
0.0575,-94.126,59.583,-3.5938
0.0576,-95.959,55.418,-1.1959
0.0577,-97.834,50.885,1.8595
0.0578,-99.703,46.216,5.3975
0.0579,-101.47,41.945,8.8015
0.058,-103.06,38.418,11.597
0.0581,-104.45,35.467,13.957
0.0582,-105.72,32.88,16.158
0.0583,-106.87,30.781,18.013
0.0584,-107.88,29.126,19.512
0.0585,-108.86,27.437,21.273
0.0586,-109.86,25.551,23.539
0.0587,-110.82,23.814,25.842
0.0588,-111.71,22.234,28.124
0.0589,-112.58,20.488,30.799
0.059,-113.37,18.812,33.539
0.0591,-113.95,17.721,35.593
0.0592,-114.35,17.04,37.125
0.0593,-114.69,16.249,38.805
0.0594,-114.97,15.326,40.68
0.0595,-115.21,14.369,42.622
0.0596,-115.46,13.094,45.007
0.0597,-115.72,11.355,48.041
0.0598,-115.9,9.5334,51.23
0.0599,-115.92,7.9929,54.068
0.06,-115.76,6.7115,56.531
0.0601,-115.42,5.6176,58.681
0.0602,-114.9,4.8491,60.332
0.0603,-114.21,4.4917,61.354
0.0604,-113.4,4.2878,62.065
0.0605,-112.57,3.834,63.009
0.0606,-111.77,3.0364,64.355
0.0607,-110.96,2.0552,65.902
0.0608,-110.11,0.87786,67.649
0.0609,-109.21,-0.53981,69.652
0.061,-108.17,-1.8348,71.441
0.0611,-106.93,-2.6475,72.526
0.0612,-105.55,-3.2357,73.213
0.0613,-104.13,-3.9951,74.025
0.0614,-102.66,-4.8369,74.867
0.0615,-101.13,-5.6953,75.654
0.0616,-99.62,-6.9251,76.837
0.0617,-98.122,-8.6305,78.551
0.0618,-96.534,-10.371,80.237
0.0619,-94.799,-11.876,81.54
0.062,-92.93,-13.241,82.555
0.0621,-90.902,-14.344,83.12
0.0622,-88.686,-14.888,82.874
0.0623,-86.352,-15.011,82.004
0.0624,-84.012,-15.199,81.12
0.0625,-81.722,-15.711,80.557
0.0626,-79.488,-16.501,80.282
0.0627,-77.294,-17.547,80.258
0.0628,-75.111,-18.874,80.484
0.0629,-72.892,-20.31,80.74
0.063,-70.585,-21.517,80.611
0.0631,-68.17,-22.369,79.93
0.0632,-65.691,-23.079,78.947
0.0633,-63.199,-23.808,77.864
0.0634,-60.697,-24.479,76.6
0.0635,-58.204,-25.194,75.265
0.0636,-55.78,-26.29,74.255
0.0637,-53.42,-27.762,73.551
0.0638,-51.037,-29.18,72.619
0.0639,-48.583,-30.332,71.185
0.064,-46.07,-31.262,69.292
0.0641,-43.472,-31.792,66.734
0.0642,-40.78,-31.73,63.313
0.0643,-38.078,-31.393,59.45
0.0644,-35.464,-31.248,55.73
0.0645,-32.952,-31.358,52.247
0.0646,-30.53,-31.624,48.917
0.0647,-28.216,-32.153,45.883
0.0648,-25.994,-32.962,43.163
0.0649,-23.806,-33.754,40.429
0.065,-21.609,-34.254,37.405
0.0651,-19.402,-34.471,34.14
0.0652,-17.195,-34.501,30.773
0.0653,-15,-34.353,27.357
0.0654,-12.847,-34.086,24.005
0.0655,-10.779,-33.932,20.994
0.0656,-8.8258,-34.075,18.524
0.0657,-6.9695,-34.368,16.421
0.0658,-5.152,-34.492,14.32
0.0659,-3.3434,-34.331,12.086
0.066,-1.5443,-33.893,9.73
0.0661,0.2603,-33.039,7.1126
0.0662,2.0728,-31.716,4.1933
0.0663,3.8331,-30.237,1.327
0.0664,5.4779,-28.918,-1.1437
0.0665,7.0008,-27.744,-3.2509
0.0666,8.3983,-26.694,-5.0333
0.0667,9.6398,-25.936,-6.3237
0.0668,10.74,-25.433,-7.1977
0.0669,11.768,-24.833,-8.0736
0.067,12.767,-23.925,-9.1926
0.0671,13.734,-22.783,-10.481
0.0672,14.671,-21.437,-11.913
0.0673,15.573,-19.851,-13.52
0.0674,16.401,-18.17,-15.123
0.0675,17.109,-16.636,-16.456
0.0676,17.692,-15.271,-17.507
0.0677,18.174,-13.896,-18.479
0.0678,18.577,-12.383,-19.523
0.0679,18.917,-10.714,-20.673
0.068,19.208,-8.829,-22.003
0.0681,19.469,-6.6043,-23.648
0.0682,19.694,-4.0695,-25.573
0.0683,19.839,-1.4691,-27.497
0.0684,19.857,1.0043,-29.192
0.0685,19.733,3.3311,-30.628
0.0686,19.456,5.4482,-31.738
0.0687,19.013,7.2317,-32.392
0.0688,18.437,8.8007,-32.746
0.0689,17.801,10.475,-33.185
0.069,17.141,12.376,-33.863
0.0691,16.448,14.42,-34.686
0.0692,15.724,16.63,-35.678
0.0693,14.969,19.061,-36.892
0.0694,14.143,21.548,-38.122
0.0695,13.204,23.883,-39.122
0.0696,12.155,26.098,-39.929
0.0697,11.016,28.308,-40.672
0.0698,9.7906,30.499,-41.345
0.0699,8.4965,32.676,-41.968
0.07,7.1682,34.991,-42.727
0.0701,5.8224,37.548,-43.741
0.0702,4.4396,40.237,-44.884
0.0703,2.9824,42.865,-45.924
0.0704,1.4203,45.327,-46.728
0.0705,-0.26168,47.562,-47.222
0.0706,-2.0691,49.473,-47.302
0.0707,-3.9922,51.021,-46.943
0.0708,-5.9878,52.372,-46.354
0.0709,-7.9999,53.744,-45.811
0.071,-10.003,55.188,-45.397
0.0711,-11.997,56.677,-45.091
0.0712,-13.971,58.277,-44.976
0.0713,-15.927,60,-45.075
0.0714,-17.905,61.644,-45.153
0.0715,-19.945,63.019,-44.992
0.0716,-22.041,64.137,-44.621
0.0717,-24.184,65.033,-44.1
0.0718,-26.37,65.646,-43.38
0.0719,-28.578,66.017,-42.542
0.072,-30.764,66.316,-41.817
0.0721,-32.918,66.568,-41.258
0.0722,-35.066,66.602,-40.688
0.0723,-37.226,66.289,-39.966
0.0724,-39.41,65.593,-39.05
0.0725,-41.631,64.436,-37.84
0.0726,-43.901,62.739,-36.221
0.0727,-46.202,60.574,-34.247
0.0728,-48.497,58.152,-32.131
0.0729,-50.75,55.646,-30.045
0.073,-52.936,53.15,-28.067
0.0731,-55.035,50.764,-26.284
0.0732,-57.034,48.586,-24.781
0.0733,-58.943,46.577,-23.483
0.0734,-60.799,44.58,-22.152
0.0735,-62.633,42.509,-20.624
0.0736,-64.447,40.412,-18.912
0.0737,-66.238,38.322,-17.022
0.0738,-68.004,36.24,-14.928
0.0739,-69.723,34.27,-12.75
0.074,-71.358,32.55,-10.683
0.0741,-72.901,31.064,-8.7334
0.0742,-74.368,29.688,-6.7663
0.0743,-75.763,28.377,-4.7349
0.0744,-77.089,27.11,-2.6234
0.0745,-78.368,25.731,-0.23924
0.0746,-79.625,24.293,2.395
0.0747,-80.837,22.787,5.2666
0.0748,-81.972,21.354,8.1798
0.0749,-83.009,20.077,11.003
0.075,-83.926,18.99,13.649
0.0751,-84.693,18.151,15.994
0.0752,-85.304,17.561,17.996
0.0753,-85.79,17.088,19.804
0.0754,-86.188,16.575,21.623
0.0755,-86.515,15.961,23.54
0.0756,-86.786,15.242,25.58
0.0757,-87.011,14.388,27.79
0.0758,-87.188,13.419,30.159
0.0759,-87.292,12.436,32.545
0.076,-87.298,11.525,34.816
0.0761,-87.203,10.671,36.97
0.0762,-87.011,9.8303,39.049
0.0763,-86.728,8.9899,41.062
0.0764,-86.368,8.1088,43.063
0.0765,-85.962,7.0899,45.188
0.0766,-85.52,5.895,47.5
0.0767,-85.027,4.613,49.885
0.0768,-84.457,3.3642,52.183
0.0769,-83.797,2.2103,54.297
0.077,-83.029,1.2015,56.138
0.0771,-82.134,0.39812,57.6
0.0772,-81.127,-0.22216,58.697
0.0773,-80.041,-0.79042,59.59
0.0774,-78.905,-1.4233,60.427
0.0775,-77.738,-2.1606,61.268
0.0776,-76.558,-3.0367,62.168
0.0777,-75.376,-4.0954,63.184
0.0778,-74.177,-5.2973,64.257
0.0779,-72.934,-6.5224,65.221
0.078,-71.625,-7.6926,65.955
0.0781,-70.248,-8.8101,66.438
0.0782,-68.803,-9.8838,66.66
0.0783,-67.296,-10.923,66.617
0.0784,-65.747,-11.996,66.385
0.0785,-64.18,-13.191,66.063
0.0786,-62.595,-14.503,65.636
0.0787,-60.977,-15.844,64.984
0.0788,-59.309,-17.14,64.004
0.0789,-57.584,-18.345,62.636
0.079,-55.785,-19.397,60.806
0.0791,-53.905,-20.244,58.47
0.0792,-51.96,-20.932,55.722
0.0793,-49.981,-21.58,52.75
0.0794,-47.991,-22.279,49.712
0.0795,-46.009,-23.079,46.723
0.0796,-44.054,-24.041,43.9
0.0797,-42.13,-25.191,41.31
0.0798,-40.218,-26.453,38.887
0.0799,-38.291,-27.702,36.514
0.08,-36.338,-28.875,34.148
0.0801,-34.354,-29.965,31.802
0.0802,-32.333,-30.958,29.478
0.0803,-30.286,-31.863,27.209
0.0804,-28.23,-32.752,25.087
0.0805,-26.183,-33.687,23.18
0.0806,-24.145,-34.647,21.459
0.0807,-22.111,-35.57,19.852
0.0808,-20.077,-36.42,18.313
0.0809,-18.034,-37.152,16.784
0.081,-15.969,-37.692,15.18
0.0811,-13.876,-38.01,13.471
0.0812,-11.773,-38.171,11.73
0.0813,-9.681,-38.278,10.066
0.0814,-7.6204,-38.403,8.5527
0.0815,-5.6111,-38.605,7.2481
0.0816,-3.6722,-38.939,6.2015
0.0817,-1.8066,-39.395,5.3869
0.0818,0.002067,-39.878,4.6863
0.0819,1.7711,-40.287,3.9835
0.082,3.5105,-40.574,3.2247
0.0821,5.2311,-40.715,2.3757
0.0822,6.9424,-40.679,1.4031
0.0823,8.6382,-40.482,0.33247
0.0824,10.3,-40.199,-0.75182
0.0825,11.916,-39.879,-1.7958
0.0826,13.479,-39.509,-2.8119
0.0827,14.985,-39.064,-3.8229
0.0828,16.434,-38.529,-4.8484
0.0829,17.837,-37.855,-5.9472
0.083,19.208,-36.978,-7.1915
0.0831,20.548,-35.9,-8.5789
0.0832,21.846,-34.695,-10.028
0.0833,23.086,-33.441,-11.452
0.0834,24.251,-32.195,-12.788
0.0835,25.322,-31.016,-13.967
0.0836,26.281,-29.949,-14.94
0.0837,27.129,-28.964,-15.743
0.0838,27.879,-27.977,-16.475
0.0839,28.548,-26.915,-17.226
0.084,29.15,-25.731,-18.053
0.0841,29.702,-24.378,-19.018
0.0842,30.214,-22.827,-20.156
0.0843,30.678,-21.115,-21.423
0.0844,31.078,-19.318,-22.728
0.0845,31.4,-17.48,-24.018
0.0846,31.638,-15.606,-25.285
0.0847,31.783,-13.698,-26.521
0.0848,31.838,-11.749,-27.738
0.0849,31.816,-9.7119,-28.997
0.085,31.729,-7.5447,-30.351
0.0851,31.577,-5.2662,-31.781
0.0852,31.351,-2.9359,-33.222
0.0853,31.043,-0.60236,-34.618
0.0854,30.64,1.6879,-35.911
0.0855,30.124,3.8728,-37.022
0.0856,29.487,5.9201,-37.913
0.0857,28.737,7.8678,-38.629
0.0858,27.89,9.7901,-39.262
0.0859,26.966,11.748,-39.888
0.086,25.984,13.798,-40.58
0.0861,24.962,15.991,-41.407
0.0862,23.904,18.339,-42.382
0.0863,22.8,20.786,-43.437
0.0864,21.635,23.26,-44.486
0.0865,20.398,25.722,-45.477
0.0866,19.082,28.149,-46.377
0.0867,17.681,30.52,-47.161
0.0868,16.201,32.842,-47.839
0.0869,14.656,35.158,-48.468
0.087,13.057,37.496,-49.084
0.0871,11.405,39.838,-49.669
0.0872,9.6993,42.146,-50.186
0.0873,7.9354,44.391,-50.598
0.0874,6.1033,46.523,-50.847
0.0875,4.1922,48.486,-50.863
0.0876,2.203,50.267,-50.635
0.0877,0.14889,51.914,-50.225
0.0878,-1.9524,53.492,-49.715
0.0879,-4.0817,55.054,-49.181
0.088,-6.2184,56.655,-48.699
0.0881,-8.3473,58.333,-48.324
0.0882,-10.466,60.067,-48.044
0.0883,-12.584,61.791,-47.787
0.0884,-14.711,63.435,-47.479
0.0885,-16.856,64.949,-47.068
0.0886,-19.029,66.288,-46.505
0.0887,-21.232,67.417,-45.764
0.0888,-23.459,68.346,-44.867
0.0889,-25.696,69.105,-43.873
0.089,-27.933,69.705,-42.815
0.0891,-30.165,70.124,-41.691
0.0892,-32.387,70.33,-40.49
0.0893,-34.599,70.286,-39.187
0.0894,-36.808,69.932,-37.732
0.0895,-39.021,69.222,-36.08
0.0896,-41.232,68.157,-34.249
0.0897,-43.43,66.787,-32.3
0.0898,-45.602,65.167,-30.302
0.0899,-47.731,63.355,-28.322
0.09,-49.795,61.414,-26.432
0.0901,-51.782,59.385,-24.671
0.0902,-53.689,57.266,-23.012
0.0903,-55.521,55.028,-21.387
0.0904,-57.287,52.656,-19.733
0.0905,-58.998,50.15,-17.989
0.0906,-60.667,47.518,-16.102
0.0907,-62.296,44.797,-14.052
0.0908,-63.881,42.062,-11.878
0.0909,-65.412,39.388,-9.6333
0.091,-66.878,36.824,-7.3515
0.0911,-68.272,34.39,-5.0467
0.0912,-69.587,32.096,-2.7266
0.0913,-70.824,29.928,-0.37515
0.0914,-71.987,27.855,2.0467
0.0915,-73.082,25.859,4.5606
0.0916,-74.106,23.955,7.1431
0.0917,-75.055,22.17,9.7469
0.0918,-75.918,20.528,12.322
0.0919,-76.684,19.054,14.807
0.092,-77.336,17.767,17.142
0.0921,-77.866,16.658,19.304
0.0922,-78.278,15.676,21.329
0.0923,-78.58,14.756,23.28
0.0924,-78.786,13.845,25.218
0.0925,-78.912,12.893,27.207
0.0926,-78.973,11.866,29.298
0.0927,-78.977,10.765,31.496
0.0928,-78.918,9.6234,33.756
0.0929,-78.791,8.4738,36.029
0.093,-78.588,7.3348,38.28
0.0931,-78.301,6.2189,40.477
0.0932,-77.928,5.1307,42.599
0.0933,-77.469,4.0536,44.659
0.0934,-76.935,2.9603,46.687
0.0935,-76.331,1.841,48.693
0.0936,-75.66,0.70896,50.66
0.0937,-74.92,-0.41556,52.56
0.0938,-74.108,-1.5082,54.353
0.0939,-73.215,-2.5362,55.987
0.094,-72.233,-3.4753,57.415
0.0941,-71.163,-4.335,58.635
0.0942,-70.011,-5.1553,59.69
0.0943,-68.792,-5.9833,60.634
0.0944,-67.519,-6.8634,61.525
0.0945,-66.209,-7.8375,62.421
0.0946,-64.874,-8.929,63.358
0.0947,-63.517,-10.125,64.319
0.0948,-62.131,-11.386,65.255
0.0949,-60.709,-12.676,66.109
0.095,-59.243,-13.965,66.83
0.0951,-57.722,-15.224,67.365
0.0952,-56.144,-16.44,67.685
0.0953,-54.514,-17.63,67.793
0.0954,-52.837,-18.816,67.707
0.0955,-51.121,-20.007,67.426
0.0956,-49.367,-21.195,66.935
0.0957,-47.578,-22.37,66.21
0.0958,-45.752,-23.511,65.215
0.0959,-43.881,-24.586,63.906
0.096,-41.964,-25.58,62.26
0.0961,-40.003,-26.507,60.299
0.0962,-38.006,-27.402,58.075
0.0963,-35.985,-28.304,55.656
0.0964,-33.954,-29.253,53.119
0.0965,-31.927,-30.286,50.542
0.0966,-29.912,-31.416,47.975
0.0967,-27.91,-32.616,45.426
0.0968,-25.917,-33.845,42.881
0.0969,-23.926,-35.059,40.324
0.097,-21.926,-36.216,37.739
0.0971,-19.91,-37.282,35.117
0.0972,-17.875,-38.246,32.476
0.0973,-15.825,-39.124,29.861
0.0974,-13.766,-39.936,27.318
0.0975,-11.705,-40.692,24.872
0.0976,-9.6483,-41.394,22.539
0.0977,-7.5996,-42.038,20.321
0.0978,-5.5592,-42.606,18.199
0.0979,-3.5249,-43.075,16.145
0.098,-1.4964,-43.437,14.148
0.0981,0.52307,-43.709,12.22
0.0982,2.5274,-43.917,10.383
0.0983,4.5069,-44.093,8.6662
0.0984,6.4484,-44.272,7.1024
0.0985,8.3388,-44.483,5.7157
0.0986,10.17,-44.724,4.4977
0.0987,11.94,-44.966,3.4081
0.0988,13.652,-45.164,2.3932
0.0989,15.314,-45.275,1.3967
0.099,16.935,-45.256,0.36402
0.0991,18.524,-45.079,-0.74234
0.0992,20.086,-44.743,-1.9271
0.0993,21.617,-44.269,-3.1702
0.0994,23.113,-43.68,-4.4479
0.0995,24.566,-42.995,-5.7393
0.0996,25.968,-42.231,-7.0262
0.0997,27.311,-41.394,-8.3022
0.0998,28.595,-40.474,-9.5798
0.0999,29.821,-39.459,-10.877
0.1,30.988,-38.348,-12.196
0.1001,32.095,-37.158,-13.527
0.1002,33.126,-35.901,-14.843
0.1003,34.105,-34.625,-16.128
0.1004,34.998,-33.345,-17.337
0.1005,35.793,-32.079,-18.449
0.1006,36.494,-30.827,-19.472
0.1007,37.099,-29.562,-20.434
0.1008,37.609,-28.241,-21.38
0.1009,38.033,-26.821,-22.364
0.101,38.39,-25.273,-23.432
0.1011,38.688,-23.583,-24.607
0.1012,38.93,-21.752,-25.888
0.1013,39.112,-19.803,-27.251
0.1014,39.231,-17.77,-28.662
0.1015,39.279,-15.682,-30.083
0.1016,39.244,-13.562,-31.485
0.1017,39.12,-11.421,-32.85
0.1018,38.907,-9.259,-34.181
0.1019,38.61,-7.0661,-35.493
0.102,38.229,-4.8418,-36.785
0.1021,37.765,-2.5975,-38.049
0.1022,37.223,-0.34905,-39.272
0.1023,36.594,1.8852,-40.43
0.1024,35.979,3.1086,-41.427
0.1025,35.565,3.1888,-42.148
0.1026,35.138,3.2642,-42.746
0.1027,34.658,3.3283,-43.213
0.1028,34.178,3.3801,-43.582
0.1029,33.667,3.4229,-43.957
0.103,33.016,3.4596,-44.443
0.1031,32.29,3.4894,-44.994
0.1032,31.639,3.5075,-45.505
0.1033,31.064,3.5145,-45.94
0.1034,30.478,3.5155,-46.296
0.1035,29.847,3.5126,-46.544
0.1036,29.156,3.5029,-46.669
0.1037,28.367,3.4865,-46.693
0.1038,27.446,3.4634,-46.655
0.1039,26.371,3.4325,-46.584
0.104,25.14,3.3946,-46.481
0.1041,23.787,3.3528,-46.322
0.1042,22.394,3.3058,-46.051
0.1043,21.036,3.2525,-45.588
0.1044,19.699,3.195,-44.93
0.1045,18.31,3.1347,-44.153
0.1046,16.868,3.0685,-43.27
0.1047,15.427,2.9951,-42.26
0.1048,13.964,2.9162,-41.209
0.1049,12.414,2.8327,-40.234
0.105,10.795,2.7432,-39.334
0.1051,9.1654,2.6463,-38.456
0.1052,7.5348,2.5407,-37.597
0.1053,5.8824,2.4275,-36.73
0.1054,4.2052,2.3083,-35.779
0.1055,2.5084,2.1831,-34.701
0.1056,1.0202,2.0616,-33.517
0.1057,1.0719,2.0162,-32.487
0.1058,1.1175,1.9705,-31.49
0.1059,1.1603,1.9244,-30.449
0.106,1.2063,1.8854,-29.361
0.1061,1.2493,1.8584,-28.24
0.1062,1.2914,1.8311,-27.002
0.1063,1.3347,1.7965,-25.612
0.1064,1.3763,1.7698,-24.233
0.1065,1.4103,1.7611,-22.978
0.1066,1.4421,1.7564,-21.787
0.1067,1.4732,1.7436,-20.61
0.1068,1.5024,1.7258,-19.498
0.1069,1.5318,1.7038,-18.473
0.107,1.5688,1.6759,-17.437
0.1071,1.6198,1.6379,-16.295
0.1072,1.6816,1.5898,-15.014
0.1073,1.7477,1.5322,-13.624
0.1074,1.8183,1.4672,-12.18
0.1075,1.8905,1.4003,-10.766
0.1076,1.9631,1.3322,-9.4493
0.1077,2.0361,1.2586,-8.1764
0.1078,2.1099,1.1783,-6.8617
0.1079,2.1794,1.096,-5.5166
0.108,2.2459,1.0144,-4.1436
0.1081,2.3129,0.93179,-2.6359
0.1082,2.3801,0.84845,-0.94491
0.1083,2.3638,0.83911,-0.78045
0.1084,2.3419,0.84157,-0.74249
0.1085,2.3182,0.85138,-0.7078
0.1086,2.2876,0.86578,-0.67644
0.1087,2.2494,0.8851,-0.64284
0.1088,2.215,0.90302,-0.61127
0.1089,2.1895,0.91166,-0.58182
0.109,2.167,0.91643,-0.55694
0.1091,2.14,0.92596,-0.53629
0.1092,2.1116,0.93424,-0.51809
0.1093,2.0864,0.93104,-0.49455
0.1094,2.0684,0.91677,-0.46797
0.1095,2.0568,0.89498,-0.44143
0.1096,2.0501,0.86717,-0.4161
0.1097,2.0434,0.83654,-0.38844
0.1098,2.0394,0.80123,-0.35941
0.1099,2.0394,0.75932,-0.3292
0.11,2.041,0.71555,-0.29952
0.1101,2.0393,0.67705,-0.27082
0.1102,2.0334,0.64505,-0.24332
0.1103,2.0226,0.61622,-0.2128
0.1104,2.0076,0.59,-0.17979
0.1105,1.9881,0.56825,-0.14567
0.1106,1.9642,0.55119,-0.11088
0.1107,1.9351,0.53793,-0.073866
0.1108,1.905,0.52813,-0.039172
0.1109,1.8753,0.52208,-0.009734
0.111,1.844,0.52102,0.014556
0.1111,1.8097,0.52345,0.0363
0.1112,1.7791,0.52209,0.055515
0.1113,1.7571,0.51035,0.074159
0.1114,1.7433,0.48882,0.09209
0.1115,1.7355,0.46004,0.10933
0.1116,1.7339,0.42342,0.12645
0.1117,1.7363,0.37875,0.14654
0.1118,1.7414,0.32849,0.16868
0.1119,1.749,0.27505,0.19139
0.112,1.7573,0.22182,0.21326
0.1121,1.7616,0.17376,0.23432
0.1122,1.7614,0.13268,0.25344
0.1123,1.7593,0.093242,0.27279
0.1124,1.755,0.0564,0.29232
0.1125,1.7472,0.024511,0.3108
0.1126,1.7381,-0.0031798,0.32687
0.1127,1.7264,-0.02727,0.34232
0.1128,1.7112,-0.045478,0.3555
0.1129,1.6924,-0.057149,0.36578
0.113,1.6717,-0.065273,0.37421
0.1131,1.6498,-0.073415,0.38312
0.1132,1.6309,-0.083821,0.39019
0.1133,1.6178,-0.098328,0.39424
0.1134,1.6109,-0.11748,0.39526
0.1135,1.609,-0.14118,0.39444
0.1136,1.6141,-0.17058,0.39107
0.1137,1.6264,-0.20704,0.38676
0.1138,1.6445,-0.24916,0.38177
0.1139,1.6661,-0.29428,0.3762
0.114,1.6897,-0.34058,0.37008
0.1141,1.7121,-0.38705,0.3659
0.1142,1.7323,-0.43344,0.36404
0.1143,1.7505,-0.48014,0.36455
0.1144,1.7659,-0.5256,0.36602
0.1145,1.7763,-0.56653,0.36703
0.1146,1.782,-0.60159,0.36493
0.1147,1.7829,-0.63195,0.3598
0.1148,1.7789,-0.6594,0.35147
0.1149,1.7714,-0.68845,0.33994
0.115,1.7641,-0.72719,0.32503
0.1151,1.7587,-0.78217,0.30843
0.1152,1.7565,-0.85364,0.28963
0.1153,1.7589,-0.93477,0.2684
0.1154,1.7667,-1.0118,0.24552
0.1155,1.7784,-1.0705,0.22291
0.1156,1.7947,-1.103,0.19977
0.1157,1.8163,-1.1063,0.17602
0.1158,1.8423,-1.081,0.15195
0.1159,1.8702,-1.0361,0.12827
0.116,1.9008,-0.9852,0.10486
0.1161,1.9342,-0.93978,0.083408
0.1162,1.9701,-0.9054,0.064374
0.1163,2.0079,-0.88203,0.047126
0.1164,2.0482,-0.86643,0.030437
0.1165,2.0899,-0.85413,0.014534
0.1166,2.1353,-0.84099,-0.0016146
0.1167,2.1923,-0.82466,-0.018538
0.1168,2.2775,-0.80384,-0.036873
0.1169,2.4088,-0.77706,-0.057447
0.117,2.5846,-0.74432,-0.082029
0.1171,2.7769,-0.70741,-0.11024
0.1172,2.9501,-0.66789,-0.14166
0.1173,3.0826,-0.62712,-0.17604
0.1174,3.1785,-0.58732,-0.21328
0.1175,3.2576,-0.55052,-0.25162
0.1176,3.3445,-0.51755,-0.29064
0.1177,3.4582,-0.48883,-0.33028
0.1178,3.6081,-0.46496,-0.36982
0.1179,3.7925,-0.44627,-0.40726
0.118,4.0004,-0.43313,-0.44224
0.1181,4.2095,-0.42552,-0.47466
0.1182,4.3913,-0.42166,-0.50479
0.1183,4.5185,-0.41857,-0.53296
0.1184,4.5746,-0.41421,-0.55984
0.1185,4.5606,-0.4074,-0.58456
0.1186,4.4974,-0.39689,-0.60673
0.1187,4.4142,-0.38215,-0.62669
0.1188,4.3347,-0.36341,-0.6455
0.1189,4.2683,-0.33999,-0.66377
0.119,4.2113,-0.31101,-0.68298
0.1191,4.1478,-0.2774,-0.70372
0.1192,4.0584,-0.24099,-0.72561
0.1193,3.9273,-0.20289,-0.74806
0.1194,3.7466,-0.16456,-0.77143
0.1195,3.5182,-0.12822,-0.79505
0.1196,3.2608,-0.095172,-0.81835
0.1197,3.0084,-0.065849,-0.84132
0.1198,2.7934,-0.041547,-0.86428
0.1199,2.628,-0.023498,-0.88644
0.12,2.5078,-0.011214,-0.90812
0.1201,2.4235,-0.0031685,-0.9302
0.1202,2.3646,0.0021788,-0.95296
0.1203,2.3209,0.0068627,-0.97544
0.1204,2.2853,0.012955,-0.99752
0.1205,2.254,0.021702,-1.0192
0.1206,2.225,0.034142,-1.0405
0.1207,2.1967,0.051809,-1.0615
0.1208,2.1686,0.075772,-1.0819
0.1209,2.1403,0.10617,-1.0995
0.121,2.1115,0.14258,-1.1123
0.1211,2.0822,0.18388,-1.1201
0.1212,2.0531,0.22811,-1.1246
0.1213,2.0242,0.27359,-1.1275
0.1214,1.9958,0.3191,-1.13
0.1215,1.969,0.36318,-1.1326
0.1216,1.9448,0.40427,-1.1348
0.1217,1.924,0.44136,-1.1362
0.1218,1.9083,0.47343,-1.1372
0.1219,1.8986,0.49969,-1.1379
0.122,1.8944,0.52038,-1.1383
0.1221,1.8947,0.536,-1.138
0.1222,1.898,0.54756,-1.1369
0.1223,1.9021,0.55566,-1.1336
0.1224,1.905,0.56065,-1.1264
0.1225,1.9055,0.5637,-1.1154
