0.05,1.3597,-0.0033394,-1.3344
0.0501,1.3444,0.19895,-1.5226
0.0502,1.3191,0.40132,-1.7012
0.0503,1.288,0.60301,-1.8736
0.0504,1.2526,0.80372,-2.0409
0.0505,1.2077,1.0042,-2.1986
0.0506,1.1522,1.2037,-2.3449
0.0507,1.0919,1.4033,-2.4867
0.0508,1.0282,1.6038,-2.626
0.0509,0.95783,1.8054,-2.7599
0.051,0.87716,2.0084,-2.8851
0.0511,0.78696,2.2138,-3.0031
0.0512,0.68863,2.42,-3.1139
0.0513,0.58358,2.6245,-3.2163
0.0514,0.47296,2.8255,-3.3096
0.0515,0.35506,3.0239,-3.3928
0.0516,0.22891,3.2192,-3.4647
0.0517,0.096582,3.4117,-3.5273
0.0518,-0.039845,3.6019,-3.5834
0.0519,-0.18219,3.7907,-3.632
0.052,-0.33122,3.978,-3.6723
0.0521,-0.48607,4.1643,-3.7055
0.0522,-0.64583,4.3484,-3.7314
0.0523,-0.80946,4.5284,-3.7491
0.0524,-0.97518,4.7021,-3.758
0.0525,-1.1436,4.8681,-3.7562
0.0526,-1.315,5.025,-3.7418
0.0527,-1.4874,5.1729,-3.717
0.0528,-1.6597,5.3131,-3.6843
0.0529,-1.8351,5.4474,-3.6422
0.053,-2.0152,5.5764,-3.5898
0.0531,-2.1976,5.7015,-3.5311
0.0532,-2.3805,5.8232,-3.4682
0.0533,-2.5652,5.9407,-3.3992
0.0534,-2.7516,6.0528,-3.323
0.0535,-2.939,6.1599,-3.2406
0.0536,-3.1276,6.2608,-3.1508
0.0537,-3.3172,6.3539,-3.052
0.0538,-3.5064,6.4384,-2.9449
0.0539,-3.6957,6.5151,-2.8298
0.054,-3.886,6.5836,-2.7057
0.0541,-4.0758,6.644,-2.5737
0.0542,-4.2633,6.6965,-2.4364
0.0543,-4.4484,6.7413,-2.2937
0.0544,-4.6304,6.7772,-2.1455
0.0545,-4.8084,6.8045,-1.9927
0.0546,-4.9822,6.8234,-1.8357
0.0547,-5.1528,6.8337,-1.6738
0.0548,-5.3194,6.8349,-1.5068
0.0549,-5.4823,6.8271,-1.3349
0.055,-5.6421,6.81,-1.1568
0.0551,-5.7981,6.7831,-0.97327
0.0552,-5.9483,6.7467,-0.78614
0.0553,-6.0935,6.7016,-0.5957
0.0554,-6.2348,6.6487,-0.40152
0.0555,-6.3714,6.5889,-0.20547
0.0556,-6.5026,6.5233,-0.0091036
0.0557,-6.6294,6.4523,0.18806
0.0558,-6.7517,6.3755,0.3863
0.0559,-6.869,6.2931,0.58501
0.056,-6.9812,6.2042,0.78501
0.0561,-7.0879,6.1071,0.98736
0.0562,-7.1872,6.0007,1.1917
0.0563,-7.2786,5.8845,1.3976
0.0564,-7.3621,5.7581,1.6057
0.0565,-7.4375,5.6223,1.8149
0.0566,-7.5043,5.4786,2.0234
0.0567,-7.5634,5.3284,2.2307
0.0568,-7.615,5.1722,2.4363
0.0569,-7.6583,5.0109,2.6388
0.057,-7.6934,4.8447,2.8382
0.0571,-7.7208,4.6733,3.0351
0.0572,-7.7395,4.4961,3.2292
0.0573,-7.7498,4.3133,3.4205
0.0574,-7.7526,4.125,3.6101
0.0575,-7.748,3.9311,3.798
0.0576,-7.7354,3.7326,3.9826
0.0577,-7.7153,3.5308,4.1633
0.0578,-7.6887,3.3263,4.3403
0.0579,-7.655,3.1199,4.5123
0.058,-7.6135,2.9122,4.678
0.0581,-7.5642,2.703,4.8378
0.0582,-7.5066,2.4912,4.992
0.0583,-7.4401,2.2768,5.1401
0.0584,-7.365,2.0595,5.2826
0.0585,-7.2818,1.839,5.4205
0.0586,-7.1902,1.615,5.5537
0.0587,-7.0903,1.388,5.6816
0.0588,-6.9823,1.1583,5.8045
0.0589,-6.8662,0.92628,5.9218
0.059,-6.7417,0.69286,6.0322
0.0591,-6.6093,0.45928,6.1351
0.0592,-6.4697,0.2263,6.2303
0.0593,-6.3229,-0.005153,6.3168
0.0594,-6.1695,-0.23435,6.3945
0.0595,-6.0105,-0.46084,6.4639
0.0596,-5.8461,-0.68453,6.5251
0.0597,-5.6764,-0.90521,6.5781
0.0598,-5.5023,-1.1231,6.6237
0.0599,-5.3238,-1.3387,6.6625
0.06,-5.14,-1.552,6.6938
0.0601,-4.951,-1.7628,6.7173
0.0602,-4.7573,-1.9709,6.7332
0.0603,-4.5589,-2.1755,6.7408
0.0604,-4.3559,-2.3757,6.7392
0.0605,-4.1489,-2.5711,6.7286
0.0606,-3.938,-2.7618,6.7093
0.0607,-3.723,-2.9478,6.681
0.0608,-3.504,-3.1295,6.6442
0.0609,-3.2815,-3.3074,6.6
0.061,-3.0553,-3.4819,6.5483
0.0611,-2.8257,-3.6525,6.4893
0.0612,-2.5935,-3.8189,6.4233
0.0613,-2.3594,-3.9803,6.3502
0.0614,-2.1235,-4.1355,6.2689
0.0615,-1.8869,-4.2831,6.179
0.0616,-1.6505,-4.4222,6.0807
0.0617,-1.4143,-4.5523,5.9735
0.0618,-1.1785,-4.6731,5.8573
0.0619,-0.94374,-4.7851,5.733
0.062,-0.70981,-4.889,5.6015
0.0621,-0.47668,-4.9851,5.4629
0.0622,-0.24496,-5.0739,5.3183
0.0623,-0.015131,-5.1557,5.1686
0.0624,0.21302,-5.2305,5.0137
0.0625,0.43938,-5.2982,4.8534
0.0626,0.66367,-5.3586,4.688
0.0627,0.88597,-5.4116,4.5172
0.0628,1.1065,-5.4567,4.3404
0.0629,1.3246,-5.4937,4.1579
0.063,1.5402,-5.5226,3.97
0.0631,1.753,-5.5433,3.777
0.0632,1.9625,-5.5559,3.5792
0.0633,2.1679,-5.5603,3.3775
0.0634,2.3687,-5.5565,3.1724
0.0635,2.5645,-5.5443,2.9641
0.0636,2.7546,-5.5236,2.7531
0.0637,2.939,-5.4942,2.5395
0.0638,3.1176,-5.4559,2.3229
0.0639,3.29,-5.4083,2.1035
0.064,3.4559,-5.3512,1.8815
0.0641,3.6151,-5.2846,1.6567
0.0642,3.7675,-5.2083,1.4294
0.0643,3.9125,-5.1229,1.2006
0.0644,4.0504,-5.0292,0.97083
0.0645,4.1814,-4.928,0.74056
0.0646,4.3055,-4.8203,0.51072
0.0647,4.4228,-4.7068,0.28218
0.0648,4.5335,-4.5882,0.055025
0.0649,4.6377,-4.4644,-0.1707
0.065,4.7349,-4.3354,-0.39469
0.0651,4.825,-4.2008,-0.61716
0.0652,4.9079,-4.06,-0.83856
0.0653,4.9828,-3.9124,-1.0588
0.0654,5.0493,-3.7581,-1.2775
0.0655,5.1073,-3.597,-1.4945
0.0656,5.1568,-3.4296,-1.7094
0.0657,5.1973,-3.2563,-1.9214
0.0658,5.229,-3.078,-2.1297
0.0659,5.2518,-2.8949,-2.3342
0.066,5.2653,-2.7071,-2.5343
0.0661,5.2695,-2.515,-2.7296
0.0662,5.2645,-2.3184,-2.9204
0.0663,5.2504,-2.1176,-3.1067
0.0664,5.2272,-1.9126,-3.2883
0.0665,5.1954,-1.704,-3.4653
0.0666,5.1555,-1.4923,-3.6376
0.0667,5.1074,-1.2782,-3.8044
0.0668,5.0517,-1.0625,-3.9653
0.0669,4.9886,-0.84613,-4.1199
0.067,4.9181,-0.62961,-4.2675
0.0671,4.8403,-0.41338,-4.4077
0.0672,4.7552,-0.19759,-4.5403
0.0673,4.6628,0.017836,-4.6655
0.0674,4.5631,0.23297,-4.7831
0.0675,4.4561,0.44794,-4.8934
0.0676,4.342,0.66299,-4.9968
0.0677,4.2208,0.87825,-5.0935
0.0678,4.0924,1.0937,-5.1831
0.0679,3.957,1.3092,-5.2658
0.068,3.8144,1.5245,-5.3412
0.0681,3.6648,1.739,-5.4088
0.0682,3.5086,1.952,-5.4681
0.0683,3.3461,2.1628,-5.519
0.0684,3.1777,2.3707,-5.561
0.0685,3.0039,2.5752,-5.5939
0.0686,2.8253,2.7758,-5.618
0.0687,2.6424,2.9723,-5.6335
0.0688,2.4555,3.1643,-5.6403
0.0689,2.265,3.3518,-5.6387
0.069,2.0713,3.5346,-5.629
0.0691,1.8745,3.7125,-5.611
0.0692,1.6748,3.8852,-5.5845
0.0693,1.4727,4.052,-5.5496
0.0694,1.2683,4.2128,-5.506
0.0695,1.0618,4.367,-5.4535
0.0696,0.85355,4.5145,-5.3922
0.0697,0.64357,4.6556,-5.3225
0.0698,0.43183,4.7904,-5.2446
0.0699,0.2184,4.9192,-5.1589
0.07,0.0035198,5.0425,-5.066
0.0701,-0.21266,5.1604,-4.9662
0.0702,-0.42988,5.2728,-4.8598
0.0703,-0.64767,5.3793,-4.7468
0.0704,-0.86555,5.4794,-4.6273
0.0705,-1.0831,5.5724,-4.5009
0.0706,-1.2997,5.6574,-4.3674
0.0707,-1.5149,5.734,-4.2269
0.0708,-1.7281,5.8016,-4.0793
0.0709,-1.9391,5.8599,-3.9248
0.071,-2.1475,5.9091,-3.7638
0.0711,-2.3527,5.9491,-3.597
0.0712,-2.5546,5.9801,-3.4246
0.0713,-2.7529,6.0024,-3.2473
0.0714,-2.947,6.0161,-3.0657
0.0715,-3.1371,6.0213,-2.8799
0.0716,-3.3231,6.0182,-2.6901
0.0717,-3.5047,6.0068,-2.4966
0.0718,-3.6822,5.9873,-2.2993
0.0719,-3.8554,5.9595,-2.0984
0.072,-4.0241,5.9237,-1.8941
0.0721,-4.1882,5.8801,-1.6868
0.0722,-4.3476,5.8287,-1.4768
0.0723,-4.5018,5.7698,-1.2645
0.0724,-4.6505,5.7034,-1.0505
0.0725,-4.7935,5.6298,-0.83529
0.0726,-4.9303,5.5489,-0.61903
0.0727,-5.0605,5.4605,-0.40203
0.0728,-5.184,5.3646,-0.18448
0.0729,-5.3003,5.2609,0.03364
0.073,-5.4092,5.1491,0.25231
0.0731,-5.5103,5.0289,0.47133
0.0732,-5.6033,4.9005,0.69053
0.0733,-5.6881,4.7639,0.90965
0.0734,-5.7645,4.6194,1.1281
0.0735,-5.8325,4.4678,1.3454
0.0736,-5.8924,4.3097,1.5611
0.0737,-5.9441,4.146,1.7744
0.0738,-5.9879,3.9772,1.9848
0.0739,-6.0239,3.8039,2.1921
0.074,-6.0521,3.6264,2.396
0.0741,-6.0726,3.4449,2.5962
0.0742,-6.0853,3.2595,2.7928
0.0743,-6.0902,3.0702,2.9858
0.0744,-6.0871,2.8769,3.1749
0.0745,-6.076,2.6798,3.36
0.0746,-6.0567,2.4792,3.5407
0.0747,-6.0292,2.2752,3.7168
0.0748,-5.9934,2.0682,3.8878
0.0749,-5.9491,1.8584,4.0533
0.075,-5.8962,1.6461,4.213
0.0751,-5.8346,1.4313,4.3668
0.0752,-5.7643,1.2142,4.5145
0.0753,-5.6854,0.99467,4.656
0.0754,-5.598,0.77301,4.7915
0.0755,-5.5023,0.54945,4.9207
0.0756,-5.3985,0.32441,5.0436
0.0757,-5.2872,0.098384,5.16
0.0758,-5.1685,-0.12796,5.2696
0.0759,-5.0429,-0.35389,5.3718
0.076,-4.9106,-0.5787,5.4665
0.0761,-4.772,-0.80176,5.5531
0.0762,-4.6274,-1.0225,5.6314
0.0763,-4.4769,-1.2407,5.7013
0.0764,-4.3209,-1.4559,5.7627
0.0765,-4.1594,-1.6681,5.8156
0.0766,-3.9928,-1.8774,5.8602
0.0767,-3.8211,-2.0836,5.8967
0.0768,-3.6444,-2.287,5.9252
0.0769,-3.4627,-2.4875,5.9458
0.077,-3.2761,-2.685,5.9583
0.0771,-3.0847,-2.8795,5.9628
0.0772,-2.8886,-3.0706,5.9591
0.0773,-2.688,-3.258,5.9471
0.0774,-2.4833,-3.4412,5.9265
0.0775,-2.2747,-3.62,5.8974
0.0776,-2.0627,-3.7939,5.8598
0.0777,-1.8477,-3.9626,5.8138
0.0778,-1.6301,-4.1258,5.7596
0.0779,-1.4104,-4.2832,5.6972
0.078,-1.189,-4.4347,5.6269
0.0781,-0.96636,-4.5797,5.5488
0.0782,-0.74285,-4.7179,5.4628
0.0783,-0.5189,-4.849,5.369
0.0784,-0.29494,-4.9724,5.2675
0.0785,-0.071303,-5.0878,5.1581
0.0786,0.15175,-5.195,5.041
0.0787,0.37398,-5.2939,4.9163
0.0788,0.59523,-5.3847,4.7844
0.0789,0.81541,-5.4676,4.6456
0.079,1.0344,-5.5429,4.5004
0.0791,1.2521,-5.6109,4.3492
0.0792,1.4684,-5.6719,4.1925
0.0793,1.683,-5.7258,4.0304
0.0794,1.8956,-5.7726,3.8633
0.0795,2.106,-5.8121,3.6911
0.0796,2.3139,-5.844,3.5141
0.0797,2.5187,-5.8679,3.332
0.0798,2.7202,-5.8834,3.1452
0.0799,2.9179,-5.8903,2.9537
0.08,3.1114,-5.8883,2.7577
0.0801,3.3002,-5.8774,2.5575
0.0802,3.484,-5.8573,2.3536
0.0803,3.6624,-5.8283,2.1463
0.0804,3.835,-5.7902,1.936
0.0805,4.0015,-5.7433,1.7231
0.0806,4.1618,-5.6876,1.508
0.0807,4.3158,-5.6232,1.2907
0.0808,4.4634,-5.5504,1.0717
0.0809,4.6045,-5.4694,0.85108
0.081,4.7391,-5.3804,0.62916
0.0811,4.8671,-5.2837,0.40624
0.0812,4.9886,-5.1797,0.18274
0.0813,5.1034,-5.0688,-0.040923
0.0814,5.2115,-4.9512,-0.26432
0.0815,5.3127,-4.8275,-0.48697
0.0816,5.4068,-4.6978,-0.70849
0.0817,5.4937,-4.5622,-0.92858
0.0818,5.5731,-4.4209,-1.147
0.0819,5.6448,-4.2738,-1.3635
0.082,5.7086,-4.1208,-1.578
0.0821,5.7641,-3.9617,-1.7905
0.0822,5.8111,-3.7964,-2.0007
0.0823,5.8493,-3.6248,-2.2085
0.0824,5.8786,-3.4472,-2.4136
0.0825,5.8988,-3.2637,-2.6157
0.0826,5.9101,-3.0749,-2.8144
0.0827,5.9124,-2.8811,-3.0093
0.0828,5.9058,-2.683,-3.2
0.0829,5.8905,-2.4811,-3.386
0.083,5.8667,-2.2758,-3.567
0.0831,5.8345,-2.0676,-3.7429
0.0832,5.7941,-1.8569,-3.9135
0.0833,5.7457,-1.6441,-4.0784
0.0834,5.6894,-1.4293,-4.2376
0.0835,5.6254,-1.213,-4.3909
0.0836,5.5537,-0.99552,-4.5381
0.0837,5.4746,-0.77713,-4.6789
0.0838,5.388,-0.55819,-4.813
0.0839,5.294,-0.33897,-4.9401
0.084,5.1926,-0.1197,-5.0601
0.0841,5.0838,0.099483,-5.1727
0.0842,4.9676,0.31851,-5.2779
0.0843,4.844,0.53731,-5.3756
0.0844,4.7131,0.75584,-5.4658
0.0845,4.5751,0.974,-5.5486
0.0846,4.4301,1.1916,-5.6238
0.0847,4.2783,1.4085,-5.6916
0.0848,4.1202,1.6241,-5.7517
0.0849,3.9559,1.8381,-5.804
0.085,3.7859,2.0498,-5.8482
0.0851,3.6105,2.2588,-5.8842
0.0852,3.4302,2.4643,-5.9116
0.0853,3.2452,2.6658,-5.9302
0.0854,3.0561,2.8629,-5.9401
0.0855,2.8632,3.0552,-5.9411
0.0856,2.6667,3.2424,-5.9332
0.0857,2.4671,3.4243,-5.9167
0.0858,2.2645,3.6009,-5.8915
0.0859,2.0592,3.7721,-5.8579
0.086,1.8512,3.9377,-5.8159
0.0861,1.6408,4.0979,-5.7657
0.0862,1.4282,4.2524,-5.7073
0.0863,1.2133,4.4012,-5.6409
0.0864,0.99654,4.5442,-5.5663
0.0865,0.77804,4.6811,-5.4839
0.0866,0.55806,4.8119,-5.3937
0.0867,0.33689,4.9364,-5.2958
0.0868,0.11488,5.0545,-5.1905
0.0869,-0.10761,5.1661,-5.0781
0.087,-0.33019,5.2708,-4.9587
0.0871,-0.55243,5.3685,-4.8324
0.0872,-0.77386,5.4587,-4.6996
0.0873,-0.99404,5.5413,-4.5602
0.0874,-1.2125,5.6156,-4.4143
0.0875,-1.4289,5.6814,-4.262
0.0876,-1.6427,5.7384,-4.1034
0.0877,-1.8537,5.7862,-3.9388
0.0878,-2.0615,5.8249,-3.7682
0.0879,-2.266,5.8545,-3.592
0.088,-2.4669,5.8751,-3.4107
0.0881,-2.6641,5.8871,-3.2245
0.0882,-2.8574,5.8906,-3.034
0.0883,-3.0468,5.8859,-2.8395
0.0884,-3.2321,5.8733,-2.6413
0.0885,-3.4131,5.8529,-2.4399
0.0886,-3.5897,5.8248,-2.2353
0.0887,-3.7617,5.7889,-2.0279
0.0888,-3.9288,5.7452,-1.8179
0.0889,-4.0908,5.6938,-1.6053
0.089,-4.2472,5.6344,-1.3906
0.0891,-4.3979,5.5671,-1.1739
0.0892,-4.5424,5.4918,-0.95564
0.0893,-4.6804,5.4085,-0.73604
0.0894,-4.8115,5.3172,-0.51548
0.0895,-4.9355,5.2179,-0.29426
0.0896,-5.052,5.1107,-0.072697
0.0897,-5.1609,4.9957,0.14894
0.0898,-5.2619,4.8729,0.37041
0.0899,-5.355,4.7426,0.59145
0.09,-5.4402,4.6049,0.81181
0.0901,-5.5173,4.4602,1.0312
0.0902,-5.5864,4.3088,1.2493
0.0903,-5.6475,4.1512,1.4657
0.0904,-5.7007,3.9878,1.68
0.0905,-5.746,3.8191,1.8918
0.0906,-5.7834,3.6456,2.1007
0.0907,-5.8129,3.4676,2.3063
0.0908,-5.8345,3.2856,2.5083
0.0909,-5.8482,3.0998,2.7063
0.091,-5.8539,2.9102,2.9003
0.0911,-5.8513,2.717,3.0899
0.0912,-5.8405,2.5202,3.275
0.0913,-5.8212,2.3198,3.4555
0.0914,-5.7933,2.1159,3.6312
0.0915,-5.7567,1.9085,3.802
0.0916,-5.7115,1.6979,3.9675
0.0917,-5.6575,1.4843,4.1276
0.0918,-5.5949,1.268,4.2819
0.0919,-5.5237,1.0494,4.4302
0.092,-5.4442,0.82893,4.5723
0.0921,-5.3564,0.60694,4.708
0.0922,-5.2608,0.38384,4.837
0.0923,-5.1574,0.16006,4.9591
0.0924,-5.0467,-0.063972,5.0743
0.0925,-4.9289,-0.28782,5.1824
0.0926,-4.8043,-0.51102,5.2831
0.0927,-4.6731,-0.73312,5.3762
0.0928,-4.5356,-0.95368,5.4616
0.0929,-4.3921,-1.1723,5.539
0.093,-4.2427,-1.3886,5.6083
0.0931,-4.0875,-1.6024,5.6692
0.0932,-3.9268,-1.8135,5.7217
0.0933,-3.7605,-2.0216,5.7658
0.0934,-3.5889,-2.2268,5.8015
0.0935,-3.412,-2.4291,5.8288
0.0936,-3.23,-2.6283,5.8478
0.0937,-3.043,-2.8243,5.8586
0.0938,-2.8513,-3.0171,5.8612
0.0939,-2.6551,-3.2064,5.8557
0.094,-2.4546,-3.392,5.8421
0.0941,-2.2503,-3.5734,5.8202
0.0942,-2.0424,-3.7503,5.79
0.0943,-1.8314,-3.9222,5.7515
0.0944,-1.6177,-4.0886,5.7045
0.0945,-1.4017,-4.2492,5.6493
0.0946,-1.1839,-4.4034,5.5856
0.0947,-0.96457,-4.5511,5.5137
0.0948,-0.74424,-4.6919,5.4337
0.0949,-0.5232,-4.8255,5.3458
0.095,-0.30178,-4.9519,5.25
0.0951,-0.080244,-5.071,5.1465
0.0952,0.14116,-5.1825,5.0355
0.0953,0.36222,-5.2865,4.9173
0.0954,0.58272,-5.3828,4.7919
0.0955,0.80249,-5.4716,4.6595
0.0956,1.0213,-5.5527,4.5205
0.0957,1.2391,-5.6263,4.375
0.0958,1.4555,-5.6924,4.2232
0.0959,1.6703,-5.751,4.0657
0.096,1.8833,-5.8021,3.9025
0.0961,2.0942,-5.8457,3.734
0.0962,2.3025,-5.8816,3.5604
0.0963,2.508,-5.9096,3.382
0.0964,2.7101,-5.9296,3.199
0.0965,2.9086,-5.9412,3.0114
0.0966,3.1029,-5.9442,2.8195
0.0967,3.2927,-5.9383,2.6234
0.0968,3.4777,-5.9234,2.4233
0.0969,3.6575,-5.8993,2.2194
0.097,3.8318,-5.866,2.0122
0.0971,4.0004,-5.8237,1.8018
0.0972,4.1632,-5.7726,1.5886
0.0973,4.3199,-5.7128,1.3731
0.0974,4.4705,-5.6447,1.1557
0.0975,4.615,-5.5686,0.93655
0.0976,4.7531,-5.4847,0.71617
0.0977,4.8848,-5.3933,0.49483
0.0978,5.0101,-5.2946,0.27286
0.0979,5.1288,-5.189,0.050549
0.098,5.2408,-5.0764,-0.17179
0.0981,5.3459,-4.9573,-0.39384
0.0982,5.4439,-4.8315,-0.61527
0.0983,5.5346,-4.6994,-0.83577
0.0984,5.6178,-4.5609,-1.055
0.0985,5.6932,-4.4162,-1.2727
0.0986,5.7605,-4.2654,-1.4886
0.0987,5.8196,-4.1084,-1.7023
0.0988,5.8703,-3.9455,-1.9138
0.0989,5.9123,-3.7765,-2.1227
0.099,5.9456,-3.6018,-2.3288
0.0991,5.9701,-3.4214,-2.5319
0.0992,5.9858,-3.2356,-2.7318
0.0993,5.9927,-3.0447,-2.9282
0.0994,5.9908,-2.8492,-3.1208
0.0995,5.9804,-2.6495,-3.3093
0.0996,5.9615,-2.446,-3.4932
0.0997,5.9342,-2.2394,-3.6723
0.0998,5.8988,-2.03,-3.8463
0.0999,5.8552,-1.8183,-4.0147
0.1,5.8038,-1.6047,-4.1774
0.1001,5.7445,-1.3896,-4.334
0.1002,5.6774,-1.1731,-4.4845
0.1003,5.6025,-0.95547,-4.6286
0.1004,5.5199,-0.73691,-4.7662
0.1005,5.4297,-0.51757,-4.897
0.1006,5.3318,-0.29762,-5.0211
0.1007,5.2262,-0.077217,-5.1381
0.1008,5.1132,0.14344,-5.248
0.1009,4.9926,0.36413,-5.3506
0.101,4.8648,0.58463,-5.4458
0.1011,4.7297,0.80468,-5.5334
0.1012,4.5877,1.024,-5.6134
0.1013,4.439,1.2424,-5.6857
0.1014,4.2838,1.4593,-5.7502
0.1015,4.1226,1.6746,-5.8068
0.1016,3.9555,1.8876,-5.8554
0.1017,3.783,2.0981,-5.8959
0.1018,3.6055,2.3055,-5.9281
0.1019,3.4228,2.5072,-5.9494
0.102,3.239,2.7039,-5.9643
0.1021,3.0535,2.8935,-5.9702
0.1022,2.8663,3.0757,-5.9667
0.1023,2.6776,3.2504,-5.9542
0.1024,2.4877,3.4176,-5.9325
0.1025,2.2965,3.5772,-5.9017
0.1026,2.1041,3.7292,-5.8619
0.1027,1.9107,3.8736,-5.8132
0.1028,1.7164,4.0106,-5.7558
0.1029,1.5213,4.1401,-5.6899
0.103,1.3257,4.2621,-5.6158
0.1031,1.1297,4.3765,-5.5334
0.1032,0.93343,4.4833,-5.4431
0.1033,0.73731,4.5823,-5.3448
0.1034,0.57509,4.6508,-5.2498
0.1035,0.51344,4.6496,-5.1856
0.1036,0.45277,4.6441,-5.1177
0.1037,0.39229,4.6318,-5.0432
0.1038,0.3317,4.6113,-4.9602
0.1039,0.27164,4.5822,-4.8691
0.104,0.21186,4.5463,-4.7715
0.1041,0.15158,4.5043,-4.6673
0.1042,0.091426,4.454,-4.5549
0.1043,0.031661,4.3949,-4.434
0.1044,-0.02809,4.3289,-4.3066
0.1045,-0.087425,4.2576,-4.1743
0.1046,-0.14533,4.1806,-4.0379
0.1047,-0.20235,4.0979,-3.8969
0.1048,-0.25932,4.0094,-3.7504
0.1049,-0.31616,3.9149,-3.5983
0.105,-0.373,3.8155,-3.4414
0.1051,-0.43075,3.7127,-3.2804
0.1052,-0.48933,3.6059,-3.1148
0.1053,-0.54812,3.4944,-2.9445
0.1054,-0.60676,3.3788,-2.7706
0.1055,-0.66462,3.2598,-2.5942
0.1056,-0.72073,3.1368,-2.4158
0.1057,-0.77545,3.0095,-2.2347
0.1058,-0.82948,2.8776,-2.05
0.1059,-0.88251,2.7407,-1.8615
0.106,-0.93408,2.5989,-1.6697
0.1061,-0.98452,2.4525,-1.4746
0.1062,-1.0334,2.3008,-1.2759
0.1063,-1.08,2.1436,-1.0742
0.1064,-1.1242,1.9827,-0.87138
0.1065,-1.1661,1.8194,-0.66842
0.1066,-1.2052,1.653,-0.46539
0.1067,-1.2416,1.4836,-0.26195
0.1068,-1.2766,1.3123,-0.058137
0.1069,-1.3106,1.14,0.14574
0.107,-1.3433,0.96691,0.34922
0.1071,-1.3752,0.79378,0.55205
0.1072,-1.3904,0.70209,0.65698
0.1073,-1.3977,0.65677,0.70774
0.1074,-1.4043,0.61299,0.75639
0.1075,-1.408,0.56907,0.80262
0.1076,-1.4072,0.52415,0.84552
0.1077,-1.403,0.47836,0.88614
0.1078,-1.3978,0.43169,0.92695
0.1079,-1.3905,0.38353,0.96758
0.108,-1.3782,0.33275,1.006
0.1081,-1.3614,0.2794,1.043
0.1082,-1.343,0.225,1.0796
0.1083,-1.3236,0.17129,1.1149
0.1084,-1.3024,0.11854,1.1478
0.1085,-1.2787,0.0657,1.1785
0.1086,-1.2519,0.011714,1.2073
0.1087,-1.2222,-0.043357,1.2347
0.1088,-1.1916,-0.098888,1.2619
0.1089,-1.1609,-0.15441,1.2891
0.109,-1.129,-0.21002,1.3153
0.1091,-1.0956,-0.26544,1.34
0.1092,-1.062,-0.3193,1.3631
0.1093,-1.0288,-0.3701,1.3836
0.1094,-0.9952,-0.41813,1.4009
0.1095,-0.96046,-0.46479,1.4157
0.1096,-0.92413,-0.51098,1.4284
0.1097,-0.88605,-0.55707,1.4391
0.1098,-0.84636,-0.60368,1.4486
0.1099,-0.80459,-0.65121,1.4569
0.11,-0.75958,-0.6994,1.4624
0.1101,-0.71187,-0.7475,1.4651
0.1102,-0.66339,-0.79451,1.4657
0.1103,-0.61439,-0.83959,1.4638
0.1104,-0.56343,-0.88303,1.458
0.1105,-0.51055,-0.92583,1.4494
0.1106,-0.45691,-0.96842,1.4395
0.1107,-0.40293,-1.0104,1.4283
0.1108,-0.34887,-1.0517,1.4159
0.1109,-0.29546,-1.0922,1.4032
0.111,-0.24247,-1.1315,1.3893
0.1111,-0.18933,-1.1687,1.3728
0.1112,-0.13668,-1.2032,1.3538
0.1113,-0.085367,-1.2345,1.3327
0.1114,-0.034713,-1.2627,1.3088
0.1115,0.015997,-1.2886,1.2824
0.1116,0.066516,-1.3131,1.2545
0.1117,0.11677,-1.3363,1.2253
0.1118,0.16725,-1.3581,1.1944
0.1119,0.21797,-1.3787,1.1618
0.112,0.26882,-1.3979,1.1277
0.1121,0.31994,-1.4153,1.0913
0.1122,0.3713,-1.4305,1.0526
0.1123,0.42293,-1.4441,1.012
0.1124,0.47552,-1.4565,0.96929
0.1125,0.5291,-1.4683,0.92491
0.1126,0.5825,-1.4792,0.88001
0.1127,0.63479,-1.489,0.83513
0.1128,0.686,-1.4972,0.78985
0.1129,0.73581,-1.5033,0.74407
0.113,0.78358,-1.5066,0.69775
0.1131,0.82923,-1.5065,0.65039
0.1132,0.87271,-1.5028,0.60192
0.1133,0.91367,-1.4957,0.55293
0.1134,0.95247,-1.4856,0.50353
0.1135,0.99001,-1.4733,0.45357
0.1136,1.0264,-1.4595,0.40347
0.1137,1.0614,-1.4439,0.35339
0.1138,1.0953,-1.4261,0.30259
0.1139,1.1281,-1.4061,0.25077
0.114,1.1597,-1.3836,0.19814
0.1141,1.1901,-1.3585,0.14433
0.1142,1.2199,-1.3311,0.089057
0.1143,1.2489,-1.302,0.03316
0.1144,1.2771,-1.2721,-0.022575
0.1145,1.3047,-1.2416,-0.078005
0.1146,1.3311,-1.2107,-0.13261
0.1147,1.3558,-1.1794,-0.18578
0.1148,1.379,-1.1472,-0.23804
0.1149,1.4006,-1.1137,-0.29014
0.115,1.4199,-1.0784,-0.34185
0.1151,1.4364,-1.0408,-0.39287
0.1152,1.45,-1.0009,-0.44348
0.1153,1.4608,-0.95888,-0.4934
0.1154,1.4685,-0.91528,-0.54194
0.1155,1.4733,-0.87037,-0.58906
0.1156,1.4757,-0.82421,-0.63506
0.1157,1.4752,-0.77675,-0.6798
0.1158,1.4721,-0.72787,-0.72346
0.1159,1.4668,-0.67753,-0.76672
0.116,1.4598,-0.62594,-0.80985
0.1161,1.4512,-0.57344,-0.85269
0.1162,1.4414,-0.52044,-0.89522
0.1163,1.4306,-0.46744,-0.93712
0.1164,1.4185,-0.41486,-0.97772
0.1165,1.4049,-0.36284,-1.0167
0.1166,1.3898,-0.31131,-1.054
0.1167,1.3729,-0.26012,-1.0896
0.1168,1.3539,-0.20898,-1.1236
0.1169,1.333,-0.15759,-1.1561
0.117,1.3099,-0.10586,-1.1871
0.1171,1.2842,-0.053891,-1.216
0.1172,1.2561,-0.0018216,-1.2429
0.1173,1.226,0.050072,-1.2678
0.1174,1.1936,0.10163,-1.2903
0.1175,1.1589,0.15306,-1.3104
0.1176,1.1218,0.20477,-1.3285
0.1177,1.0825,0.25694,-1.3449
0.1178,1.0408,0.30968,-1.3595
0.1179,0.99723,0.36296,-1.3728
0.118,0.9525,0.41638,-1.385
0.1181,0.90684,0.46928,-1.3958
0.1182,0.86048,0.5211,-1.4047
0.1183,0.81392,0.57139,-1.4117
0.1184,0.7674,0.61975,-1.4166
0.1185,0.72085,0.666,-1.4192
0.1186,0.67438,0.7104,-1.4196
0.1187,0.62802,0.75327,-1.4183
0.1188,0.5814,0.79482,-1.4149
0.1189,0.53416,0.83524,-1.4094
0.119,0.48623,0.87462,-1.4017
0.1191,0.43745,0.91281,-1.3916
0.1192,0.38759,0.94956,-1.3787
0.1193,0.33671,0.98485,-1.3629
0.1194,0.28476,1.0188,-1.3444
0.1195,0.2315,1.0516,-1.3231
0.1196,0.17696,1.0835,-1.2993
0.1197,0.1215,1.1146,-1.2736
0.1198,0.065422,1.1451,-1.2463
0.1199,0.0089724,1.1747,-1.2175
0.12,-0.047399,1.2032,-1.1874
0.1201,-0.10337,1.2301,-1.1559
0.1202,-0.15886,1.2551,-1.1229
0.1203,-0.21359,1.278,-1.0884
0.1204,-0.26721,1.2986,-1.0526
0.1205,-0.31961,1.3166,-1.0154
0.1206,-0.37079,1.3324,-0.97713
0.1207,-0.42061,1.3458,-0.93791
0.1208,-0.46908,1.3568,-0.89771
0.1209,-0.51636,1.3654,-0.85631
0.121,-0.56245,1.3714,-0.81369
0.1211,-0.60738,1.3748,-0.76977
0.1212,-0.65151,1.3755,-0.72426
0.1213,-0.69519,1.374,-0.67713
0.1214,-0.73861,1.3706,-0.62864
0.1215,-0.782,1.3657,-0.57889
0.1216,-0.8255,1.3595,-0.52801
0.1217,-0.86884,1.3522,-0.47641
0.1218,-0.91168,1.3436,-0.42439
0.1219,-0.95384,1.3335,-0.37181
0.122,-0.99503,1.3217,-0.31872
0.1221,-1.0348,1.3077,-0.26535
0.1222,-1.0727,1.2915,-0.21178
0.1223,-1.1088,1.2728,-0.15805
0.1224,-1.1426,1.2519,-0.10458
0.1225,-1.1741,1.2288,-0.051646
