0.05,0.67127,0.019798,-0.66344
0.0501,0.65561,0.049324,-0.67818
0.0502,0.6388,0.078862,-0.69218
0.0503,0.62091,0.10829,-0.70536
0.0504,0.602,0.13747,-0.71764
0.0505,0.58216,0.16631,-0.72896
0.0506,0.56147,0.19468,-0.73926
0.0507,0.54,0.22249,-0.74847
0.0508,0.51784,0.24966,-0.75655
0.0509,0.49502,0.27615,-0.76348
0.051,0.47158,0.30196,-0.76922
0.0511,0.44755,0.32709,-0.77379
0.0512,0.42292,0.35161,-0.7772
0.0513,0.39772,0.37559,-0.7795
0.0514,0.37196,0.39911,-0.78075
0.0515,0.34568,0.42225,-0.781
0.0516,0.3189,0.44505,-0.7803
0.0517,0.29169,0.46752,-0.77868
0.0518,0.26407,0.48966,-0.77616
0.0519,0.2361,0.51145,-0.77274
0.052,0.20784,0.53283,-0.76837
0.0521,0.17933,0.55373,-0.76301
0.0522,0.15063,0.57409,-0.75659
0.0523,0.12182,0.5938,-0.74907
0.0524,0.09296,0.61277,-0.74036
0.0525,0.064119,0.63088,-0.73039
0.0526,0.035356,0.64805,-0.71911
0.0527,0.0067152,0.66417,-0.70646
0.0528,-0.021772,0.67919,-0.69242
0.0529,-0.050097,0.69308,-0.67696
0.053,-0.078259,0.70581,-0.66012
0.0531,-0.10626,0.71742,-0.64193
0.0532,-0.13409,0.72796,-0.62249
0.0533,-0.16175,0.73747,-0.60191
0.0534,-0.18922,0.74604,-0.58032
0.0535,-0.21647,0.75373,-0.55784
0.0536,-0.24348,0.7606,-0.53462
0.0537,-0.27021,0.76669,-0.51077
0.0538,-0.29662,0.77206,-0.48639
0.0539,-0.32268,0.7767,-0.46158
0.054,-0.34834,0.78063,-0.4364
0.0541,-0.37357,0.78381,-0.41091
0.0542,-0.3983,0.78619,-0.38516
0.0543,-0.4225,0.78769,-0.35916
0.0544,-0.44607,0.7882,-0.33291
0.0545,-0.46896,0.78762,-0.3064
0.0546,-0.49113,0.78584,-0.27961
0.0547,-0.51252,0.78275,-0.25249
0.0548,-0.53313,0.77827,-0.22502
0.0549,-0.55294,0.77233,-0.19717
0.055,-0.57197,0.76491,-0.16895
0.0551,-0.59022,0.75601,-0.14036
0.0552,-0.60769,0.74565,-0.11145
0.0553,-0.6244,0.73386,-0.082285
0.0554,-0.64033,0.72074,-0.052941
0.0555,-0.6555,0.70635,-0.023503
0.0556,-0.66991,0.69079,0.0059364
0.0557,-0.68356,0.67417,0.035283
0.0558,-0.69643,0.6566,0.064444
0.0559,-0.70853,0.63817,0.093326
0.056,-0.71982,0.61898,0.12185
0.0561,-0.73028,0.59909,0.14994
0.0562,-0.73985,0.57856,0.17754
0.0563,-0.74849,0.5574,0.20464
0.0564,-0.75615,0.53561,0.2312
0.0565,-0.7628,0.51318,0.25726
0.0566,-0.76839,0.49008,0.28284
0.0567,-0.7729,0.46628,0.30797
0.0568,-0.77632,0.44177,0.3327
0.0569,-0.77864,0.41652,0.35706
0.057,-0.77984,0.39057,0.38107
0.0571,-0.77994,0.36393,0.40474
0.0572,-0.77891,0.33665,0.42804
0.0573,-0.77677,0.30881,0.45092
0.0574,-0.77351,0.28048,0.47334
0.0575,-0.76915,0.25178,0.49523
0.0576,-0.7637,0.22281,0.51652
0.0577,-0.75715,0.1937,0.53713
0.0578,-0.74949,0.16456,0.55698
0.0579,-0.74073,0.13548,0.57599
0.058,-0.73084,0.10655,0.5941
0.0581,-0.71977,0.077841,0.61123
0.0582,-0.70753,0.049367,0.62736
0.0583,-0.58999,0.026364,0.75694
0.0584,-0.50875,0.0013947,0.84417
0.0585,-0.42873,-0.023405,0.92748
0.0586,-0.34959,-0.047913,1.0084
0.0587,-0.27224,-0.072665,1.0864
0.0588,-0.19596,-0.097478,1.1609
0.0589,-0.11984,-0.12187,1.2322
0.059,-0.043952,-0.14624,1.3024
0.0591,0.031365,-0.17079,1.3714
0.0592,0.10684,-0.19505,1.4386
0.0593,0.18229,-0.21904,1.5032
0.0594,0.25728,-0.24318,1.5653
0.0595,0.33152,-0.26713,1.6246
0.0596,0.4046,-0.29062,1.681
0.0597,0.4759,-0.31377,1.7345
0.0598,0.54598,-0.33646,1.7851
0.0599,0.61555,-0.35816,1.8328
0.06,0.68473,-0.37895,1.8784
0.0601,0.75327,-0.39902,1.9224
0.0602,0.82125,-0.41825,1.964
0.0603,0.88839,-0.43653,2.0026
0.0604,0.95425,-0.45424,2.038
0.0605,1.0184,-0.47128,2.0698
0.0606,1.0802,-0.4875,2.0978
0.0607,1.139,-0.50299,2.1216
0.0608,1.1945,-0.51797,2.1407
0.0609,1.247,-0.53222,2.1552
0.061,1.2966,-0.54597,2.1658
0.0611,1.3435,-0.55941,2.1733
0.0612,1.3887,-0.57241,2.1774
0.0613,1.4324,-0.58475,2.1781
0.0614,1.4743,-0.59676,2.1762
0.0615,1.5144,-0.60836,2.1718
0.0616,1.5526,-0.61915,2.1644
0.0617,1.5885,-0.62898,2.1539
0.0618,1.6221,-0.63805,2.1405
0.0619,1.6533,-0.64603,2.1237
0.062,1.6818,-0.6528,2.1035
0.0621,1.7076,-0.65857,2.0803
0.0622,1.7308,-0.66349,2.054
0.0623,1.7518,-0.6672,2.0245
0.0624,1.7704,-0.66979,1.992
0.0625,1.7863,-0.67141,1.957
0.0626,1.7997,-0.67195,1.9191
0.0627,1.8102,-0.67127,1.8782
0.0628,1.8174,-0.66969,1.8344
0.0629,1.8214,-0.66728,1.7875
0.063,1.8223,-0.66398,1.7376
0.0631,1.8202,-0.65982,1.6849
0.0632,1.815,-0.65498,1.6293
0.0633,1.807,-0.64927,1.5711
0.0634,1.7964,-0.64264,1.5107
0.0635,1.783,-0.63506,1.4485
0.0636,1.7674,-0.62638,1.3846
0.0637,1.7495,-0.61633,1.3188
0.0638,1.7295,-0.60504,1.2514
0.0639,1.7072,-0.59252,1.1825
0.064,1.6827,-0.57871,1.1118
0.0641,1.656,-0.5636,1.0394
0.0642,1.6271,-0.5474,0.96532
0.0643,1.596,-0.52993,0.88959
0.0644,1.5626,-0.51119,0.81226
0.0645,1.5267,-0.49136,0.73368
0.0646,1.4884,-0.4706,0.65393
0.0647,1.4477,-0.44885,0.57297
0.0648,1.4047,-0.42641,0.49101
0.0649,1.3595,-0.40353,0.40825
0.065,1.3123,-0.38027,0.32463
0.0651,1.2632,-0.35665,0.24028
0.0652,1.212,-0.33299,0.15552
0.0653,1.1591,-0.30928,0.070451
0.0654,1.1045,-0.28538,-0.014794
0.0655,1.0482,-0.26134,-0.099837
0.0656,0.99052,-0.23726,-0.18453
0.0657,0.93156,-0.21295,-0.269
0.0658,0.87139,-0.18842,-0.35305
0.0659,0.80999,-0.16383,-0.43638
0.066,0.74758,-0.13913,-0.51909
0.0661,0.68429,-0.11411,-0.6013
0.0662,0.62007,-0.088812,-0.68274
0.0663,0.55489,-0.063252,-0.76323
0.0664,0.48887,-0.037303,-0.84281
0.0665,0.42191,-0.010945,-0.92135
0.0666,0.354,0.015599,-0.9986
0.0667,0.28533,0.042301,-1.0746
0.0668,0.216,0.069115,-1.1493
0.0669,0.14596,0.09584,-1.2225
0.067,0.075287,0.12227,-1.2942
0.0671,0.0040936,0.1484,-1.3643
0.0672,-0.067581,0.1741,-1.4327
0.0673,-0.13961,0.19926,-1.4991
0.0674,-0.21168,0.22392,-1.5634
0.0675,-0.28357,0.24811,-1.6255
0.0676,-0.35508,0.27173,-1.6853
0.0677,-0.42595,0.29478,-1.7425
0.0678,-0.49594,0.31731,-1.7973
0.0679,-0.56498,0.33934,-1.8493
0.068,-0.63296,0.36087,-1.8987
0.0681,-0.69976,0.38209,-1.9455
0.0682,-0.76546,0.40304,-1.9897
0.0683,-0.83014,0.42367,-2.031
0.0684,-0.89371,0.444,-2.0697
0.0685,-0.95607,0.4641,-2.1057
0.0686,-1.0171,0.48381,-2.1388
0.0687,-1.0767,0.50306,-2.169
0.0688,-1.1347,0.52185,-2.1962
0.0689,-1.191,0.54009,-2.2203
0.069,-1.2456,0.55759,-2.2412
0.0691,-1.2985,0.57433,-2.2587
0.0692,-1.3496,0.59033,-2.2729
0.0693,-1.3991,0.60545,-2.2837
0.0694,-1.4468,0.61958,-2.2912
0.0695,-1.4926,0.63278,-2.2953
0.0696,-1.5365,0.64498,-2.2962
0.0697,-1.5783,0.65608,-2.2937
0.0698,-1.6178,0.66615,-2.2878
0.0699,-1.6549,0.67535,-2.2787
0.07,-1.6895,0.68367,-2.2661
0.0701,-1.7215,0.69121,-2.2502
0.0702,-1.7508,0.69811,-2.231
0.0703,-1.7775,0.7044,-2.2086
0.0704,-1.8017,0.71004,-2.183
0.0705,-1.8232,0.71509,-2.1545
0.0706,-1.8421,0.71954,-2.1233
0.0707,-1.8585,0.72329,-2.0893
0.0708,-1.8723,0.72628,-2.0526
0.0709,-1.8836,0.7285,-2.0133
0.071,-1.8924,0.72984,-1.9714
0.0711,-1.8987,0.7302,-1.9267
0.0712,-1.9023,0.72956,-1.8794
0.0713,-1.9033,0.72783,-1.8295
0.0714,-1.9016,0.72484,-1.7768
0.0715,-1.8972,0.72054,-1.7216
0.0716,-1.8902,0.71488,-1.6639
0.0717,-1.8805,0.70777,-1.6039
0.0718,-1.8683,0.69923,-1.5416
0.0719,-1.8535,0.68936,-1.4772
0.072,-1.8362,0.67816,-1.4107
0.0721,-1.8165,0.6657,-1.3422
0.0722,-1.7941,0.65208,-1.2718
0.0723,-1.7692,0.63743,-1.1997
0.0724,-1.7417,0.62178,-1.1257
0.0725,-1.7116,0.60523,-1.0501
0.0726,-1.6789,0.5879,-0.97308
0.0727,-1.6437,0.56984,-0.89466
0.0728,-1.6063,0.55108,-0.81497
0.0729,-1.5667,0.53171,-0.73425
0.073,-1.5251,0.5118,-0.65264
0.0731,-1.4817,0.49131,-0.5702
0.0732,-1.4365,0.47022,-0.48709
0.0733,-1.3895,0.44855,-0.40346
0.0734,-1.3409,0.42624,-0.31933
0.0735,-1.2905,0.40324,-0.23471
0.0736,-1.2383,0.37961,-0.14974
0.0737,-1.1845,0.3554,-0.064477
0.0738,-1.129,0.33063,0.021022
0.0739,-1.0719,0.30538,0.10662
0.074,-1.0133,0.27977,0.19212
0.0741,-0.9533,0.25386,0.27742
0.0742,-0.89198,0.22772,0.36233
0.0743,-0.82935,0.20147,0.44665
0.0744,-0.76548,0.17518,0.53022
0.0745,-0.70045,0.14889,0.61298
0.0746,-0.63427,0.12268,0.69477
0.0747,-0.56702,0.096624,0.77551
0.0748,-0.49879,0.070738,0.85516
0.0749,-0.42965,0.045053,0.93361
0.075,-0.3597,0.019602,1.0107
0.0751,-0.28911,-0.0056567,1.0864
0.0752,-0.21804,-0.030793,1.1606
0.0753,-0.14662,-0.055829,1.233
0.0754,-0.07502,-0.080803,1.3037
0.0755,-0.0034058,-0.10578,1.3725
0.0756,0.068119,-0.13074,1.4393
0.0757,0.13945,-0.15564,1.504
0.0758,0.21046,-0.18048,1.5667
0.0759,0.28109,-0.20521,1.6273
0.076,0.35133,-0.22974,1.6857
0.0761,0.42111,-0.25397,1.7418
0.0762,0.49036,-0.27786,1.7956
0.0763,0.55904,-0.30131,1.847
0.0764,0.62701,-0.32422,1.8957
0.0765,0.6941,-0.34653,1.9419
0.0766,0.76017,-0.36819,1.9852
0.0767,0.82509,-0.38909,2.0256
0.0768,0.88872,-0.40918,2.0631
0.0769,0.95094,-0.4285,2.0975
0.077,1.0117,-0.44703,2.1288
0.0771,1.0709,-0.46478,2.1568
0.0772,1.1284,-0.48184,2.1817
0.0773,1.1843,-0.49825,2.2034
0.0774,1.2385,-0.51402,2.2219
0.0775,1.2909,-0.52919,2.2371
0.0776,1.3413,-0.54381,2.249
0.0777,1.3898,-0.55787,2.2577
0.0778,1.4361,-0.57137,2.263
0.0779,1.4802,-0.58433,2.2651
0.078,1.5221,-0.59673,2.2639
0.0781,1.5618,-0.6085,2.2594
0.0782,1.5992,-0.61962,2.2516
0.0783,1.6343,-0.63003,2.2406
0.0784,1.6672,-0.63962,2.2264
0.0785,1.6977,-0.64833,2.209
0.0786,1.7259,-0.65608,2.1886
0.0787,1.7516,-0.6628,2.165
0.0788,1.775,-0.66844,2.1385
0.0789,1.7958,-0.67301,2.1089
0.079,1.8139,-0.67651,2.0763
0.0791,1.8295,-0.67895,2.0408
0.0792,1.8423,-0.68037,2.0022
0.0793,1.8524,-0.68082,1.9609
0.0794,1.8598,-0.68031,1.9167
0.0795,1.8644,-0.67885,1.8698
0.0796,1.8662,-0.67649,1.8203
0.0797,1.8653,-0.67324,1.7683
0.0798,1.8617,-0.66906,1.7138
0.0799,1.8554,-0.66394,1.6571
0.08,1.8466,-0.65787,1.5981
0.0801,1.8351,-0.65079,1.5369
0.0802,1.8211,-0.64263,1.4735
0.0803,1.8046,-0.63334,1.4081
0.0804,1.7854,-0.62286,1.3407
0.0805,1.7638,-0.61113,1.2713
0.0806,1.7397,-0.59812,1.2
0.0807,1.7132,-0.58383,1.127
0.0808,1.6843,-0.56827,1.0523
0.0809,1.6531,-0.55149,0.97605
0.081,1.6198,-0.53355,0.89835
0.0811,1.5842,-0.51455,0.81933
0.0812,1.5465,-0.49454,0.73909
0.0813,1.5067,-0.47365,0.65777
0.0814,1.4647,-0.45199,0.5755
0.0815,1.4206,-0.42967,0.49237
0.0816,1.3745,-0.40681,0.40851
0.0817,1.3263,-0.38353,0.32405
0.0818,1.2761,-0.35994,0.23911
0.0819,1.2242,-0.33612,0.1538
0.082,1.1705,-0.31213,0.068278
0.0821,1.1152,-0.28803,-0.017292
0.0822,1.0583,-0.2638,-0.10279
0.0823,1.0001,-0.23945,-0.18806
0.0824,0.94061,-0.21495,-0.27299
0.0825,0.87984,-0.19026,-0.35749
0.0826,0.81788,-0.16534,-0.44148
0.0827,0.75478,-0.14018,-0.52487
0.0828,0.69058,-0.11476,-0.60759
0.0829,0.62532,-0.089059,-0.68955
0.083,0.55905,-0.0631,-0.77066
0.0831,0.49184,-0.036911,-0.85079
0.0832,0.42376,-0.010515,-0.92982
0.0833,0.35488,0.016033,-1.0076
0.0834,0.28527,0.042652,-1.084
0.0835,0.21504,0.069261,-1.1589
0.0836,0.14429,0.095783,-1.2322
0.0837,0.073116,0.12211,-1.3038
0.0838,0.0016218,0.14815,-1.3735
0.0839,-0.070075,0.17382,-1.4413
0.084,-0.14187,0.19906,-1.5071
0.0841,-0.21363,0.2238,-1.5708
0.0842,-0.28521,0.24803,-1.6323
0.0843,-0.35645,0.27175,-1.6915
0.0844,-0.4272,0.29496,-1.7484
0.0845,-0.49727,0.31766,-1.8027
0.0846,-0.56653,0.33991,-1.8546
0.0847,-0.63481,0.36175,-1.9039
0.0848,-0.70202,0.38321,-1.9504
0.0849,-0.76806,0.40431,-1.9943
0.085,-0.83285,0.42507,-2.0354
0.0851,-0.89636,0.44549,-2.0736
0.0852,-0.95854,0.46553,-2.109
0.0853,-1.0194,0.48516,-2.1415
0.0854,-1.0787,0.50432,-2.171
0.0855,-1.1366,0.52293,-2.1974
0.0856,-1.1929,0.54094,-2.2207
0.0857,-1.2476,0.55825,-2.2407
0.0858,-1.3005,0.57478,-2.2575
0.0859,-1.3516,0.59049,-2.2709
0.086,-1.4007,0.60532,-2.2809
0.0861,-1.448,0.61923,-2.2875
0.0862,-1.4931,0.63221,-2.2907
0.0863,-1.5362,0.64426,-2.2904
0.0864,-1.5772,0.65538,-2.2868
0.0865,-1.6159,0.66558,-2.2799
0.0866,-1.6524,0.67491,-2.2696
0.0867,-1.6865,0.68341,-2.2562
0.0868,-1.7182,0.69111,-2.2395
0.0869,-1.7473,0.69806,-2.2197
0.087,-1.7739,0.70431,-2.1969
0.0871,-1.7979,0.70988,-2.171
0.0872,-1.8192,0.71477,-2.142
0.0873,-1.8379,0.71898,-2.1101
0.0874,-1.8539,0.72247,-2.0754
0.0875,-1.8672,0.7252,-2.0378
0.0876,-1.8779,0.7271,-1.9975
0.0877,-1.886,0.72809,-1.9545
0.0878,-1.8915,0.72809,-1.9088
0.0879,-1.8945,0.727,-1.8606
0.088,-1.8948,0.72477,-1.8097
0.0881,-1.8926,0.72134,-1.7564
0.0882,-1.8877,0.71662,-1.7005
0.0883,-1.8803,0.71058,-1.6423
0.0884,-1.8702,0.7032,-1.5817
0.0885,-1.8575,0.69448,-1.5188
0.0886,-1.8421,0.68441,-1.4537
0.0887,-1.8241,0.67304,-1.3865
0.0888,-1.8036,0.66045,-1.3173
0.0889,-1.7805,0.64668,-1.2463
0.089,-1.7549,0.63185,-1.1735
0.0891,-1.7268,0.61602,-1.0991
0.0892,-1.6963,0.5993,-1.0232
0.0893,-1.6635,0.58175,-0.94584
0.0894,-1.6283,0.56344,-0.8672
0.0895,-1.5908,0.54443,-0.78737
0.0896,-1.5512,0.52476,-0.70645
0.0897,-1.5094,0.50446,-0.62456
0.0898,-1.4655,0.48356,-0.54182
0.0899,-1.4198,0.46205,-0.45834
0.09,-1.3722,0.43995,-0.37424
0.0901,-1.3228,0.41727,-0.28966
0.0902,-1.2718,0.39402,-0.20468
0.0903,-1.2191,0.37019,-0.11941
0.0904,-1.1649,0.34584,-0.033976
0.0905,-1.1091,0.32099,0.051516
0.0906,-1.0519,0.29571,0.13696
0.0907,-0.99313,0.27006,0.22224
0.0908,-0.93297,0.24414,0.30724
0.0909,-0.87144,0.21801,0.39184
0.091,-0.80857,0.19176,0.47591
0.0911,-0.74444,0.16548,0.55932
0.0912,-0.67912,0.13921,0.64191
0.0913,-0.61268,0.11302,0.72357
0.0914,-0.54523,0.08693,0.80415
0.0915,-0.47687,0.060974,0.88354
0.0916,-0.40771,0.035156,0.96161
0.0917,-0.33786,0.0094709,1.0383
0.0918,-0.26743,-0.016084,1.1134
0.0919,-0.19654,-0.041526,1.187
0.092,-0.1253,-0.066872,1.2589
0.0921,-0.053831,-0.092137,1.329
0.0922,0.017745,-0.11732,1.3973
0.0923,0.089301,-0.14243,1.4637
0.0924,0.16072,-0.16743,1.528
0.0925,0.23187,-0.19229,1.5903
0.0926,0.30265,-0.21697,1.6503
0.0927,0.37293,-0.2414,1.708
0.0928,0.44264,-0.2655,1.7634
0.0929,0.51167,-0.28921,1.8164
0.093,0.57995,-0.31247,1.8668
0.0931,0.6474,-0.3352,1.9145
0.0932,0.71393,-0.35735,1.9596
0.0933,0.77945,-0.37884,2.002
0.0934,0.84386,-0.39964,2.0414
0.0935,0.90705,-0.41971,2.078
0.0936,0.96891,-0.43903,2.1115
0.0937,1.0293,-0.45761,2.1419
0.0938,1.0882,-0.47546,2.1692
0.0939,1.1453,-0.49261,2.1932
0.094,1.2008,-0.50909,2.214
0.0941,1.2544,-0.52494,2.2314
0.0942,1.3061,-0.54018,2.2456
0.0943,1.3559,-0.55483,2.2564
0.0944,1.4037,-0.5689,2.264
0.0945,1.4494,-0.58239,2.2683
0.0946,1.493,-0.59527,2.2693
0.0947,1.5345,-0.60751,2.267
0.0948,1.5737,-0.61908,2.2615
0.0949,1.6107,-0.62991,2.2527
0.095,1.6454,-0.63997,2.2407
0.0951,1.6777,-0.64919,2.2255
0.0952,1.7076,-0.65753,2.2072
0.0953,1.7351,-0.66493,2.1856
0.0954,1.7601,-0.67135,2.161
0.0955,1.7826,-0.67677,2.1333
0.0956,1.8025,-0.68116,2.1026
0.0957,1.8198,-0.68452,2.0689
0.0958,1.8346,-0.68686,2.0324
0.0959,1.8466,-0.68821,1.993
0.096,1.8561,-0.68856,1.9507
0.0961,1.8628,-0.68797,1.9058
0.0962,1.8668,-0.68642,1.8582
0.0963,1.8681,-0.68393,1.8079
0.0964,1.8667,-0.68051,1.7552
0.0965,1.8625,-0.67613,1.7
0.0966,1.8556,-0.67076,1.6424
0.0967,1.8461,-0.66435,1.5825
0.0968,1.8339,-0.65687,1.5204
0.0969,1.8192,-0.64825,1.4562
0.097,1.802,-0.63845,1.39
0.0971,1.7822,-0.62743,1.3218
0.0972,1.76,-0.61517,1.2518
0.0973,1.7354,-0.60166,1.1799
0.0974,1.7084,-0.58691,1.1063
0.0975,1.6791,-0.57093,1.031
0.0976,1.6474,-0.55379,0.95427
0.0977,1.6134,-0.53554,0.87606
0.0978,1.5772,-0.51626,0.79653
0.0979,1.5388,-0.49606,0.71581
0.098,1.4982,-0.47504,0.63403
0.0981,1.4556,-0.45329,0.55133
0.0982,1.4109,-0.43093,0.46784
0.0983,1.3642,-0.40806,0.3837
0.0984,1.3157,-0.38477,0.29905
0.0985,1.2653,-0.36114,0.21397
0.0986,1.2131,-0.33723,0.12861
0.0987,1.1592,-0.31311,0.043068
0.0988,1.1037,-0.2888,-0.042524
0.0989,1.0467,-0.26432,-0.12804
0.099,0.98819,-0.23968,-0.21337
0.0991,0.92834,-0.21487,-0.29839
0.0992,0.86721,-0.18987,-0.38298
0.0993,0.80488,-0.16466,-0.46704
0.0994,0.74142,-0.13922,-0.55044
0.0995,0.67691,-0.11353,-0.6331
0.0996,0.61138,-0.087612,-0.7149
0.0997,0.54488,-0.061463,-0.79575
0.0998,0.47748,-0.035116,-0.87555
0.0999,0.40922,-0.0086171,-0.95418
0.1,0.34018,0.017977,-1.0315
0.1001,0.27042,0.0446,-1.1075
0.1002,0.20003,0.071174,-1.182
0.1003,0.12911,0.097622,-1.2548
0.1004,0.057785,0.12387,-1.326
0.1005,-0.013817,0.14983,-1.3952
0.1006,-0.085559,0.17545,-1.4625
0.1007,-0.1573,0.20067,-1.5277
0.1008,-0.2289,0.22546,-1.5908
0.1009,-0.30022,0.24978,-1.6516
0.101,-0.37112,0.27362,-1.7101
0.1011,-0.44148,0.29697,-1.7662
0.1012,-0.51117,0.31986,-1.8199
0.1013,-0.58006,0.3423,-1.871
0.1014,-0.64804,0.36433,-1.9195
0.1015,-0.71501,0.38596,-1.9654
0.1016,-0.78085,0.4072,-2.0085
0.1017,-0.84548,0.42804,-2.0489
0.1018,-0.9088,0.44848,-2.0864
0.1019,-0.97073,0.46848,-2.1209
0.102,-1.0312,0.48801,-2.1525
0.1021,-1.0902,0.50702,-2.181
0.1022,-1.1476,0.52546,-2.2064
0.1023,-1.2034,0.54326,-2.2286
0.1024,-1.2576,0.56036,-2.2475
0.1025,-1.3099,0.5767,-2.2632
0.1026,-1.3605,0.59223,-2.2755
0.1027,-1.4092,0.6069,-2.2844
0.1028,-1.4559,0.62068,-2.29
0.1029,-1.5006,0.63355,-2.2922
0.103,-1.5432,0.64552,-2.291
0.1031,-1.5836,0.65659,-2.2864
0.1032,-1.6217,0.66679,-2.2784
0.1033,-1.6574,0.67613,-2.2672
0.1034,-1.6908,0.68466,-2.2527
0.1035,-1.7218,0.6924,-2.2351
0.1036,-1.7503,0.69938,-2.2143
0.1037,-1.7762,0.70562,-2.1904
0.1038,-1.7995,0.71113,-2.1635
0.1039,-1.8203,0.7159,-2.1337
0.104,-1.8384,0.71993,-2.101
0.1041,-1.8539,0.72317,-2.0653
0.1042,-1.8667,0.7256,-2.0269
0.1043,-1.8769,0.72716,-1.9857
0.1044,-1.8844,0.72778,-1.9418
0.1045,-1.8892,0.7274,-1.8952
0.1046,-1.8915,0.72593,-1.846
0.1047,-1.8911,0.72333,-1.7942
0.1048,-1.8881,0.71952,-1.7399
0.1049,-1.8825,0.71446,-1.6832
0.105,-1.8743,0.7081,-1.6241
0.1051,-1.8636,0.70043,-1.5628
0.1052,-1.8502,0.69145,-1.4992
0.1053,-1.8343,0.68115,-1.4334
0.1054,-1.8157,0.66959,-1.3656
0.1055,-1.7946,0.65681,-1.2959
0.1056,-1.771,0.64287,-1.2243
0.1057,-1.7448,0.62785,-1.1509
0.1058,-1.7162,0.61183,-1.076
0.1059,-1.6851,0.59489,-0.99946
0.106,-1.6517,0.5771,-0.92157
0.1061,-1.616,0.55853,-0.84241
0.1062,-1.578,0.53924,-0.7621
0.1063,-1.5379,0.51927,-0.68076
0.1064,-1.4958,0.49865,-0.5985
0.1065,-1.4516,0.47742,-0.51544
0.1066,-1.4055,0.45558,-0.4317
0.1067,-1.3576,0.43317,-0.34737
0.1068,-1.3078,0.41018,-0.26256
0.1069,-1.2563,0.38666,-0.17737
0.107,-1.2032,0.36262,-0.091907
0.1071,-1.1485,0.3381,-0.0062994
0.1072,-1.0923,0.31315,0.07933
0.1073,-1.0346,0.28781,0.16486
0.1074,-0.97544,0.26215,0.25015
0.1075,-0.91495,0.23623,0.3351
0.1076,-0.85314,0.21011,0.41957
0.1077,-0.79006,0.18388,0.50345
0.1078,-0.72577,0.15758,0.58662
0.1079,-0.66031,0.13127,0.66895
0.108,-0.59376,0.10501,0.75033
0.1081,-0.5262,0.078812,0.83063
0.1082,-0.45773,0.052715,0.90973
0.1083,-0.38846,0.026728,0.98752
0.1084,-0.3185,0.00085325,1.0639
0.1085,-0.24798,-0.024913,1.1387
0.1086,-0.17703,-0.050576,1.2119
0.1087,-0.10577,-0.07614,1.2834
0.1088,-0.034329,-0.10161,1.353
0.1089,0.037182,-0.12697,1.4208
0.109,0.10864,-0.1522,1.4866
0.1091,0.17994,-0.17729,1.5503
0.1092,0.25098,-0.20219,1.6119
0.1093,0.32164,-0.22686,1.6713
0.1094,0.39181,-0.25122,1.7284
0.1095,0.4614,-0.27522,1.783
0.1096,0.5303,-0.29881,1.8353
0.1097,0.59841,-0.32193,1.8849
0.1098,0.66562,-0.34453,1.9319
0.1099,0.73184,-0.36655,1.9762
0.11,0.79698,-0.38794,2.0176
0.1101,0.86094,-0.40867,2.0561
0.1102,0.92364,-0.4287,2.0917
0.1103,0.98497,-0.44803,2.1243
0.1104,1.0449,-0.46665,2.1537
0.1105,1.1032,-0.48457,2.18
0.1106,1.1599,-0.50181,2.2031
0.1107,1.2149,-0.51838,2.2229
0.1108,1.268,-0.5343,2.2395
0.1109,1.3193,-0.54958,2.2527
0.111,1.3686,-0.56424,2.2626
0.1111,1.4159,-0.57828,2.2692
0.1112,1.4611,-0.59168,2.2725
0.1113,1.5042,-0.60444,2.2724
0.1114,1.5451,-0.61652,2.2691
0.1115,1.5838,-0.62789,2.2625
0.1116,1.6202,-0.63849,2.2526
0.1117,1.6543,-0.6483,2.2396
0.1118,1.686,-0.65725,2.2233
0.1119,1.7154,-0.66531,2.2039
0.112,1.7422,-0.67244,2.1814
0.1121,1.7666,-0.67861,2.1558
0.1122,1.7884,-0.6838,2.1272
0.1123,1.8077,-0.68801,2.0955
0.1124,1.8243,-0.69121,2.0609
0.1125,1.8383,-0.69343,2.0234
0.1126,1.8497,-0.69467,1.9831
0.1127,1.8584,-0.69493,1.9399
0.1128,1.8644,-0.69423,1.8941
0.1129,1.8677,-0.69255,1.8456
0.113,1.8684,-0.68992,1.7945
0.1131,1.8663,-0.68631,1.741
0.1132,1.8616,-0.68168,1.685
0.1133,1.8542,-0.67602,1.6267
0.1134,1.8441,-0.66927,1.566
0.1135,1.8314,-0.66139,1.5032
0.1136,1.8161,-0.65234,1.4383
0.1137,1.7983,-0.64208,1.3713
0.1138,1.778,-0.63059,1.3024
0.1139,1.7552,-0.61785,1.2316
0.114,1.7299,-0.60388,1.1591
0.1141,1.7023,-0.58869,1.0848
0.1142,1.6724,-0.57233,1.009
0.1143,1.6401,-0.55485,0.93163
0.1144,1.6056,-0.53632,0.85293
0.1145,1.5688,-0.51681,0.77297
0.1146,1.5299,-0.49643,0.69186
0.1147,1.4889,-0.47526,0.60973
0.1148,1.4457,-0.4534,0.52671
0.1149,1.4006,-0.43095,0.44293
0.115,1.3535,-0.40799,0.35853
0.1151,1.3045,-0.38462,0.27362
0.1152,1.2537,-0.36089,0.18833
0.1153,1.2011,-0.33686,0.10279
0.1154,1.1469,-0.31259,0.017111
0.1155,1.0912,-0.28809,-0.06857
0.1156,1.0339,-0.2634,-0.15414
0.1157,0.97518,-0.2385,-0.23947
0.1158,0.91512,-0.21341,-0.32446
0.1159,0.85378,-0.18812,-0.40901
0.116,0.79122,-0.16261,-0.49299
0.1161,0.72923,-0.1368,-0.57437
0.1162,0.72092,-0.10792,-0.59416
0.1163,0.71195,-0.079155,-0.61361
0.1164,0.70178,-0.050211,-0.63233
0.1165,0.69022,-0.020977,-0.64986
0.1166,0.67714,0.00824,-0.66621
0.1167,0.66282,0.037461,-0.68173
0.1168,0.64735,0.066891,-0.69657
0.1169,0.63061,0.096303,-0.71021
0.117,0.61243,0.1255,-0.72243
0.1171,0.59317,0.15459,-0.73355
0.1172,0.57308,0.18347,-0.74398
0.1173,0.55231,0.21184,-0.75364
0.1174,0.53082,0.23976,-0.7624
0.1175,0.50852,0.2673,-0.77017
0.1176,0.48535,0.29433,-0.77686
0.1177,0.4615,0.32083,-0.78257
0.1178,0.4371,0.347,-0.78752
0.1179,0.41212,0.37276,-0.79162
0.118,0.3865,0.398,-0.79468
0.1181,0.36038,0.42273,-0.79678
0.1182,0.33394,0.44699,-0.7981
0.1183,0.30734,0.47062,-0.79852
0.1184,0.2804,0.49366,-0.79789
0.1185,0.25296,0.51623,-0.79612
0.1186,0.22506,0.53829,-0.79316
0.1187,0.19681,0.55974,-0.78895
0.1188,0.1682,0.58068,-0.78347
0.1189,0.13921,0.60098,-0.77653
0.119,0.10992,0.62045,-0.768
0.1191,0.080581,0.63909,-0.75811
0.1192,0.051345,0.65694,-0.74707
0.1193,0.02224,0.67379,-0.7347
0.1194,-0.0068463,0.6896,-0.72087
0.1195,-0.035943,0.70452,-0.70574
0.1196,-0.064993,0.71858,-0.68944
0.1197,-0.093893,0.73167,-0.672
0.1198,-0.12266,0.74389,-0.65354
0.1199,-0.15126,0.75531,-0.6342
0.12,-0.17963,0.76578,-0.61392
0.1201,-0.20763,0.77519,-0.59274
0.1202,-0.23523,0.78371,-0.57087
0.1203,-0.26241,0.79133,-0.54838
0.1204,-0.28922,0.79797,-0.52516
0.1205,-0.31573,0.80372,-0.50126
0.1206,-0.34195,0.80868,-0.47679
0.1207,-0.36779,0.81269,-0.45171
0.1208,-0.39322,0.8157,-0.42602
0.1209,-0.41822,0.81774,-0.3998
0.121,-0.44272,0.81873,-0.37308
0.1211,-0.46658,0.81853,-0.34589
0.1212,-0.48976,0.81716,-0.31831
0.1213,-0.51231,0.81459,-0.29027
0.1214,-0.53429,0.81075,-0.26171
0.1215,-0.55563,0.80564,-0.23275
0.1216,-0.57624,0.79935,-0.20361
0.1217,-0.59607,0.79177,-0.17433
0.1218,-0.6151,0.78287,-0.14491
0.1219,-0.63326,0.77268,-0.11549
0.122,-0.65049,0.76117,-0.08615
0.1221,-0.66676,0.74832,-0.056885
0.1222,-0.68212,0.73424,-0.027762
0.1223,-0.6966,0.71906,0.0011647
0.1224,-0.71029,0.70279,0.029987
0.1225,-0.72322,0.68548,0.058747
