0.05,0.99319,-0.095293,-0.87179
0.0501,0.97498,-0.05474,-0.89528
0.0502,0.95522,-0.014034,-0.91773
0.0503,0.93398,0.026716,-0.93905
0.0504,0.91131,0.067402,-0.9592
0.0505,0.8873,0.10792,-0.97809
0.0506,0.86202,0.14817,-0.99567
0.0507,0.83555,0.18804,-1.0119
0.0508,0.80796,0.22747,-1.0267
0.0509,0.77933,0.26636,-1.0401
0.051,0.7497,0.30467,-1.052
0.0511,0.71911,0.34235,-1.0623
0.0512,0.68758,0.37941,-1.0711
0.0513,0.65515,0.41585,-1.0784
0.0514,0.62184,0.45168,-1.0841
0.0515,0.58767,0.48693,-1.0882
0.0516,0.55268,0.52161,-1.0909
0.0517,0.51694,0.55571,-1.092
0.0518,0.48049,0.58922,-1.0917
0.0519,0.4434,0.62211,-1.0898
0.052,0.40573,0.65434,-1.0865
0.0521,0.36754,0.68585,-1.0817
0.0522,0.3289,0.71659,-1.0752
0.0523,0.28986,0.74647,-1.0672
0.0524,0.25051,0.77542,-1.0576
0.0525,0.21091,0.80337,-1.0463
0.0526,0.17112,0.83022,-1.0334
0.0527,0.13123,0.8559,-1.0187
0.0528,0.09129,0.88033,-1.0024
0.0529,0.051345,0.90346,-0.98438
0.053,0.011435,0.92523,-0.96469
0.0531,-0.028409,0.94563,-0.94337
0.0532,-0.068163,0.96464,-0.92046
0.0533,-0.1078,0.98227,-0.89605
0.0534,-0.14728,0.99856,-0.87022
0.0535,-0.18657,1.0135,-0.84307
0.0536,-0.22563,1.0272,-0.81472
0.0537,-0.26439,1.0395,-0.78526
0.0538,-0.3028,1.0506,-0.7548
0.0539,-0.34082,1.0605,-0.72342
0.054,-0.37839,1.069,-0.69121
0.0541,-0.41546,1.0763,-0.65823
0.0542,-0.45198,1.0822,-0.62453
0.0543,-0.48789,1.0868,-0.59018
0.0544,-0.52311,1.0899,-0.55522
0.0545,-0.55758,1.0915,-0.51968
0.0546,-0.59121,1.0916,-0.48359
0.0547,-0.62396,1.09,-0.44696
0.0548,-0.65578,1.0866,-0.40979
0.0549,-0.68664,1.0815,-0.37209
0.055,-0.71652,1.0746,-0.33386
0.0551,-0.7454,1.0658,-0.29513
0.0552,-0.77327,1.0551,-0.25591
0.0553,-0.80013,1.0427,-0.21627
0.0554,-0.82595,1.0284,-0.17627
0.0555,-0.85071,1.0125,-0.13599
0.0556,-1.017,0.86816,0.17389
0.0557,-1.1318,0.76454,0.39134
0.0558,-1.2431,0.66035,0.60566
0.0559,-1.355,0.55729,0.81912
0.056,-1.4681,0.45627,1.0315
0.0561,-1.5772,0.35462,1.2405
0.0562,-1.6812,0.25189,1.4451
0.0563,-1.786,0.14982,1.6497
0.0564,-1.8954,0.04918,1.8572
0.0565,-2.0026,-0.053387,2.0644
0.0566,-2.1053,-0.15849,2.2695
0.0567,-2.205,-0.26574,2.4736
0.0568,-2.3023,-0.37426,2.6765
0.0569,-2.3969,-0.48253,2.8765
0.057,-2.4887,-0.58884,3.0717
0.0571,-2.5759,-0.69442,3.2618
0.0572,-2.6576,-0.80007,3.4464
0.0573,-2.7357,-0.90511,3.6272
0.0574,-2.8123,-1.009,3.8053
0.0575,-2.8855,-1.1133,3.9807
0.0576,-2.9543,-1.2181,4.1524
0.0577,-3.0197,-1.3229,4.321
0.0578,-3.082,-1.427,4.486
0.0579,-3.1408,-1.5295,4.6462
0.058,-3.1963,-1.6281,4.7995
0.0581,-3.2469,-1.7221,4.9438
0.0582,-3.2911,-1.8111,5.0771
0.0583,-3.3309,-1.8948,5.2008
0.0584,-3.3675,-1.9731,5.3165
0.0585,-3.3983,-2.0488,5.4241
0.0586,-3.4219,-2.1232,5.5235
0.0587,-3.4416,-2.196,5.6174
0.0588,-3.4591,-2.2669,5.7076
0.0589,-3.4727,-2.3366,5.7929
0.059,-3.4817,-2.4047,5.8721
0.0591,-3.4869,-2.4707,5.9455
0.0592,-3.4873,-2.5346,6.0122
0.0593,-3.4823,-2.5955,6.0705
0.0594,-3.4724,-2.6519,6.1195
0.0595,-3.4569,-2.7046,6.1592
0.0596,-3.4348,-2.754,6.189
0.0597,-3.4074,-2.7996,6.2098
0.0598,-3.3765,-2.8409,6.2225
0.0599,-3.3416,-2.8784,6.2274
0.06,-3.3028,-2.9115,6.2239
0.0601,-3.2611,-2.9396,6.2122
0.0602,-3.2163,-2.9628,6.1925
0.0603,-3.1673,-2.9818,6.1642
0.0604,-3.1144,-2.9958,6.1268
0.0605,-3.0571,-3.0048,6.0798
0.0606,-2.9943,-3.0092,6.0223
0.0607,-2.9265,-3.0085,5.9545
0.0608,-2.8555,-3.0023,5.8777
0.0609,-2.7806,-2.9918,5.7924
0.061,-2.7011,-2.9782,5.6992
0.0611,-2.6184,-2.9619,5.5998
0.0612,-2.5334,-2.9432,5.4955
0.0613,-2.4454,-2.9228,5.3863
0.0614,-2.3542,-2.9005,5.2718
0.0615,-2.2603,-2.8758,5.152
0.0616,-2.1632,-2.8482,5.026
0.0617,-2.0625,-2.8169,4.8924
0.0618,-1.959,-2.7802,4.7505
0.0619,-1.8527,-2.7378,4.5999
0.062,-1.7433,-2.6897,4.4403
0.0621,-1.6312,-2.6361,4.2724
0.0622,-1.5174,-2.5776,4.0979
0.0623,-1.4017,-2.5156,3.9178
0.0624,-1.2843,-2.4503,3.7328
0.0625,-1.1662,-2.3818,3.5438
0.0626,-1.0473,-2.3102,3.3511
0.0627,-0.92735,-2.2358,3.1544
0.0628,-0.8067,-2.1579,2.9538
0.0629,-0.68528,-2.0766,2.7491
0.063,-0.56197,-1.9925,2.5398
0.0631,-0.43685,-1.9057,2.3261
0.0632,-0.31104,-1.8161,2.1093
0.0633,-0.18441,-1.7248,1.89
0.0634,-0.056583,-1.6326,1.669
0.0635,0.071276,-1.5396,1.4474
0.0636,0.19809,-1.4457,1.2261
0.0637,0.32408,-1.3509,1.0052
0.0638,0.44907,-1.2545,0.7839
0.0639,0.57251,-1.1559,0.56222
0.064,0.69486,-1.0549,0.33961
0.0641,0.81681,-0.95161,0.11535
0.0642,0.93801,-0.8453,-0.1108
0.0643,1.0582,-0.73603,-0.33861
0.0644,1.1777,-0.62415,-0.56796
0.0645,1.2959,-0.50985,-0.79811
0.0646,1.4117,-0.39349,-1.0278
0.0647,1.5252,-0.27624,-1.2559
0.0648,1.6362,-0.15895,-1.4813
0.0649,1.7441,-0.042045,-1.7031
0.065,1.8489,0.073939,-1.9208
0.0651,1.9511,0.18838,-2.1344
0.0652,2.0506,0.30138,-2.3438
0.0653,2.1471,0.41297,-2.549
0.0654,2.2415,0.52309,-2.7505
0.0655,2.3334,0.63193,-2.9485
0.0656,2.4221,0.74005,-3.1426
0.0657,2.5074,0.84728,-3.3326
0.0658,2.5894,0.95324,-3.5182
0.0659,2.6674,1.0576,-3.6985
0.066,2.7408,1.1602,-3.8727
0.0661,2.8099,1.2605,-4.0407
0.0662,2.8744,1.3588,-4.2025
0.0663,2.934,1.4557,-4.3581
0.0664,2.9887,1.5514,-4.5082
0.0665,3.039,1.6461,-4.6533
0.0666,3.0848,1.7402,-4.7935
0.0667,3.126,1.8334,-4.9287
0.0668,3.1632,1.9251,-5.0586
0.0669,3.1961,2.0148,-5.1825
0.067,3.2242,2.1017,-5.2992
0.0671,3.2477,2.1847,-5.4076
0.0672,3.2665,2.2631,-5.5069
0.0673,3.28,2.3366,-5.5963
0.0674,3.2883,2.4051,-5.6756
0.0675,3.2916,2.4687,-5.7452
0.0676,3.2901,2.528,-5.8058
0.0677,3.2837,2.5835,-5.8576
0.0678,3.2731,2.6351,-5.9014
0.0679,3.2587,2.683,-5.9378
0.068,3.2402,2.7277,-5.9667
0.0681,3.2174,2.7692,-5.9881
0.0682,3.1905,2.8074,-6.002
0.0683,3.159,2.8423,-6.0079
0.0684,3.1223,2.874,-6.0054
0.0685,3.0808,2.9022,-5.9941
0.0686,3.0344,2.9267,-5.9743
0.0687,2.9831,2.9478,-5.9458
0.0688,2.9273,2.9651,-5.909
0.0689,2.8676,2.9786,-5.8641
0.069,2.8042,2.9882,-5.8114
0.0691,2.7373,2.9938,-5.7508
0.0692,2.6672,2.995,-5.6824
0.0693,2.5937,2.9916,-5.6058
0.0694,2.5166,2.9836,-5.5207
0.0695,2.436,2.9706,-5.4266
0.0696,2.3518,2.9522,-5.3234
0.0697,2.264,2.9285,-5.2108
0.0698,2.1726,2.8994,-5.089
0.0699,2.0782,2.8652,-4.9589
0.07,1.9808,2.8266,-4.8212
0.0701,1.8804,2.7845,-4.6767
0.0702,1.7777,2.7393,-4.5267
0.0703,1.6728,2.6917,-4.372
0.0704,1.5656,2.642,-4.2128
0.0705,1.4564,2.5902,-4.0493
0.0706,1.3452,2.536,-3.8816
0.0707,1.232,2.4793,-3.7092
0.0708,1.1167,2.4195,-3.5315
0.0709,0.99941,2.3562,-3.3484
0.071,0.88043,2.2891,-3.1599
0.0711,0.75972,2.2183,-2.966
0.0712,0.63764,2.1439,-2.7671
0.0713,0.51471,2.066,-2.5641
0.0714,0.39116,1.9849,-2.3574
0.0715,0.26727,1.9007,-2.1475
0.0716,0.14353,1.8133,-1.9347
0.0717,0.020094,1.7226,-1.7193
0.0718,-0.1032,1.6288,-1.5012
0.0719,-0.22631,1.532,-1.2806
0.072,-0.34918,1.4323,-1.0575
0.0721,-0.47204,1.33,-0.83234
0.0722,-0.59483,1.2256,-0.60546
0.0723,-0.71717,1.1195,-0.37766
0.0724,-0.83884,1.0124,-0.14978
0.0725,-0.95965,0.90471,0.077432
0.0726,-1.0791,0.79691,0.30316
0.0727,-1.1968,0.68915,0.52682
0.0728,-1.3126,0.58158,0.74825
0.0729,-1.4265,0.47407,0.96745
0.073,-1.5382,0.36641,1.1845
0.0731,-1.6479,0.25842,1.3996
0.0732,-1.7556,0.14993,1.6132
0.0733,-1.8612,0.040585,1.8254
0.0734,-1.9645,-0.06975,2.0362
0.0735,-2.0653,-0.18106,2.2454
0.0736,-2.1632,-0.2932,2.4526
0.0737,-2.2579,-0.40588,2.6571
0.0738,-2.3491,-0.51854,2.8582
0.0739,-2.4368,-0.63066,3.0554
0.074,-2.5205,-0.74186,3.2478
0.0741,-2.6003,-0.85173,3.4352
0.0742,-2.6762,-0.95991,3.6173
0.0743,-2.7483,-1.0663,3.7939
0.0744,-2.8165,-1.1707,3.9649
0.0745,-2.8808,-1.2729,4.1302
0.0746,-2.9413,-1.3728,4.2898
0.0747,-2.9977,-1.4704,4.4431
0.0748,-3.0498,-1.5652,4.5898
0.0749,-3.0976,-1.657,4.7295
0.075,-3.1408,-1.7455,4.8617
0.0751,-3.1791,-1.8307,4.986
0.0752,-3.2126,-1.9125,5.1025
0.0753,-3.2412,-1.9913,5.2113
0.0754,-3.2647,-2.0675,5.3126
0.0755,-3.2834,-2.1413,5.4069
0.0756,-3.2973,-2.213,5.4945
0.0757,-3.3065,-2.2827,5.5757
0.0758,-3.3112,-2.3504,5.6503
0.0759,-3.3115,-2.4157,5.7182
0.076,-3.3072,-2.4782,5.779
0.0761,-3.2983,-2.5375,5.8319
0.0762,-3.2846,-2.593,5.8763
0.0763,-3.2663,-2.6443,5.9117
0.0764,-3.243,-2.691,5.9376
0.0765,-3.2149,-2.7329,5.9539
0.0766,-3.1822,-2.77,5.9606
0.0767,-3.1451,-2.8023,5.9578
0.0768,-3.1037,-2.8298,5.9459
0.0769,-3.0584,-2.8526,5.9252
0.077,-3.0092,-2.8709,5.8958
0.0771,-2.9562,-2.8848,5.858
0.0772,-2.8992,-2.8945,5.8119
0.0773,-2.8383,-2.9003,5.7576
0.0774,-2.7733,-2.9021,5.695
0.0775,-2.7041,-2.9001,5.6242
0.0776,-2.6308,-2.8944,5.5453
0.0777,-2.5535,-2.885,5.4585
0.0778,-2.4723,-2.8723,5.3641
0.0779,-2.3875,-2.8561,5.2626
0.078,-2.2994,-2.8366,5.1541
0.0781,-2.2083,-2.8138,5.039
0.0782,-2.1142,-2.7875,4.9174
0.0783,-2.0173,-2.7577,4.7892
0.0784,-1.9178,-2.7239,4.6543
0.0785,-1.8156,-2.6861,4.5124
0.0786,-1.7108,-2.6437,4.3632
0.0787,-1.6036,-2.5965,4.2068
0.0788,-1.4941,-2.5445,4.043
0.0789,-1.3823,-2.4877,3.8721
0.079,-1.2685,-2.4264,3.6946
0.0791,-1.1529,-2.361,3.5112
0.0792,-1.0357,-2.292,3.3227
0.0793,-0.91706,-2.22,3.1298
0.0794,-0.79735,-2.1452,2.9331
0.0795,-0.6766,-2.0681,2.7332
0.0796,-0.55492,-1.9888,2.5303
0.0797,-0.43244,-1.9074,2.3246
0.0798,-0.30919,-1.824,2.1162
0.0799,-0.18518,-1.7384,1.9051
0.08,-0.060569,-1.6506,1.6914
0.0801,0.064459,-1.5606,1.4753
0.0802,0.18974,-1.4684,1.2572
0.0803,0.31499,-1.3742,1.0372
0.0804,0.43983,-1.2778,0.81586
0.0805,0.564,-1.1793,0.59346
0.0806,0.68724,-1.0788,0.37023
0.0807,0.80926,-0.97606,0.14637
0.0808,0.92994,-0.87112,-0.078016
0.0809,1.0492,-0.76404,-0.30288
0.081,1.1671,-0.65487,-0.52808
0.0811,1.2835,-0.54379,-0.7534
0.0812,1.3983,-0.43113,-0.97853
0.0813,1.5114,-0.31724,-1.203
0.0814,1.6226,-0.20256,-1.4262
0.0815,1.7317,-0.08762,-1.6474
0.0816,1.8386,0.027064,-1.8659
0.0817,1.9428,0.14106,-2.0811
0.0818,2.0442,0.25401,-2.2924
0.0819,2.1427,0.36564,-2.4995
0.082,2.2382,0.47583,-2.7022
0.0821,2.3306,0.58458,-2.9004
0.0822,2.4197,0.69197,-3.0942
0.0823,2.5056,0.7981,-3.2836
0.0824,2.5881,0.90317,-3.4687
0.0825,2.667,1.0073,-3.6494
0.0826,2.7421,1.1106,-3.8258
0.0827,2.8131,1.2129,-3.9975
0.0828,2.8799,1.3141,-4.1642
0.0829,2.9423,1.4141,-4.3256
0.083,3.0001,1.5127,-4.4813
0.0831,3.0532,1.6095,-4.6309
0.0832,3.1015,1.7046,-4.7744
0.0833,3.1452,1.7975,-4.9114
0.0834,3.1841,1.8882,-5.0419
0.0835,3.2184,1.9764,-5.1656
0.0836,3.2482,2.0619,-5.2823
0.0837,3.2734,2.1443,-5.3917
0.0838,3.2941,2.2234,-5.4934
0.0839,3.3103,2.2987,-5.587
0.084,3.3218,2.3701,-5.6722
0.0841,3.3286,2.4371,-5.7486
0.0842,3.3306,2.4999,-5.816
0.0843,3.3278,2.5583,-5.8745
0.0844,3.3203,2.6127,-5.9241
0.0845,3.308,2.6632,-5.9651
0.0846,3.291,2.7101,-5.9978
0.0847,3.2695,2.7537,-6.0226
0.0848,3.2435,2.7941,-6.0397
0.0849,3.2132,2.8315,-6.0493
0.085,3.1784,2.8657,-6.0513
0.0851,3.1393,2.8968,-6.0455
0.0852,3.0958,2.9244,-6.0317
0.0853,3.0478,2.9484,-6.0097
0.0854,2.9955,2.9684,-5.9791
0.0855,2.9388,2.9842,-5.9398
0.0856,2.8778,2.9957,-5.8916
0.0857,2.8129,3.0026,-5.8346
0.0858,2.744,3.0049,-5.7687
0.0859,2.6715,3.0025,-5.6942
0.086,2.5955,2.9953,-5.6111
0.0861,2.5162,2.9835,-5.5197
0.0862,2.4336,2.967,-5.4201
0.0863,2.3477,2.946,-5.3124
0.0864,2.2586,2.9206,-5.1969
0.0865,2.1664,2.891,-5.0736
0.0866,2.071,2.8573,-4.943
0.0867,1.9725,2.8197,-4.8052
0.0868,1.8711,2.7786,-4.6607
0.0869,1.767,2.7341,-4.51
0.087,1.6604,2.6864,-4.3536
0.0871,1.5514,2.6359,-4.1917
0.0872,1.4403,2.5826,-4.0249
0.0873,1.3272,2.5265,-3.8532
0.0874,1.2123,2.4676,-3.6769
0.0875,1.0957,2.4056,-3.4959
0.0876,0.97759,2.3405,-3.31
0.0877,0.85802,2.2718,-3.1194
0.0878,0.73718,2.1996,-2.9239
0.0879,0.61522,2.1235,-2.7236
0.088,0.49231,2.0437,-2.5188
0.0881,0.36869,1.9602,-2.3097
0.0882,0.24457,1.8733,-2.097
0.0883,0.12015,1.7832,-1.881
0.0884,-0.0043319,1.6903,-1.6624
0.0885,-0.12869,1.5948,-1.4417
0.0886,-0.25279,1.4971,-1.2193
0.0887,-0.37651,1.3973,-0.99551
0.0888,-0.49974,1.2958,-0.77079
0.0889,-0.62241,1.1927,-0.5454
0.089,-0.74443,1.0883,-0.31962
0.0891,-0.86566,0.98268,-0.093787
0.0892,-0.98593,0.87613,0.13176
0.0893,-1.1051,0.76879,0.35667
0.0894,-1.2228,0.66081,0.58057
0.0895,-1.3389,0.55227,0.80314
0.0896,-1.4531,0.44324,1.0241
0.0897,-1.5651,0.33372,1.2433
0.0898,-1.6749,0.22367,1.4605
0.0899,-1.7823,0.11307,1.6757
0.09,-1.887,0.0018969,1.8888
0.0901,-1.9891,-0.10983,2.0998
0.0902,-2.0884,-0.22203,2.3084
0.0903,-2.1849,-0.33455,2.5145
0.0904,-2.2782,-0.44715,2.7176
0.0905,-2.3684,-0.55952,2.9175
0.0906,-2.4552,-0.67128,3.1134
0.0907,-2.5384,-0.78201,3.3049
0.0908,-2.6178,-0.89132,3.4915
0.0909,-2.6934,-0.99885,3.6726
0.091,-2.765,-1.1043,3.8479
0.0911,-2.8325,-1.2074,4.0171
0.0912,-2.8959,-1.308,4.18
0.0913,-2.9551,-1.4061,4.3364
0.0914,-3.01,-1.5016,4.4864
0.0915,-3.0605,-1.5946,4.6298
0.0916,-3.1066,-1.6851,4.7666
0.0917,-3.1482,-1.773,4.8967
0.0918,-3.1851,-1.8585,5.0199
0.0919,-3.2173,-1.9414,5.1362
0.092,-3.2446,-2.0217,5.2453
0.0921,-3.2671,-2.0994,5.3472
0.0922,-3.2847,-2.1745,5.4418
0.0923,-3.2974,-2.2469,5.529
0.0924,-3.3052,-2.3166,5.6087
0.0925,-3.3083,-2.3834,5.681
0.0926,-3.3067,-2.4472,5.7456
0.0927,-3.3005,-2.5078,5.8025
0.0928,-3.2897,-2.5648,5.8512
0.0929,-3.2744,-2.618,5.8917
0.093,-3.2546,-2.6671,5.9235
0.0931,-3.2303,-2.7119,5.9464
0.0932,-3.2015,-2.752,5.96
0.0933,-3.1682,-2.7874,5.9644
0.0934,-3.1304,-2.8181,5.9594
0.0935,-3.0883,-2.8441,5.9451
0.0936,-3.0418,-2.8656,5.9219
0.0937,-2.9911,-2.8827,5.8898
0.0938,-2.9363,-2.8958,5.8493
0.0939,-2.8775,-2.9049,5.8007
0.094,-2.8147,-2.9103,5.744
0.0941,-2.7479,-2.912,5.6796
0.0942,-2.6774,-2.9101,5.6074
0.0943,-2.6029,-2.9047,5.5277
0.0944,-2.5247,-2.8957,5.4403
0.0945,-2.4428,-2.883,5.3453
0.0946,-2.3574,-2.8666,5.2427
0.0947,-2.2685,-2.8463,5.1325
0.0948,-2.1764,-2.8219,5.0149
0.0949,-2.0812,-2.7936,4.89
0.095,-1.9832,-2.761,4.7579
0.0951,-1.8825,-2.7243,4.6188
0.0952,-1.7793,-2.6833,4.4727
0.0953,-1.6738,-2.6381,4.3199
0.0954,-1.566,-2.5886,4.1604
0.0955,-1.456,-2.535,3.9945
0.0956,-1.344,-2.4773,3.8225
0.0957,-1.23,-2.4157,3.6446
0.0958,-1.1142,-2.3504,3.4612
0.0959,-0.99672,-2.2817,3.2727
0.096,-0.8777,-2.21,3.0797
0.0961,-0.75734,-2.1354,2.8826
0.0962,-0.63584,-2.0584,2.682
0.0963,-0.51336,-1.979,2.4782
0.0964,-0.39009,-1.8974,2.2715
0.0965,-0.2662,-1.8137,2.0623
0.0966,-0.14184,-1.7278,1.8506
0.0967,-0.017166,-1.6396,1.6366
0.0968,0.10766,-1.5492,1.4203
0.0969,0.23248,-1.4563,1.2019
0.097,0.3571,-1.3609,0.98156
0.0971,0.48132,-1.2629,0.75942
0.0972,0.60494,-1.1626,0.53577
0.0973,0.72774,-1.0599,0.31096
0.0974,0.84951,-0.95499,0.085338
0.0975,0.97005,-0.84812,-0.14071
0.0976,1.0892,-0.7395,-0.3668
0.0977,1.2068,-0.62939,-0.59255
0.0978,1.3227,-0.51806,-0.81762
0.0979,1.4368,-0.40578,-1.0416
0.098,1.5491,-0.29286,-1.2642
0.0981,1.6593,-0.17959,-1.485
0.0982,1.7675,-0.066276,-1.7036
0.0983,1.8733,0.04681,-1.9196
0.0984,1.9767,0.1594,-2.1326
0.0985,2.0775,0.27126,-2.3422
0.0986,2.1755,0.38223,-2.5481
0.0987,2.2704,0.49218,-2.75
0.0988,2.3621,0.60105,-2.9477
0.0989,2.4503,0.70884,-3.141
0.099,2.5351,0.81556,-3.3298
0.0991,2.6161,0.92126,-3.5142
0.0992,2.6934,1.026,-3.694
0.0993,2.7667,1.1297,-3.8691
0.0994,2.8359,1.2323,-4.0394
0.0995,2.9009,1.3338,-4.2046
0.0996,2.9615,1.434,-4.3646
0.0997,3.0178,1.5326,-4.5189
0.0998,3.0695,1.6294,-4.6672
0.0999,3.1165,1.7241,-4.8092
0.1,3.1589,1.8163,-4.9444
0.1001,3.1967,1.9059,-5.0725
0.1002,3.2297,1.9924,-5.1933
0.1003,3.258,2.0758,-5.3065
0.1004,3.2817,2.1558,-5.412
0.1005,3.3007,2.2324,-5.5097
0.1006,3.3151,2.3054,-5.5993
0.1007,3.3249,2.3747,-5.6808
0.1008,3.33,2.4403,-5.7541
0.1009,3.3305,2.5022,-5.8191
0.101,3.3263,2.5603,-5.8757
0.1011,3.3173,2.6148,-5.924
0.1012,3.3037,2.6656,-5.964
0.1013,3.2853,2.7129,-5.9957
0.1014,3.2623,2.7567,-6.0193
0.1015,3.2346,2.7971,-6.0347
0.1016,3.2025,2.8341,-6.042
0.1017,3.1658,2.8676,-6.0413
0.1018,3.1248,2.8976,-6.0325
0.1019,3.0794,2.9239,-6.0155
0.102,3.0299,2.9462,-5.9902
0.1021,2.9761,2.9645,-5.9564
0.1022,2.9182,2.9784,-5.9139
0.1023,2.8563,2.9878,-5.8626
0.1024,2.7904,2.9927,-5.8024
0.1025,2.7207,2.9928,-5.7334
0.1026,2.6472,2.9882,-5.6556
0.1027,2.5701,2.9791,-5.5693
0.1028,2.4894,2.9653,-5.4746
0.1029,2.4054,2.9473,-5.3719
0.103,2.3181,2.925,-5.2614
0.1031,2.2277,2.8987,-5.1435
0.1032,2.1341,2.8686,-5.0185
0.1033,2.0376,2.8348,-4.8866
0.1034,1.9381,2.7975,-4.748
0.1035,1.8359,2.7567,-4.603
0.1036,1.731,2.7125,-4.4518
0.1037,1.6235,2.665,-4.2947
0.1038,1.5138,2.6142,-4.1317
0.1039,1.4018,2.5601,-3.9633
0.104,1.2879,2.5028,-3.7895
0.1041,1.1721,2.4421,-3.6105
0.1042,1.0548,2.378,-3.4266
0.1043,0.936,2.3105,-3.2378
0.1044,0.81595,2.2395,-3.0444
0.1045,0.6948,2.1651,-2.8464
0.1046,0.57269,2.0872,-2.6442
0.1047,0.44978,2.0058,-2.4379
0.1048,0.32622,1.9212,-2.2279
0.1049,0.20217,1.8334,-2.0144
0.105,0.077779,1.7427,-1.7979
0.1051,-0.046771,1.6493,-1.5789
0.1052,-0.17131,1.5536,-1.3579
0.1053,-0.29566,1.4558,-1.1353
0.1054,-0.41966,1.3562,-0.91147
0.1055,-0.54314,1.255,-0.68692
0.1056,-0.66594,1.1524,-0.46193
0.1057,-0.78792,1.0485,-0.23681
0.1058,-0.90891,0.94341,-0.011784
0.1059,-0.95657,0.89952,0.078403
0.106,-0.98037,0.87791,0.12212
0.1061,-1.0034,0.85659,0.16446
0.1062,-1.0239,0.83326,0.20598
0.1063,-1.0404,0.80712,0.24605
0.1064,-1.0543,0.77961,0.28468
0.1065,-1.0674,0.75137,0.32313
0.1066,-1.0782,0.72124,0.36094
0.1067,-1.0844,0.68796,0.39737
0.1068,-1.0877,0.6524,0.43311
0.1069,-1.0903,0.61628,0.46873
0.107,-1.0923,0.58088,0.50318
0.1071,-1.0933,0.54608,0.53624
0.1072,-1.0935,0.51064,0.56922
0.1073,-1.0919,0.47391,0.60183
0.1074,-1.0888,0.43651,0.63384
0.1075,-1.0858,0.39889,0.66632
0.1076,-1.0828,0.36086,0.69947
0.1077,-1.0785,0.32197,0.73251
0.1078,-1.0729,0.28253,0.76512
0.1079,-1.067,0.24357,0.79719
0.108,-1.0605,0.20605,0.82764
0.1081,-1.0527,0.16947,0.85623
0.1082,-1.0431,0.13248,0.88376
0.1083,-1.0309,0.094398,0.91024
0.1084,-1.016,0.055617,0.93504
0.1085,-0.99867,0.015977,0.95856
0.1086,-0.97822,-0.02514,0.98075
0.1087,-0.95385,-0.067686,1.0007
0.1088,-0.92672,-0.11044,1.0184
0.1089,-0.89867,-0.15237,1.0345
0.109,-0.8695,-0.19315,1.0486
0.1091,-0.83843,-0.23325,1.0604
0.1092,-0.80614,-0.27315,1.0708
0.1093,-0.77344,-0.31297,1.0809
0.1094,-0.74033,-0.35227,1.0901
0.1095,-0.7073,-0.39096,1.0988
0.1096,-0.67489,-0.42925,1.1077
0.1097,-0.64248,-0.46697,1.116
0.1098,-0.60968,-0.50341,1.1224
0.1099,-0.57725,-0.5382,1.1275
0.11,-0.54533,-0.57135,1.1313
0.1101,-0.51297,-0.60325,1.1332
0.1102,-0.47974,-0.63445,1.1334
0.1103,-0.44573,-0.66555,1.1324
0.1104,-0.41047,-0.6965,1.1298
0.1105,-0.3736,-0.72708,1.1249
0.1106,-0.33534,-0.75731,1.1179
0.1107,-0.29572,-0.78715,1.1089
0.1108,-0.25477,-0.81597,1.0971
0.1109,-0.21297,-0.84337,1.0828
0.111,-0.17036,-0.86969,1.0663
0.1111,-0.12639,-0.8955,1.0476
0.1112,-0.081467,-0.92073,1.0271
0.1113,-0.036812,-0.94506,1.0057
0.1114,0.007128,-0.96819,0.98342
0.1115,0.05038,-0.98993,0.96016
0.1116,0.092404,-1.0099,0.93607
0.1117,0.13279,-1.0279,0.91121
0.1118,0.17172,-1.0433,0.88512
0.1119,0.20907,-1.0565,0.85804
0.112,0.24472,-1.0676,0.83055
0.1121,0.27943,-1.0773,0.8025
0.1122,0.31401,-1.0861,0.77356
0.1123,0.34852,-1.0942,0.74404
0.1124,0.38307,-1.1014,0.71373
0.1125,0.41806,-1.1076,0.68191
0.1126,0.45334,-1.1123,0.64852
0.1127,0.4886,-1.1157,0.61383
0.1128,0.5241,-1.1174,0.5774
0.1129,0.55992,-1.1175,0.53912
0.113,0.59572,-1.1163,0.49976
0.1131,0.63143,-1.1142,0.45982
0.1132,0.66694,-1.111,0.41925
0.1133,0.70155,-1.1065,0.37855
0.1134,0.73469,-1.1005,0.33815
0.1135,0.76657,-1.0928,0.29765
0.1136,0.79698,-1.0829,0.25679
0.1137,0.82514,-1.0706,0.21609
0.1138,0.85084,-1.0556,0.1757
0.1139,0.87438,-1.0383,0.13545
0.114,0.89572,-1.0187,0.095681
0.1141,0.91494,-0.99749,0.056741
0.1142,0.93264,-0.97481,0.018256
0.1143,0.94907,-0.95072,-0.020051
0.1144,0.96411,-0.92524,-0.058088
0.1145,0.97805,-0.89845,-0.09614
0.1146,0.99144,-0.8704,-0.13473
0.1147,1.0044,-0.8413,-0.17387
0.1148,1.0171,-0.81143,-0.21343
0.1149,1.0299,-0.78105,-0.25349
0.115,1.0425,-0.75031,-0.29373
0.1151,1.0545,-0.71935,-0.33364
0.1152,1.0658,-0.68803,-0.3731
0.1153,1.0759,-0.6561,-0.4121
0.1154,1.0843,-0.62329,-0.45036
0.1155,1.0907,-0.58947,-0.48778
0.1156,1.0951,-0.55446,-0.52439
0.1157,1.0968,-0.51824,-0.55982
0.1158,1.0957,-0.48097,-0.59365
0.1159,1.0921,-0.44293,-0.62598
0.116,1.0862,-0.40435,-0.65684
0.1161,1.0778,-0.36531,-0.686
0.1162,1.0669,-0.32573,-0.7137
0.1163,1.054,-0.28541,-0.74039
0.1164,1.0389,-0.24431,-0.76609
0.1165,1.0218,-0.20253,-0.79084
0.1166,1.0033,-0.16024,-0.81508
0.1167,0.98386,-0.11777,-0.83893
0.1168,0.96354,-0.075582,-0.86201
0.1169,0.94268,-0.034021,-0.88426
0.117,0.92158,0.0067808,-0.90583
0.1171,0.90012,0.046729,-0.92648
0.1172,0.87817,0.085862,-0.94609
0.1173,0.85575,0.12445,-0.96489
0.1174,0.83257,0.16281,-0.98288
0.1175,0.80813,0.20105,-0.99961
0.1176,0.78218,0.23921,-1.0149
0.1177,0.75459,0.27733,-1.0285
0.1178,0.72509,0.31528,-1.0401
0.1179,0.69366,0.35285,-1.0494
0.118,0.66049,0.39001,-1.0565
0.1181,0.62551,0.42685,-1.0615
0.1182,0.58867,0.46346,-1.0644
0.1183,0.55027,0.49982,-1.0653
0.1184,0.51075,0.5359,-1.0647
0.1185,0.47038,0.57151,-1.0627
0.1186,0.42956,0.6064,-1.0592
0.1187,0.3888,0.64027,-1.0545
0.1188,0.34827,0.67288,-1.0484
0.1189,0.30807,0.70406,-1.0409
0.119,0.26845,0.73376,-1.032
0.1191,0.22952,0.76198,-1.022
0.1192,0.19115,0.78881,-1.0107
0.1193,0.15327,0.81437,-0.99827
0.1194,0.11581,0.83877,-0.98461
0.1195,0.078471,0.86198,-0.96949
0.1196,0.041043,0.88393,-0.95264
0.1197,0.0034993,0.90461,-0.93405
0.1198,-0.03436,0.92405,-0.91361
0.1199,-0.072849,0.94231,-0.89109
0.12,-0.1121,0.95956,-0.86661
0.1201,-0.1522,0.97605,-0.84037
0.1202,-0.19327,0.99189,-0.81236
0.1203,-0.23516,1.007,-0.78272
0.1204,-0.2774,1.0213,-0.7518
0.1205,-0.31961,1.0345,-0.71974
0.1206,-0.36154,1.0463,-0.68651
0.1207,-0.40267,1.0565,-0.65234
0.1208,-0.4426,1.0647,-0.61753
0.1209,-0.48112,1.071,-0.58217
0.121,-0.51804,1.0752,-0.54647
0.1211,-0.55312,1.0775,-0.5108
0.1212,-0.58645,1.0779,-0.47524
0.1213,-0.61824,1.0765,-0.43963
0.1214,-0.64858,1.0733,-0.40394
0.1215,-0.67759,1.0683,-0.36805
0.1216,-0.70554,1.0613,-0.33165
0.1217,-0.73261,1.0525,-0.29454
0.1218,-0.75897,1.0418,-0.25669
0.1219,-0.78491,1.0295,-0.218
0.122,-0.81069,1.0159,-0.1784
0.1221,-0.83632,1.0009,-0.13804
0.1222,-0.8618,0.98493,-0.097086
0.1223,-0.88708,0.96786,-0.05559
0.1224,-0.91197,0.94967,-0.013682
0.1225,-0.93621,0.93029,0.028458
