0.05,0.17686,-0.43526,0.2678
0.0501,0.19418,-0.43629,0.25492
0.0502,0.21104,-0.43637,0.24168
0.0503,0.22739,-0.4355,0.22808
0.0504,0.24323,-0.43365,0.2141
0.0505,0.25854,-0.43086,0.19974
0.0506,0.27338,-0.42719,0.18495
0.0507,0.2878,-0.42274,0.16973
0.0508,0.30187,-0.41763,0.15413
0.0509,0.31564,-0.41199,0.13819
0.051,0.32917,-0.40596,0.12196
0.0511,0.34247,-0.39966,0.1055
0.0512,0.35552,-0.39317,0.088875
0.0513,0.3683,-0.38655,0.072126
0.0514,0.38074,-0.37981,0.055284
0.0515,0.39276,-0.37295,0.038385
0.0516,0.40425,-0.36592,0.021447
0.0517,0.4151,-0.35866,0.0044862
0.0518,0.42518,-0.35109,-0.012484
0.0519,0.43437,-0.34312,-0.029448
0.052,0.44253,-0.33465,-0.046402
0.0521,0.44959,-0.32557,-0.063345
0.0522,0.45547,-0.3158,-0.080282
0.0523,0.46013,-0.30526,-0.09722
0.0524,0.4636,-0.29393,-0.11417
0.0525,0.46593,-0.28181,-0.13114
0.0526,0.46719,-0.26892,-0.14812
0.0527,0.4675,-0.25537,-0.16509
0.0528,0.46699,-0.24125,-0.18202
0.0529,0.4658,-0.22671,-0.19887
0.053,0.46405,-0.21186,-0.2156
0.0531,0.46186,-0.19684,-0.23216
0.0532,0.45934,-0.18175,-0.24852
0.0533,0.45653,-0.16668,-0.26462
0.0534,0.45351,-0.15166,-0.28045
0.0535,0.45028,-0.13672,-0.29595
0.0536,0.44682,-0.12184,-0.31108
0.0537,0.44308,-0.10702,-0.3258
0.0538,0.439,-0.092186,-0.34005
0.0539,0.43448,-0.077267,-0.35379
0.054,0.42942,-0.062163,-0.36695
0.0541,0.42373,-0.046779,-0.3795
0.0542,0.42795,0.013967,-0.44696
0.0543,0.42476,0.045392,-0.47729
0.0544,0.41834,0.067553,-0.49464
0.0545,0.40942,0.084954,-0.50421
0.0546,0.39868,0.099657,-0.50874
0.0547,0.387,0.11235,-0.50979
0.0548,0.37469,0.12382,-0.50844
0.0549,0.36155,0.13544,-0.50595
0.055,0.34768,0.14741,-0.50265
0.0551,0.33371,0.1589,-0.49837
0.0552,0.31984,0.16956,-0.49303
0.0553,0.306,0.1798,-0.48701
0.0554,0.29207,0.18965,-0.48023
0.0555,0.27795,0.19907,-0.47262
0.0556,0.26356,0.20807,-0.46412
0.0557,0.24916,0.21654,-0.45492
0.0558,0.23478,0.22436,-0.44496
0.0559,0.22017,0.23192,-0.43441
0.056,0.2051,0.23946,-0.42331
0.0561,0.18969,0.24671,-0.41152
0.0562,0.17388,0.25336,-0.39875
0.0563,0.15754,0.25968,-0.38516
0.0564,0.14048,0.26596,-0.37089
0.0565,0.12266,0.2722,-0.35596
0.0566,0.10409,0.27816,-0.34017
0.0567,0.085003,0.28374,-0.32371
0.0568,0.06553,0.28906,-0.30689
0.0569,0.045745,0.29454,-0.29025
0.057,0.025843,0.30012,-0.27396
0.0571,0.0062799,0.30531,-0.258
0.0572,-0.012819,0.30993,-0.24233
0.0573,-0.031604,0.31434,-0.22715
0.0574,-0.050145,0.31841,-0.21229
0.0575,-0.068295,0.32163,-0.19736
0.0576,-0.086079,0.32376,-0.18211
0.0577,-0.10352,0.32487,-0.16657
0.0578,-0.12068,0.32482,-0.15052
0.0579,-0.13765,0.32356,-0.13383
0.058,-0.15459,0.32134,-0.11654
0.0581,-0.17143,0.3183,-0.098857
0.0582,-0.18819,0.31448,-0.080756
0.0583,-0.20501,0.3102,-0.062404
0.0584,-0.222,0.30581,-0.043961
0.0585,-0.23913,0.30131,-0.025454
0.0586,-0.2564,0.29661,-0.0067271
0.0587,-0.27378,0.29184,0.012074
0.0588,-0.29114,0.28707,0.030788
0.0589,-0.30833,0.2823,0.049311
0.059,-0.32528,0.27745,0.067697
0.0591,-0.3418,0.27247,0.085859
0.0592,-0.35774,0.26731,0.10372
0.0593,-0.37305,0.26219,0.12106
0.0594,-0.38767,0.25714,0.13781
0.0595,-0.40131,0.25192,0.15395
0.0596,-0.4138,0.24634,0.16958
0.0597,-0.42519,0.24048,0.18468
0.0598,-0.43552,0.23426,0.1994
0.0599,-0.44474,0.22746,0.21396
0.06,-0.45297,0.22,0.22858
0.0601,-0.46033,0.212,0.24326
0.0602,-0.46691,0.20341,0.25816
0.0603,-0.47282,0.19431,0.27332
0.0604,-0.47825,0.18491,0.28868
0.0605,-0.48319,0.17538,0.30406
0.0606,-0.48758,0.16579,0.31934
0.0607,-0.49141,0.15635,0.33424
0.0608,-0.49463,0.14723,0.34852
0.0609,-0.49715,0.13843,0.36208
0.061,-0.49898,0.1299,0.37493
0.0611,-0.50012,0.12166,0.38702
0.0612,-0.50052,0.11361,0.39837
0.0613,-0.50012,0.10563,0.40901
0.0614,-0.49891,0.097629,0.41898
0.0615,-0.49677,0.089468,0.42827
0.0616,-0.49363,0.080955,0.43698
0.0617,-0.48952,0.072122,0.44504
0.0618,-0.48451,0.063054,0.45238
0.0619,-0.47855,0.053665,0.459
0.062,-0.4717,0.043894,0.465
0.0621,-0.46415,0.033889,0.47036
0.0622,-0.45604,0.023705,0.47514
0.0623,-0.44747,0.013254,0.4795
0.0624,-0.43862,0.0025704,0.48354
0.0625,-0.42957,-0.008207,0.48718
0.0626,-0.42031,-0.019052,0.49039
0.0627,-0.41087,-0.029916,0.49311
0.0628,-0.40128,-0.040622,0.4952
0.0629,-0.3915,-0.051019,0.49644
0.063,-0.38145,-0.061045,0.4967
0.0631,-0.37108,-0.070599,0.49579
0.0632,-0.36028,-0.079623,0.49354
0.0633,-0.34889,-0.088197,0.48986
0.0634,-0.33684,-0.096438,0.48478
0.0635,-0.32408,-0.10446,0.47839
0.0636,-0.31056,-0.11243,0.47083
0.0637,-0.29628,-0.12049,0.46227
0.0638,-0.28133,-0.12868,0.45288
0.0639,-0.26574,-0.13709,0.44284
0.064,-0.24957,-0.14581,0.43233
0.0641,-0.23297,-0.15477,0.42147
0.0642,-0.21608,-0.16382,0.4103
0.0643,-0.19895,-0.17292,0.39887
0.0644,-0.18164,-0.18202,0.38722
0.0645,-0.16422,-0.19093,0.37527
0.0646,-0.14674,-0.19953,0.36303
0.0647,-0.12927,-0.20782,0.35054
0.0648,-0.1119,-0.21568,0.33783
0.0649,-0.094674,-0.22298,0.32485
0.065,-0.077567,-0.22972,0.31158
0.0651,-0.060524,-0.23586,0.29798
0.0652,-0.043496,-0.24131,0.28394
0.0653,-0.026357,-0.24604,0.26935
0.0654,-0.0090077,-0.25006,0.25416
0.0655,0.0086165,-0.2533,0.2383
0.0656,0.026573,-0.25575,0.22173
0.0657,0.044931,-0.25746,0.20448
0.0658,0.063655,-0.25849,0.18668
0.0659,0.082676,-0.25891,0.16847
0.066,0.10192,-0.25885,0.15007
0.0661,0.12129,-0.25845,0.13166
0.0662,0.14064,-0.25775,0.11342
0.0663,0.15989,-0.2568,0.095426
0.0664,0.17896,-0.25567,0.077762
0.0665,0.19775,-0.25432,0.06044
0.0666,0.21613,-0.25261,0.043409
0.0667,0.23406,-0.25048,0.026608
0.0668,0.25149,-0.24787,0.0099726
0.0669,0.26838,-0.24464,-0.0066097
0.067,0.28475,-0.24076,-0.023236
0.0671,0.30066,-0.23626,-0.039945
0.0672,0.31612,-0.23118,-0.056769
0.0673,0.33117,-0.22554,-0.073761
0.0674,0.34587,-0.21944,-0.090922
0.0675,0.36025,-0.21297,-0.10823
0.0676,0.37433,-0.20616,-0.12569
0.0677,0.38812,-0.19911,-0.14328
0.0678,0.40162,-0.19189,-0.16094
0.0679,0.41477,-0.18456,-0.17861
0.068,0.42751,-0.17715,-0.19624
0.0681,0.43978,-0.16975,-0.21374
0.0682,0.45149,-0.16238,-0.231
0.0683,0.46251,-0.15507,-0.24792
0.0684,0.4727,-0.14785,-0.26437
0.0685,0.48193,-0.14075,-0.28018
0.0686,0.49002,-0.13369,-0.2953
0.0687,0.49686,-0.12662,-0.30967
0.0688,0.50241,-0.11949,-0.32328
0.0689,0.50665,-0.11221,-0.33621
0.069,0.50961,-0.10465,-0.34856
0.0691,0.51139,-0.09674,-0.36048
0.0692,0.51209,-0.088438,-0.37206
0.0693,0.51184,-0.079673,-0.38345
0.0694,0.51076,-0.070428,-0.39474
0.0695,0.50901,-0.060784,-0.40596
0.0696,0.50667,-0.050816,-0.41708
0.0697,0.50385,-0.040622,-0.42806
0.0698,0.5006,-0.030335,-0.43881
0.0699,0.49699,-0.020096,-0.44921
0.07,0.49304,-0.0099768,-0.45918
0.0701,0.48876,-3.4093e-05,-0.46863
0.0702,0.48416,0.0096882,-0.47748
0.0703,0.47918,0.019188,-0.48565
0.0704,0.47375,0.028501,-0.49306
0.0705,0.46778,0.037647,-0.49963
0.0706,0.4612,0.046686,-0.50528
0.0707,0.45393,0.055675,-0.50995
0.0708,0.4459,0.064649,-0.51356
0.0709,0.4371,0.073623,-0.51606
0.071,0.42749,0.082664,-0.5174
0.0711,0.41707,0.091809,-0.5176
0.0712,0.40591,0.10108,-0.51669
0.0713,0.39406,0.11051,-0.51474
0.0714,0.38161,0.12016,-0.51187
0.0715,0.36867,0.12999,-0.50818
0.0716,0.35534,0.13998,-0.50379
0.0717,0.34172,0.15011,-0.4988
0.0718,0.3279,0.16029,-0.49328
0.0719,0.31396,0.17042,-0.48725
0.072,0.29994,0.18039,-0.48069
0.0721,0.28585,0.19011,-0.47357
0.0722,0.27167,0.19947,-0.46578
0.0723,0.25734,0.20839,-0.45723
0.0724,0.24277,0.21686,-0.44785
0.0725,0.22791,0.22488,-0.43759
0.0726,0.21269,0.23247,-0.42645
0.0727,0.19705,0.23969,-0.41445
0.0728,0.18095,0.24661,-0.40167
0.0729,0.16435,0.2533,-0.38817
0.073,0.14722,0.25981,-0.37406
0.0731,0.12959,0.26622,-0.35943
0.0732,0.1115,0.27253,-0.34441
0.0733,0.093008,0.27871,-0.32905
0.0734,0.074178,0.28475,-0.31345
0.0735,0.0551,0.29058,-0.29767
0.0736,0.035883,0.29612,-0.28178
0.0737,0.016638,0.30128,-0.26583
0.0738,-0.0025308,0.30599,-0.24988
0.0739,-0.021512,0.31017,-0.23398
0.074,-0.04023,0.31373,-0.21813
0.0741,-0.058647,0.3166,-0.20231
0.0742,-0.076752,0.31873,-0.18648
0.0743,-0.094553,0.32006,-0.17056
0.0744,-0.1121,0.32056,-0.15445
0.0745,-0.12943,0.32021,-0.13808
0.0746,-0.14663,0.319,-0.12135
0.0747,-0.16374,0.31696,-0.1042
0.0748,-0.18085,0.31417,-0.086599
0.0749,-0.198,0.31071,-0.068567
0.075,-0.2152,0.30671,-0.05016
0.0751,-0.23247,0.3023,-0.031473
0.0752,-0.24979,0.29762,-0.012632
0.0753,-0.2671,0.29278,0.0062466
0.0754,-0.28434,0.28787,0.025034
0.0755,-0.30141,0.28295,0.043611
0.0756,-0.31821,0.27806,0.061887
0.0757,-0.33461,0.27315,0.079831
0.0758,-0.3505,0.26819,0.097403
0.0759,-0.36578,0.26314,0.11459
0.076,-0.38035,0.2579,0.13141
0.0761,-0.39414,0.2524,0.14789
0.0762,-0.40709,0.2466,0.16405
0.0763,-0.41915,0.24044,0.17995
0.0764,-0.43028,0.23389,0.1956
0.0765,-0.44047,0.22692,0.21107
0.0766,-0.44973,0.21954,0.22637
0.0767,-0.45808,0.21176,0.24155
0.0768,-0.46559,0.20361,0.25665
0.0769,-0.4723,0.19516,0.27167
0.077,-0.47826,0.18643,0.28663
0.0771,-0.48355,0.17751,0.3015
0.0772,-0.48819,0.16845,0.31625
0.0773,-0.49222,0.15934,0.33081
0.0774,-0.49565,0.15024,0.34509
0.0775,-0.49844,0.14121,0.35897
0.0776,-0.50057,0.1323,0.37232
0.0777,-0.50196,0.12353,0.38505
0.0778,-0.50258,0.11491,0.39706
0.0779,-0.50237,0.10641,0.40829
0.078,-0.50129,0.097977,0.41872
0.0781,-0.49932,0.089545,0.42838
0.0782,-0.49645,0.08104,0.43729
0.0783,-0.4927,0.072375,0.44551
0.0784,-0.48809,0.063447,0.45312
0.0785,-0.48267,0.054195,0.46018
0.0786,-0.47651,0.04461,0.46673
0.0787,-0.46968,0.034693,0.47282
0.0788,-0.46227,0.024488,0.47845
0.0789,-0.45435,0.014059,0.4836
0.079,-0.44601,0.0034875,0.48824
0.0791,-0.43731,-0.0071525,0.49234
0.0792,-0.42831,-0.01777,0.4958
0.0793,-0.41902,-0.028289,0.49859
0.0794,-0.40946,-0.038647,0.50062
0.0795,-0.39961,-0.048804,0.50179
0.0796,-0.38943,-0.058713,0.50202
0.0797,-0.37889,-0.068361,0.50125
0.0798,-0.36792,-0.077746,0.4994
0.0799,-0.35646,-0.086876,0.4964
0.08,-0.34446,-0.095766,0.49224
0.0801,-0.33185,-0.10447,0.4869
0.0802,-0.31859,-0.11302,0.48042
0.0803,-0.30469,-0.12149,0.47286
0.0804,-0.29013,-0.12992,0.46433
0.0805,-0.27496,-0.13839,0.45494
0.0806,-0.25924,-0.14692,0.44484
0.0807,-0.24304,-0.15553,0.43418
0.0808,-0.22647,-0.16424,0.42309
0.0809,-0.20962,-0.17301,0.41169
0.081,-0.19259,-0.1818,0.40004
0.0811,-0.17545,-0.19053,0.38821
0.0812,-0.15823,-0.19911,0.37617
0.0813,-0.14098,-0.20745,0.36392
0.0814,-0.12372,-0.21543,0.35138
0.0815,-0.10645,-0.22298,0.33851
0.0816,-0.089169,-0.22999,0.32523
0.0817,-0.071847,-0.2364,0.31149
0.0818,-0.05445,-0.24216,0.29724
0.0819,-0.036937,-0.24725,0.28246
0.082,-0.019268,-0.25164,0.26714
0.0821,-0.0014012,-0.25535,0.2513
0.0822,0.016693,-0.25838,0.23495
0.0823,0.035028,-0.26077,0.21815
0.0824,0.053599,-0.26254,0.20095
0.0825,0.072387,-0.26371,0.18342
0.0826,0.091348,-0.26432,0.16565
0.0827,0.11042,-0.26442,0.14772
0.0828,0.12952,-0.26404,0.12972
0.0829,0.14858,-0.26322,0.11175
0.083,0.16749,-0.26199,0.093876
0.0831,0.18617,-0.26038,0.076164
0.0832,0.20456,-0.25838,0.058648
0.0833,0.22258,-0.25601,0.041343
0.0834,0.24018,-0.25322,0.024229
0.0835,0.25735,-0.25,0.0072696
0.0836,0.27407,-0.24631,-0.0095914
0.0837,0.29036,-0.24213,-0.02642
0.0838,0.30622,-0.23744,-0.043289
0.0839,0.32171,-0.23223,-0.060276
0.084,0.33686,-0.22655,-0.077442
0.0841,0.35168,-0.22042,-0.094801
0.0842,0.3662,-0.2139,-0.11234
0.0843,0.38042,-0.20708,-0.13003
0.0844,0.39431,-0.20002,-0.14779
0.0845,0.40782,-0.19282,-0.16555
0.0846,0.42089,-0.18553,-0.1832
0.0847,0.43343,-0.17822,-0.20066
0.0848,0.44533,-0.17091,-0.21783
0.0849,0.45652,-0.16364,-0.23461
0.085,0.46686,-0.15639,-0.25096
0.0851,0.47626,-0.14915,-0.26681
0.0852,0.48463,-0.14188,-0.28212
0.0853,0.4919,-0.13454,-0.29688
0.0854,0.49801,-0.12708,-0.31108
0.0855,0.50294,-0.11944,-0.32474
0.0856,0.50669,-0.11159,-0.33788
0.0857,0.5093,-0.10348,-0.35054
0.0858,0.51083,-0.095082,-0.36279
0.0859,0.51137,-0.086388,-0.37468
0.086,0.51103,-0.077393,-0.38627
0.0861,0.50991,-0.06811,-0.3976
0.0862,0.50813,-0.058568,-0.40872
0.0863,0.50577,-0.048816,-0.41963
0.0864,0.50293,-0.038909,-0.43033
0.0865,0.49965,-0.028916,-0.44076
0.0866,0.49598,-0.01891,-0.45086
0.0867,0.49191,-0.008951,-0.46054
0.0868,0.48745,0.00092976,-0.4697
0.0869,0.48254,0.010687,-0.47823
0.087,0.47715,0.020292,-0.48604
0.0871,0.47122,0.029739,-0.49301
0.0872,0.4647,0.039048,-0.49909
0.0873,0.45752,0.048249,-0.50419
0.0874,0.44966,0.057392,-0.50827
0.0875,0.44107,0.06653,-0.51132
0.0876,0.43176,0.075719,-0.51333
0.0877,0.42174,0.084999,-0.51431
0.0878,0.41104,0.094407,-0.51428
0.0879,0.3997,0.10396,-0.51328
0.088,0.38779,0.11365,-0.51136
0.0881,0.37538,0.12346,-0.50855
0.0882,0.36254,0.13336,-0.50492
0.0883,0.34935,0.1433,-0.50052
0.0884,0.33587,0.15323,-0.4954
0.0885,0.32215,0.16308,-0.48959
0.0886,0.30823,0.17281,-0.48312
0.0887,0.29414,0.18234,-0.476
0.0888,0.27987,0.19162,-0.46821
0.0889,0.26541,0.20063,-0.45974
0.089,0.25073,0.20932,-0.45056
0.0891,0.23578,0.21768,-0.44064
0.0892,0.22052,0.2257,-0.42996
0.0893,0.20489,0.2334,-0.41851
0.0894,0.18885,0.2408,-0.4063
0.0895,0.17236,0.24792,-0.39336
0.0896,0.1554,0.2548,-0.37975
0.0897,0.13797,0.26147,-0.36555
0.0898,0.12011,0.26794,-0.35085
0.0899,0.10187,0.27422,-0.33575
0.09,0.083321,0.28031,-0.32035
0.0901,0.064547,0.28618,-0.30475
0.0902,0.045633,0.29178,-0.28903
0.0903,0.026666,0.29705,-0.27325
0.0904,0.0077261,0.3019,-0.25742
0.0905,-0.011116,0.30626,-0.24157
0.0906,-0.029804,0.31004,-0.22569
0.0907,-0.048299,0.31316,-0.20974
0.0908,-0.066579,0.31555,-0.1937
0.0909,-0.084641,0.31716,-0.17751
0.091,-0.1025,0.31796,-0.16112
0.0911,-0.12018,0.31794,-0.1445
0.0912,-0.13773,0.31714,-0.1276
0.0913,-0.15517,0.31558,-0.11039
0.0914,-0.17255,0.31333,-0.092883
0.0915,-0.18991,0.31046,-0.075067
0.0916,-0.20724,0.30705,-0.056975
0.0917,-0.22458,0.30318,-0.03865
0.0918,-0.24189,0.29895,-0.020153
0.0919,-0.25914,0.29444,-0.001561
0.092,-0.2763,0.28971,0.017037
0.0921,-0.29328,0.28483,0.035553
0.0922,-0.31002,0.27983,0.053895
0.0923,-0.32641,0.27474,0.072004
0.0924,-0.34236,0.26956,0.089833
0.0925,-0.35778,0.26426,0.10734
0.0926,-0.37258,0.25883,0.1245
0.0927,-0.38667,0.25321,0.14131
0.0928,-0.40001,0.24735,0.15778
0.0929,-0.41253,0.24121,0.17397
0.093,-0.42421,0.23474,0.1899
0.0931,-0.43502,0.22791,0.20564
0.0932,-0.44497,0.22071,0.22123
0.0933,-0.45406,0.21313,0.23669
0.0934,-0.46232,0.20521,0.25206
0.0935,-0.46977,0.19697,0.26733
0.0936,-0.47643,0.18847,0.28248
0.0937,-0.48234,0.17977,0.29748
0.0938,-0.48751,0.17093,0.31229
0.0939,-0.49196,0.162,0.32684
0.094,-0.4957,0.15305,0.34106
0.0941,-0.49873,0.14411,0.35488
0.0942,-0.50104,0.13521,0.36823
0.0943,-0.50262,0.12637,0.38104
0.0944,-0.50343,0.11759,0.39327
0.0945,-0.50345,0.10884,0.40485
0.0946,-0.50265,0.10011,0.41576
0.0947,-0.50102,0.091363,0.42598
0.0948,-0.49855,0.082559,0.43551
0.0949,-0.49524,0.073659,0.44437
0.095,-0.49111,0.064613,0.45258
0.0951,-0.48621,0.055364,0.46017
0.0952,-0.48057,0.045887,0.46719
0.0953,-0.47426,0.036174,0.47368
0.0954,-0.46735,0.026234,0.47964
0.0955,-0.4599,0.016091,0.4851
0.0956,-0.45197,0.0057867,0.49005
0.0957,-0.44363,-0.0046255,0.49446
0.0958,-0.43492,-0.015082,0.49827
0.0959,-0.42586,-0.025517,0.50141
0.096,-0.41646,-0.035864,0.50382
0.0961,-0.40672,-0.046067,0.50539
0.0962,-0.39661,-0.056079,0.50605
0.0963,-0.38611,-0.065872,0.50571
0.0964,-0.37516,-0.075431,0.50431
0.0965,-0.36373,-0.084762,0.50179
0.0966,-0.35178,-0.093885,0.49815
0.0967,-0.33927,-0.10283,0.49338
0.0968,-0.32618,-0.11164,0.48754
0.0969,-0.31251,-0.12035,0.48067
0.097,-0.29826,-0.12901,0.47287
0.0971,-0.28346,-0.13765,0.46421
0.0972,-0.26814,-0.14629,0.4548
0.0973,-0.25237,-0.15495,0.44475
0.0974,-0.23621,-0.16362,0.43415
0.0975,-0.21973,-0.17228,0.42309
0.0976,-0.203,-0.1809,0.41165
0.0977,-0.18609,-0.18944,0.39989
0.0978,-0.16904,-0.19784,0.38783
0.0979,-0.15188,-0.20603,0.3755
0.098,-0.13464,-0.21395,0.36288
0.0981,-0.11734,-0.22153,0.34994
0.0982,-0.099986,-0.22869,0.33665
0.0983,-0.082561,-0.23537,0.32297
0.0984,-0.065044,-0.24152,0.30885
0.0985,-0.047407,-0.24707,0.29425
0.0986,-0.029621,-0.25198,0.27915
0.0987,-0.01166,-0.25624,0.26355
0.0988,0.0064923,-0.25982,0.24745
0.0989,0.024842,-0.26274,0.2309
0.099,0.043382,-0.26501,0.21395
0.0991,0.062088,-0.26665,0.19666
0.0992,0.080924,-0.26768,0.17913
0.0993,0.099839,-0.26815,0.16141
0.0994,0.11877,-0.26809,0.14361
0.0995,0.13766,-0.26753,0.12578
0.0996,0.15643,-0.26651,0.10798
0.0997,0.17501,-0.26504,0.090269
0.0998,0.19336,-0.26314,0.072664
0.0999,0.21141,-0.2608,0.055178
0.1,0.22912,-0.25802,0.037807
0.1001,0.24648,-0.2548,0.020534
0.1002,0.26346,-0.25114,0.003333
0.1003,0.28007,-0.24702,-0.013829
0.1004,0.2963,-0.24246,-0.030987
0.1005,0.31218,-0.23746,-0.048176
0.1006,0.32771,-0.23203,-0.065448
0.1007,0.34291,-0.22622,-0.082828
0.1008,0.35778,-0.22005,-0.10032
0.1009,0.37232,-0.21356,-0.1179
0.101,0.3865,-0.20682,-0.13554
0.1011,0.40029,-0.19987,-0.15318
0.1012,0.41362,-0.19275,-0.17077
0.1013,0.42643,-0.18553,-0.18821
0.1014,0.43862,-0.17824,-0.20543
0.1015,0.4501,-0.1709,-0.22235
0.1016,0.46078,-0.16353,-0.23889
0.1017,0.47056,-0.15614,-0.25498
0.1018,0.47936,-0.1487,-0.27058
0.1019,0.4871,-0.14119,-0.28566
0.102,0.49374,-0.13359,-0.30022
0.1021,0.49924,-0.12584,-0.31426
0.1022,0.50363,-0.11791,-0.3278
0.1023,0.50691,-0.10977,-0.3409
0.1024,0.50915,-0.10138,-0.35358
0.1025,0.5104,-0.092734,-0.36589
0.1026,0.51076,-0.083827,-0.37788
0.1027,0.5103,-0.074671,-0.38957
0.1028,0.50912,-0.065292,-0.40098
0.1029,0.50729,-0.055726,-0.41211
0.103,0.50489,-0.046019,-0.42296
0.1031,0.50198,-0.03622,-0.43349
0.1032,0.49858,-0.026383,-0.44365
0.1033,0.49473,-0.016553,-0.4534
0.1034,0.49043,-0.0067506,-0.46265
0.1035,0.48565,0.0030067,-0.47135
0.1036,0.48038,0.012696,-0.47939
0.1037,0.47458,0.022305,-0.48672
0.1038,0.4682,0.031832,-0.49324
0.1039,0.46122,0.041286,-0.49888
0.104,0.45358,0.050687,-0.5036
0.1041,0.44529,0.06006,-0.50734
0.1042,0.43631,0.069435,-0.51008
0.1043,0.42666,0.078844,-0.51181
0.1044,0.41636,0.088311,-0.51252
0.1045,0.40544,0.097857,-0.51225
0.1046,0.39396,0.10749,-0.51102
0.1047,0.38197,0.1172,-0.50888
0.1048,0.36953,0.12698,-0.50587
0.1049,0.3567,0.1368,-0.50203
0.105,0.34353,0.14661,-0.49742
0.1051,0.33006,0.15636,-0.49205
0.1052,0.31635,0.16602,-0.48596
0.1053,0.30239,0.17551,-0.47915
0.1054,0.2882,0.18481,-0.47164
0.1055,0.27377,0.19387,-0.4634
0.1056,0.26028,0.20802,-0.461
0.1057,0.24717,0.22412,-0.46078
0.1058,0.23377,0.23993,-0.45983
0.1059,0.21999,0.25552,-0.45818
0.106,0.20581,0.27097,-0.45592
0.1061,0.19124,0.28624,-0.45306
0.1062,0.17627,0.30126,-0.44957
0.1063,0.16085,0.31608,-0.44551
0.1064,0.14498,0.33074,-0.44094
0.1065,0.1287,0.34515,-0.43587
0.1066,0.11211,0.35922,-0.43032
0.1067,0.095308,0.37288,-0.42436
0.1068,0.078311,0.38603,-0.41796
0.1069,0.061151,0.39858,-0.41109
0.107,0.043888,0.4105,-0.4038
0.1071,0.026605,0.42168,-0.3961
0.1072,0.0093447,0.43199,-0.38794
0.1073,-0.0078445,0.44139,-0.37933
0.1074,-0.024944,0.44985,-0.37028
0.1075,-0.041937,0.45734,-0.36077
0.1076,-0.0588,0.46382,-0.35081
0.1077,-0.075518,0.46931,-0.3404
0.1078,-0.092148,0.47383,-0.3295
0.1079,-0.10874,0.47743,-0.31807
0.108,-0.12532,0.4802,-0.30617
0.1081,-0.14188,0.4822,-0.29383
0.1082,-0.15847,0.48348,-0.28101
0.1083,-0.17508,0.48414,-0.26779
0.1084,-0.19171,0.48429,-0.25423
0.1085,-0.2083,0.48392,-0.24036
0.1086,-0.2248,0.48303,-0.22617
0.1087,-0.24117,0.48167,-0.21175
0.1088,-0.25735,0.47986,-0.1971
0.1089,-0.27332,0.47755,-0.1822
0.109,-0.28898,0.47474,-0.16706
0.1091,-0.30424,0.47141,-0.15173
0.1092,-0.31904,0.46749,-0.13616
0.1093,-0.33331,0.46296,-0.12035
0.1094,-0.34697,0.45781,-0.10438
0.1095,-0.35997,0.45204,-0.088236
0.1096,-0.37226,0.4456,-0.071882
0.1097,-0.38381,0.43849,-0.055335
0.1098,-0.39459,0.43077,-0.038619
0.1099,-0.40462,0.42245,-0.021717
0.11,-0.41389,0.41357,-0.0046361
0.1101,-0.42239,0.40419,0.012552
0.1102,-0.43013,0.39438,0.029827
0.1103,-0.43714,0.38417,0.047179
0.1104,-0.4434,0.37361,0.064553
0.1105,-0.44893,0.36274,0.081891
0.1106,-0.45376,0.35157,0.099193
0.1107,-0.45789,0.34013,0.11643
0.1108,-0.46135,0.32844,0.13355
0.1109,-0.46413,0.31649,0.15053
0.111,-0.46621,0.30424,0.16737
0.1111,-0.46756,0.29167,0.18401
0.1112,-0.46818,0.27875,0.20045
0.1113,-0.46805,0.26544,0.21668
0.1114,-0.46716,0.25172,0.23268
0.1115,-0.46552,0.23758,0.24843
0.1116,-0.46315,0.22298,0.26395
0.1117,-0.46008,0.20792,0.27924
0.1118,-0.45635,0.19243,0.29425
0.1119,-0.452,0.17653,0.30896
0.112,-0.44709,0.16029,0.32335
0.1121,-0.44164,0.14376,0.33734
0.1122,-0.43571,0.12702,0.35087
0.1123,-0.42932,0.11011,0.36391
0.1124,-0.42253,0.093091,0.37641
0.1125,-0.41534,0.076036,0.38826
0.1126,-0.40779,0.058982,0.39945
0.1127,-0.39989,0.04195,0.40993
0.1128,-0.39163,0.024985,0.41963
0.1129,-0.38299,0.0080976,0.42849
0.113,-0.37395,-0.0087396,0.43651
0.1131,-0.36446,-0.025537,0.44364
0.1132,-0.35449,-0.04229,0.44985
0.1133,-0.34401,-0.059037,0.45514
0.1134,-0.33301,-0.075818,0.45957
0.1135,-0.32146,-0.092643,0.46315
0.1136,-0.30938,-0.10952,0.4659
0.1137,-0.29678,-0.12645,0.4679
0.1138,-0.28369,-0.14342,0.46919
0.1139,-0.27014,-0.16039,0.4698
0.114,-0.25618,-0.17733,0.46977
0.1141,-0.24186,-0.19418,0.46916
0.1142,-0.22723,-0.21089,0.46798
0.1143,-0.21235,-0.22739,0.46625
0.1144,-0.19726,-0.24362,0.46401
0.1145,-0.18199,-0.25949,0.46124
0.1146,-0.16657,-0.27494,0.45794
0.1147,-0.15102,-0.28991,0.45411
0.1148,-0.13534,-0.30437,0.44974
0.1149,-0.11953,-0.31825,0.44479
0.115,-0.10357,-0.33153,0.43927
0.1151,-0.08746,-0.34419,0.43318
0.1152,-0.071169,-0.35618,0.42651
0.1153,-0.054685,-0.36749,0.41926
0.1154,-0.038004,-0.37811,0.41147
0.1155,-0.021121,-0.38802,0.40315
0.1156,-0.004044,-0.3972,0.39432
0.1157,0.01321,-0.40564,0.38501
0.1158,0.030615,-0.41331,0.37526
0.1159,0.04815,-0.42021,0.36506
0.116,0.065775,-0.42634,0.35445
0.1161,0.083436,-0.4317,0.34347
0.1162,0.10108,-0.43628,0.33214
0.1163,0.11865,-0.44007,0.32046
0.1164,0.13609,-0.44309,0.30846
0.1165,0.15334,-0.44531,0.29614
0.1166,0.17037,-0.44674,0.28349
0.1167,0.18715,-0.44738,0.27051
0.1168,0.20365,-0.44724,0.25718
0.1169,0.21988,-0.44634,0.24351
0.117,0.23584,-0.44469,0.22946
0.1171,0.25152,-0.44233,0.21505
0.1172,0.26693,-0.43931,0.20028
0.1173,0.28207,-0.43567,0.18514
0.1174,0.29695,-0.43146,0.16963
0.1175,0.31154,-0.42674,0.15382
0.1176,0.32583,-0.42154,0.1377
0.1177,0.33978,-0.41591,0.12133
0.1178,0.35334,-0.40988,0.10474
0.1179,0.36647,-0.40348,0.087979
0.118,0.37907,-0.39671,0.071083
0.1181,0.39107,-0.38959,0.054092
0.1182,0.40237,-0.38209,0.037051
0.1183,0.4129,-0.37418,0.019979
0.1184,0.42257,-0.36585,0.0028989
0.1185,0.43131,-0.35705,-0.014168
0.1186,0.43907,-0.34776,-0.031218
0.1187,0.44582,-0.33795,-0.048257
0.1188,0.45154,-0.3276,-0.065275
0.1189,0.45626,-0.31671,-0.082274
0.119,0.45999,-0.30526,-0.099258
0.1191,0.46279,-0.29329,-0.11622
0.1192,0.4647,-0.28081,-0.13315
0.1193,0.46582,-0.26787,-0.15003
0.1194,0.4662,-0.25449,-0.16687
0.1195,0.46593,-0.24075,-0.18363
0.1196,0.46508,-0.22668,-0.20029
0.1197,0.4637,-0.21235,-0.21684
0.1198,0.46185,-0.19781,-0.23321
0.1199,0.45955,-0.18309,-0.24938
0.12,0.45682,-0.16823,-0.26529
0.1201,0.45366,-0.15321,-0.2809
0.1202,0.45003,-0.13803,-0.29615
0.1203,0.44592,-0.12268,-0.31098
0.1204,0.4413,-0.10715,-0.32537
0.1205,0.43614,-0.091418,-0.33925
0.1206,0.43041,-0.075471,-0.35257
0.1207,0.42409,-0.059288,-0.36528
0.1208,0.41717,-0.042856,-0.37733
0.1209,0.40964,-0.026183,-0.38867
0.121,0.4015,-0.0092752,-0.39924
0.1211,0.39279,0.0078497,-0.40903
0.1212,0.38353,0.02516,-0.41798
0.1213,0.37374,0.042612,-0.42609
0.1214,0.36349,0.060164,-0.43333
0.1215,0.35281,0.077758,-0.43972
0.1216,0.34175,0.095335,-0.44525
0.1217,0.33036,0.11284,-0.44995
0.1218,0.31867,0.13021,-0.45384
0.1219,0.30671,0.14742,-0.45694
0.122,0.29448,0.16442,-0.45926
0.1221,0.28199,0.18119,-0.46083
0.1222,0.26923,0.19772,-0.46166
0.1223,0.25618,0.214,-0.46178
0.1224,0.24283,0.23004,-0.4612
0.1225,0.22915,0.24585,-0.45995
