0.05,0.84826,-1.3753,0.50436
0.0501,0.88934,-1.3658,0.45614
0.0502,0.92917,-1.3543,0.40744
0.0503,0.96767,-1.341,0.35833
0.0504,1.0048,-1.3258,0.30888
0.0505,1.0404,-1.3087,0.25914
0.0506,1.0746,-1.2898,0.20914
0.0507,1.1073,-1.2691,0.15891
0.0508,1.1384,-1.2466,0.10847
0.0509,1.1679,-1.2224,0.057812
0.051,1.1958,-1.1964,0.006962
0.0511,1.2221,-1.1688,-0.044038
0.0512,1.2468,-1.1395,-0.095148
0.0513,1.2698,-1.1087,-0.14632
0.0514,1.291,-1.0763,-0.19747
0.0515,1.3105,-1.0425,-0.24853
0.0516,1.3281,-1.0073,-0.2994
0.0517,1.3438,-0.97079,-0.34999
0.0518,1.3576,-0.93304,-0.40016
0.0519,1.3693,-0.8941,-0.44982
0.052,1.3788,-0.85405,-0.49886
0.0521,1.3862,-0.81294,-0.54715
0.0522,1.3914,-0.77082,-0.59462
0.0523,1.3943,-0.72773,-0.64116
0.0524,1.3949,-0.68373,-0.68671
0.0525,1.3932,-0.63886,-0.73121
0.0526,1.3892,-0.59315,-0.77461
0.0527,1.3831,-0.54664,-0.81688
0.0528,1.3747,-0.49938,-0.858
0.0529,1.3643,-0.45141,-0.89795
0.053,1.3518,-0.40278,-0.93673
0.0531,1.3374,-0.35355,-0.97433
0.0532,1.3211,-0.30379,-1.0107
0.0533,1.303,-0.25355,-1.0459
0.0534,1.2831,-0.20292,-1.0798
0.0535,1.2617,-0.15198,-1.1125
0.0536,1.2386,-0.1008,-1.1437
0.0537,1.2139,-0.049442,-1.1736
0.0538,1.1878,0.002012,-1.2019
0.0539,1.1601,0.053474,-1.2286
0.054,1.1309,0.10486,-1.2536
0.0541,1.1002,0.1561,-1.2768
0.0542,1.0681,0.2071,-1.2981
0.0543,1.0344,0.2578,-1.3174
0.0544,0.99935,0.30814,-1.3346
0.0545,0.96284,0.35804,-1.3496
0.0546,0.92493,0.40746,-1.3624
0.0547,0.88567,0.45633,-1.373
0.0548,0.84513,0.5046,-1.3813
0.0549,0.80338,0.55222,-1.3874
0.055,0.76048,0.59913,-1.3913
0.0551,0.71654,0.64529,-1.3929
0.0552,0.67166,0.69062,-1.3925
0.0553,0.62592,0.73508,-1.39
0.0554,0.57942,0.77861,-1.3855
0.0555,0.53226,0.82112,-1.379
0.0556,0.4845,0.86258,-1.3706
0.0557,0.43621,0.9029,-1.3603
0.0558,0.38747,0.94202,-1.3482
0.0559,0.3383,0.97988,-1.3343
0.056,0.28876,1.0164,-1.3185
0.0561,0.23887,1.0516,-1.3009
0.0562,0.18866,1.0853,-1.2814
0.0563,0.13816,1.1175,-1.2602
0.0564,0.087392,1.1481,-1.2371
0.0565,0.036368,1.1771,-1.2122
0.0566,-0.014865,1.2045,-1.1855
0.0567,-0.066246,1.2301,-1.1571
0.0568,-0.1177,1.254,-1.127
0.0569,-0.16915,1.2762,-1.0953
0.057,-0.2205,1.2964,-1.062
0.0571,-0.27164,1.3148,-1.0273
0.0572,-0.32246,1.3313,-0.99127
0.0573,-0.37286,1.3457,-0.95396
0.0574,-0.42272,1.3582,-0.91548
0.0575,-0.47195,1.3686,-0.8759
0.0576,-0.52045,1.3769,-0.83531
0.0577,-0.56814,1.3831,-0.79374
0.0578,-0.61496,1.3872,-0.75127
0.0579,-0.66083,1.389,-0.70791
0.058,-0.70572,1.3888,-0.66369
0.0581,-0.74959,1.3863,-0.61865
0.0582,-0.79241,1.3818,-0.5728
0.0583,-0.83417,1.3751,-0.52614
0.0584,-0.87484,1.3663,-0.47872
0.0585,-0.9144,1.3554,-0.43055
0.0586,-0.95283,1.3425,-0.38168
0.0587,-0.9901,1.3277,-0.33215
0.0588,-1.0262,1.311,-0.28204
0.0589,-1.061,1.2924,-0.23143
0.059,-1.0945,1.2721,-0.18039
0.0591,-1.1266,1.25,-0.12904
0.0592,-1.1572,1.2262,-0.077466
0.0593,-1.1863,1.2008,-0.025756
0.0594,-1.2137,1.1738,0.025978
0.0595,-1.2394,1.1453,0.077627
0.0596,-1.2633,1.1153,0.12909
0.0597,-1.2852,1.0839,0.1803
0.0598,-1.3052,1.051,0.23115
0.0599,-1.3231,1.0166,0.2816
0.06,-1.3389,0.98096,0.33158
0.0601,-1.3526,0.94394,0.38106
0.0602,-1.3642,0.90561,0.42999
0.0603,-1.3736,0.86603,0.47835
0.0604,-1.3808,0.82525,0.5261
0.0605,-1.3859,0.7833,0.57322
0.0606,-1.3889,0.74027,0.61967
0.0607,-1.3899,0.69621,0.66541
0.0608,-1.3887,0.65119,0.71039
0.0609,-1.3856,0.60529,0.75455
0.061,-1.3805,0.5586,0.79781
0.0611,-1.3734,0.51117,0.8401
0.0612,-1.3644,0.4631,0.88134
0.0613,-1.3535,0.41445,0.92143
0.0614,-1.3407,0.3653,0.96029
0.0615,-1.326,0.3157,0.99782
0.0616,-1.3093,0.26572,1.0339
0.0617,-1.2908,0.21541,1.0686
0.0618,-1.2704,0.16483,1.1017
0.0619,-1.2482,0.11401,1.1332
0.062,-1.2241,0.062997,1.163
0.0621,-1.1982,0.011829,1.1911
0.0622,-1.1706,-0.039433,1.2175
0.0623,-1.1413,-0.090728,1.2421
0.0624,-1.1104,-0.14199,1.2649
0.0625,-1.078,-0.19315,1.286
0.0626,-1.0442,-0.24414,1.3052
0.0627,-1.009,-0.29486,1.3225
0.0628,-0.97257,-0.34525,1.338
0.0629,-0.93492,-0.39521,1.3516
0.063,-0.89614,-0.44466,1.3632
0.0631,-0.85629,-0.49351,1.3728
0.0632,-0.81541,-0.54169,1.3803
0.0633,-0.77354,-0.58912,1.3858
0.0634,-0.73072,-0.63572,1.3891
0.0635,-0.68696,-0.68144,1.3902
0.0636,-0.6423,-0.7262,1.3892
0.0637,-0.59675,-0.76995,1.3859
0.0638,-0.30481,-1.0198,1.3421
0.0639,-0.099506,-1.1975,1.3124
0.064,0.10106,-1.37,1.2821
0.0641,0.30017,-1.5365,1.247
0.0642,0.49841,-1.6967,1.2064
0.0643,0.69122,-1.8519,1.1661
0.0644,0.87687,-2.0016,1.1275
0.0645,1.0621,-2.1464,1.0844
0.0646,1.2495,-2.2861,1.034
0.0647,1.4342,-2.4237,0.98431
0.0648,1.6139,-2.5585,0.93672
0.0649,1.7907,-2.6912,0.89017
0.065,1.964,-2.8204,0.84364
0.0651,2.1326,-2.9437,0.79607
0.0652,2.2956,-3.0592,0.74653
0.0653,2.4517,-3.1681,0.69745
0.0654,2.5996,-3.2701,0.64988
0.0655,2.7417,-3.3653,0.60171
0.0656,2.8798,-3.4544,0.55144
0.0657,3.0134,-3.5385,0.50111
0.0658,3.1412,-3.6177,0.4519
0.0659,3.2644,-3.6924,0.40293
0.066,3.3831,-3.7617,0.35335
0.0661,3.4965,-3.824,0.30253
0.0662,3.6031,-3.8773,0.24946
0.0663,3.7009,-3.9203,0.19547
0.0664,3.7879,-3.9523,0.14157
0.0665,3.8662,-3.9735,0.085832
0.0666,3.9378,-3.9853,0.027659
0.0667,4.0009,-3.9901,-0.028815
0.0668,4.0546,-3.989,-0.081648
0.0669,4.103,-3.9833,-0.13367
0.067,4.148,-3.9733,-0.18643
0.0671,4.1871,-3.9586,-0.23797
0.0672,4.2192,-3.9383,-0.28799
0.0673,4.2451,-3.9127,-0.33715
0.0674,4.2632,-3.8808,-0.38481
0.0675,4.272,-3.8412,-0.43077
0.0676,4.272,-3.7932,-0.47637
0.0677,4.2632,-3.7378,-0.52075
0.0678,4.2446,-3.6751,-0.56257
0.0679,4.2174,-3.6054,-0.60294
0.068,4.1835,-3.529,-0.64348
0.0681,4.143,-3.4465,-0.6836
0.0682,4.0949,-3.3571,-0.72338
0.0683,4.0403,-3.2609,-0.76362
0.0684,3.9793,-3.1585,-0.80383
0.0685,3.911,-3.0502,-0.84293
0.0686,3.8352,-2.9358,-0.88101
0.0687,3.7517,-2.8155,-0.91743
0.0688,3.6592,-2.6893,-0.95126
0.0689,3.5583,-2.5568,-0.98337
0.069,3.4508,-2.4183,-1.0151
0.0691,3.3363,-2.2752,-1.045
0.0692,3.2145,-2.1282,-1.0716
0.0693,3.0871,-1.9783,-1.0958
0.0694,2.9559,-1.8265,-1.1183
0.0695,2.8201,-1.6733,-1.138
0.0696,2.6797,-1.5184,-1.1548
0.0697,2.5351,-1.3619,-1.1691
0.0698,2.3855,-1.2031,-1.1809
0.0699,2.23,-1.0408,-1.1904
0.07,2.0687,-0.87362,-1.1992
0.0701,1.9016,-0.70116,-1.2075
0.0702,1.728,-0.52344,-1.2146
0.0703,1.5489,-0.34133,-1.2207
0.0704,1.3662,-0.15632,-1.226
0.0705,1.1802,0.029982,-1.2293
0.0706,0.99148,0.21689,-1.2303
0.0707,0.80155,0.40374,-1.2299
0.0708,0.6105,0.59033,-1.2279
0.0709,0.41755,0.77689,-1.2238
0.071,0.22288,0.96384,-1.2181
0.0711,0.026543,1.151,-1.2106
0.0712,-0.17274,1.3385,-1.2002
0.0713,-0.37497,1.5261,-1.1867
0.0714,-0.57847,1.7132,-1.171
0.0715,-0.78262,1.8984,-1.1524
0.0716,-0.98762,2.0809,-1.13
0.0717,-1.1921,2.2602,-1.1043
0.0718,-1.3945,2.4357,-1.0767
0.0719,-1.5951,2.6076,-1.047
0.072,-1.7944,2.7771,-1.0157
0.0721,-1.9919,2.9443,-0.98376
0.0722,-2.1881,3.1095,-0.95091
0.0723,-2.3838,3.2729,-0.91658
0.0724,-2.5789,3.435,-0.88126
0.0725,-2.7729,3.5952,-0.84511
0.0726,-2.9659,3.7534,-0.80788
0.0727,-3.1572,3.9092,-0.7698
0.0728,-3.3454,4.0616,-0.73133
0.0729,-3.53,4.2093,-0.69189
0.073,-3.7104,4.3517,-0.65121
0.0731,-3.8858,4.488,-0.60952
0.0732,-4.0558,4.6175,-0.56653
0.0733,-4.221,4.7401,-0.52158
0.0734,-4.381,4.8558,-0.47497
0.0735,-4.5358,4.9645,-0.42678
0.0736,-4.6865,5.0667,-0.37652
0.0737,-4.833,5.163,-0.32454
0.0738,-4.9747,5.2537,-0.27211
0.0739,-5.1113,5.3389,-0.2194
0.074,-5.2429,5.4183,-0.1661
0.0741,-5.3685,5.4912,-0.11262
0.0742,-5.4871,5.5571,-0.059337
0.0743,-5.5988,5.6156,-0.005813
0.0744,-5.7035,5.6669,0.047667
0.0745,-5.8008,5.7114,0.10034
0.0746,-5.891,5.7494,0.15216
0.0747,-5.9752,5.7817,0.20347
0.0748,-6.0532,5.8086,0.25386
0.0749,-6.1249,5.83,0.30337
0.075,-6.1907,5.8455,0.35258
0.0751,-6.25,5.8545,0.40169
0.0752,-6.3018,5.8561,0.45058
0.0753,-6.3455,5.849,0.49988
0.0754,-6.3808,5.8327,0.54994
0.0755,-6.407,5.8068,0.60034
0.0756,-6.424,5.7716,0.65073
0.0757,-6.4325,5.7279,0.70114
0.0758,-6.4329,5.6766,0.75102
0.0759,-6.4256,5.6187,0.79989
0.076,-6.4113,5.5545,0.84804
0.0761,-6.3907,5.4847,0.89558
0.0762,-6.3634,5.4096,0.94188
0.0763,-6.3291,5.329,0.98671
0.0764,-6.2879,5.2431,1.0301
0.0765,-6.2391,5.1517,1.0715
0.0766,-6.1823,5.0547,1.1107
0.0767,-6.1175,4.9518,1.1479
0.0768,-6.0447,4.8432,1.1831
0.0769,-5.9641,4.7292,1.2161
0.077,-5.876,4.6097,1.2472
0.0771,-5.781,4.485,1.277
0.0772,-5.6795,4.3553,1.3055
0.0773,-5.5715,4.2204,1.3329
0.0774,-5.4574,4.0805,1.3596
0.0775,-5.3372,3.9356,1.3853
0.0776,-5.2105,3.7858,1.4097
0.0777,-5.0772,3.6309,1.4329
0.0778,-4.9376,3.4709,1.455
0.0779,-4.7912,3.3058,1.4757
0.078,-4.6384,3.1359,1.495
0.0781,-4.4798,2.9616,1.5131
0.0782,-4.3161,2.7841,1.5294
0.0783,-4.1474,2.604,1.5434
0.0784,-3.9748,2.4225,1.555
0.0785,-3.7992,2.2403,1.5642
0.0786,-3.6204,2.058,1.5705
0.0787,-3.4387,1.8755,1.5738
0.0788,-3.2543,1.6929,1.5746
0.0789,-3.067,1.5097,1.5728
0.079,-2.8761,1.3255,1.5685
0.0791,-2.6818,1.1396,1.5622
0.0792,-2.4843,0.95203,1.5542
0.0793,-2.2837,0.76295,1.5444
0.0794,-2.0805,0.57274,1.5328
0.0795,-1.8754,0.38208,1.5195
0.0796,-1.6692,0.19165,1.5046
0.0797,-1.4623,0.0018256,1.488
0.0798,-1.2552,-0.18716,1.47
0.0799,-1.0482,-0.37514,1.4508
0.08,-0.84126,-0.56199,1.4301
0.0801,-0.63424,-0.74767,1.4079
0.0802,-0.42732,-0.93196,1.3841
0.0803,-0.22048,-1.1145,1.3582
0.0804,-0.013916,-1.2947,1.3301
0.0805,0.1917,-1.472,1.2998
0.0806,0.39575,-1.6456,1.267
0.0807,0.59778,-1.8147,1.2316
0.0808,0.79705,-1.9788,1.1939
0.0809,0.99296,-2.1377,1.1542
0.081,1.1854,-2.2913,1.1126
0.0811,1.3743,-2.4399,1.0695
0.0812,1.5597,-2.5837,1.0251
0.0813,1.7416,-2.723,0.97973
0.0814,1.9204,-2.8581,0.93327
0.0815,2.0962,-2.9893,0.88614
0.0816,2.2685,-3.1167,0.83864
0.0817,2.4374,-3.2401,0.79086
0.0818,2.6024,-3.3594,0.74296
0.0819,2.7626,-3.474,0.69516
0.082,2.9177,-3.5831,0.64728
0.0821,3.0673,-3.6861,0.59911
0.0822,3.2108,-3.7825,0.55062
0.0823,3.3478,-3.8718,0.5017
0.0824,3.4784,-3.9536,0.45197
0.0825,3.6027,-4.0278,0.40135
0.0826,3.7206,-4.0945,0.34988
0.0827,3.8322,-4.1536,0.29749
0.0828,3.9377,-4.2054,0.24419
0.0829,4.0367,-4.2499,0.19031
0.083,4.129,-4.2869,0.13603
0.0831,4.2144,-4.3164,0.081334
0.0832,4.2925,-4.3381,0.026419
0.0833,4.3628,-4.352,-0.02838
0.0834,4.4254,-4.3581,-0.082907
0.0835,4.4803,-4.357,-0.13687
0.0836,4.5276,-4.3491,-0.18984
0.0837,4.5674,-4.335,-0.24154
0.0838,4.6003,-4.3151,-0.29195
0.0839,4.6263,-4.2896,-0.34094
0.084,4.6454,-4.2587,-0.38849
0.0841,4.6576,-4.2221,-0.43482
0.0842,4.6626,-4.1793,-0.48011
0.0843,4.6599,-4.1299,-0.52445
0.0844,4.6491,-4.0731,-0.56808
0.0845,4.6299,-4.0085,-0.61119
0.0846,4.6023,-3.9361,-0.65376
0.0847,4.566,-3.8558,-0.69572
0.0848,4.5214,-3.768,-0.73713
0.0849,4.4688,-3.673,-0.77789
0.085,4.4086,-3.5715,-0.81787
0.0851,4.3411,-3.4637,-0.85705
0.0852,4.2668,-3.3502,-0.89538
0.0853,4.1856,-3.2314,-0.9325
0.0854,4.0976,-3.1076,-0.96812
0.0855,4.0028,-2.979,-1.0021
0.0856,3.9012,-2.8458,-1.034
0.0857,3.7926,-2.7083,-1.0637
0.0858,3.6773,-2.5667,-1.0911
0.0859,3.5554,-2.4211,-1.1161
0.086,3.4272,-2.2719,-1.1387
0.0861,3.2929,-2.1193,-1.1589
0.0862,3.1532,-1.9635,-1.177
0.0863,3.0081,-1.8047,-1.1931
0.0864,2.8581,-1.6428,-1.2073
0.0865,2.7031,-1.478,-1.2198
0.0866,2.5435,-1.3101,-1.2307
0.0867,2.379,-1.139,-1.2402
0.0868,2.2098,-0.96452,-1.2482
0.0869,2.0358,-0.78659,-1.255
0.087,1.8572,-0.60526,-1.2607
0.0871,1.6742,-0.42079,-1.265
0.0872,1.4874,-0.23369,-1.268
0.0873,1.2972,-0.044689,-1.2695
0.0874,1.1041,0.14538,-1.269
0.0875,0.90891,0.33573,-1.2664
0.0876,0.71204,0.52565,-1.2615
0.0877,0.51387,0.71458,-1.2541
0.0878,0.31461,0.90219,-1.244
0.0879,0.11443,1.0883,-1.2312
0.088,-0.086623,1.273,-1.2156
0.0881,-0.2886,1.4562,-1.1974
0.0882,-0.49137,1.6381,-1.1767
0.0883,-0.69473,1.8185,-1.1536
0.0884,-0.89842,1.9974,-1.1282
0.0885,-1.1021,2.1745,-1.1007
0.0886,-1.3052,2.3494,-1.0714
0.0887,-1.5073,2.5221,-1.0405
0.0888,-1.7082,2.6924,-1.0083
0.0889,-1.9074,2.8602,-0.97492
0.089,-2.1048,3.0255,-0.94073
0.0891,-2.3003,3.1882,-0.90568
0.0892,-2.4938,3.3482,-0.86978
0.0893,-2.6852,3.5052,-0.833
0.0894,-2.8742,3.6589,-0.79519
0.0895,-3.0606,3.8087,-0.75614
0.0896,-3.2438,3.9542,-0.71578
0.0897,-3.4234,4.0945,-0.67398
0.0898,-3.5989,4.2291,-0.63059
0.0899,-3.7698,4.3574,-0.58559
0.09,-3.9357,4.479,-0.53908
0.0901,-4.0964,4.5938,-0.49108
0.0902,-4.2517,4.7017,-0.44168
0.0903,-4.4017,4.8028,-0.39107
0.0904,-4.5463,4.8973,-0.33944
0.0905,-4.6857,4.9855,-0.28697
0.0906,-4.8198,5.0677,-0.23395
0.0907,-4.9486,5.1441,-0.18072
0.0908,-5.0719,5.2148,-0.12751
0.0909,-5.1895,5.2798,-0.074536
0.091,-5.301,5.3389,-0.021988
0.0911,-5.4061,5.3918,0.030063
0.0912,-5.5044,5.4384,0.081636
0.0913,-5.5958,5.4782,0.13275
0.0914,-5.6801,5.511,0.18344
0.0915,-5.7571,5.5367,0.23387
0.0916,-5.8268,5.5551,0.28414
0.0917,-5.8893,5.5662,0.33434
0.0918,-5.9445,5.5698,0.38455
0.0919,-5.9924,5.5658,0.43487
0.092,-6.0328,5.5541,0.48528
0.0921,-6.0655,5.5346,0.53576
0.0922,-6.0903,5.5071,0.5863
0.0923,-6.1071,5.4715,0.63679
0.0924,-6.1158,5.428,0.68702
0.0925,-6.1164,5.3768,0.73681
0.0926,-6.1089,5.3185,0.78588
0.0927,-6.0936,5.2534,0.83389
0.0928,-6.0708,5.1821,0.88055
0.0929,-6.0407,5.1052,0.9257
0.093,-6.0035,5.023,0.96916
0.0931,-5.9592,4.9358,1.0108
0.0932,-5.908,4.8435,1.0506
0.0933,-5.8497,4.7462,1.0885
0.0934,-5.7841,4.6435,1.1247
0.0935,-5.7111,4.5352,1.1592
0.0936,-5.6305,4.4212,1.1922
0.0937,-5.5424,4.3012,1.2238
0.0938,-5.4467,4.1753,1.254
0.0939,-5.3436,4.0436,1.2829
0.094,-5.2334,3.9061,1.3108
0.0941,-5.1165,3.7632,1.3376
0.0942,-4.993,3.6151,1.3633
0.0943,-4.8633,3.4621,1.388
0.0944,-4.7277,3.3045,1.4115
0.0945,-4.5862,3.1427,1.4337
0.0946,-4.4391,2.977,1.4542
0.0947,-4.2864,2.8077,1.473
0.0948,-4.1285,2.6354,1.4898
0.0949,-3.9656,2.4602,1.5045
0.095,-3.7979,2.2827,1.5168
0.0951,-3.6258,2.1033,1.5267
0.0952,-3.4497,1.9224,1.5341
0.0953,-3.2699,1.7404,1.539
0.0954,-3.0869,1.5574,1.5414
0.0955,-2.9007,1.3738,1.5414
0.0956,-2.7117,1.1895,1.5391
0.0957,-2.52,1.0045,1.5346
0.0958,-2.3256,0.81863,1.5281
0.0959,-2.1286,0.63182,1.5197
0.096,-1.9292,0.44394,1.5097
0.0961,-1.7273,0.25501,1.4981
0.0962,-1.5235,0.065191,1.4851
0.0963,-1.3179,-0.12518,1.4706
0.0964,-1.1111,-0.31564,1.4545
0.0965,-0.90343,-0.50562,1.4369
0.0966,-0.69549,-0.69453,1.4175
0.0967,-0.48771,-0.88178,1.3962
0.0968,-0.28045,-1.0669,1.373
0.0969,-0.074008,-1.2494,1.3476
0.097,0.13138,-1.4289,1.3201
0.0971,0.33549,-1.6052,1.2904
0.0972,0.53818,-1.7781,1.2583
0.0973,0.73923,-1.9473,1.2241
0.0974,0.93837,-2.1125,1.1876
0.0975,1.1353,-2.2737,1.1491
0.0976,1.3298,-2.4305,1.1088
0.0977,1.5213,-2.5829,1.0667
0.0978,1.7098,-2.7308,1.0233
0.0979,1.8948,-2.8742,0.97876
0.098,2.0762,-3.013,0.93336
0.0981,2.2539,-3.1475,0.88736
0.0982,2.4278,-3.2776,0.84091
0.0983,2.5978,-3.4034,0.79412
0.0984,2.7638,-3.5246,0.74706
0.0985,2.9255,-3.6412,0.69973
0.0986,3.0826,-3.7527,0.65207
0.0987,3.2348,-3.8587,0.604
0.0988,3.3818,-3.9587,0.55544
0.0989,3.5231,-4.0521,0.50627
0.099,3.6583,-4.1385,0.45637
0.0991,3.7871,-4.2174,0.4057
0.0992,3.9093,-4.2886,0.35418
0.0993,4.0247,-4.3517,0.30181
0.0994,4.1333,-4.407,0.24865
0.0995,4.2351,-4.4543,0.19478
0.0996,4.33,-4.4941,0.14037
0.0997,4.4182,-4.5264,0.085635
0.0998,4.4995,-4.5515,0.03083
0.0999,4.5739,-4.5697,-0.023789
0.1,4.6414,-4.5812,-0.07798
0.1001,4.7017,-4.586,-0.1315
0.1002,4.7547,-4.5842,-0.18417
0.1003,4.8004,-4.576,-0.23586
0.1004,4.8385,-4.5612,-0.28646
0.1005,4.8692,-4.54,-0.33592
0.1006,4.8923,-4.5123,-0.38425
0.1007,4.9079,-4.4781,-0.4315
0.1008,4.9159,-4.4373,-0.47776
0.1009,4.9163,-4.3898,-0.52315
0.101,4.9091,-4.3355,-0.56778
0.1011,4.8942,-4.2742,-0.61176
0.1012,4.8714,-4.2057,-0.65517
0.1013,4.8405,-4.1298,-0.69806
0.1014,4.8017,-4.0465,-0.74043
0.1015,4.7547,-3.956,-0.78221
0.1016,4.6997,-3.8583,-0.82326
0.1017,4.6369,-3.754,-0.86342
0.1018,4.5664,-3.6434,-0.90247
0.1019,4.4886,-3.5271,-0.94019
0.102,4.4037,-3.4056,-0.97636
0.1021,4.312,-3.2794,-1.0108
0.1022,4.2137,-3.1487,-1.0433
0.1023,4.1089,-3.0141,-1.0736
0.1024,3.9978,-2.8755,-1.1019
0.1025,3.8805,-2.7332,-1.1279
0.1026,3.7568,-2.5871,-1.1516
0.1027,3.6271,-2.4373,-1.1732
0.1028,3.4912,-2.2838,-1.1927
0.1029,3.3495,-2.1266,-1.2102
0.103,3.202,-1.9657,-1.2259
0.1031,3.0491,-1.8011,-1.24
0.1032,2.891,-1.6331,-1.2525
0.1033,2.7279,-1.4616,-1.2635
0.1034,2.5601,-1.2869,-1.2733
0.1035,2.3879,-1.1091,-1.2817
0.1036,2.2114,-0.92842,-1.2887
0.1037,2.031,-0.74518,-1.2943
0.1038,1.8468,-0.55969,-1.2983
0.1039,1.6591,-0.37235,-1.3006
0.104,1.4682,-0.18363,-1.3009
0.1041,1.2746,0.0059661,-1.2992
0.1042,1.0786,0.19589,-1.2953
0.1043,0.88058,0.3856,-1.2889
0.1044,0.68098,0.57462,-1.28
0.1045,0.48015,0.76252,-1.2684
0.1046,0.2784,0.94899,-1.2541
0.1047,0.075974,1.1339,-1.2373
0.1048,-0.12693,1.317,-1.2179
0.1049,-0.33018,1.4985,-1.1961
0.105,-0.53364,1.6784,-1.1722
0.1051,-0.73717,1.8567,-1.1463
0.1052,-0.94058,2.0334,-1.1186
0.1053,-1.1436,2.2086,-1.0894
0.1054,-1.3461,2.382,-1.0589
0.1055,-1.5476,2.5534,-1.0271
0.1056,-1.7477,2.7226,-0.99416
0.1057,-1.9462,2.8891,-0.96014
0.1058,-2.1426,3.0527,-0.92505
0.1059,-2.3366,3.2128,-0.88885
0.106,-2.5279,3.3692,-0.85148
0.1061,-2.7163,3.5215,-0.81286
0.1062,-2.9014,3.6691,-0.77289
0.1063,-3.0831,3.8118,-0.73147
0.1064,-3.2609,3.9492,-0.68853
0.1065,-3.4348,4.081,-0.64404
0.1066,-3.6043,4.2067,-0.59802
0.1067,-3.7691,4.3262,-0.5505
0.1068,-3.9291,4.4393,-0.50163
0.1069,-4.084,4.5459,-0.45158
0.107,-4.2335,4.6461,-0.40055
0.1071,-4.3776,4.7398,-0.34879
0.1072,-4.5162,4.8273,-0.29653
0.1073,-4.6491,4.9086,-0.244
0.1074,-4.7764,4.9841,-0.19141
0.1075,-4.898,5.0536,-0.13891
0.1076,-5.0137,5.1173,-0.086649
0.1077,-5.1234,5.1751,-0.03469
0.1078,-5.2268,5.2267,0.016931
0.1079,-5.3236,5.2718,0.068226
0.108,-5.4137,5.3103,0.11925
0.1081,-5.4968,5.3417,0.17009
0.1082,-5.5725,5.3657,0.22083
0.1083,-5.6408,5.3821,0.27156
0.1084,-5.7014,5.3906,0.32237
0.1085,-5.7544,5.3912,0.37329
0.1086,-5.7997,5.3838,0.42432
0.1087,-5.8373,5.3685,0.47542
0.1088,-5.8672,5.3454,0.52649
0.1089,-5.8893,5.3147,0.57737
0.109,-5.9038,5.2767,0.62788
0.1091,-5.9105,5.2315,0.67784
0.1092,-5.9095,5.1794,0.72702
0.1093,-5.9009,5.1206,0.77522
0.1094,-5.8846,5.0555,0.82221
0.1095,-5.8607,4.9842,0.86781
0.1096,-5.8292,4.907,0.91186
0.1097,-5.7903,4.8242,0.95426
0.1098,-5.7441,4.7358,0.99496
0.1099,-5.6905,4.642,1.0339
0.11,-5.6297,4.5428,1.0713
0.1101,-5.5617,4.4381,1.107
0.1102,-5.4863,4.3278,1.1412
0.1103,-5.4037,4.2118,1.1741
0.1104,-5.3137,4.09,1.2057
0.1105,-5.2164,3.9624,1.2362
0.1106,-5.1119,3.8288,1.2655
0.1107,-5.0002,3.6895,1.2937
0.1108,-4.8816,3.5448,1.3208
0.1109,-4.7564,3.3948,1.3467
0.111,-4.6248,3.24,1.3713
0.1111,-4.4871,3.0809,1.3944
0.1112,-4.3438,2.9179,1.4159
0.1113,-4.195,2.7514,1.4356
0.1114,-4.041,2.582,1.4534
0.1115,-3.8822,2.4098,1.469
0.1116,-3.7187,2.2354,1.4824
0.1117,-3.5507,2.0589,1.4934
0.1118,-3.3784,1.8807,1.502
0.1119,-3.2022,1.7008,1.5082
0.112,-3.0221,1.5194,1.5121
0.1121,-2.8384,1.3367,1.5136
0.1122,-2.6515,1.1528,1.513
0.1123,-2.4614,0.96779,1.5103
0.1124,-2.2685,0.78171,1.5057
0.1125,-2.073,0.59464,1.4992
0.1126,-1.8751,0.40667,1.4911
0.1127,-1.6751,0.21789,1.4813
0.1128,-1.473,0.028474,1.4699
0.1129,-1.2692,-0.16136,1.4569
0.113,-1.0641,-0.35133,1.4422
0.1131,-0.85778,-0.54104,1.4258
0.1132,-0.65076,-0.73004,1.4077
0.1133,-0.44338,-0.91784,1.3876
0.1134,-0.23607,-1.1039,1.3654
0.1135,-0.029219,-1.2877,1.3411
0.1136,0.17679,-1.4687,1.3146
0.1137,0.38161,-1.6466,1.2858
0.1138,0.58495,-1.8209,1.2547
0.1139,0.78656,-1.9916,1.2214
0.114,0.98622,-2.1583,1.186
0.1141,1.1837,-2.3211,1.1486
0.1142,1.3789,-2.4799,1.1094
0.1143,1.5716,-2.6347,1.0686
0.1144,1.7616,-2.7855,1.0265
0.1145,1.9487,-2.9322,0.98322
0.1146,2.1326,-3.0748,0.93901
0.1147,2.313,-3.2132,0.89405
0.1148,2.4898,-3.3472,0.84848
0.1149,2.6626,-3.4767,0.80243
0.115,2.8313,-3.6014,0.75595
0.1151,2.9956,-3.7212,0.70905
0.1152,3.1552,-3.8357,0.66171
0.1153,3.31,-3.9446,0.61386
0.1154,3.4595,-4.0475,0.56543
0.1155,3.6037,-4.1441,0.51633
0.1156,3.7421,-4.2339,0.46647
0.1157,3.8746,-4.3166,0.41581
0.1158,4.0008,-4.392,0.36431
0.1159,4.1205,-4.4598,0.31199
0.116,4.2336,-4.5198,0.25894
0.1161,4.3399,-4.572,0.20526
0.1162,4.4392,-4.6166,0.15111
0.1163,4.5316,-4.6537,0.096678
0.1164,4.6171,-4.6834,0.042179
0.1165,4.6956,-4.7061,-0.012169
0.1166,4.7671,-4.7219,-0.066149
0.1167,4.8316,-4.7312,-0.11956
0.1168,4.8891,-4.7339,-0.17223
0.1169,4.9394,-4.7303,-0.22404
0.117,4.9825,-4.7202,-0.27489
0.1171,5.0182,-4.7037,-0.32475
0.1172,5.0464,-4.6806,-0.37361
0.1173,5.067,-4.6507,-0.42153
0.1174,5.0799,-4.614,-0.46857
0.1175,5.085,-4.5702,-0.51484
0.1176,5.0822,-4.5193,-0.56043
0.1177,5.0715,-4.4612,-0.6054
0.1178,5.053,-4.3958,-0.64979
0.1179,5.0265,-4.3233,-0.69361
0.118,4.9922,-4.2436,-0.73682
0.1181,4.95,-4.1569,-0.77935
0.1182,4.9,-4.0634,-0.82108
0.1183,4.8423,-3.9634,-0.86187
0.1184,4.777,-3.8572,-0.90153
0.1185,4.7042,-3.745,-0.93986
0.1186,4.6241,-3.6274,-0.97668
0.1187,4.5369,-3.5046,-1.0118
0.1188,4.4427,-3.3771,-1.0451
0.1189,4.3418,-3.2452,-1.0763
0.119,4.2344,-3.1091,-1.1055
0.1191,4.1206,-2.9691,-1.1325
0.1192,4.0006,-2.8252,-1.1575
0.1193,3.8744,-2.6775,-1.1803
0.1194,3.7423,-2.5261,-1.2012
0.1195,3.6042,-2.3709,-1.2202
0.1196,3.4603,-2.2118,-1.2374
0.1197,3.3108,-2.0489,-1.253
0.1198,3.1558,-1.8823,-1.2671
0.1199,2.9955,-1.712,-1.2797
0.12,2.8302,-1.5382,-1.2908
0.1201,2.6602,-1.3612,-1.3006
0.1202,2.4857,-1.1812,-1.3089
0.1203,2.3071,-0.99865,-1.3156
0.1204,2.1248,-0.81392,-1.3207
0.1205,1.9389,-0.62741,-1.3241
0.1206,1.75,-0.43958,-1.3255
0.1207,1.5582,-0.25085,-1.3248
0.1208,1.3638,-0.061655,-1.3218
0.1209,1.1672,0.1276,-1.3165
0.121,1.0663,0.23465,-1.3244
0.1211,1.0273,0.28636,-1.3386
0.1212,0.98745,0.33464,-1.3483
0.1213,0.9468,0.38222,-1.3563
0.1214,0.90669,0.42999,-1.3646
0.1215,0.86673,0.4769,-1.3719
0.1216,0.82472,0.52292,-1.376
0.1217,0.78127,0.569,-1.3783
0.1218,0.7384,0.61583,-1.3815
0.1219,0.69541,0.6633,-1.385
0.122,0.65085,0.71026,-1.386
0.1221,0.60559,0.75485,-1.3837
0.1222,0.56018,0.79656,-1.3781
0.1223,0.51402,0.8368,-1.37
0.1224,0.46745,0.87649,-1.3607
0.1225,0.42075,0.91513,-1.3501
