0.05,0.37434,-0.75145,0.34963
0.0501,0.35008,-0.75085,0.37628
0.0502,0.32544,-0.74895,0.40218
0.0503,0.30047,-0.74573,0.42725
0.0504,0.2752,-0.7412,0.45143
0.0505,0.24964,-0.73538,0.47468
0.0506,0.22378,-0.72829,0.49702
0.0507,0.19762,-0.71999,0.51847
0.0508,0.17111,-0.71056,0.53911
0.0509,0.14427,-0.70012,0.55901
0.051,0.1171,-0.68879,0.57825
0.0511,0.089616,-0.67667,0.59691
0.0512,0.06185,-0.66388,0.61501
0.0513,0.033829,-0.65048,0.63256
0.0514,0.0055838,-0.63651,0.64951
0.0515,-0.02285,-0.62199,0.66583
0.0516,-0.051423,-0.60691,0.68138
0.0517,-0.080082,-0.59123,0.69605
0.0518,-0.10876,-0.57492,0.70969
0.0519,-0.13738,-0.55795,0.72215
0.052,-0.16586,-0.54025,0.73329
0.0521,-0.19413,-0.52179,0.74297
0.0522,-0.22212,-0.50252,0.75107
0.0523,-0.24977,-0.48237,0.75749
0.0524,-0.27704,-0.46132,0.76221
0.0525,-0.30392,-0.43937,0.76521
0.0526,-0.33038,-0.41652,0.76654
0.0527,-0.35641,-0.39283,0.76628
0.0528,-0.38201,-0.36839,0.76457
0.0529,-0.40717,-0.34332,0.76155
0.053,-0.43189,-0.31772,0.75738
0.0531,-0.45615,-0.29174,0.75222
0.0532,-0.47996,-0.26547,0.74621
0.0533,-0.50331,-0.23901,0.73948
0.0534,-0.52619,-0.21243,0.7321
0.0535,-0.54858,-0.18578,0.72415
0.0536,-0.57044,-0.15907,0.71564
0.0537,-0.59172,-0.13229,0.70656
0.0538,-0.61236,-0.10545,0.69687
0.0539,-0.63226,-0.078543,0.6865
0.054,-0.65132,-0.051518,0.67534
0.0541,-0.66946,-0.024333,0.66329
0.0542,-0.68656,0.0030576,0.65025
0.0543,-0.70252,0.030701,0.63613
0.0544,-0.71726,0.058626,0.62086
0.0545,-0.7307,0.086826,0.60441
0.0546,-0.74278,0.11527,0.58679
0.0547,-0.75344,0.14389,0.56806
0.0548,-0.76267,0.1726,0.54829
0.0549,-0.77047,0.20128,0.52761
0.055,-0.77689,0.22984,0.50613
0.0551,-0.78196,0.25815,0.484
0.0552,-0.78576,0.28611,0.46134
0.0553,-0.78835,0.31362,0.43829
0.0554,-0.78982,0.34061,0.41496
0.0555,-0.79021,0.36699,0.39142
0.0556,-0.78956,0.39273,0.36774
0.0557,-0.78791,0.41779,0.34393
0.0558,-0.78526,0.44215,0.31997
0.0559,-0.78161,0.46583,0.29584
0.056,-0.77694,0.48887,0.27144
0.0561,-0.77125,0.51131,0.2467
0.0562,-0.76452,0.5332,0.22152
0.0563,-0.75676,0.5546,0.19582
0.0564,-0.74795,0.57553,0.16951
0.0565,-0.7381,0.59598,0.14256
0.0566,-0.72722,0.61591,0.11497
0.0567,-0.71533,0.63528,0.086785
0.0568,-0.70247,0.65398,0.058078
0.0569,-0.68866,0.67191,0.028956
0.057,-0.67396,0.68897,-0.0004514
0.0571,-0.65843,0.70504,-0.030005
0.0572,-0.64212,0.71998,-0.059549
0.0573,-0.6251,0.73369,-0.08893
0.0574,-0.60741,0.74605,-0.11801
0.0575,-0.58909,0.75698,-0.14667
0.0576,-0.57017,0.76641,-0.17483
0.0577,-0.55065,0.7743,-0.20242
0.0578,-0.53054,0.78064,-0.22943
0.0579,-0.50985,0.78548,-0.25589
0.058,-0.48855,0.78886,-0.28183
0.0581,-0.46666,0.79086,-0.30734
0.0582,-0.44415,0.7916,-0.33248
0.0583,-0.42103,0.79116,-0.35734
0.0584,-0.3973,0.78965,-0.38198
0.0585,-0.37296,0.78716,-0.40646
0.0586,-0.34802,0.78375,-0.43081
0.0587,-0.32253,0.77951,-0.45501
0.0588,-0.29651,0.77446,-0.47904
0.0589,-0.27003,0.76863,-0.50283
0.059,-0.24314,0.76202,-0.52629
0.0591,-0.2159,0.75461,-0.54929
0.0592,-0.18835,0.74635,-0.57169
0.0593,-0.16056,0.7372,-0.59332
0.0594,-0.1326,0.72708,-0.61403
0.0595,-0.10453,0.71593,-0.63367
0.0596,-0.07638,0.70369,-0.65211
0.0597,-0.048207,0.69034,-0.66923
0.0598,-0.02004,0.67587,-0.68497
0.0599,0.0080916,0.6603,-0.69929
0.06,0.036164,0.64368,-0.71219
0.0601,0.064158,0.62608,-0.72369
0.0602,0.092064,0.6076,-0.73386
0.0603,0.11987,0.58831,-0.74276
0.0604,0.14758,0.56833,-0.75047
0.0605,0.17518,0.54773,-0.75709
0.0606,0.20266,0.52662,-0.76268
0.0607,0.23,0.50505,-0.76732
0.0608,0.25716,0.48311,-0.77105
0.0609,0.28411,0.46082,-0.77392
0.061,0.3108,0.4382,-0.7759
0.0611,0.33718,0.41524,-0.77696
0.0612,0.36318,0.39191,-0.77707
0.0613,0.38874,0.36818,-0.77613
0.0614,0.41382,0.34397,-0.77408
0.0615,0.43835,0.31925,-0.77082
0.0616,0.46227,0.29396,-0.7663
0.0617,0.48553,0.26808,-0.76047
0.0618,0.50807,0.24161,-0.7533
0.0619,0.52986,0.21453,-0.7448
0.062,0.55084,0.18688,-0.73501
0.0621,0.57097,0.15874,-0.72399
0.0622,0.59024,0.1302,-0.71183
0.0623,0.6086,0.10135,-0.69864
0.0624,0.62603,0.072313,-0.68455
0.0625,0.68557,-0.0062038,0.17182
0.0626,0.71931,-0.057185,0.67796
0.0627,0.74814,-0.10393,1.145
0.0628,0.77482,-0.14862,1.5868
0.0629,0.78905,-0.18189,1.9579
0.063,0.80326,-0.21712,2.3326
0.0631,0.82764,-0.26232,2.7629
0.0632,0.84782,-0.30344,3.187
0.0633,0.86206,-0.34049,3.6051
0.0634,0.88384,-0.38517,4.076
0.0635,0.90683,-0.43134,4.5758
0.0636,0.91985,-0.47003,5.0587
0.0637,0.9313,-0.50923,5.5512
0.0638,0.94364,-0.55001,6.0451
0.0639,0.95133,-0.58802,6.5171
0.064,0.95959,-0.62853,6.9997
0.0641,0.97764,-0.67884,7.5379
0.0642,1.0002,-0.73381,8.1132
0.0643,1.022,-0.78908,8.7081
0.0644,1.0447,-0.84568,9.3263
0.0645,1.0624,-0.89775,9.9317
0.0646,1.0691,-0.94081,10.496
0.0647,1.0732,-0.98226,11.049
0.0648,1.0792,-1.0254,11.6
0.0649,1.0815,-1.0651,12.115
0.065,1.0819,-1.1029,12.591
0.0651,1.0855,-1.1425,13.05
0.0652,1.0857,-1.1788,13.477
0.0653,1.0784,-1.2091,13.873
0.0654,1.0721,-1.2404,14.283
0.0655,1.0668,-1.2727,14.716
0.0656,1.055,-1.2997,15.141
0.0657,1.042,-1.3258,15.576
0.0658,1.0353,-1.3565,16.04
0.0659,1.0307,-1.3882,16.513
0.066,1.0271,-1.4201,16.987
0.0661,1.0294,-1.4554,17.476
0.0662,1.0323,-1.4893,17.948
0.0663,1.0266,-1.5141,18.368
0.0664,1.0151,-1.5313,18.751
0.0665,1.002,-1.5442,19.113
0.0666,0.98444,-1.551,19.445
0.0667,0.96526,-1.5544,19.759
0.0668,0.94944,-1.5586,20.071
0.0669,0.9333,-1.5609,20.356
0.067,0.91326,-1.5588,20.603
0.0671,0.89234,-1.5549,20.826
0.0672,0.86945,-1.5486,21.026
0.0673,0.83951,-1.5357,21.183
0.0674,0.80981,-1.5228,21.333
0.0675,0.77966,-1.5089,21.471
0.0676,0.74697,-1.4923,21.591
0.0677,0.7157,-1.4768,21.71
0.0678,0.6908,-1.4663,21.85
0.0679,0.66893,-1.458,21.996
0.068,0.64633,-1.449,22.132
0.0681,0.62421,-1.4402,22.259
0.0682,0.59981,-1.4287,22.357
0.0683,0.56899,-1.4113,22.408
0.0684,0.53548,-1.3911,22.427
0.0685,0.50348,-1.371,22.426
0.0686,0.47016,-1.3484,22.391
0.0687,0.43475,-1.3227,22.318
0.0688,0.40029,-1.2964,22.22
0.0689,0.36456,-1.2675,22.091
0.069,0.32417,-1.2337,21.925
0.0691,0.28217,-1.1977,21.741
0.0692,0.24048,-1.161,21.549
0.0693,0.19652,-1.1217,21.337
0.0694,0.15148,-1.0809,21.112
0.0695,0.10939,-1.0418,20.887
0.0696,0.069876,-1.0042,20.663
0.0697,0.032073,-0.96752,20.436
0.0698,-0.0025094,-0.93308,20.211
0.0699,-0.035862,-0.89892,19.977
0.07,-0.072321,-0.86163,19.715
0.0701,-0.11159,-0.82165,19.427
0.0702,-0.15182,-0.78035,19.118
0.0703,-0.19332,-0.73749,18.787
0.0704,-0.23495,-0.69424,18.439
0.0705,-0.27495,-0.65194,18.08
0.0706,-0.31528,-0.60878,17.7
0.0707,-0.35745,-0.56343,17.294
0.0708,-0.39976,-0.51686,16.867
0.0709,-0.44188,-0.46849,16.423
0.071,-0.48428,-0.41715,15.954
0.0711,-0.52373,-0.36469,15.473
0.0712,-0.5578,-0.31258,14.984
0.0713,-0.58752,-0.25997,14.486
0.0714,-0.61185,-0.20831,13.985
0.0715,-0.62845,-0.16049,13.499
0.0716,-0.63976,-0.11552,13.024
0.0717,-0.64925,-0.071273,12.552
0.0718,-0.6569,-0.028217,12.083
0.0719,-0.66362,0.014308,11.611
0.072,-0.67228,0.058623,11.126
0.0721,-0.68181,0.1037,10.628
0.0722,-0.68916,0.14703,10.129
0.0723,-0.69518,0.18942,9.6212
0.0724,-0.70158,0.23221,9.0988
0.0725,-0.70737,0.27452,8.5667
0.0726,-0.71297,0.31673,8.0254
0.0727,-0.72048,0.36044,7.472
0.0728,-0.72946,0.40499,6.9147
0.0729,-0.73837,0.44917,6.3625
0.073,-0.74776,0.4935,5.8136
0.0731,-0.75736,0.53766,5.2693
0.0732,-0.76511,0.57998,4.7373
0.0733,-0.77036,0.62004,4.219
0.0734,-0.77345,0.65807,3.7129
0.0735,-0.77381,0.69349,3.2216
0.0736,-0.77222,0.72702,2.7416
0.0737,-0.77058,0.76019,2.2653
0.0738,-0.76884,0.7927,1.7942
0.0739,-0.76593,0.82357,1.3338
0.074,-0.76194,0.85284,0.88464
0.0741,-0.75609,0.87974,0.44968
0.0742,-0.74715,0.90322,0.03218
0.0743,-0.73637,0.92445,-0.37508
0.0744,-0.7257,0.94504,-0.78059
0.0745,-0.71491,0.9647,-1.183
0.0746,-0.70413,0.98357,-1.5819
0.0747,-0.69471,1.0028,-1.9808
0.0748,-0.68607,1.0217,-2.3745
0.0749,-0.67644,1.039,-2.754
0.075,-0.66594,1.0545,-3.1178
0.0751,-0.65439,1.0683,-3.4617
0.0752,-0.63987,1.0784,-3.7752
0.0753,-0.62211,1.0849,-4.0558
0.0754,-0.60294,1.0893,-4.3109
0.0755,-0.58274,1.0918,-4.5432
0.0756,-0.56136,1.0925,-4.7546
0.0757,-0.53981,1.0922,-4.9517
0.0758,-0.51806,1.0909,-5.1356
0.0759,-0.49434,1.087,-5.3006
0.076,-0.46833,1.0804,-5.4461
0.0761,-0.441,1.0718,-5.5757
0.0762,-0.41252,1.0612,-5.6887
0.0763,-0.38318,1.0488,-5.7845
0.0764,-0.35423,1.0356,-5.8657
0.0765,-0.32592,1.0216,-5.931
0.0766,-0.29771,1.0064,-5.9775
0.0767,-0.26976,0.99028,-6.007
0.0768,-0.24203,0.97313,-6.02
0.0769,-0.21361,0.95425,-6.0134
0.077,-0.18417,0.93342,-5.9861
0.0771,-0.15388,0.91081,-5.9376
0.0772,-0.12243,0.88616,-5.865
0.0773,-0.09014,0.85978,-5.7683
0.0774,-0.058124,0.83264,-5.6511
0.0775,-0.026283,0.80463,-5.5126
0.0776,0.0062323,0.77503,-5.3494
0.0777,0.039449,0.74384,-5.1623
0.0778,0.073535,0.71095,-4.9527
0.0779,0.10929,0.67571,-4.7201
0.078,0.1461,0.63867,-4.4695
0.0781,0.1824,0.60114,-4.2088
0.0782,0.21786,0.56328,-3.9396
0.0783,0.25264,0.52491,-3.6605
0.0784,0.28593,0.48664,-3.3733
0.0785,0.31762,0.44847,-3.0768
0.0786,0.34877,0.40943,-2.7655
0.0787,0.37963,0.3693,-2.4378
0.0788,0.40987,0.32834,-2.0937
0.0789,0.44011,0.28603,-1.73
0.079,0.4707,0.24216,-1.3455
0.0791,0.50069,0.19762,-0.94471
0.0792,0.52943,0.15305,-0.53131
0.0793,0.55703,0.10845,-0.10644
0.0794,0.58333,0.064058,0.3277
0.0795,0.6084,0.019839,0.77056
0.0796,0.63311,-0.024897,1.2251
0.0797,0.65795,-0.070536,1.6927
0.0798,0.6826,-0.11679,2.1714
0.0799,0.70678,-0.16348,2.6597
0.08,0.73014,-0.21033,3.156
0.0801,0.75199,-0.2568,3.657
0.0802,0.77208,-0.30274,4.1614
0.0803,0.79067,-0.34832,4.6689
0.0804,0.8076,-0.39341,5.1773
0.0805,0.82294,-0.438,5.6855
0.0806,0.83726,-0.48253,6.1947
0.0807,0.85075,-0.52712,6.7054
0.0808,0.86319,-0.57154,7.2175
0.0809,0.87456,-0.61583,7.7334
0.081,0.88535,-0.66012,8.2519
0.0811,0.89459,-0.70371,8.7716
0.0812,0.90225,-0.74648,9.292
0.0813,0.90897,-0.78887,9.8145
0.0814,0.91492,-0.83095,10.338
0.0815,0.92019,-0.87273,10.86
0.0816,0.92522,-0.91448,11.382
0.0817,0.92991,-0.95604,11.9
0.0818,0.93349,-0.99674,12.409
0.0819,0.93563,-1.0363,12.907
0.082,0.93637,-1.0746,13.395
0.0821,0.93545,-1.1115,13.872
0.0822,0.93283,-1.147,14.337
0.0823,0.92895,-1.1811,14.793
0.0824,0.92409,-1.2139,15.241
0.0825,0.9182,-1.2451,15.68
0.0826,0.91139,-1.2744,16.109
0.0827,0.90364,-1.3016,16.528
0.0828,0.89462,-1.3258,16.935
0.0829,0.88411,-1.3466,17.327
0.083,0.87201,-1.3638,17.704
0.0831,0.85824,-1.3772,18.063
0.0832,0.84314,-1.3873,18.406
0.0833,0.8273,-1.3946,18.736
0.0834,0.81097,-1.3999,19.052
0.0835,0.79418,-1.4033,19.354
0.0836,0.77687,-1.4051,19.641
0.0837,0.75871,-1.4051,19.913
0.0838,0.73918,-1.4031,20.165
0.0839,0.71824,-1.3991,20.397
0.084,0.69605,-1.3934,20.609
0.0841,0.67249,-1.3857,20.799
0.0842,0.64759,-1.3764,20.967
0.0843,0.62181,-1.3657,21.114
0.0844,0.59523,-1.3539,21.241
0.0845,0.56761,-1.3408,21.349
0.0846,0.53902,-1.3266,21.438
0.0847,0.50955,-1.3112,21.509
0.0848,0.47888,-1.2944,21.562
0.0849,0.44688,-1.276,21.596
0.085,0.41395,-1.2562,21.611
0.0851,0.38041,-1.2352,21.608
0.0852,0.34634,-1.2129,21.586
0.0853,0.312,-1.1894,21.545
0.0854,0.27754,-1.1646,21.485
0.0855,0.24265,-1.1383,21.402
0.0856,0.20709,-1.1102,21.298
0.0857,0.1709,-1.0803,21.173
0.0858,0.13414,-1.0486,21.027
0.0859,0.096896,-1.0154,20.863
0.086,0.059346,-0.98091,20.68
0.0861,0.021617,-0.94523,20.479
0.0862,-0.016312,-0.90854,20.262
0.0863,-0.054469,-0.87096,20.027
0.0864,-0.09302,-0.83247,19.776
0.0865,-0.13226,-0.79296,19.506
0.0866,-0.17234,-0.75243,19.218
0.0867,-0.21331,-0.7109,18.913
0.0868,-0.25519,-0.66837,18.591
0.0869,-0.29773,-0.62509,18.253
0.087,-0.34039,-0.58143,17.903
0.0871,-0.38283,-0.53753,17.541
0.0872,-0.42487,-0.49335,17.169
0.0873,-0.46619,-0.44889,16.785
0.0874,-0.50644,-0.40401,16.389
0.0875,-0.54538,-0.35841,15.981
0.0876,-0.58248,-0.31203,15.559
0.0877,-0.6169,-0.26507,15.124
0.0878,-0.64801,-0.21764,14.676
0.0879,-0.67552,-0.16985,14.217
0.088,-0.6992,-0.12198,13.746
0.0881,-0.71914,-0.074271,13.268
0.0882,-0.73595,-0.026758,12.781
0.0883,-0.75031,0.020504,12.287
0.0884,-0.76279,0.06742,11.788
0.0885,-0.77402,0.11403,11.283
0.0886,-0.78453,0.16038,10.773
0.0887,-0.7945,0.20635,10.258
0.0888,-0.80392,0.25177,9.7392
0.0889,-0.81282,0.29655,9.2172
0.089,-0.82122,0.34065,8.6928
0.0891,-0.82911,0.38406,8.1666
0.0892,-0.8366,0.42691,7.6392
0.0893,-0.84381,0.46932,7.111
0.0894,-0.85071,0.51134,6.5831
0.0895,-0.85723,0.55296,6.0566
0.0896,-0.8632,0.59408,5.5326
0.0897,-0.86841,0.63457,5.012
0.0898,-0.87272,0.67433,4.4952
0.0899,-0.87607,0.71329,3.9824
0.09,-0.87839,0.75135,3.4737
0.0901,-0.8797,0.78841,2.9696
0.0902,-0.88013,0.82454,2.47
0.0903,-0.87975,0.85962,1.9756
0.0904,-0.87852,0.89349,1.4878
0.0905,-0.87642,0.92603,1.0078
0.0906,-0.87339,0.95703,0.53716
0.0907,-0.8692,0.98618,0.07786
0.0908,-0.86371,1.0133,-0.36864
0.0909,-0.85699,1.0384,-0.80214
0.091,-0.84916,1.0615,-1.2227
0.0911,-0.84028,1.0827,-1.6306
0.0912,-0.83052,1.1023,-2.0264
0.0913,-0.82002,1.1203,-2.4105
0.0914,-0.80867,1.1368,-2.7821
0.0915,-0.79631,1.1516,-3.1403
0.0916,-0.78288,1.1648,-3.4843
0.0917,-0.76828,1.1763,-3.813
0.0918,-0.7524,1.1861,-4.1252
0.0919,-0.73525,1.1941,-4.4202
0.092,-0.71696,1.2003,-4.6976
0.0921,-0.69759,1.2049,-4.9573
0.0922,-0.67725,1.2079,-5.1994
0.0923,-0.65602,1.2092,-5.424
0.0924,-0.63391,1.2088,-5.631
0.0925,-0.61082,1.2067,-5.8198
0.0926,-0.58671,1.2026,-5.9899
0.0927,-0.56158,1.1965,-6.1406
0.0928,-0.53549,1.1883,-6.2713
0.0929,-0.50858,1.1781,-6.3819
0.093,-0.48099,1.1661,-6.4721
0.0931,-0.45281,1.1523,-6.5419
0.0932,-0.4241,1.1368,-6.5912
0.0933,-0.39487,1.1196,-6.6202
0.0934,-0.36506,1.1008,-6.629
0.0935,-0.33465,1.0804,-6.6181
0.0936,-0.3037,1.0587,-6.5882
0.0937,-0.27224,1.0356,-6.5396
0.0938,-0.2403,1.0113,-6.4723
0.0939,-0.20798,0.98578,-6.3868
0.094,-0.17538,0.95924,-6.2829
0.0941,-0.14249,0.93159,-6.1601
0.0942,-0.10928,0.90279,-6.0181
0.0943,-0.075763,0.87279,-5.8565
0.0944,-0.041896,0.84148,-5.6751
0.0945,-0.0076335,0.80874,-5.4737
0.0946,0.026908,0.7746,-5.2531
0.0947,0.061534,0.73916,-5.0142
0.0948,0.096082,0.70249,-4.7579
0.0949,0.13039,0.6647,-4.4853
0.095,0.1643,0.62592,-4.197
0.0951,0.19776,0.58619,-3.8934
0.0952,0.23079,0.54553,-3.5746
0.0953,0.2634,0.50395,-3.2405
0.0954,0.29556,0.46153,-2.8915
0.0955,0.32724,0.41837,-2.5279
0.0956,0.35837,0.37459,-2.1502
0.0957,0.38884,0.33036,-1.7593
0.0958,0.41854,0.28584,-1.3561
0.0959,0.44737,0.24115,-0.94156
0.096,0.47531,0.1964,-0.51643
0.0961,0.50236,0.15159,-0.081207
0.0962,0.52854,0.10669,0.36385
0.0963,0.55389,0.061656,0.81863
0.0964,0.57842,0.016427,1.2831
0.0965,0.60212,-0.029029,1.757
0.0966,0.62485,-0.074676,2.2397
0.0967,0.64653,-0.12047,2.7306
0.0968,0.66708,-0.16639,3.2289
0.0969,0.68647,-0.21241,3.7337
0.097,0.70466,-0.25846,4.2439
0.0971,0.72171,-0.30453,4.7586
0.0972,0.73765,-0.35058,5.277
0.0973,0.75247,-0.39651,5.7977
0.0974,0.76618,-0.4422,6.32
0.0975,0.77878,-0.48758,6.8432
0.0976,0.79029,-0.53254,7.3666
0.0977,0.80066,-0.57695,7.8897
0.0978,0.80995,-0.62078,8.4119
0.0979,0.81822,-0.66401,8.933
0.098,0.82551,-0.70663,9.4525
0.0981,0.83186,-0.74863,9.9696
0.0982,0.83733,-0.79006,10.484
0.0983,0.84188,-0.83092,10.994
0.0984,0.84543,-0.87114,11.5
0.0985,0.84788,-0.91066,11.999
0.0986,0.84915,-0.9494,12.492
0.0987,0.84919,-0.98726,12.977
0.0988,0.84797,-1.0242,13.454
0.0989,0.84553,-1.0599,13.922
0.099,0.84189,-1.0944,14.382
0.0991,0.83707,-1.1272,14.832
0.0992,0.83106,-1.1581,15.271
0.0993,0.82385,-1.1867,15.7
0.0994,0.8154,-1.2126,16.116
0.0995,0.8057,-1.2355,16.519
0.0996,0.79474,-1.2552,16.908
0.0997,0.78256,-1.2716,17.281
0.0998,0.76923,-1.2848,17.638
0.0999,0.75484,-1.295,17.98
0.1,0.73948,-1.3025,18.305
0.1001,0.72319,-1.3075,18.614
0.1002,0.70599,-1.3103,18.906
0.1003,0.68783,-1.3109,19.181
0.1004,0.66862,-1.3097,19.439
0.1005,0.64833,-1.3067,19.679
0.1006,0.62696,-1.3019,19.901
0.1007,0.60447,-1.2957,20.105
0.1008,0.58087,-1.2879,20.289
0.1009,0.55619,-1.2788,20.454
0.101,0.53044,-1.2683,20.6
0.1011,0.50358,-1.2566,20.726
0.1012,0.47563,-1.2436,20.832
0.1013,0.44662,-1.2294,20.92
0.1014,0.41657,-1.2138,20.987
0.1015,0.38554,-1.1969,21.035
0.1016,0.35362,-1.1787,21.063
0.1017,0.32092,-1.159,21.072
0.1018,0.28755,-1.1379,21.061
0.1019,0.2536,-1.1152,21.029
0.102,0.21915,-1.0911,20.977
0.1021,0.18424,-1.0653,20.905
0.1022,0.14889,-1.038,20.813
0.1023,0.11313,-1.009,20.701
0.1024,0.076977,-0.97847,20.569
0.1025,0.040473,-0.94643,20.418
0.1026,0.0036467,-0.913,20.248
0.1027,-0.033493,-0.87829,20.06
0.1028,-0.070964,-0.84241,19.854
0.1029,-0.10881,-0.80547,19.631
0.103,-0.14713,-0.76754,19.39
0.1031,-0.186,-0.72866,19.132
0.1032,-0.22549,-0.68891,18.858
0.1033,-0.26564,-0.64834,18.566
0.1034,-0.30647,-0.607,18.258
0.1035,-0.34791,-0.56493,17.935
0.1036,-0.38982,-0.52222,17.596
0.1037,-0.43204,-0.4789,17.243
0.1038,-0.47432,-0.435,16.877
0.1039,-0.51631,-0.39054,16.497
0.104,-0.55759,-0.34553,16.105
0.1041,-0.59761,-0.29994,15.7
0.1042,-0.63578,-0.25378,15.283
0.1043,-0.67143,-0.20712,14.855
0.1044,-0.70399,-0.16005,14.415
0.1045,-0.73307,-0.11267,13.964
0.1046,-0.7585,-0.065115,13.504
0.1047,-0.78039,-0.017505,13.034
0.1048,-0.79909,0.030053,12.555
0.1049,-0.81511,0.077458,12.068
0.105,-0.82899,0.12462,11.573
0.1051,-0.84126,0.17144,11.073
0.1052,-0.85236,0.21787,10.566
0.1053,-0.86265,0.26385,10.054
0.1054,-0.87233,0.30932,9.5376
0.1055,-0.88156,0.35424,9.0174
0.1056,-0.89041,0.39859,8.4941
0.1057,-0.89889,0.4424,7.9685
0.1058,-0.907,0.48566,7.4414
0.1059,-0.9147,0.52842,6.9135
0.106,-0.92193,0.5707,6.3856
0.1061,-0.92862,0.6125,5.8587
0.1062,-0.93468,0.65381,5.3335
0.1063,-0.94,0.69458,4.8108
0.1064,-0.9445,0.73475,4.2912
0.1065,-0.94812,0.77425,3.7751
0.1066,-0.95083,0.81299,3.2632
0.1067,-0.95262,0.85085,2.7558
0.1068,-0.95349,0.88776,2.2534
0.1069,-0.95345,0.92357,1.7568
0.107,-0.95248,0.95813,1.2666
0.1071,-0.95058,0.99131,0.78396
0.1072,-0.94773,1.0229,0.30973
0.1073,-0.94389,1.0529,-0.15498
0.1074,-0.93903,1.0811,-0.60924
0.1075,-0.93314,1.1074,-1.0522
0.1076,-0.92621,1.1319,-1.4834
0.1077,-0.91824,1.1545,-1.9021
0.1078,-0.90924,1.1753,-2.3082
0.1079,-0.89921,1.1942,-2.7011
0.108,-0.88813,1.2115,-3.0806
0.1081,-0.87596,1.227,-3.4461
0.1082,-0.86267,1.2409,-3.7971
0.1083,-0.84823,1.2531,-4.133
0.1084,-0.83264,1.2637,-4.4534
0.1085,-0.81589,1.2727,-4.7576
0.1086,-0.79801,1.28,-5.0455
0.1087,-0.77905,1.2857,-5.3165
0.1088,-0.75905,1.2898,-5.5704
0.1089,-0.73805,1.2922,-5.8068
0.109,-0.71609,1.2928,-6.0255
0.1091,-0.69318,1.2916,-6.2259
0.1092,-0.66933,1.2886,-6.4077
0.1093,-0.64457,1.2835,-6.5704
0.1094,-0.61896,1.2765,-6.7135
0.1095,-0.59255,1.2675,-6.8366
0.1096,-0.56537,1.2566,-6.9394
0.1097,-0.53749,1.2437,-7.0219
0.1098,-0.50894,1.2289,-7.0839
0.1099,-0.47975,1.2124,-7.1255
0.11,-0.44993,1.1943,-7.147
0.1101,-0.41952,1.1745,-7.1485
0.1102,-0.38854,1.1534,-7.1303
0.1103,-0.35702,1.1309,-7.0929
0.1104,-0.325,1.1071,-7.0365
0.1105,-0.29253,1.0822,-6.9611
0.1106,-0.25964,1.0561,-6.867
0.1107,-0.22637,1.0289,-6.754
0.1108,-0.19275,1.0006,-6.6222
0.1109,-0.15882,0.97113,-6.4714
0.111,-0.12461,0.94042,-6.3017
0.1111,-0.090176,0.90845,-6.1131
0.1112,-0.055582,0.87517,-5.9057
0.1113,-0.020916,0.84057,-5.68
0.1114,0.013731,0.80467,-5.4362
0.1115,0.048266,0.76749,-5.1749
0.1116,0.082597,0.72909,-4.8964
0.1117,0.11665,0.68955,-4.6014
0.1118,0.15036,0.64895,-4.2902
0.1119,0.18367,0.60736,-3.9634
0.112,0.21653,0.5649,-3.6214
0.1121,0.24888,0.5217,-3.265
0.1122,0.28067,0.47789,-2.8947
0.1123,0.31184,0.43362,-2.5112
0.1124,0.34232,0.38902,-2.1152
0.1125,0.37206,0.3442,-1.7075
0.1126,0.40103,0.29924,-1.2885
0.1127,0.42919,0.25419,-0.85875
0.1128,0.45019,0.21613,-0.52101
0.1129,0.45424,0.19638,-0.5012
0.113,0.46111,0.17299,-0.48245
0.1131,0.46926,0.14738,-0.46389
0.1132,0.47779,0.12021,-0.44523
0.1133,0.48886,0.089681,-0.42704
0.1134,0.4996,0.058654,-0.40812
0.1135,0.50668,0.029542,-0.38757
0.1136,0.51263,-9.6999e-05,-0.36641
0.1137,0.51844,-0.030864,-0.34481
0.1138,0.52116,-0.060357,-0.32208
0.1139,0.522,-0.089516,-0.29861
0.114,0.52461,-0.12081,-0.2753
0.1141,0.52757,-0.15273,-0.25155
0.1142,0.52877,-0.1835,-0.22689
0.1143,0.52932,-0.21371,-0.20164
0.1144,0.52791,-0.24194,-0.1755
0.1145,0.52106,-0.26549,-0.14768
0.1146,0.50947,-0.28507,-0.11869
0.1147,0.49555,-0.30249,-0.089298
0.1148,0.47942,-0.31786,-0.059716
0.1149,0.46292,-0.33269,-0.030457
0.115,0.44914,-0.34929,-0.0023039
0.1151,0.43642,-0.36636,0.025284
0.1152,0.42211,-0.38187,0.053045
0.1153,0.40766,-0.39701,0.080678
0.1154,0.39337,-0.41216,0.10807
0.1155,0.37695,-0.42572,0.13584
0.1156,0.35988,-0.43875,0.16365
0.1157,0.34487,-0.45323,0.19087
0.1158,0.33025,-0.46781,0.21792
0.1159,0.31489,-0.48149,0.24516
0.116,0.30162,-0.49618,0.27185
0.1161,0.28993,-0.51143,0.2981
0.1162,0.27532,-0.52373,0.32495
0.1163,0.25708,-0.53229,0.35247
0.1164,0.23668,-0.53809,0.3801
0.1165,0.21221,-0.53967,0.40823
0.1166,0.18337,-0.53672,0.43681
0.1167,0.15442,-0.53242,0.46461
0.1168,0.12717,-0.52816,0.49112
0.1169,0.099666,-0.5226,0.51682
0.117,0.072231,-0.51599,0.54157
0.1171,0.045805,-0.50916,0.56506
0.1172,0.018212,-0.5006,0.58782
0.1173,-0.011472,-0.48975,0.61009
0.1174,-0.040898,-0.47846,0.6313
0.1175,-0.069511,-0.46726,0.65142
0.1176,-0.098206,-0.45556,0.6708
0.1177,-0.12539,-0.44461,0.68916
0.1178,-0.14964,-0.43554,0.70622
0.1179,-0.17228,-0.42741,0.72242
0.118,-0.19401,-0.41965,0.73791
0.1181,-0.21487,-0.41215,0.75266
0.1182,-0.23717,-0.403,0.7671
0.1183,-0.26287,-0.39062,0.78155
0.1184,-0.29068,-0.37577,0.79544
0.1185,-0.31968,-0.35902,0.80839
0.1186,-0.35019,-0.34002,0.82032
0.1187,-0.38074,-0.31979,0.83075
0.1188,-0.41001,-0.29929,0.83933
0.1189,-0.43973,-0.27726,0.8465
0.119,-0.47081,-0.25302,0.8525
0.1191,-0.50182,-0.22773,0.85706
0.1192,-0.53273,-0.20146,0.86026
0.1193,-0.56438,-0.17369,0.86245
0.1194,-0.59493,-0.1459,0.86325
0.1195,-0.62266,-0.11948,0.86234
0.1196,-0.64859,-0.093786,0.86008
0.1197,-0.67261,-0.068999,0.85652
0.1198,-0.69301,-0.04645,0.85129
0.1199,-0.71094,-0.025288,0.84475
0.12,-0.72898,-0.003555,0.83757
0.1201,-0.74713,0.018784,0.82974
0.1202,-0.76512,0.041634,0.8212
0.1203,-0.78443,0.066179,0.81229
0.1204,-0.80457,0.09214,0.80288
0.1205,-0.82327,0.11789,0.79237
0.1206,-0.84073,0.14366,0.78073
0.1207,-0.8584,0.17064,0.76829
0.1208,-0.87587,0.1986,0.75492
0.1209,-0.89303,0.22754,0.7406
0.121,-0.91124,0.25852,0.7257
0.1211,-0.93021,0.29134,0.71023
0.1212,-0.94822,0.32464,0.69384
0.1213,-0.96495,0.35809,0.67654
0.1214,-0.98017,0.39138,0.65837
0.1215,-0.99224,0.42313,0.63905
0.1216,-1.0004,0.45261,0.61845
0.1217,-1.0054,0.48018,0.59681
0.1218,-1.0073,0.5058,0.57422
0.1219,-1.0064,0.52964,0.5508
0.122,-1.0044,0.55291,0.52696
0.1221,-1.0019,0.57618,0.50295
0.1222,-0.99826,0.59886,0.47857
0.1223,-0.99343,0.62102,0.45382
0.1224,-0.98781,0.64294,0.42876
0.1225,-0.98068,0.66413,0.40319
