0.05,1.0328,-0.16105,-0.84662
0.0501,1.0162,-0.11966,-0.87247
0.0502,0.99811,-0.078032,-0.89732
0.0503,0.9784,-0.03627,-0.92109
0.0504,0.9572,0.0055084,-0.94369
0.0505,0.93456,0.047197,-0.96507
0.0506,0.91056,0.088688,-0.98514
0.0507,0.88527,0.12988,-1.0038
0.0508,0.85876,0.17069,-1.0211
0.0509,0.83109,0.21104,-1.0369
0.051,0.80232,0.25087,-1.0512
0.0511,0.77247,0.29014,-1.064
0.0512,0.74158,0.32884,-1.0752
0.0513,0.70967,0.36696,-1.0848
0.0514,0.67677,0.40454,-1.0928
0.0515,0.6429,0.44159,-1.0992
0.0516,0.60811,0.47814,-1.1041
0.0517,0.57246,0.51417,-1.1074
0.0518,0.53601,0.54967,-1.1093
0.0519,0.49883,0.58462,-1.1096
0.052,0.46099,0.61896,-1.1085
0.0521,0.42257,0.65263,-1.1059
0.0522,0.38362,0.68557,-1.1016
0.0523,0.34421,0.7177,-1.0958
0.0524,0.30442,0.74894,-1.0884
0.0525,0.26431,0.77919,-1.0792
0.0526,0.22395,0.80836,-1.0683
0.0527,0.18341,0.83638,-1.0557
0.0528,0.14274,0.86317,-1.0413
0.0529,0.10198,0.88866,-1.0251
0.053,0.061167,0.9128,-1.0072
0.0531,0.020329,0.93557,-0.9875
0.0532,-0.020513,0.95695,-0.96611
0.0533,-0.061336,0.97696,-0.94309
0.0534,-0.1021,0.99561,-0.91854
0.0535,-0.14278,1.0129,-0.89254
0.0536,-0.18331,1.029,-0.86522
0.0537,-0.22364,1.0437,-0.83668
0.0538,-0.2637,1.0571,-0.80704
0.0539,-0.30343,1.0693,-0.77639
0.054,-0.34277,1.0802,-0.74482
0.0541,-0.38164,1.0899,-0.71241
0.0542,-0.42001,1.0981,-0.67922
0.0543,-0.45781,1.105,-0.64529
0.0544,-0.49496,1.1104,-0.61069
0.0545,-0.53138,1.1144,-0.57543
0.0546,-0.56701,1.1167,-0.53955
0.0547,-0.60178,1.1173,-0.50304
0.0548,-0.63565,1.1162,-0.46592
0.0549,-0.66859,1.1133,-0.42816
0.055,-0.70059,1.1085,-0.38979
0.0551,-0.73162,1.1018,-0.35081
0.0552,-0.76169,1.0932,-0.31124
0.0553,-0.79077,1.0828,-0.27113
0.0554,-0.81887,1.0705,-0.23055
0.0555,-0.84595,1.0565,-0.18957
0.0556,-0.87199,1.0407,-0.14828
0.0557,-0.89696,1.0234,-0.10679
0.0558,-0.92084,1.0044,-0.065181
0.0559,-0.94358,0.98409,-0.02356
0.056,-0.96515,0.96236,0.01798
0.0561,-0.98551,0.93933,0.059347
0.0562,-1.0046,0.91509,0.10046
0.0563,-1.0224,0.88967,0.14124
0.0564,-1.0388,0.86313,0.18163
0.0565,-1.0538,0.83548,0.22158
0.0566,-1.0673,0.80673,0.26105
0.0567,-1.0794,0.7769,0.30005
0.0568,-1.0898,0.74599,0.33855
0.0569,-1.0987,0.714,0.37658
0.057,-1.1061,0.68096,0.41415
0.0571,-1.1118,0.6469,0.45125
0.0572,-1.116,0.61186,0.48785
0.0573,-1.1186,0.5759,0.52393
0.0574,-1.1196,0.53908,0.55943
0.0575,-1.119,0.50149,0.5943
0.0576,-1.1168,0.46322,0.62848
0.0577,-1.1129,0.42436,0.66189
0.0578,-1.1075,0.38502,0.69446
0.0579,-1.1005,0.34528,0.72611
0.058,-1.0918,0.30524,0.75675
0.0581,-1.0815,0.265,0.78632
0.0582,-1.0695,0.2246,0.81473
0.0583,-1.0559,0.18412,0.84193
0.0584,-1.0406,0.14359,0.86786
0.0585,-1.0237,0.10303,0.8925
0.0586,-1.005,0.062455,0.91583
0.0587,-0.98483,0.021869,0.93786
0.0588,-0.96305,-0.01872,0.9586
0.0589,-0.93976,-0.059302,0.97805
0.059,-0.91503,-0.099859,0.99623
0.0591,-0.88892,-0.14036,1.0132
0.0592,-0.86151,-0.18078,1.0288
0.0593,-0.83286,-0.22104,1.0433
0.0594,-0.80307,-0.2611,1.0564
0.0595,-0.7722,-0.30088,1.0683
0.0596,-0.74034,-0.34029,1.0788
0.0597,-0.70758,-0.37926,1.0879
0.0598,-0.67398,-0.4177,1.0957
0.0599,-0.63961,-0.45551,1.1019
0.06,-0.60454,-0.49258,1.1066
0.0601,-0.5688,-0.52884,1.1097
0.0602,-0.53244,-0.56422,1.1111
0.0603,-0.49547,-0.59866,1.1107
0.0604,-0.45792,-0.63212,1.1086
0.0605,-0.41981,-0.6646,1.1046
0.0606,-0.38115,-0.69608,1.0987
0.0607,-0.34198,-0.72656,1.0911
0.0608,-0.30233,-0.75606,1.0816
0.0609,-0.26224,-0.78458,1.0703
0.061,-0.22174,-0.81213,1.0573
0.0611,-0.18091,-0.83872,1.0427
0.0612,-0.13979,-0.86433,1.0264
0.0613,-0.098464,-0.88895,1.0086
0.0614,-0.057004,-0.91256,0.9893
0.0615,-0.015499,-0.9351,0.96861
0.0616,0.025962,-0.95653,0.94658
0.0617,0.067288,-0.97677,0.92326
0.0618,0.10839,-0.99576,0.89869
0.0619,0.14921,-1.0134,0.8729
0.062,0.18965,-1.0297,0.84591
0.0621,0.22968,-1.0444,0.81775
0.0622,0.26925,-1.0577,0.78842
0.0623,0.30832,-1.0694,0.75795
0.0624,0.34688,-1.0794,0.72637
0.0625,0.38491,-1.0879,0.69372
0.0626,0.42239,-1.0947,0.66004
0.0627,0.4593,-1.0998,0.62539
0.0628,0.49562,-1.1034,0.58983
0.0629,0.53131,-1.1053,0.55344
0.063,0.56635,-1.1057,0.51629
0.0631,0.60071,-1.1045,0.47847
0.0632,0.63434,-1.1017,0.44006
0.0633,0.66718,-1.0973,0.40116
0.0634,0.69919,-1.0914,0.36185
0.0635,0.7303,-1.0839,0.32221
0.0636,0.76044,-1.0748,0.2823
0.0637,0.78954,-1.0641,0.24219
0.0638,2.8336,-1.4713,-1.6962
0.0639,3.9744,-1.6916,-2.8257
0.064,4.9299,-1.874,-3.8184
0.0641,5.8213,-2.059,-4.7666
0.0642,6.6107,-2.2476,-5.6157
0.0643,7.2651,-2.4011,-6.372
0.0644,7.8658,-2.5232,-7.1336
0.0645,8.5234,-2.6728,-7.9563
0.0646,9.3046,-2.8737,-8.885
0.0647,10.165,-3.0768,-9.9145
0.0648,11.041,-3.2649,-11.003
0.0649,11.873,-3.4437,-12.078
0.065,12.674,-3.6178,-13.142
0.0651,13.4,-3.7777,-14.16
0.0652,13.976,-3.9184,-15.061
0.0653,14.415,-4.0308,-15.874
0.0654,14.828,-4.1241,-16.716
0.0655,15.283,-4.2249,-17.637
0.0656,15.809,-4.3489,-18.646
0.0657,16.412,-4.484,-19.755
0.0658,17.021,-4.6129,-20.899
0.0659,17.575,-4.7367,-22.005
0.066,18.102,-4.8616,-23.09
0.0661,18.579,-4.9796,-24.137
0.0662,18.871,-5.0708,-25.022
0.0663,18.906,-5.1194,-25.688
0.0664,18.767,-5.1328,-26.214
0.0665,18.543,-5.1375,-26.667
0.0666,18.282,-5.1447,-27.089
0.0667,18.054,-5.1448,-27.561
0.0668,17.914,-5.1437,-28.134
0.0669,17.856,-5.1629,-28.775
0.067,17.861,-5.2008,-29.464
0.0671,17.894,-5.2349,-30.19
0.0672,17.872,-5.2538,-30.881
0.0673,17.744,-5.2563,-31.488
0.0674,17.524,-5.2361,-32.036
0.0675,17.202,-5.1912,-32.513
0.0676,16.749,-5.1293,-32.879
0.0677,16.213,-5.0548,-33.176
0.0678,15.687,-4.9726,-33.486
0.0679,15.2,-4.8977,-33.82
0.068,14.752,-4.8393,-34.162
0.0681,14.332,-4.7859,-34.51
0.0682,13.865,-4.7219,-34.799
0.0683,13.23,-4.636,-34.917
0.0684,12.498,-4.5342,-34.941
0.0685,11.66,-4.4091,-34.87
0.0686,10.701,-4.2601,-34.689
0.0687,9.6345,-4.0889,-34.41
0.0688,8.5425,-3.9066,-34.107
0.0689,7.4957,-3.732,-33.829
0.069,6.5308,-3.574,-33.602
0.0691,5.6794,-3.4274,-33.462
0.0692,4.9382,-3.289,-33.408
0.0693,4.251,-3.1587,-33.38
0.0694,3.5542,-3.0256,-33.324
0.0695,2.786,-2.8736,-33.196
0.0696,1.8894,-2.6976,-32.941
0.0697,0.86184,-2.5005,-32.554
0.0698,-0.24765,-2.2854,-32.079
0.0699,-1.4119,-2.0596,-31.535
0.07,-2.6178,-1.8327,-30.92
0.0701,-3.8183,-1.6081,-30.278
0.0702,-4.9729,-1.3866,-29.649
0.0703,-6.09,-1.1704,-29.02
0.0704,-7.1819,-0.95595,-28.386
0.0705,-8.261,-0.73166,-27.747
0.0706,-9.3821,-0.48832,-27.06
0.0707,-10.6,-0.21844,-26.274
0.0708,-11.895,0.084482,-25.418
0.0709,-13.215,0.41927,-24.545
0.071,-14.531,0.77394,-23.675
0.0711,-15.805,1.1294,-22.837
0.0712,-16.982,1.463,-22.071
0.0713,-18.044,1.7556,-21.371
0.0714,-19.009,2.0039,-20.702
0.0715,-19.895,2.2228,-20.051
0.0716,-20.739,2.4298,-19.386
0.0717,-21.604,2.635,-18.656
0.0718,-22.539,2.8477,-17.828
0.0719,-23.573,3.0764,-16.89
0.072,-24.717,3.3185,-15.831
0.0721,-25.934,3.5607,-14.675
0.0722,-27.147,3.7892,-13.483
0.0723,-28.303,3.9935,-12.289
0.0724,-29.375,4.167,-11.104
0.0725,-30.341,4.3098,-9.9465
0.0726,-31.204,4.43,-8.8271
0.0727,-32.004,4.5378,-7.7269
0.0728,-32.77,4.6407,-6.6418
0.0729,-33.518,4.7433,-5.5817
0.073,-34.273,4.8474,-4.5271
0.0731,-35.051,4.9543,-3.4537
0.0732,-35.822,5.0647,-2.3773
0.0733,-36.535,5.1754,-1.3213
0.0734,-37.159,5.2816,-0.2937
0.0735,-37.666,5.382,0.68808
0.0736,-38.05,5.4761,1.6089
0.0737,-38.349,5.561,2.492
0.0738,-38.619,5.6392,3.3707
0.0739,-38.907,5.7203,4.2594
0.074,-39.252,5.8097,5.1774
0.0741,-39.676,5.9067,6.1478
0.0742,-40.164,6.0116,7.164
0.0743,-40.684,6.1234,8.208
0.0744,-41.201,6.234,9.2698
0.0745,-41.659,6.3329,10.316
0.0746,-41.992,6.4141,11.289
0.0747,-42.172,6.4737,12.16
0.0748,-42.208,6.5099,12.931
0.0749,-42.119,6.5268,13.605
0.075,-41.944,6.5321,14.199
0.0751,-41.74,6.5323,14.759
0.0752,-41.536,6.532,15.311
0.0753,-41.33,6.5338,15.855
0.0754,-41.115,6.5357,16.396
0.0755,-40.884,6.5335,16.94
0.0756,-40.61,6.5232,17.467
0.0757,-40.271,6.4999,17.956
0.0758,-39.862,6.4597,18.399
0.0759,-39.388,6.4044,18.793
0.076,-38.861,6.3379,19.135
0.0761,-38.32,6.2639,19.452
0.0762,-37.8,6.1875,19.772
0.0763,-37.32,6.114,20.103
0.0764,-36.876,6.0437,20.442
0.0765,-36.442,5.9722,20.776
0.0766,-35.976,5.895,21.071
0.0767,-35.436,5.8073,21.293
0.0768,-34.795,5.7033,21.424
0.0769,-34.032,5.5793,21.449
0.077,-33.139,5.4361,21.357
0.0771,-32.137,5.2768,21.165
0.0772,-31.062,5.1058,20.906
0.0773,-29.949,4.9295,20.608
0.0774,-28.843,4.7538,20.304
0.0775,-27.784,4.582,20.026
0.0776,-26.781,4.4152,19.776
0.0777,-25.815,4.2513,19.537
0.0778,-24.868,4.0858,19.289
0.0779,-23.917,3.9143,19.013
0.078,-22.939,3.7346,18.689
0.0781,-21.922,3.5444,18.308
0.0782,-20.873,3.3435,17.879
0.0783,-19.802,3.1356,17.409
0.0784,-18.715,2.9248,16.905
0.0785,-17.632,2.7133,16.381
0.0786,-16.564,2.5033,15.846
0.0787,-15.509,2.2965,15.291
0.0788,-14.456,2.0912,14.705
0.0789,-13.382,1.8823,14.068
0.079,-12.256,1.6659,13.357
0.0791,-11.058,1.4401,12.557
0.0792,-9.7913,1.2033,11.678
0.0793,-8.4709,0.95679,10.739
0.0794,-7.1235,0.70535,9.7658
0.0795,-5.7889,0.45481,8.7909
0.0796,-4.5046,0.21031,7.8448
0.0797,-3.2932,-0.02402,6.9407
0.0798,-2.1688,-0.24621,6.0824
0.0799,-1.1367,-0.45721,5.2674
0.08,-0.17903,-0.66018,4.4752
0.0801,0.73869,-0.85994,3.6738
0.0802,1.6484,-1.0617,2.838
0.0803,2.5749,-1.2686,1.9514
0.0804,3.5345,-1.4808,1.0051
0.0805,4.5244,-1.6972,0.007503
0.0806,5.5256,-1.9146,-1.021
0.0807,6.5199,-2.1281,-2.0644
0.0808,7.4937,-2.3339,-3.1122
0.0809,8.4368,-2.5313,-4.1559
0.081,9.3474,-2.7207,-5.1966
0.0811,10.233,-2.9032,-6.2443
0.0812,11.102,-3.0819,-7.3062
0.0813,11.964,-3.2603,-8.3875
0.0814,12.825,-3.4396,-9.4942
0.0815,13.683,-3.6185,-10.62
0.0816,14.517,-3.7953,-11.743
0.0817,15.299,-3.9659,-12.838
0.0818,16.004,-4.1247,-13.884
0.0819,16.61,-4.2687,-14.863
0.082,17.108,-4.3972,-15.769
0.0821,17.509,-4.5109,-16.616
0.0822,17.835,-4.6119,-17.424
0.0823,18.112,-4.7049,-18.213
0.0824,18.368,-4.7949,-19.011
0.0825,18.635,-4.8851,-19.842
0.0826,18.922,-4.9766,-20.713
0.0827,19.228,-5.069,-21.617
0.0828,19.544,-5.1596,-22.546
0.0829,19.852,-5.2449,-23.479
0.083,20.122,-5.3212,-24.385
0.0831,20.331,-5.3849,-25.246
0.0832,20.473,-5.4347,-26.057
0.0833,20.547,-5.4717,-26.814
0.0834,20.556,-5.498,-27.52
0.0835,20.513,-5.5153,-28.189
0.0836,20.426,-5.5256,-28.827
0.0837,20.293,-5.5309,-29.432
0.0838,20.112,-5.5301,-30.002
0.0839,19.877,-5.5211,-30.532
0.084,19.574,-5.502,-31.007
0.0841,19.195,-5.4707,-31.417
0.0842,18.74,-5.4248,-31.76
0.0843,18.215,-5.3647,-32.039
0.0844,17.635,-5.2928,-32.266
0.0845,17.028,-5.2125,-32.466
0.0846,16.42,-5.1272,-32.663
0.0847,15.829,-5.0408,-32.871
0.0848,15.263,-4.9553,-33.098
0.0849,14.72,-4.8705,-33.345
0.085,14.182,-4.7842,-33.592
0.0851,13.624,-4.693,-33.816
0.0852,13.023,-4.5926,-33.993
0.0853,12.359,-4.4798,-34.102
0.0854,11.616,-4.3528,-34.123
0.0855,10.789,-4.211,-34.051
0.0856,9.8906,-4.0561,-33.896
0.0857,8.9343,-3.8918,-33.67
0.0858,7.9385,-3.7216,-33.39
0.0859,6.9213,-3.5475,-33.074
0.086,5.8921,-3.3712,-32.732
0.0861,4.8503,-3.1928,-32.365
0.0862,3.7933,-3.0106,-31.971
0.0863,2.7174,-2.8222,-31.547
0.0864,1.6185,-2.6265,-31.089
0.0865,0.49983,-2.4232,-30.595
0.0866,-0.62816,-2.2125,-30.073
0.0867,-1.7537,-1.9966,-29.532
0.0868,-2.8637,-1.7783,-28.981
0.0869,-3.9439,-1.5598,-28.432
0.087,-4.988,-1.3419,-27.892
0.0871,-6.0024,-1.1241,-27.355
0.0872,-7.0011,-0.90331,-26.809
0.0873,-8.0044,-0.67427,-26.24
0.0874,-9.0384,-0.43026,-25.625
0.0875,-10.126,-0.16384,-24.948
0.0876,-11.276,0.13138,-24.205
0.0877,-12.487,0.45497,-23.4
0.0878,-13.75,0.79379,-22.539
0.0879,-15.04,1.1253,-21.636
0.088,-16.327,1.4305,-20.702
0.0881,-17.584,1.7029,-19.749
0.0882,-18.793,1.9469,-18.786
0.0883,-19.943,2.1729,-17.824
0.0884,-21.04,2.3914,-16.869
0.0885,-22.097,2.6095,-15.92
0.0886,-23.125,2.8303,-14.979
0.0887,-24.135,3.0526,-14.041
0.0888,-25.128,3.2704,-13.097
0.0889,-26.094,3.475,-12.141
0.089,-27.02,3.6583,-11.169
0.0891,-27.895,3.8166,-10.176
0.0892,-28.716,3.9521,-9.1576
0.0893,-29.487,4.0727,-8.1195
0.0894,-30.223,4.1874,-7.067
0.0895,-30.947,4.3021,-6.0042
0.0896,-31.682,4.4187,-4.935
0.0897,-32.44,4.5373,-3.8588
0.0898,-33.227,4.6573,-2.7679
0.0899,-34.031,4.7789,-1.6552
0.09,-34.831,4.9029,-0.52119
0.0901,-35.594,5.0288,0.6281
0.0902,-36.294,5.1546,1.7808
0.0903,-36.908,5.2775,2.9165
0.0904,-37.429,5.3946,4.0116
0.0905,-37.861,5.5036,5.0479
0.0906,-38.22,5.6034,6.0137
0.0907,-38.524,5.6948,6.9063
0.0908,-38.79,5.7789,7.736
0.0909,-39.03,5.8573,8.5232
0.091,-39.25,5.9313,9.2892
0.0911,-39.446,6.0015,10.053
0.0912,-39.612,6.0671,10.827
0.0913,-39.739,6.127,11.614
0.0914,-39.819,6.1796,12.405
0.0915,-39.852,6.2237,13.19
0.0916,-39.843,6.2588,13.959
0.0917,-39.803,6.285,14.704
0.0918,-39.742,6.3035,15.419
0.0919,-39.666,6.3153,16.108
0.092,-39.575,6.3218,16.774
0.0921,-39.457,6.3233,17.416
0.0922,-39.299,6.319,18.036
0.0923,-39.081,6.3074,18.625
0.0924,-38.787,6.2864,19.17
0.0925,-38.404,6.2536,19.653
0.0926,-37.93,6.2071,20.065
0.0927,-37.367,6.1466,20.397
0.0928,-36.73,6.0729,20.65
0.0929,-36.04,5.9878,20.836
0.093,-35.321,5.894,20.971
0.0931,-34.591,5.7943,21.07
0.0932,-33.863,5.6907,21.151
0.0933,-33.141,5.5841,21.227
0.0934,-32.42,5.4746,21.301
0.0935,-31.692,5.3613,21.372
0.0936,-30.948,5.2424,21.433
0.0937,-30.175,5.1164,21.474
0.0938,-29.366,4.9824,21.484
0.0939,-28.517,4.8399,21.456
0.094,-27.626,4.6896,21.387
0.0941,-26.698,4.5324,21.272
0.0942,-25.738,4.3695,21.11
0.0943,-24.749,4.2016,20.898
0.0944,-23.731,4.0288,20.633
0.0945,-22.681,3.8508,20.31
0.0946,-21.594,3.6665,19.926
0.0947,-20.466,3.475,19.481
0.0948,-19.295,3.2757,18.974
0.0949,-18.086,3.0685,18.413
0.095,-16.849,2.8546,17.806
0.0951,-15.596,2.6356,17.169
0.0952,-14.345,2.414,16.514
0.0953,-13.114,2.192,15.856
0.0954,-11.916,1.9716,15.202
0.0955,-10.761,1.7537,14.555
0.0956,-9.6495,1.5383,13.913
0.0957,-8.5722,1.3245,13.267
0.0958,-7.5135,1.1107,12.608
0.0959,-6.4557,0.89536,11.924
0.096,-5.3833,0.67705,11.209
0.0961,-4.285,0.45507,10.455
0.0962,-3.1562,0.22958,9.6579
0.0963,-1.9996,0.0013663,8.8193
0.0964,-0.82327,-0.22831,7.9419
0.0965,0.36155,-0.45795,7.0281
0.0966,1.5422,-0.68636,6.0808
0.0967,2.7074,-0.91283,5.1029
0.0968,3.8507,-1.137,4.0957
0.0969,4.9702,-1.359,3.0615
0.097,6.0661,-1.579,2.006
0.0971,7.1388,-1.7969,0.9372
0.0972,8.187,-2.0124,-0.13545
0.0973,9.2048,-2.2243,-1.2006
0.0974,10.183,-2.4315,-2.2473
0.0975,11.113,-2.6325,-3.2677
0.0976,11.987,-2.8258,-4.2584
0.0977,12.801,-3.0109,-5.2203
0.0978,13.557,-3.1878,-6.1606
0.0979,14.264,-3.3574,-7.091
0.098,14.935,-3.5212,-8.0248
0.0981,15.585,-3.681,-8.9741
0.0982,16.23,-3.8385,-9.9479
0.0983,16.88,-3.9945,-10.95
0.0984,17.54,-4.149,-11.976
0.0985,18.203,-4.3012,-13.021
0.0986,18.858,-4.4494,-14.074
0.0987,19.49,-4.5917,-15.124
0.0988,20.081,-4.7263,-16.161
0.0989,20.618,-4.8519,-17.178
0.099,21.093,-4.9678,-18.17
0.0991,21.5,-5.0742,-19.133
0.0992,21.839,-5.1715,-20.066
0.0993,22.114,-5.2605,-20.968
0.0994,22.328,-5.3417,-21.838
0.0995,22.487,-5.4152,-22.671
0.0996,22.592,-5.4806,-23.464
0.0997,22.645,-5.5372,-24.214
0.0998,22.649,-5.5844,-24.92
0.0999,22.604,-5.6215,-25.585
0.1,22.517,-5.6488,-26.216
0.1001,22.393,-5.667,-26.821
0.1002,22.243,-5.6774,-27.41
0.1003,22.074,-5.6812,-27.993
0.1004,21.893,-5.6799,-28.576
0.1005,21.701,-5.6741,-29.16
0.1006,21.496,-5.6637,-29.742
0.1007,21.271,-5.6478,-30.312
0.1008,21.013,-5.6247,-30.856
0.1009,20.711,-5.5927,-31.358
0.101,20.351,-5.5498,-31.806
0.1011,19.923,-5.495,-32.188
0.1012,19.421,-5.428,-32.5
0.1013,18.847,-5.3492,-32.744
0.1014,18.205,-5.2598,-32.924
0.1015,17.505,-5.1614,-33.05
0.1016,16.756,-5.0555,-33.13
0.1017,15.969,-4.943,-33.173
0.1018,15.153,-4.8247,-33.184
0.1019,14.315,-4.7006,-33.165
0.102,13.46,-4.5703,-33.116
0.1021,12.593,-4.4336,-33.037
0.1022,11.715,-4.2903,-32.926
0.1023,10.83,-4.1404,-32.785
0.1024,9.9393,-3.9847,-32.617
0.1025,9.0437,-3.8239,-32.426
0.1026,8.1437,-3.6588,-32.214
0.1027,7.237,-3.49,-31.984
0.1028,6.3182,-3.3174,-31.73
0.1029,5.3792,-3.1404,-31.447
0.103,4.4109,-2.9581,-31.124
0.1031,3.4044,-2.7691,-30.751
0.1032,2.3529,-2.5723,-30.319
0.1033,1.2539,-2.367,-29.82
0.1034,0.10955,-2.153,-29.254
0.1035,-1.0735,-1.9312,-28.628
0.1036,-2.2846,-1.7026,-27.951
0.1037,-3.5102,-1.4688,-27.237
0.1038,-4.7369,-1.2307,-26.502
0.1039,-5.9533,-0.98894,-25.758
0.104,-7.151,-0.74238,-25.013
0.1041,-8.3263,-0.4885,-24.271
0.1042,-9.4792,-0.22296,-23.535
0.1043,-10.613,0.059526,-22.803
0.1044,-11.732,0.3616,-22.073
0.1045,-12.839,0.67635,-21.34
0.1046,-13.936,0.98538,-20.596
0.1047,-15.019,1.2698,-19.83
0.1048,-16.084,1.5221,-19.031
0.1049,-17.132,1.7468,-18.192
0.105,-18.165,1.9551,-17.31
0.1051,-19.19,2.1586,-16.389
0.1052,-20.217,2.3652,-15.433
0.1053,-21.255,2.5782,-14.447
0.1054,-22.308,2.7962,-13.435
0.1055,-23.372,3.0148,-12.397
0.1056,-24.434,3.2261,-11.33
0.1057,-25.479,3.4222,-10.233
0.1058,-26.486,3.5977,-9.1069
0.1059,-27.439,3.7534,-7.9574
0.106,-28.328,3.8944,-6.7976
0.1061,-29.152,4.0277,-5.6464
0.1062,-29.916,4.1577,-4.5245
0.1063,-30.63,4.2852,-3.4486
0.1064,-31.302,4.4093,-2.4253
0.1065,-31.938,4.5291,-1.4489
0.1066,-32.542,4.6449,-0.50334
0.1067,-33.11,4.7582,0.43264
0.1068,-33.64,4.8708,1.3798
0.1069,-34.129,4.9837,2.3531
0.107,-34.578,5.0971,3.3573
0.1071,-34.993,5.2102,4.3858
0.1072,-35.384,5.3219,5.4234
0.1073,-35.76,5.4306,6.4518
0.1074,-36.13,5.5349,7.4545
0.1075,-36.494,5.6338,8.4217
0.1076,-36.844,5.7265,9.3522
0.1077,-37.168,5.8124,10.251
0.1078,-37.448,5.8908,11.126
0.1079,-37.667,5.9611,11.983
0.108,-37.811,6.0226,12.822
0.1081,-37.869,6.0745,13.637
0.1082,-37.838,6.1163,14.417
0.1083,-37.725,6.1474,15.15
0.1084,-37.538,6.1676,15.826
0.1085,-37.291,6.1773,16.441
0.1086,-36.998,6.1772,16.998
0.1087,-36.668,6.1685,17.509
0.1088,-36.307,6.1524,17.989
0.1089,-35.917,6.1301,18.454
0.109,-35.5,6.1026,18.918
0.1091,-35.056,6.0701,19.384
0.1092,-34.585,6.0324,19.851
0.1093,-34.087,5.989,20.308
0.1094,-33.56,5.9387,20.743
0.1095,-33.003,5.8806,21.143
0.1096,-32.413,5.8137,21.496
0.1097,-31.789,5.7374,21.791
0.1098,-31.126,5.6511,22.025
0.1099,-30.419,5.555,22.195
0.11,-29.661,5.4494,22.305
0.1101,-28.847,5.3345,22.358
0.1102,-27.973,5.2108,22.359
0.1103,-27.04,5.0788,22.311
0.1104,-26.052,4.9387,22.219
0.1105,-25.015,4.7909,22.085
0.1106,-23.938,4.636,21.914
0.1107,-22.831,4.4746,21.712
0.1108,-21.705,4.3078,21.481
0.1109,-20.572,4.1364,21.228
0.111,-19.444,3.9616,20.954
0.1111,-18.328,3.7841,20.661
0.1112,-17.227,3.6044,20.348
0.1113,-16.141,3.4224,20.015
0.1114,-15.063,3.2378,19.658
0.1115,-13.986,3.0498,19.271
0.1116,-12.902,2.8574,18.849
0.1117,-11.802,2.6596,18.385
0.1118,-10.677,2.456,17.874
0.1119,-9.5233,2.2462,17.312
0.112,-8.3404,2.0306,16.697
0.1121,-7.1322,1.8098,16.03
0.1122,-5.9063,1.5847,15.314
0.1123,-4.6715,1.3563,14.552
0.1124,-3.4362,1.1258,13.752
0.1125,-2.2064,0.8941,12.923
0.1126,-0.98651,0.66208,12.075
0.1127,0.22019,0.43043,11.217
0.1128,1.4107,0.1997,10.355
0.1129,2.5813,-0.029603,9.4948
0.113,3.728,-0.25701,8.6378
0.1131,4.8459,-0.48209,7.7837
0.1132,5.9295,-0.70444,6.9297
0.1133,6.9741,-0.92381,6.0704
0.1134,7.9768,-1.1401,5.1992
0.1135,8.9382,-1.3535,4.3092
0.1136,9.8635,-1.5641,3.3943
0.1137,10.762,-1.7725,2.4506
0.1138,11.646,-1.9791,1.4767
0.1139,12.417,-2.0694,1.4351
0.114,13.136,-2.1422,1.4856
0.1141,13.809,-2.2069,1.5301
0.1142,14.444,-2.2596,1.5719
0.1143,15.03,-2.2964,1.6103
0.1144,15.575,-2.3244,1.6444
0.1145,16.103,-2.3515,1.6754
0.1146,16.597,-2.3715,1.7042
0.1147,17.026,-2.3766,1.7284
0.1148,17.386,-2.3722,1.745
0.1149,17.687,-2.3661,1.7532
0.115,17.927,-2.3574,1.7525
0.1151,18.102,-2.345,1.7429
0.1152,18.224,-2.3295,1.7259
0.1153,18.309,-2.3108,1.7047
0.1154,18.381,-2.2918,1.6821
0.1155,18.457,-2.2775,1.6587
0.1156,18.546,-2.2676,1.6364
0.1157,18.632,-2.2566,1.6148
0.1158,18.695,-2.2431,1.5914
0.1159,18.719,-2.2267,1.564
0.116,18.698,-2.2045,1.5328
0.1161,18.615,-2.1737,1.4965
0.1162,18.464,-2.1334,1.4538
0.1163,18.258,-2.0829,1.4069
0.1164,18.024,-2.024,1.3593
0.1165,17.779,-1.9599,1.3114
0.1166,17.525,-1.8901,1.2635
0.1167,17.26,-1.8127,1.2159
0.1168,16.979,-1.732,1.167
0.1169,16.665,-1.6516,1.1134
0.117,16.295,-1.5681,1.0533
0.1171,15.849,-1.4774,0.98569
0.1172,15.325,-1.3825,0.90981
0.1173,14.737,-1.2866,0.82688
0.1174,14.104,-1.1897,0.73969
0.1175,13.447,-1.0938,0.64952
0.1176,12.789,-1.0018,0.55813
0.1177,12.151,-0.91309,0.46896
0.1178,11.541,-0.82632,0.38352
0.1179,10.946,-0.74194,0.29993
0.118,10.35,-0.65806,0.21677
0.1181,9.7289,-0.57,0.13335
0.1182,9.0599,-0.47533,0.047814
0.1183,8.3342,-0.3736,-0.041102
0.1184,7.5593,-0.26404,-0.13203
0.1185,6.7461,-0.14717,-0.22395
0.1186,5.9051,-0.025432,-0.31699
0.1187,5.0524,0.099223,-0.40994
0.1188,4.2054,0.22477,-0.50086
0.1189,3.3706,0.34881,-0.58996
0.119,2.5413,0.4716,-0.67822
0.1191,2.1206,0.55499,-0.71668
0.1192,2.0429,0.60273,-0.71438
0.1193,1.9687,0.6452,-0.71121
0.1194,1.8996,0.68117,-0.70434
0.1195,1.8352,0.70771,-0.69054
0.1196,1.7762,0.72464,-0.67171
0.1197,1.7217,0.73779,-0.65276
0.1198,1.6701,0.74844,-0.63245
0.1199,1.6222,0.75147,-0.60623
0.12,1.5777,0.74842,-0.57536
0.1201,1.5321,0.7475,-0.54434
0.1202,1.482,0.75145,-0.51381
0.1203,1.4286,0.75858,-0.48284
0.1204,1.3715,0.76922,-0.45108
0.1205,1.3096,0.78277,-0.41731
0.1206,1.2449,0.79689,-0.38154
0.1207,1.179,0.8131,-0.34694
0.1208,1.1107,0.83387,-0.31472
0.1209,1.0407,0.85647,-0.28278
0.121,0.97183,0.87764,-0.25056
0.1211,0.90458,0.89868,-0.21973
0.1212,0.83881,0.91978,-0.19031
0.1213,0.77757,0.93731,-0.1615
0.1214,0.72257,0.94921,-0.13306
0.1215,0.67217,0.9557,-0.10376
0.1216,0.62625,0.95564,-0.072152
0.1217,0.58684,0.94789,-0.038759
0.1218,0.55337,0.93235,-0.0028276
0.1219,0.52385,0.90847,0.038286
0.122,0.49764,0.87773,0.083855
0.1221,0.47338,0.84524,0.13001
0.1222,0.44851,0.81385,0.17633
0.1223,0.42261,0.78214,0.22466
0.1224,0.39636,0.75054,0.27373
0.1225,0.36869,0.72217,0.32114
