0.05,0.02478,-0.23479,0.17843
0.0501,0.036933,-0.23772,0.1729
0.0502,0.048967,-0.23995,0.16693
0.0503,0.060869,-0.24147,0.16048
0.0504,0.072636,-0.24228,0.15352
0.0505,0.084272,-0.24243,0.14605
0.0506,0.095797,-0.24199,0.13807
0.0507,0.10724,-0.24105,0.12962
0.0508,0.11862,-0.23975,0.12078
0.0509,0.12994,-0.2382,0.11164
0.051,0.1412,-0.23654,0.10228
0.0511,0.15238,-0.23486,0.092784
0.0512,0.16345,-0.23324,0.083223
0.0513,0.17435,-0.23171,0.073638
0.0514,0.18503,-0.23028,0.064049
0.0515,0.19539,-0.22891,0.054457
0.0516,0.20536,-0.22756,0.04485
0.0517,0.21484,-0.22614,0.035196
0.0518,0.22372,-0.22455,0.025456
0.0519,0.23189,-0.22268,0.015581
0.052,0.23928,-0.2204,0.0055219
0.0521,0.24582,-0.2176,-0.0047812
0.0522,0.25149,-0.21419,-0.015374
0.0523,0.2563,-0.21011,-0.026294
0.0524,0.26028,-0.20532,-0.037563
0.0525,0.2635,-0.19983,-0.04918
0.0526,0.26604,-0.19369,-0.061115
0.0527,0.26802,-0.18699,-0.073318
0.0528,0.26952,-0.17984,-0.085721
0.0529,0.27064,-0.17236,-0.098242
0.053,0.27149,-0.16467,-0.1108
0.0531,0.27213,-0.1569,-0.12332
0.0532,0.27264,-0.14913,-0.13573
0.0533,0.27305,-0.14143,-0.14799
0.0534,0.27339,-0.13385,-0.16005
0.0535,0.27366,-0.12635,-0.17189
0.0536,0.27383,-0.11894,-0.18349
0.0537,0.27387,-0.11154,-0.19484
0.0538,0.27372,-0.10409,-0.20593
0.0539,0.2733,-0.096476,-0.21678
0.054,0.27255,-0.088583,-0.22735
0.0541,0.27142,-0.0803,-0.23764
0.0542,0.26986,-0.071531,-0.24763
0.0543,0.26783,-0.062205,-0.25726
0.0544,0.26533,-0.052291,-0.26647
0.0545,0.26236,-0.041791,-0.27519
0.0546,0.25894,-0.030747,-0.28337
0.0547,0.25509,-0.019234,-0.29096
0.0548,0.25088,-0.0073544,-0.29792
0.0549,0.24635,0.0047823,-0.30425
0.055,0.24155,0.017053,-0.30994
0.0551,0.23654,0.029337,-0.31501
0.0552,0.23137,0.041524,-0.31948
0.0553,0.22608,0.053527,-0.32334
0.0554,0.22068,0.065274,-0.32661
0.0555,0.21519,0.076732,-0.32931
0.0556,0.20959,0.087899,-0.33145
0.0557,0.20384,0.09881,-0.33306
0.0558,0.19789,0.10953,-0.33417
0.0559,0.1917,0.12013,-0.33483
0.056,0.18521,0.13073,-0.33511
0.0561,0.17836,0.1414,-0.33507
0.0562,0.17111,0.15223,-0.33477
0.0563,0.1634,0.16327,-0.33429
0.0564,0.15522,0.17453,-0.33367
0.0565,0.14658,0.186,-0.33294
0.0566,0.13751,0.19761,-0.33213
0.0567,0.12804,0.20928,-0.33123
0.0568,0.11824,0.22088,-0.33023
0.0569,0.10815,0.23229,-0.32911
0.057,0.097854,0.24335,-0.32781
0.0571,0.087418,0.25391,-0.32628
0.0572,0.076909,0.26384,-0.32446
0.0573,0.066376,0.27301,-0.32229
0.0574,0.055854,0.28131,-0.3197
0.0575,0.045361,0.28869,-0.31665
0.0576,0.034897,0.29514,-0.31309
0.0577,0.024442,0.30066,-0.30902
0.0578,0.013966,0.3053,-0.30444
0.0579,0.0034332,0.30917,-0.29938
0.058,-0.0071994,0.31236,-0.29389
0.0581,-0.017975,0.315,-0.28801
0.0582,-0.028927,0.31722,-0.28182
0.0583,-0.040085,0.31914,-0.27538
0.0584,-0.051467,0.32088,-0.26874
0.0585,-0.063077,0.32252,-0.26196
0.0586,-0.074898,0.32414,-0.25507
0.0587,-0.086901,0.32576,-0.24811
0.0588,-0.099037,0.3274,-0.24109
0.0589,-0.11124,0.32901,-0.23401
0.059,-0.12343,0.33052,-0.2268
0.0591,-0.13553,0.33186,-0.21942
0.0592,-0.14745,0.33291,-0.21182
0.0593,-0.15911,0.33356,-0.20393
0.0594,-0.17041,0.33371,-0.19571
0.0595,-0.1813,0.33328,-0.1871
0.0596,-0.19171,0.33222,-0.17806
0.0597,-0.2016,0.33049,-0.16859
0.0598,-0.21092,0.32812,-0.15869
0.0599,-0.21965,0.32513,-0.14839
0.06,-0.22781,0.32161,-0.13772
0.0601,-0.23539,0.31763,-0.12676
0.0602,-0.24244,0.31331,-0.11555
0.0603,-0.24898,0.30875,-0.10419
0.0604,-0.25508,0.30404,-0.092728
0.0605,-0.26078,0.29929,-0.081238
0.0606,-0.26611,0.29455,-0.069774
0.0607,-0.27109,0.28987,-0.05838
0.0608,-0.27573,0.28525,-0.047076
0.0609,-0.28004,0.28065,-0.035866
0.061,-0.28399,0.27603,-0.024734
0.0611,-0.23623,-0.62025,0.82653
0.0612,-0.20825,-1.1748,1.356
0.0613,-0.18243,-1.6889,1.847
0.0614,-0.15548,-2.1831,2.3171
0.0615,-0.12667,-2.6505,2.7584
0.0616,-0.1006,-3.079,3.1634
0.0617,-0.078144,-3.4801,3.5444
0.0618,-0.053352,-3.8804,3.9222
0.0619,-0.024264,-4.2949,4.3096
0.062,0.004224,-4.7166,4.7048
0.0621,0.030382,-5.1348,5.0986
0.0622,0.056135,-5.5468,5.4865
0.0623,0.080887,-5.9473,5.8638
0.0624,0.10497,-6.3348,6.2286
0.0625,0.12824,-6.6898,6.5614
0.0626,0.14908,-7.0117,6.8631
0.0627,0.16726,-7.3177,7.1514
0.0628,0.18517,-7.6206,7.4365
0.0629,0.20412,-7.9263,7.7234
0.063,0.22305,-8.2364,8.0145
0.0631,0.24092,-8.5436,8.3036
0.0632,0.25849,-8.8399,8.582
0.0633,0.27641,-9.1279,8.8516
0.0634,0.29456,-9.4018,9.1066
0.0635,0.31176,-9.6374,9.3241
0.0636,0.32644,-9.8139,9.4847
0.0637,0.33871,-9.9327,9.5898
0.0638,0.3505,-10.008,9.6513
0.0639,0.3621,-10.049,9.6788
0.064,0.37135,-10.062,9.6812
0.0641,0.37812,-10.062,9.6722
0.0642,0.38525,-10.064,9.6655
0.0643,0.39372,-10.078,9.6687
0.0644,0.40174,-10.097,9.6784
0.0645,0.40849,-10.113,9.6854
0.0646,0.41448,-10.12,9.6845
0.0647,0.41936,-10.114,9.6726
0.0648,0.42252,-10.085,9.6387
0.0649,0.42402,-10.019,9.5694
0.065,0.42369,-9.9149,9.4639
0.0651,0.42146,-9.7813,9.331
0.0652,0.41839,-9.6273,9.1789
0.0653,0.41557,-9.4607,9.014
0.0654,0.41289,-9.2858,8.8409
0.0655,0.41008,-9.0984,8.6555
0.0656,0.4073,-8.8905,8.4498
0.0657,0.40434,-8.6593,8.2213
0.0658,0.40058,-8.4031,7.9688
0.0659,0.39538,-8.1141,7.6851
0.066,0.38796,-7.7847,7.3638
0.0661,0.37824,-7.4178,7.0076
0.0662,0.36733,-7.0238,6.6258
0.0663,0.35589,-6.6141,6.2291
0.0664,0.3434,-6.2001,5.8296
0.0665,0.32992,-5.7935,5.4385
0.0666,0.31662,-5.4032,5.0635
0.0667,0.30378,-5.0306,4.706
0.0668,0.29067,-4.6676,4.3583
0.0669,0.27695,-4.3012,4.0081
0.067,0.2625,-3.9227,3.6465
0.0671,0.24692,-3.5265,3.2686
0.0672,0.23021,-3.1046,2.8662
0.0673,0.21267,-2.6497,2.4319
0.0674,0.1942,-2.1627,1.9665
0.0675,0.1749,-1.6508,1.4771
0.0676,0.15553,-1.1228,0.97173
0.0677,0.1363,-0.5883,0.45954
0.0678,0.11673,-0.055285,-0.05092
0.0679,0.096928,0.47458,-0.55824
0.068,0.077158,1.0054,-1.0668
0.0681,0.056947,1.5402,-1.5792
0.0682,0.035803,2.0803,-2.0962
0.0683,0.013648,2.6282,-2.6205
0.0684,-0.0099225,3.1852,-3.1528
0.0685,-0.035303,3.7478,-3.6893
0.0686,-0.061941,4.3099,-4.2246
0.0687,-0.089097,4.8649,-4.7527
0.0688,-0.11685,5.4053,-5.2662
0.0689,-0.14513,5.9248,-5.7586
0.069,-0.1731,6.4197,-6.2272
0.0691,-0.20034,6.892,-6.6742
0.0692,-0.22722,7.3509,-7.1084
0.0693,-0.254,7.8096,-7.5428
0.0694,-0.28073,8.2777,-7.9868
0.0695,-0.30773,8.7601,-8.445
0.0696,-0.33526,9.2596,-8.9199
0.0697,-0.36324,9.7762,-9.4115
0.0698,-0.39147,10.304,-9.9141
0.0699,-0.41948,10.833,-10.418
0.07,-0.44669,11.354,-10.914
0.0701,-0.47286,11.855,-11.393
0.0702,-0.49805,12.329,-11.844
0.0703,-0.52217,12.771,-12.264
0.0704,-0.54535,13.185,-12.657
0.0705,-0.56816,13.577,-13.028
0.0706,-0.59087,13.951,-13.381
0.0707,-0.61341,14.311,-13.721
0.0708,-0.63609,14.661,-14.049
0.0709,-0.65902,14.998,-14.364
0.071,-0.68149,15.319,-14.663
0.0711,-0.70283,15.621,-14.945
0.0712,-0.72306,15.902,-15.206
0.0713,-0.74205,16.159,-15.444
0.0714,-0.75938,16.393,-15.661
0.0715,-0.77515,16.606,-15.857
0.0716,-0.78991,16.803,-16.039
0.0717,-0.80378,16.994,-16.216
0.0718,-0.81682,17.185,-16.393
0.0719,-0.82941,17.377,-16.572
0.072,-0.84172,17.567,-16.749
0.0721,-0.85356,17.751,-16.92
0.0722,-0.86482,17.918,-17.075
0.0723,-0.87537,18.059,-17.204
0.0724,-0.88482,18.165,-17.3
0.0725,-0.89294,18.232,-17.357
0.0726,-0.89983,18.255,-17.372
0.0727,-0.90551,18.236,-17.346
0.0728,-0.91002,18.18,-17.284
0.0729,-0.91368,18.097,-17.196
0.073,-0.91672,17.996,-17.091
0.0731,-0.91912,17.884,-16.975
0.0732,-0.92102,17.765,-16.853
0.0733,-0.92246,17.639,-16.725
0.0734,-0.9231,17.504,-16.588
0.0735,-0.92253,17.356,-16.44
0.0736,-0.92059,17.191,-16.277
0.0737,-0.91711,17.009,-16.097
0.0738,-0.91193,16.807,-15.9
0.0739,-0.90531,16.585,-15.685
0.074,-0.89767,16.347,-15.454
0.0741,-0.88926,16.096,-15.211
0.0742,-0.88042,15.836,-14.96
0.0743,-0.87148,15.566,-14.699
0.0744,-0.86243,15.283,-14.426
0.0745,-0.85306,14.984,-14.137
0.0746,-0.8433,14.661,-13.825
0.0747,-0.83286,14.309,-13.484
0.0748,-0.82125,13.923,-13.111
0.0749,-0.80832,13.504,-12.707
0.075,-0.79425,13.057,-12.275
0.0751,-0.77908,12.585,-11.82
0.0752,-0.76294,12.099,-11.352
0.0753,-0.74623,11.607,-10.879
0.0754,-0.72918,11.118,-10.409
0.0755,-0.71168,10.637,-9.9478
0.0756,-0.69368,10.166,-9.4975
0.0757,-0.67527,9.7039,-9.0555
0.0758,-0.65622,9.2442,-8.617
0.0759,-0.63623,8.781,-8.1759
0.076,-0.6153,8.3088,-7.7266
0.0761,-0.59348,7.8242,-7.2658
0.0762,-0.57074,7.3262,-6.7924
0.0763,-0.54728,6.8148,-6.3061
0.0764,-0.52338,6.2919,-5.8085
0.0765,-0.49925,5.7608,-5.3027
0.0766,-0.475,5.2249,-4.792
0.0767,-0.4507,4.6859,-4.2778
0.0768,-0.42628,4.1444,-3.7609
0.0769,-0.40162,3.5994,-3.2404
0.077,-0.3766,3.0484,-2.7138
0.0771,-0.35105,2.4892,-2.1792
0.0772,-0.32472,1.9223,-1.6374
0.0773,-0.29757,1.3507,-1.0914
0.0774,-0.2697,0.77932,-0.54611
0.0775,-0.24116,0.21475,-0.0079881
0.0776,-0.21219,-0.3361,0.51618
0.0777,-0.18321,-0.86741,1.021
0.0778,-0.15447,-1.3752,1.5025
0.0779,-0.12603,-1.858,1.9595
0.078,-0.098047,-2.318,2.394
0.0781,-0.070591,-2.7603,2.8114
0.0782,-0.043479,-3.1921,3.2186
0.0783,-0.01655,-3.6209,3.6228
0.0784,0.010169,-4.0527,4.0302
0.0785,0.036696,-4.49,4.4432
0.0786,0.063054,-4.9319,4.8609
0.0787,0.089006,-5.3753,5.2804
0.0788,0.11422,-5.8154,5.6972
0.0789,0.13853,-6.2463,6.1057
0.079,0.1618,-6.6628,6.5005
0.0791,0.18391,-7.061,6.878
0.0792,0.20501,-7.4387,7.2357
0.0793,0.22538,-7.7951,7.5726
0.0794,0.24519,-8.1313,7.8896
0.0795,0.26462,-8.449,8.1882
0.0796,0.28385,-8.7485,8.4685
0.0797,0.30291,-9.0288,8.7296
0.0798,0.32161,-9.2876,8.9692
0.0799,0.33976,-9.5216,9.1844
0.08,0.35716,-9.7281,9.3726
0.0801,0.37349,-9.906,9.533
0.0802,0.38856,-10.056,9.6666
0.0803,0.40236,-10.181,9.7761
0.0804,0.41492,-10.285,9.866
0.0805,0.42631,-10.374,9.9418
0.0806,0.43672,-10.453,10.009
0.0807,0.44628,-10.527,10.072
0.0808,0.45503,-10.599,10.133
0.0809,0.46298,-10.667,10.192
0.081,0.47014,-10.728,10.243
0.0811,0.4764,-10.774,10.281
0.0812,0.48165,-10.799,10.299
0.0813,0.48586,-10.796,10.29
0.0814,0.48895,-10.762,10.251
0.0815,0.49091,-10.693,10.179
0.0816,0.49189,-10.591,10.074
0.0817,0.49209,-10.457,9.9386
0.0818,0.49159,-10.296,9.7765
0.0819,0.49049,-10.112,9.5921
0.082,0.48892,-9.9081,9.3891
0.0821,0.48681,-9.6877,9.1701
0.0822,0.48396,-9.4517,8.9365
0.0823,0.48024,-9.1998,8.6882
0.0824,0.47549,-8.9314,8.4246
0.0825,0.46947,-8.6467,8.146
0.0826,0.46206,-8.3466,7.8537
0.0827,0.45332,-8.033,7.5496
0.0828,0.44338,-7.709,7.2364
0.0829,0.43239,-7.3772,6.9167
0.083,0.42064,-7.0397,6.5922
0.0831,0.40836,-6.6972,6.2635
0.0832,0.39567,-6.3492,5.9298
0.0833,0.38261,-5.9925,5.588
0.0834,0.36918,-5.6226,5.2336
0.0835,0.35528,-5.2341,4.8614
0.0836,0.34076,-4.8223,4.4667
0.0837,0.32556,-4.3839,4.0463
0.0838,0.30962,-3.9185,3.5999
0.0839,0.29293,-3.4284,3.1296
0.084,0.27559,-2.9181,2.64
0.0841,0.25773,-2.3936,2.1366
0.0842,0.23942,-1.8612,1.6258
0.0843,0.22071,-1.3269,1.1133
0.0844,0.20162,-0.79486,0.60348
0.0845,0.18201,-0.26782,0.098923
0.0846,0.16171,0.25365,-0.39959
0.0847,0.14061,0.77074,-0.8932
0.0848,0.11859,1.2855,-1.3839
0.0849,0.095535,1.7999,-1.8734
0.085,0.071455,2.3151,-2.3632
0.0851,0.04647,2.8315,-2.8535
0.0852,0.020699,3.3482,-3.3439
0.0853,-0.0056951,3.8644,-3.8336
0.0854,-0.032465,4.3795,-4.3224
0.0855,-0.059434,4.8937,-4.8106
0.0856,-0.086524,5.4077,-5.2988
0.0857,-0.11367,5.923,-5.7887
0.0858,-0.14083,6.4417,-6.2823
0.0859,-0.16807,6.9655,-6.7813
0.086,-0.19544,7.4952,-7.2863
0.0861,-0.22292,8.0301,-7.7966
0.0862,-0.25049,8.5675,-8.3094
0.0863,-0.27812,9.1025,-8.8197
0.0864,-0.30569,9.629,-9.3217
0.0865,-0.33302,10.141,-9.8092
0.0866,-0.36001,10.633,-10.277
0.0867,-0.38654,11.1,-10.721
0.0868,-0.41251,11.543,-11.141
0.0869,-0.43793,11.962,-11.536
0.087,-0.46287,12.358,-11.91
0.0871,-0.48737,12.737,-12.266
0.0872,-0.51149,13.103,-12.609
0.0873,-0.53523,13.459,-12.943
0.0874,-0.55856,13.808,-13.271
0.0875,-0.58132,14.151,-13.592
0.0876,-0.60338,14.487,-13.907
0.0877,-0.62454,14.814,-14.213
0.0878,-0.64464,15.13,-14.51
0.0879,-0.66358,15.432,-14.794
0.088,-0.68135,15.721,-15.065
0.0881,-0.69802,15.994,-15.321
0.0882,-0.71371,16.251,-15.563
0.0883,-0.72861,16.492,-15.788
0.0884,-0.74286,16.715,-15.997
0.0885,-0.75653,16.919,-16.187
0.0886,-0.76965,17.101,-16.355
0.0887,-0.78217,17.258,-16.499
0.0888,-0.79399,17.387,-16.615
0.0889,-0.80495,17.485,-16.701
0.089,-0.81498,17.552,-16.757
0.0891,-0.82398,17.587,-16.782
0.0892,-0.83191,17.595,-16.781
0.0893,-0.83879,17.579,-16.756
0.0894,-0.84469,17.544,-16.714
0.0895,-0.84967,17.495,-16.66
0.0896,-0.85378,17.437,-16.596
0.0897,-0.85705,17.371,-16.526
0.0898,-0.85942,17.297,-16.449
0.0899,-0.8608,17.215,-16.365
0.09,-0.86113,17.122,-16.27
0.0901,-0.86034,17.012,-16.16
0.0902,-0.85841,16.883,-16.032
0.0903,-0.85532,16.73,-15.882
0.0904,-0.85119,16.553,-15.709
0.0905,-0.8461,16.351,-15.511
0.0906,-0.84021,16.123,-15.289
0.0907,-0.83365,15.871,-15.044
0.0908,-0.82652,15.596,-14.776
0.0909,-0.81886,15.299,-14.488
0.091,-0.81065,14.981,-14.179
0.0911,-0.80182,14.643,-13.85
0.0912,-0.79224,14.285,-13.503
0.0913,-0.78178,13.908,-13.138
0.0914,-0.77037,13.514,-12.757
0.0915,-0.75792,13.106,-12.362
0.0916,-0.74444,12.686,-11.958
0.0917,-0.73,12.26,-11.548
0.0918,-0.71469,11.829,-11.135
0.0919,-0.69862,11.397,-10.721
0.092,-0.68191,10.965,-10.308
0.0921,-0.66463,10.532,-9.8941
0.0922,-0.6468,10.096,-9.4779
0.0923,-0.62839,9.6533,-9.0558
0.0924,-0.60938,9.2001,-8.624
0.0925,-0.58975,8.7327,-8.1785
0.0926,-0.56945,8.2483,-7.7166
0.0927,-0.54851,7.7457,-7.2372
0.0928,-0.52699,7.2255,-6.7405
0.0929,-0.50495,6.6898,-6.2287
0.093,-0.48246,6.142,-5.7051
0.0931,-0.45958,5.586,-5.1734
0.0932,-0.43634,5.0255,-4.6373
0.0933,-0.41271,4.464,-4.1002
0.0934,-0.38862,3.9039,-3.5646
0.0935,-0.364,3.3469,-3.0323
0.0936,-0.33875,2.7943,-2.5047
0.0937,-0.31281,2.2469,-1.9826
0.0938,-0.28618,1.7054,-1.4668
0.0939,-0.25889,1.1708,-0.95824
0.094,-0.23105,0.64417,-0.45787
0.0941,-0.20281,0.12652,0.033364
0.0942,-0.17435,-0.38148,0.51493
0.0943,-0.14582,-0.87984,0.98698
0.0944,-0.11737,-1.3696,1.4506
0.0945,-0.089119,-1.8525,1.9078
0.0946,-0.06114,-2.3312,2.361
0.0947,-0.033458,-2.8082,2.8129
0.0948,-0.0060918,-3.2856,3.2656
0.0949,0.020953,-3.7645,3.7201
0.095,0.047663,-4.2446,4.1762
0.0951,0.073995,-4.7239,4.6318
0.0952,0.09988,-5.199,5.0836
0.0953,0.12525,-5.6654,5.5272
0.0954,0.15003,-6.1181,5.9574
0.0955,0.17416,-6.5526,6.37
0.0956,0.1976,-6.9653,6.7612
0.0957,0.22036,-7.354,7.1288
0.0958,0.24248,-7.7182,7.4722
0.0959,0.26401,-8.0583,7.7918
0.096,0.28503,-8.376,8.0892
0.0961,0.30558,-8.6733,8.3663
0.0962,0.32566,-8.9521,8.6252
0.0963,0.3452,-9.2141,8.8676
0.0964,0.36413,-9.4604,9.0947
0.0965,0.38231,-9.6917,9.3073
0.0966,0.3996,-9.9083,9.5059
0.0967,0.41589,-10.11,9.6909
0.0968,0.4311,-10.298,9.8626
0.0969,0.44519,-10.473,10.022
0.097,0.45819,-10.633,10.168
0.0971,0.47017,-10.781,10.302
0.0972,0.48118,-10.915,10.424
0.0973,0.4913,-11.033,10.531
0.0974,0.50057,-11.135,10.621
0.0975,0.50901,-11.216,10.692
0.0976,0.51659,-11.273,10.74
0.0977,0.52328,-11.303,10.761
0.0978,0.52906,-11.303,10.754
0.0979,0.53391,-11.273,10.717
0.098,0.53781,-11.212,10.65
0.0981,0.54081,-11.121,10.555
0.0982,0.54291,-11.005,10.435
0.0983,0.54418,-10.866,10.294
0.0984,0.54463,-10.709,10.135
0.0985,0.54428,-10.537,9.9626
0.0986,0.54312,-10.353,9.7791
0.0987,0.54107,-10.159,9.586
0.0988,0.53809,-9.9545,9.3839
0.0989,0.53409,-9.7392,9.1722
0.099,0.52902,-9.5119,8.9497
0.0991,0.52287,-9.2709,8.7147
0.0992,0.51566,-9.0148,8.4659
0.0993,0.50743,-8.7423,8.202
0.0994,0.49829,-8.4525,7.9219
0.0995,0.48835,-8.1447,7.6249
0.0996,0.47771,-7.8185,7.3104
0.0997,0.46646,-7.4732,6.9777
0.0998,0.45465,-7.1081,6.6261
0.0999,0.44229,-6.7228,6.2551
0.1,0.42937,-6.3169,5.8644
0.1001,0.41585,-5.8908,5.4543
0.1002,0.40168,-5.4454,5.0259
0.1003,0.38682,-4.9828,4.5811
0.1004,0.37126,-4.5058,4.1228
0.1005,0.35502,-4.0181,3.6546
0.1006,0.33811,-3.5236,3.1803
0.1007,0.32057,-3.0261,2.7036
0.1008,0.30245,-2.5287,2.2275
0.1009,0.28375,-2.0332,1.7539
0.101,0.26448,-1.5402,1.2833
0.1011,0.2446,-1.049,0.81493
0.1012,0.22408,-0.55782,0.34707
0.1013,0.20285,-0.064259,-0.12266
0.1014,0.18089,0.43422,-0.59683
0.1015,0.15816,0.93978,-1.0776
0.1016,0.13469,1.4539,-1.5666
0.1017,0.11052,1.9771,-2.0644
0.1018,0.085726,2.5089,-2.5706
0.1019,0.060393,3.0483,-3.0843
0.102,0.03459,3.5934,-3.6038
0.1021,0.0083905,4.1424,-4.1273
0.1022,-0.018152,4.6933,-4.6528
0.1023,-0.045007,5.2442,-5.1784
0.1024,-0.072155,5.793,-5.702
0.1025,-0.099573,6.3379,-6.2217
0.1026,-0.12723,6.8766,-6.7354
0.1027,-0.15508,7.4069,-7.2406
0.1028,-0.18305,7.9265,-7.7351
0.1029,-0.21103,8.4331,-8.2167
0.103,-0.23893,8.925,-8.6836
0.1031,-0.26663,9.4009,-9.1348
0.1032,-0.29403,9.8606,-9.57
0.1033,-0.32104,10.305,-9.99
0.1034,-0.34762,10.736,-10.397
0.1035,-0.37372,11.155,-10.792
0.1036,-0.39933,11.565,-11.179
0.1037,-0.42441,11.969,-11.56
0.1038,-0.44896,12.368,-11.937
0.1039,-0.47294,12.763,-12.31
0.104,-0.49629,13.153,-12.678
0.1041,-0.51896,13.536,-13.039
0.1042,-0.54086,13.909,-13.392
0.1043,-0.56195,14.269,-13.732
0.1044,-0.58216,14.613,-14.057
0.1045,-0.6015,14.937,-14.363
0.1046,-0.61996,15.24,-14.648
0.1047,-0.6376,15.519,-14.91
0.1048,-0.65445,15.774,-15.148
0.1049,-0.67057,16.005,-15.362
0.105,-0.68599,16.211,-15.553
0.1051,-0.70072,16.393,-15.72
0.1052,-0.71475,16.552,-15.864
0.1053,-0.72801,16.689,-15.987
0.1054,-0.74044,16.804,-16.089
0.1055,-0.75197,16.898,-16.172
0.1056,-0.76253,16.974,-16.236
0.1057,-0.77208,17.033,-16.285
0.1058,-0.7806,17.077,-16.319
0.1059,-0.7881,17.106,-16.34
0.106,-0.79461,17.123,-16.35
0.1061,-0.80014,17.127,-16.347
0.1062,-0.80474,17.117,-16.332
0.1063,-0.80844,17.093,-16.303
0.1064,-0.81124,17.051,-16.258
0.1065,-0.8131,16.989,-16.193
0.1066,-0.81401,16.903,-16.106
0.1067,-0.81395,16.792,-15.995
0.1068,-0.81293,16.654,-15.857
0.1069,-0.81095,16.487,-15.692
0.107,-0.80806,16.293,-15.501
0.1071,-0.80429,16.073,-15.285
0.1072,-0.7997,15.829,-15.046
0.1073,-0.79432,15.564,-14.787
0.1074,-0.78815,15.281,-14.511
0.1075,-0.78119,14.982,-14.22
0.1076,-0.77342,14.67,-13.916
0.1077,-0.7648,14.346,-13.602
0.1078,-0.7553,14.011,-13.278
0.1079,-0.74488,13.665,-12.945
0.108,-0.73353,13.311,-12.603
0.1081,-0.72129,12.946,-12.252
0.1082,-0.70819,12.572,-11.893
0.1083,-0.69428,12.188,-11.525
0.1084,-0.67964,11.793,-11.147
0.1085,-0.66434,11.387,-10.759
0.1086,-0.64842,10.968,-10.358
0.1087,-0.63191,10.535,-9.9442
0.1088,-0.61483,10.086,-9.5155
0.1089,-0.59718,9.6213,-9.071
0.109,-0.57894,9.1395,-8.6102
0.1091,-0.5601,8.6412,-8.1334
0.1092,-0.54064,8.1276,-7.642
0.1093,-0.52056,7.6011,-7.1381
0.1094,-0.49987,7.0645,-6.6247
0.1095,-0.4786,6.5215,-6.1052
0.1096,-0.45674,5.9754,-5.5832
0.1097,-0.43433,5.4296,-5.0616
0.1098,-0.41134,4.8866,-4.5432
0.1099,-0.38778,4.3481,-4.0294
0.11,-0.36363,3.8148,-3.5212
0.1101,-0.33887,3.2866,-3.0183
0.1102,-0.31351,2.7629,-2.5201
0.1103,-0.28755,2.2424,-2.0254
0.1104,-0.26105,1.724,-1.5328
0.1105,-0.23405,1.2064,-1.0413
0.1106,-0.20667,0.68896,-0.54993
0.1107,-0.17899,0.17098,-0.057993
0.1108,-0.15114,-0.3477,0.43478
0.1109,-0.12323,-0.86702,0.92836
0.111,-0.095334,-1.3866,1.4224
0.1111,-0.067532,-1.9057,1.9164
0.1112,-0.03987,-2.4235,2.4093
0.1113,-0.012387,-2.9384,2.8996
0.1114,0.014892,-3.4488,3.3857
0.1115,0.041937,-3.9522,3.8652
0.1116,0.068711,-4.4461,4.3355
0.1117,0.095168,-4.9277,4.7937
0.1118,0.12126,-5.3941,5.237
0.1119,0.14691,-5.8429,5.663
0.112,0.17208,-6.2724,6.07
0.1121,0.19672,-6.6815,6.4569
0.1122,0.22079,-7.0703,6.8239
0.1123,0.24427,-7.4398,7.1719
0.1124,0.26715,-7.7916,7.5024
0.1125,0.28943,-8.1277,7.8177
0.1126,0.31109,-8.4503,8.1199
0.1127,0.33211,-8.7613,8.4108
0.1128,0.35247,-9.0618,8.6917
0.1129,0.37211,-9.3523,8.963
0.113,0.391,-9.6323,9.2246
0.1131,0.40907,-9.9009,9.4753
0.1132,0.42627,-10.156,9.7136
0.1133,0.44256,-10.397,9.9375
0.1134,0.45794,-10.62,10.145
0.1135,0.47239,-10.824,10.334
0.1136,0.48593,-11.008,10.503
0.1137,0.4986,-11.168,10.65
0.1138,0.5104,-11.305,10.775
0.1139,0.52135,-11.417,10.874
0.114,0.53145,-11.504,10.95
0.1141,0.54068,-11.565,11
0.1142,0.54902,-11.6,11.025
0.1143,0.55643,-11.609,11.026
0.1144,0.56288,-11.595,11.004
0.1145,0.56839,-11.559,10.96
0.1146,0.57293,-11.503,10.898
0.1147,0.57651,-11.428,10.819
0.1148,0.57914,-11.338,10.725
0.1149,0.58084,-11.235,10.618
0.115,0.58163,-11.118,10.5
0.1151,0.58151,-10.989,10.37
0.1152,0.5805,-10.847,10.229
0.1153,0.57859,-10.692,10.074
0.1154,0.57577,-10.52,9.9043
0.1155,0.57204,-10.33,9.7176
0.1156,0.56738,-10.12,9.5118
0.1157,0.56182,-9.8879,9.2853
0.1158,0.55537,-9.6328,9.0368
0.1159,0.54807,-9.3541,8.7658
0.116,0.53995,-9.0521,8.4726
0.1161,0.53104,-8.7277,8.1581
0.1162,0.52139,-8.3822,7.8236
0.1163,0.51099,-8.0175,7.4709
0.1164,0.49987,-7.6354,7.1018
0.1165,0.48801,-7.238,6.7184
0.1166,0.47541,-6.8273,6.3227
0.1167,0.46207,-6.4052,5.9165
0.1168,0.44798,-5.9736,5.5018
0.1169,0.43316,-5.5342,5.0802
0.117,0.41765,-5.0885,4.653
0.1171,0.40147,-4.6374,4.2212
0.1172,0.38467,-4.1817,3.7855
0.1173,0.36729,-3.7214,3.3459
0.1174,0.34937,-3.2561,2.9018
0.1175,0.33092,-2.7848,2.4522
0.1176,0.31195,-2.3063,1.9958
0.1177,0.29244,-1.8189,1.5311
0.1178,0.27237,-1.3214,1.0567
0.1179,0.2517,-0.81277,0.57154
0.118,0.23234,-0.32582,0.10654
0.1181,0.2408,-0.3211,0.095681
0.1182,0.24874,-0.31624,0.084903
0.1183,0.25623,-0.31117,0.073973
0.1184,0.26455,-0.30782,0.063495
0.1185,0.27449,-0.30721,0.053623
0.1186,0.28401,-0.3066,0.043647
0.1187,0.29158,-0.30392,0.032952
0.1188,0.29924,-0.30209,0.022463
0.1189,0.30821,-0.30268,0.012531
0.119,0.31636,-0.30273,0.0023646
0.1191,0.32231,-0.30016,-0.0086337
0.1192,0.32668,-0.29592,-0.020081
0.1193,0.32969,-0.29012,-0.031975
0.1194,0.33166,-0.2832,-0.044157
0.1195,0.33364,-0.27647,-0.056303
0.1196,0.33492,-0.26897,-0.06864
0.1197,0.3344,-0.25916,-0.081599
0.1198,0.33298,-0.24833,-0.094716
0.1199,0.33178,-0.23806,-0.1075
0.12,0.33032,-0.22769,-0.12008
0.1201,0.32808,-0.21643,-0.13265
0.1202,0.32567,-0.20518,-0.14484
0.1203,0.32347,-0.19448,-0.15653
0.1204,0.32155,-0.1844,-0.16766
0.1205,0.32034,-0.17536,-0.17818
0.1206,0.31973,-0.1672,-0.18822
0.1207,0.31924,-0.15922,-0.19812
0.1208,0.31951,-0.15238,-0.20761
0.1209,0.32086,-0.14704,-0.21661
0.121,0.32164,-0.14101,-0.22567
0.1211,0.32076,-0.13281,-0.23501
0.1212,0.31923,-0.12397,-0.24391
0.1213,0.31754,-0.11516,-0.25206
0.1214,0.31478,-0.10515,-0.25963
0.1215,0.31084,-0.093775,-0.26654
0.1216,0.30609,-0.081619,-0.27261
0.1217,0.30002,-0.067923,-0.27822
0.1218,0.29269,-0.052826,-0.28343
0.1219,0.28527,-0.037934,-0.28799
0.122,0.27784,-0.023437,-0.29205
0.1221,0.26965,-0.0082747,-0.29601
0.1222,0.26124,0.0067623,-0.29959
0.1223,0.25346,0.020482,-0.30247
0.1224,0.24598,0.033332,-0.30474
0.1225,0.23863,0.045643,-0.30651
