0.05,0.72211,-0.047606,-0.63618
0.0501,0.70779,-0.017165,-0.65296
0.0502,0.69222,0.013382,-0.66901
0.0503,0.67546,0.043912,-0.68425
0.0504,0.65759,0.074296,-0.69862
0.0505,0.6387,0.10441,-0.71205
0.0506,0.61889,0.13414,-0.7245
0.0507,0.59824,0.16339,-0.7359
0.0508,0.57683,0.19206,-0.7462
0.0509,0.5547,0.22012,-0.75537
0.051,0.53189,0.24753,-0.76336
0.0511,0.50839,0.27433,-0.77016
0.0512,0.48423,0.30054,-0.77578
0.0513,0.45941,0.32622,-0.78025
0.0514,0.43394,0.35146,-0.78362
0.0515,0.40785,0.37634,-0.78592
0.0516,0.38116,0.40091,-0.78722
0.0517,0.35393,0.42518,-0.78756
0.0518,0.32618,0.44916,-0.78695
0.0519,0.29797,0.47283,-0.78537
0.052,0.26935,0.49615,-0.78281
0.0521,0.24037,0.51904,-0.77922
0.0522,0.2111,0.54142,-0.77456
0.0523,0.18162,0.56321,-0.76876
0.0524,0.15201,0.58429,-0.76175
0.0525,0.12236,0.60456,-0.75347
0.0526,0.092741,0.6239,-0.74386
0.0527,0.063198,0.64223,-0.73287
0.0528,0.033765,0.65947,-0.72043
0.0529,0.0044573,0.67557,-0.70654
0.053,-0.024724,0.69052,-0.69119
0.0531,-0.053786,0.70434,-0.67442
0.0532,-0.082729,0.71705,-0.65629
0.0533,-0.11155,0.72872,-0.63692
0.0534,-0.14023,0.7394,-0.61642
0.0535,-0.16877,0.74918,-0.59491
0.0536,-0.19713,0.7581,-0.57253
0.0537,-0.2253,0.76623,-0.54939
0.0538,-0.25325,0.7736,-0.52559
0.0539,-0.28095,0.78024,-0.50123
0.054,-0.30834,0.78614,-0.47637
0.0541,-0.33537,0.79128,-0.45109
0.0542,-0.36197,0.79561,-0.42544
0.0543,-0.3881,0.79905,-0.39946
0.0544,-0.41365,0.8015,-0.37316
0.0545,-0.43856,0.80287,-0.34654
0.0546,-0.46275,0.80303,-0.31958
0.0547,-0.48619,0.80188,-0.29226
0.0548,-0.50885,0.79932,-0.26455
0.0549,-0.5307,0.79529,-0.23641
0.055,-0.55177,0.78974,-0.20784
0.0551,-0.57203,0.78267,-0.17886
0.0552,-0.59151,0.77408,-0.1495
0.0553,-0.61022,0.76401,-0.1198
0.0554,-0.62814,0.75253,-0.089853
0.0555,-0.64531,0.73972,-0.059719
0.0556,-0.66174,0.72566,-0.029484
0.0557,-0.67742,0.71046,0.00076056
0.0558,-0.69236,0.69422,0.030929
0.0559,-0.70656,0.67704,0.060932
0.056,-0.71999,0.659,0.090683
0.0561,-0.7326,0.64019,0.1201
0.0562,-0.74435,0.62064,0.14913
0.0563,-0.75518,0.60037,0.17771
0.0564,-0.76503,0.5794,0.20583
0.0565,-0.77385,0.55771,0.23349
0.0566,-0.78159,0.53527,0.26071
0.0567,-0.78822,0.51206,0.2875
0.0568,-0.79371,0.48804,0.31391
0.0569,-0.79805,0.46322,0.33994
0.057,-0.80121,0.43759,0.36564
0.0571,-0.8032,0.41118,0.391
0.0572,-0.80401,0.38403,0.41602
0.0573,-0.80364,0.35621,0.44064
0.0574,-0.80211,0.32781,0.46484
0.0575,-0.79944,0.29893,0.48854
0.0576,-0.79566,0.26967,0.51171
0.0577,-0.79076,0.24017,0.53425
0.0578,-0.78476,0.21054,0.5561
0.0579,-0.77764,0.18088,0.57717
0.058,-0.76938,0.15129,0.59739
0.0581,-0.75997,0.12184,0.61669
0.0582,-0.74934,0.092549,0.63501
0.0583,-0.73749,0.063446,0.65233
0.0584,-0.7244,0.034517,0.66864
0.0585,-0.71006,0.0057346,0.68395
0.0586,-0.69448,-0.02294,0.69828
0.0587,-0.6777,-0.051546,0.71167
0.0588,-0.65973,-0.080123,0.72416
0.0589,-0.64062,-0.1087,0.73576
0.059,-0.62041,-0.13729,0.74653
0.0591,-0.59918,-0.16588,0.75647
0.0592,-0.57698,-0.19447,0.76559
0.0593,-0.55389,-0.22299,0.77391
0.0594,-0.53,-0.25137,0.7814
0.0595,-0.50541,-0.27953,0.78805
0.0596,-0.48021,-0.30734,0.7938
0.0597,-0.45448,-0.33472,0.79862
0.0598,-0.42832,-0.36155,0.80242
0.0599,-0.40177,-0.38774,0.80513
0.06,-0.37489,-0.41318,0.80667
0.0601,-0.34772,-0.4378,0.80698
0.0602,-0.32027,-0.46156,0.80598
0.0603,-0.29256,-0.48443,0.80364
0.0604,-0.26459,-0.50642,0.79991
0.0605,-0.23636,-0.52755,0.7948
0.0606,-0.20788,-0.54786,0.7883
0.0607,-0.17912,-0.56739,0.78043
0.0608,-0.15011,-0.58622,0.77122
0.0609,-0.12083,-0.60438,0.76071
0.061,-0.091303,-0.62192,0.74896
0.0611,1.516,-0.6741,-0.80669
0.0612,2.3717,-0.72156,-1.6152
0.0613,3.1166,-0.7673,-2.3141
0.0614,3.8198,-0.81503,-2.9692
0.0615,4.2996,-0.87903,-3.3847
0.0616,4.8122,-0.93376,-3.8421
0.0617,5.5593,-0.96905,-4.5536
0.0618,6.3038,-1.017,-5.2506
0.0619,7.0983,-1.0804,-5.9826
0.062,8.1365,-1.1324,-6.97
0.0621,9.2547,-1.1859,-8.0371
0.0622,10.275,-1.2506,-8.9961
0.0623,11.333,-1.3109,-9.9959
0.0624,12.306,-1.3704,-10.913
0.0625,13.046,-1.4369,-11.59
0.0626,13.863,-1.4891,-12.357
0.0627,14.951,-1.5211,-13.416
0.0628,16.132,-1.5556,-14.567
0.0629,17.436,-1.5946,-15.837
0.063,18.92,-1.6328,-17.288
0.0631,20.304,-1.6851,-18.624
0.0632,21.512,-1.7509,-19.771
0.0633,22.787,-1.8091,-20.993
0.0634,24.038,-1.8632,-22.194
0.0635,25.05,-1.9206,-23.153
0.0636,25.986,-1.9631,-24.05
0.0637,26.939,-1.9897,-24.979
0.0638,27.788,-2.0251,-25.796
0.0639,28.702,-2.0661,-26.671
0.064,29.86,-2.0997,-27.798
0.0641,31.053,-2.1408,-28.951
0.0642,32.173,-2.1954,-30.018
0.0643,33.38,-2.2448,-31.178
0.0644,34.618,-2.2858,-32.377
0.0645,35.776,-2.3213,-33.5
0.0646,36.993,-2.3397,-34.699
0.0647,38.259,-2.3446,-35.962
0.0648,39.361,-2.3561,-37.053
0.0649,40.354,-2.374,-38.029
0.065,41.388,-2.3916,-39.046
0.0651,42.399,-2.4173,-40.032
0.0652,43.408,-2.4491,-41.01
0.0653,44.517,-2.4739,-42.096
0.0654,45.573,-2.4956,-43.131
0.0655,46.439,-2.5174,-43.975
0.0656,47.234,-2.5283,-44.761
0.0657,47.978,-2.5309,-45.504
0.0658,48.571,-2.5387,-46.09
0.0659,49.121,-2.5464,-46.634
0.066,49.717,-2.5497,-47.228
0.0661,50.262,-2.5594,-47.765
0.0662,50.837,-2.5718,-48.329
0.0663,51.625,-2.5728,-49.119
0.0664,52.518,-2.5678,-50.018
0.0665,53.35,-2.5631,-50.858
0.0666,54.138,-2.5515,-51.659
0.0667,54.794,-2.5367,-52.332
0.0668,55.182,-2.5292,-52.73
0.0669,55.429,-2.5213,-52.987
0.067,55.676,-2.5058,-53.253
0.0671,55.854,-2.4914,-53.447
0.0672,55.978,-2.479,-53.586
0.0673,56.154,-2.4612,-53.783
0.0674,56.316,-2.4433,-53.965
0.0675,56.403,-2.4294,-54.068
0.0676,56.484,-2.4118,-54.169
0.0677,56.503,-2.3921,-54.211
0.0678,56.339,-2.3756,-54.065
0.0679,56.065,-2.3553,-53.814
0.068,55.775,-2.3264,-53.554
0.0681,55.469,-2.2938,-53.283
0.0682,55.23,-2.2562,-53.082
0.0683,55.126,-2.2115,-53.024
0.0684,55.033,-2.1692,-52.973
0.0685,54.86,-2.1338,-52.835
0.0686,54.648,-2.0991,-52.656
0.0687,54.346,-2.0657,-52.384
0.0688,53.878,-2.035,-51.944
0.0689,53.316,-1.9979,-51.414
0.069,52.673,-1.9523,-50.811
0.0691,51.878,-1.9065,-50.055
0.0692,51.006,-1.8595,-49.22
0.0693,50.175,-1.8081,-48.431
0.0694,49.35,-1.7602,-47.64
0.0695,48.509,-1.7192,-46.825
0.0696,47.708,-1.6788,-46.048
0.0697,46.897,-1.6388,-45.257
0.0698,46.009,-1.6001,-44.386
0.0699,45.126,-1.5538,-43.523
0.07,44.281,-1.4967,-42.706
0.0701,43.401,-1.4358,-41.854
0.0702,42.488,-1.3732,-40.966
0.0703,41.571,-1.3092,-40.072
0.0704,40.6,-1.2508,-39.114
0.0705,39.588,-1.1997,-38.102
0.0706,38.639,-1.1492,-37.149
0.0707,37.66,-1.1015,-36.159
0.0708,36.623,-1.0544,-35.104
0.0709,35.536,-1.0035,-33.998
0.071,34.378,-0.94968,-32.821
0.0711,33.118,-0.8962,-31.537
0.0712,31.817,-0.84039,-30.21
0.0713,30.498,-0.78581,-28.861
0.0714,29.16,-0.73545,-27.486
0.0715,27.83,-0.68987,-26.112
0.0716,26.576,-0.64499,-24.81
0.0717,25.41,-0.59999,-23.594
0.0718,24.321,-0.55464,-22.453
0.0719,23.316,-0.50554,-21.398
0.072,22.342,-0.45387,-20.373
0.0721,21.311,-0.4044,-19.287
0.0722,20.21,-0.35753,-18.13
0.0723,19.064,-0.3124,-16.927
0.0724,17.874,-0.271,-15.679
0.0725,16.671,-0.23299,-14.417
0.0726,15.503,-0.19611,-13.193
0.0727,14.361,-0.16141,-11.996
0.0728,13.224,-0.12997,-10.806
0.0729,12.11,-0.099809,-9.6427
0.073,11.008,-0.071328,-8.4944
0.0731,9.8762,-0.046484,-7.3209
0.0732,8.7163,-0.023988,-6.1245
0.0733,7.5412,-0.0023708,-4.9205
0.0734,6.3588,0.017802,-3.7168
0.0735,5.2248,0.038302,-2.5704
0.0736,4.2066,0.061299,-1.5491
0.0737,3.3105,0.084909,-0.65606
0.0738,2.5153,0.10667,0.13318
0.0739,1.8048,0.12616,0.83565
0.074,1.1281,0.14142,1.5039
0.0741,0.43397,0.15109,2.1895
0.0742,-0.27529,0.15794,2.8869
0.0743,-0.99688,0.16423,3.5912
0.0744,-1.7529,0.16934,4.3245
0.0745,-2.5273,0.17412,5.07
0.0746,-3.2814,0.17917,5.789
0.0747,-4.0064,0.18208,6.4755
0.0748,-4.6886,0.18071,7.1187
0.0749,-5.2979,0.17552,7.6887
0.075,-5.8459,0.16576,8.1985
0.0751,-6.3613,0.15107,8.6771
0.0752,-6.8335,0.13473,9.1113
0.0753,-7.2481,0.11937,9.4849
0.0754,-7.6085,0.10574,9.8012
0.0755,-7.8971,0.095078,10.042
0.0756,-8.1006,0.086794,10.197
0.0757,-8.2398,0.07699,10.289
0.0758,-8.3286,0.062928,10.336
0.0759,-8.3569,0.044651,10.327
0.076,-8.3313,0.021638,10.271
0.0761,-8.2667,-0.0060078,10.182
0.0762,-8.166,-0.035677,10.06
0.0763,-8.0487,-0.065611,9.9229
0.0764,-7.9463,-0.09617,9.8024
0.0765,-7.8543,-0.12683,9.6933
0.0766,-7.7573,-0.15779,9.5807
0.0767,-7.6482,-0.19088,9.4589
0.0768,-7.5075,-0.22735,9.31
0.0769,-7.3075,-0.26702,9.1064
0.077,-7.0362,-0.30978,8.8362
0.0771,-6.6796,-0.35445,8.4847
0.0772,-6.2147,-0.39848,8.027
0.0773,-5.6445,-0.44068,7.4651
0.0774,-5.0016,-0.48153,6.8324
0.0775,-4.3143,-0.52137,6.1573
0.0776,-3.6082,-0.56135,5.4662
0.0777,-2.904,-0.60333,4.7816
0.0778,-2.1957,-0.64773,4.0976
0.0779,-1.4615,-0.69381,3.3918
0.078,-0.69618,-0.74176,2.659
0.0781,0.099041,-0.79162,1.9005
0.0782,0.92462,-0.84256,1.1151
0.0783,1.7674,-0.8948,0.31591
0.0784,2.6154,-0.94763,-0.48569
0.0785,3.4605,-1.0016,-1.2814
0.0786,4.2993,-1.0563,-2.068
0.0787,5.1249,-1.1119,-2.8386
0.0788,5.9498,-1.168,-3.6064
0.0789,6.8087,-1.2232,-4.4067
0.079,7.7317,-1.2768,-5.27
0.0791,8.7394,-1.3287,-6.2166
0.0792,9.8406,-1.3786,-7.2549
0.0793,11.017,-1.4275,-8.3652
0.0794,12.232,-1.4769,-9.5087
0.0795,13.457,-1.5269,-10.657
0.0796,14.673,-1.577,-11.792
0.0797,15.863,-1.6271,-12.895
0.0798,17.021,-1.6762,-13.961
0.0799,18.152,-1.7235,-14.995
0.08,19.258,-1.7693,-16
0.0801,20.346,-1.8145,-16.981
0.0802,21.433,-1.8592,-17.953
0.0803,22.525,-1.904,-18.923
0.0804,23.615,-1.9497,-19.881
0.0805,24.701,-1.9959,-20.824
0.0806,25.778,-2.0414,-21.75
0.0807,26.844,-2.0851,-22.655
0.0808,27.91,-2.1252,-23.551
0.0809,28.996,-2.1606,-24.458
0.081,30.107,-2.1915,-25.378
0.0811,31.241,-2.2191,-26.307
0.0812,32.394,-2.2447,-27.238
0.0813,33.558,-2.2697,-28.158
0.0814,34.72,-2.295,-29.052
0.0815,35.871,-2.3204,-29.91
0.0816,36.998,-2.3449,-30.716
0.0817,38.079,-2.3679,-31.448
0.0818,39.098,-2.3888,-32.09
0.0819,40.05,-2.4068,-32.633
0.082,40.932,-2.4227,-33.074
0.0821,41.752,-2.437,-33.417
0.0822,42.525,-2.4505,-33.677
0.0823,43.261,-2.4638,-33.86
0.0824,43.969,-2.4773,-33.975
0.0825,44.667,-2.49,-34.037
0.0826,45.366,-2.5007,-34.058
0.0827,46.069,-2.5082,-34.038
0.0828,46.773,-2.5118,-33.973
0.0829,47.465,-2.5114,-33.851
0.083,48.127,-2.5078,-33.65
0.0831,48.743,-2.5022,-33.356
0.0832,49.31,-2.495,-32.969
0.0833,49.831,-2.4868,-32.494
0.0834,50.305,-2.4781,-31.933
0.0835,50.733,-2.4685,-31.295
0.0836,51.112,-2.4577,-30.581
0.0837,51.427,-2.4458,-29.788
0.0838,51.672,-2.4325,-28.916
0.0839,51.841,-2.4177,-27.97
0.084,51.926,-2.4018,-26.954
0.0841,51.928,-2.3847,-25.88
0.0842,51.859,-2.3665,-24.769
0.0843,51.736,-2.3466,-23.648
0.0844,51.582,-2.3248,-22.545
0.0845,51.423,-2.3002,-21.489
0.0846,51.273,-2.2728,-20.492
0.0847,51.127,-2.243,-19.551
0.0848,50.972,-2.2111,-18.653
0.0849,50.791,-2.1776,-17.78
0.085,50.562,-2.143,-16.915
0.0851,50.272,-2.1072,-16.048
0.0852,49.918,-2.0698,-15.18
0.0853,49.495,-2.0309,-14.309
0.0854,49.003,-1.9907,-13.437
0.0855,48.451,-1.9493,-12.573
0.0856,47.843,-1.907,-11.721
0.0857,47.182,-1.8648,-10.885
0.0858,46.472,-1.8227,-10.066
0.0859,45.713,-1.7809,-9.2642
0.086,44.904,-1.739,-8.4764
0.0861,44.048,-1.6964,-7.7057
0.0862,43.16,-1.652,-6.9621
0.0863,42.253,-1.605,-6.2549
0.0864,41.343,-1.5552,-5.5907
0.0865,40.439,-1.5029,-4.9736
0.0866,39.545,-1.449,-4.3992
0.0867,38.655,-1.3945,-3.8572
0.0868,37.764,-1.3403,-3.3388
0.0869,36.866,-1.2864,-2.8342
0.087,35.946,-1.2329,-2.3309
0.0871,34.995,-1.1793,-1.8176
0.0872,34.001,-1.1253,-1.2855
0.0873,32.955,-1.0708,-0.72731
0.0874,31.855,-1.0161,-0.14189
0.0875,30.707,-0.96143,0.46424
0.0876,29.52,-0.90755,1.0835
0.0877,28.302,-0.85515,1.7076
0.0878,27.067,-0.80441,2.326
0.0879,25.828,-0.75508,2.9284
0.088,24.596,-0.70663,3.5073
0.0881,23.38,-0.65822,4.0553
0.0882,22.191,-0.60909,4.5691
0.0883,21.025,-0.55912,5.0533
0.0884,19.879,-0.50866,5.5161
0.0885,18.748,-0.45826,5.9637
0.0886,17.629,-0.40872,6.402
0.0887,16.52,-0.36076,6.8342
0.0888,15.422,-0.3147,7.2602
0.0889,14.334,-0.27065,7.6817
0.089,13.249,-0.22871,8.1051
0.0891,12.16,-0.18877,8.5369
0.0892,11.06,-0.15072,8.9832
0.0893,9.9423,-0.11463,9.4504
0.0894,8.8019,-0.080643,9.9413
0.0895,7.6414,-0.048824,10.453
0.0896,6.4669,-0.019252,10.979
0.0897,5.2911,0.0081573,11.508
0.0898,4.1334,0.033817,12.021
0.0899,3.0146,0.058209,12.501
0.09,1.9498,0.081659,12.935
0.0901,0.94806,0.10438,13.317
0.0902,0.0086923,0.12629,13.652
0.0903,-0.87756,0.14706,13.95
0.0904,-1.722,0.16639,14.224
0.0905,-2.5336,0.18419,14.481
0.0906,-3.3203,0.20029,14.731
0.0907,-4.087,0.21464,14.978
0.0908,-4.835,0.22723,15.223
0.0909,-5.5647,0.23786,15.465
0.091,-6.2769,0.24619,15.705
0.0911,-6.9707,0.25192,15.942
0.0912,-7.6462,0.25484,16.177
0.0913,-8.3054,0.25473,16.409
0.0914,-8.9488,0.25171,16.641
0.0915,-9.5724,0.24627,16.866
0.0916,-10.168,0.23902,17.077
0.0917,-10.724,0.23063,17.261
0.0918,-11.225,0.22166,17.403
0.0919,-11.657,0.21227,17.491
0.092,-12.015,0.20216,17.52
0.0921,-12.296,0.19089,17.489
0.0922,-12.504,0.17795,17.401
0.0923,-12.646,0.163,17.266
0.0924,-12.732,0.14597,17.091
0.0925,-12.772,0.12707,16.887
0.0926,-12.777,0.10649,16.665
0.0927,-12.759,0.08435,16.433
0.0928,-12.722,0.060686,16.197
0.0929,-12.67,0.035252,15.957
0.093,-12.6,0.007615,15.714
0.0931,-12.51,-0.022569,15.461
0.0932,-12.393,-0.055485,15.195
0.0933,-12.244,-0.091059,14.907
0.0934,-12.054,-0.12878,14.589
0.0935,-11.814,-0.16787,14.232
0.0936,-11.518,-0.2076,13.826
0.0937,-11.16,-0.24745,13.368
0.0938,-10.738,-0.28717,12.855
0.0939,-10.256,-0.32694,12.29
0.094,-9.7152,-0.36719,11.675
0.0941,-9.1193,-0.40826,11.014
0.0942,-8.4715,-0.45046,10.31
0.0943,-7.7775,-0.49395,9.5685
0.0944,-7.0446,-0.53873,8.7965
0.0945,-6.282,-0.58468,8.0025
0.0946,-5.5008,-0.63173,7.197
0.0947,-4.7111,-0.6799,6.3896
0.0948,-3.92,-0.7292,5.5869
0.0949,-3.1317,-0.77973,4.7926
0.095,-2.346,-0.83159,4.0064
0.0951,-1.5572,-0.88469,3.222
0.0952,-0.75492,-0.93874,2.4285
0.0953,0.073324,-0.99333,1.6131
0.0954,0.94023,-1.0479,0.76265
0.0955,1.8549,-1.1021,-0.13219
0.0956,2.82,-1.1555,-1.074
0.0957,3.8326,-1.2081,-2.0596
0.0958,4.8864,-1.2599,-3.0825
0.0959,5.9729,-1.3111,-4.1338
0.096,7.0838,-1.3615,-5.2049
0.0961,8.2125,-1.4113,-6.2887
0.0962,9.3527,-1.4605,-7.3789
0.0963,10.498,-1.5091,-8.4687
0.0964,11.644,-1.5573,-9.5526
0.0965,12.784,-1.6051,-10.625
0.0966,13.912,-1.6527,-11.678
0.0967,15.024,-1.7003,-12.708
0.0968,16.114,-1.7477,-13.709
0.0969,17.182,-1.7947,-14.681
0.097,18.23,-1.841,-15.625
0.0971,19.265,-1.886,-16.548
0.0972,20.298,-1.9292,-17.462
0.0973,21.339,-1.9701,-18.374
0.0974,22.396,-2.0087,-19.294
0.0975,23.474,-2.0449,-20.224
0.0976,24.573,-2.079,-21.161
0.0977,25.689,-2.1112,-22.1
0.0978,26.813,-2.1416,-23.032
0.0979,27.937,-2.1702,-23.945
0.098,29.049,-2.1971,-24.826
0.0981,30.139,-2.222,-25.664
0.0982,31.196,-2.2451,-26.446
0.0983,32.215,-2.2666,-27.165
0.0984,33.189,-2.2866,-27.814
0.0985,34.117,-2.3056,-28.388
0.0986,34.998,-2.3239,-28.886
0.0987,35.832,-2.3415,-29.307
0.0988,36.624,-2.3582,-29.654
0.0989,37.378,-2.3737,-29.931
0.099,38.101,-2.3875,-30.144
0.0991,38.799,-2.3991,-30.297
0.0992,39.476,-2.4081,-30.396
0.0993,40.137,-2.4143,-30.442
0.0994,40.783,-2.4181,-30.436
0.0995,41.413,-2.4195,-30.377
0.0996,42.025,-2.4189,-30.262
0.0997,42.616,-2.4164,-30.088
0.0998,43.179,-2.4122,-29.85
0.0999,43.707,-2.4064,-29.541
0.1,44.188,-2.3989,-29.155
0.1001,44.614,-2.3898,-28.687
0.1002,44.975,-2.3792,-28.134
0.1003,45.265,-2.3673,-27.496
0.1004,45.482,-2.3543,-26.779
0.1005,45.627,-2.3403,-25.991
0.1006,45.705,-2.3252,-25.147
0.1007,45.725,-2.309,-24.262
0.1008,45.699,-2.2914,-23.356
0.1009,45.637,-2.2719,-22.444
0.101,45.546,-2.2504,-21.537
0.1011,45.432,-2.2267,-20.644
0.1012,45.294,-2.2007,-19.768
0.1013,45.132,-2.1725,-18.91
0.1014,44.943,-2.1423,-18.069
0.1015,44.724,-2.1101,-17.243
0.1016,44.471,-2.0762,-16.43
0.1017,44.179,-2.0406,-15.628
0.1018,43.845,-2.0037,-14.833
0.1019,43.464,-1.9656,-14.042
0.102,43.03,-1.9266,-13.252
0.1021,42.538,-1.8869,-12.459
0.1022,41.985,-1.8466,-11.662
0.1023,41.37,-1.8059,-10.862
0.1024,40.694,-1.7646,-10.061
0.1025,39.965,-1.7225,-9.2661
0.1026,39.192,-1.6794,-8.4858
0.1027,38.388,-1.635,-7.729
0.1028,37.563,-1.5891,-7.0034
0.1029,36.728,-1.5417,-6.3138
0.103,35.888,-1.4929,-5.6611
0.1031,35.047,-1.4429,-5.0436
0.1032,34.205,-1.3917,-4.4561
0.1033,33.357,-1.3395,-3.8921
0.1034,32.499,-1.2864,-3.3438
0.1035,31.625,-1.2325,-2.8033
0.1036,30.729,-1.178,-2.2632
0.1037,29.804,-1.123,-1.7175
0.1038,28.847,-1.0679,-1.1619
0.1039,27.855,-1.013,-0.59373
0.104,26.827,-0.95869,-0.01196
0.1041,25.762,-0.90518,0.58242
0.1042,24.665,-0.85257,1.1869
0.1043,23.54,-0.80077,1.797
0.1044,22.395,-0.74954,2.4068
0.1045,21.236,-0.6986,3.0097
0.1046,20.074,-0.64771,3.5995
0.1047,18.917,-0.59677,4.1707
0.1048,17.772,-0.54582,4.7198
0.1049,16.644,-0.49505,5.2447
0.105,15.536,-0.4447,5.7456
0.1051,14.449,-0.39503,6.224
0.1052,13.382,-0.34626,6.6839
0.1053,12.331,-0.29858,7.131
0.1054,11.289,-0.25213,7.5722
0.1055,10.249,-0.20708,8.0149
0.1056,9.2031,-0.16361,8.4663
0.1057,8.1466,-0.12194,8.9315
0.1058,7.0751,-0.082298,9.4138
0.1059,5.9878,-0.044874,9.9132
0.106,4.8873,-0.0097702,10.427
0.1061,3.7793,0.023052,10.949
0.1062,2.6721,0.053755,11.472
0.1063,1.5754,0.082597,11.988
0.1064,0.49867,0.10988,12.487
0.1065,-0.54997,0.13584,12.964
0.1066,-1.5644,0.16066,13.415
0.1067,-2.5405,0.18441,13.837
0.1068,-3.476,0.20707,14.229
0.1069,-4.3699,0.22857,14.593
0.107,-5.2228,0.2488,14.931
0.1071,-6.0366,0.26763,15.243
0.1072,-6.8145,0.28487,15.536
0.1073,-7.5613,0.30034,15.814
0.1074,-8.2824,0.31383,16.082
0.1075,-8.9836,0.32514,16.345
0.1076,-9.6704,0.33407,16.609
0.1077,-10.346,0.34051,16.877
0.1078,-11.013,0.34444,17.148
0.1079,-11.667,0.34593,17.422
0.108,-12.303,0.34517,17.69
0.1081,-12.913,0.34241,17.944
0.1082,-13.487,0.33789,18.175
0.1083,-14.014,0.33181,18.374
0.1084,-14.488,0.32432,18.532
0.1085,-14.902,0.31548,18.645
0.1086,-15.253,0.30531,18.709
0.1087,-15.541,0.29383,18.725
0.1088,-15.768,0.28104,18.696
0.1089,-15.939,0.26692,18.625
0.109,-16.058,0.25141,18.518
0.1091,-16.131,0.23441,18.379
0.1092,-16.165,0.21572,18.215
0.1093,-16.165,0.19513,18.031
0.1094,-16.137,0.17241,17.831
0.1095,-16.083,0.14737,17.618
0.1096,-16.005,0.11993,17.395
0.1097,-15.905,0.090165,17.159
0.1098,-15.778,0.058252,16.909
0.1099,-15.621,0.024491,16.637
0.11,-15.428,-0.010775,16.339
0.1101,-15.19,-0.047239,16.005
0.1102,-14.903,-0.084683,15.63
0.1103,-14.559,-0.12297,15.207
0.1104,-14.157,-0.16206,14.733
0.1105,-13.693,-0.20192,14.206
0.1106,-13.169,-0.24257,13.627
0.1107,-12.589,-0.284,12.999
0.1108,-11.958,-0.32622,12.327
0.1109,-11.285,-0.36926,11.619
0.111,-10.576,-0.41318,10.883
0.1111,-9.842,-0.45812,10.127
0.1112,-9.0895,-0.50421,9.3591
0.1113,-8.3245,-0.5516,8.5839
0.1114,-7.5505,-0.60038,7.8047
0.1115,-6.768,-0.65055,7.0217
0.1116,-5.9752,-0.70199,6.2326
0.1117,-5.1682,-0.75447,5.4329
0.1118,-4.3416,-0.80767,4.6169
0.1119,-3.4902,-0.86126,3.7787
0.112,-2.6089,-0.91495,2.9132
0.1121,-2.3246,-0.9581,2.6302
0.1122,-2.2943,-0.9884,2.5849
0.1123,-2.271,-1.0084,2.5336
0.1124,-2.2515,-1.0225,2.4782
0.1125,-2.2402,-1.0233,2.4176
0.1126,-2.235,-1.0136,2.3533
0.1127,-2.2268,-1.0066,2.2895
0.1128,-2.2177,-0.99945,2.2259
0.1129,-2.2138,-0.98283,2.1607
0.113,-2.2105,-0.96383,2.096
0.1131,-2.2031,-0.94929,2.0335
0.1132,-2.1966,-0.93225,1.9716
0.1133,-2.192,-0.911,1.9098
0.1134,-2.1853,-0.89136,1.8495
0.1135,-2.1775,-0.8716,1.79
0.1136,-2.1696,-0.85102,1.7314
0.1137,-2.1554,-0.83894,1.6762
0.1138,-2.1336,-0.83822,1.625
0.1139,-2.1093,-0.84158,1.5757
0.114,-2.0843,-0.84708,1.5282
0.1141,-2.0586,-0.85443,1.4818
0.1142,-2.037,-0.85611,1.4347
0.1143,-2.0208,-0.84996,1.3861
0.1144,-2.0057,-0.84187,1.3377
0.1145,-1.9921,-0.83053,1.2886
0.1146,-1.9824,-0.81186,1.2376
0.1147,-1.9736,-0.79048,1.1862
0.1148,-1.9651,-0.76701,1.1347
0.1149,-1.962,-0.73387,1.0811
0.115,-1.963,-0.69309,1.0268
0.1151,-1.9625,-0.65314,0.97406
0.1152,-1.9632,-0.61021,0.92207
0.1153,-1.9684,-0.55944,0.86973
0.1154,-1.972,-0.51004,0.81982
0.1155,-1.9697,-0.46907,0.77402
0.1156,-1.9642,-0.43288,0.73136
0.1157,-1.9546,-0.40367,0.69234
0.1158,-1.9375,-0.38682,0.65818
0.1159,-1.9178,-0.37508,0.6265
0.116,-1.9017,-0.35966,0.59511
0.1161,-1.8865,-0.34395,0.5649
0.1162,-1.8708,-0.32993,0.53622
0.1163,-1.858,-0.31221,0.50744
0.1164,-1.8473,-0.29189,0.47897
0.1165,-1.8351,-0.27383,0.45179
0.1166,-1.824,-0.25412,0.42472
0.1167,-1.8168,-0.22842,0.39673
0.1168,-1.8117,-0.19968,0.36887
0.1169,-1.8086,-0.16758,0.34099
0.117,-1.8104,-0.12789,0.31215
0.1171,-1.8158,-0.082337,0.28305
0.1172,-1.8228,-0.034023,0.25472
0.1173,-1.8321,0.018136,0.22695
0.1174,-1.8414,0.070337,0.20113
0.1175,-1.8459,0.11459,0.17949
0.1176,-1.8455,0.15068,0.16194
0.1177,-1.843,0.1819,0.1476
0.1178,-1.8375,0.20662,0.13705
0.1179,-1.8296,0.22561,0.12986
0.118,-1.8226,0.24376,0.12464
0.1181,-1.8156,0.25978,0.12175
0.1182,-1.8059,0.26982,0.12204
0.1183,-1.7957,0.27767,0.12395
0.1184,-1.7873,0.28711,0.12629
0.1185,-1.7788,0.29544,0.12967
0.1186,-1.7711,0.30423,0.13351
0.1187,-1.7683,0.31957,0.13611
0.1188,-1.7696,0.34045,0.138
0.1189,-1.7731,0.36392,0.14004
0.119,-1.7812,0.39395,0.14114
0.1191,-1.7944,0.43159,0.14119
0.1192,-1.8083,0.4699,0.14224
0.1193,-1.8206,0.50583,0.14513
0.1194,-1.8326,0.54099,0.14948
0.1195,-1.8421,0.57179,0.15629
0.1196,-1.8471,0.5952,0.16642
0.1197,-1.8511,0.61585,0.17862
0.1198,-1.8557,0.63601,0.19244
0.1199,-1.8582,0.65116,0.20911
0.12,-1.8578,0.66024,0.22897
0.1201,-1.8564,0.66562,0.25134
0.1202,-1.8528,0.6654,0.27665
0.1203,-1.8458,0.65817,0.30497
0.1204,-1.8382,0.64807,0.33501
0.1205,-1.8318,0.63769,0.3659
0.1206,-1.8261,0.62651,0.39755
0.1207,-1.8228,0.61753,0.42883
0.1208,-1.8243,0.61472,0.45857
0.1209,-1.83,0.61762,0.48675
0.121,-1.8393,0.62563,0.51338
0.1211,-1.8523,0.63935,0.53828
0.1212,-1.867,0.65553,0.56251
0.1213,-1.8804,0.67011,0.58718
0.1214,-1.8931,0.6835,0.61222
0.1215,-1.9054,0.69587,0.63773
0.1216,-1.9158,0.70482,0.6645
0.1217,-1.9246,0.71068,0.69244
0.1218,-1.9329,0.7146,0.72128
0.1219,-1.9383,0.71311,0.75199
0.122,-1.9393,0.70357,0.7852
0.1221,-1.9375,0.68845,0.82011
0.1222,-1.9337,0.66845,0.85655
0.1223,-1.9265,0.64155,0.89499
0.1224,-1.9176,0.61012,0.93469
0.1225,-1.9098,0.57821,0.97446
