0.1,0.685,0.0075534,-0.6648
0.1001,0.6695,0.036941,-0.67955
0.1002,0.65286,0.066332,-0.69355
0.1003,0.63514,0.095642,-0.70677
0.1004,0.61641,0.12478,-0.71916
0.1005,0.59674,0.15367,-0.73066
0.1006,0.57618,0.18223,-0.74123
0.1007,0.55481,0.21038,-0.75081
0.1008,0.53266,0.23806,-0.75936
0.1009,0.5098,0.26523,-0.76684
0.101,0.48626,0.29186,-0.77323
0.1011,0.46207,0.31793,-0.77851
0.1012,0.43728,0.34344,-0.78267
0.1013,0.41189,0.3684,-0.78572
0.1014,0.38596,0.39285,-0.78767
0.1015,0.35951,0.41681,-0.78853
0.1016,0.33257,0.44028,-0.78831
0.1017,0.30518,0.46329,-0.78704
0.1018,0.2774,0.48582,-0.78473
0.1019,0.24927,0.50785,-0.78137
0.102,0.22085,0.52937,-0.77697
0.1021,0.1922,0.55032,-0.7715
0.1022,0.16336,0.57067,-0.76492
0.1023,0.13441,0.59035,-0.75722
0.1024,0.10539,0.60931,-0.74835
0.1025,0.076361,0.62747,-0.73825
0.1026,0.047354,0.64477,-0.72689
0.1027,0.01841,0.66117,-0.71426
0.1028,-0.010444,0.67661,-0.70032
0.1029,-0.039185,0.69107,-0.68509
0.103,-0.067797,0.70452,-0.66858
0.1031,-0.096265,0.71695,-0.65083
0.1032,-0.12457,0.72836,-0.63189
0.1033,-0.15271,0.73879,-0.61183
0.1034,-0.18066,0.74824,-0.59074
0.1035,-0.20839,0.75674,-0.5687
0.1036,-0.23587,0.76433,-0.54581
0.1037,-0.26307,0.77103,-0.52216
0.1038,-0.28994,0.77685,-0.49785
0.1039,-0.31643,0.7818,-0.47298
0.104,-0.3425,0.78589,-0.44762
0.1041,-0.36809,0.78908,-0.42183
0.1042,-0.39316,0.79137,-0.39569
0.1043,-0.41768,0.79269,-0.36922
0.1044,-0.44158,0.79299,-0.34246
0.1045,-0.46482,0.79222,-0.31544
0.1046,-0.48737,0.7903,-0.28814
0.1047,-0.50919,0.78719,-0.26058
0.1048,-0.53026,0.78281,-0.23275
0.1049,-0.55057,0.77712,-0.20465
0.105,-0.57012,0.77007,-0.17628
0.1051,-0.5889,0.76166,-0.14764
0.1052,-0.60691,0.75187,-0.11876
0.1053,-0.62415,0.74072,-0.089668
0.1054,-0.64064,0.72823,-0.060404
0.1055,-0.65635,0.71447,-0.031021
0.1056,-0.6713,0.69949,-0.0015857
0.1057,-0.68547,0.68336,0.027832
0.1058,-0.69884,0.66616,0.057157
0.1059,-0.71139,0.64797,0.086312
0.106,-0.72309,0.62887,0.11522
0.1061,-0.7339,0.60891,0.14382
0.1062,-0.7438,0.58816,0.17204
0.1063,-0.75274,0.56666,0.19985
0.1064,-0.7607,0.54446,0.22719
0.1065,-0.76763,0.52158,0.25406
0.1066,-0.77351,0.49805,0.28042
0.1067,-0.77832,0.47386,0.30629
0.1068,-0.78204,0.44905,0.33166
0.1069,-0.78465,0.42361,0.35656
0.107,-0.78617,0.39758,0.38099
0.1071,-0.78657,0.37097,0.40498
0.1072,-0.78587,0.34384,0.4285
0.1073,-0.78407,0.31621,0.45154
0.1074,-0.78115,0.28816,0.47408
0.1075,-0.77714,0.25975,0.49607
0.1076,-0.77202,0.23104,0.51748
0.1077,-0.76578,0.20212,0.53825
0.1078,-0.7584,0.17306,0.55833
0.1079,-0.74987,0.14393,0.57765
0.108,-0.74018,0.1148,0.59616
0.1081,-0.72929,0.08571,0.61382
0.1082,-0.71719,0.056716,0.63057
0.1083,-0.70388,0.027845,0.64639
0.1084,-0.68936,-0.00088344,0.66124
0.1085,-0.67364,-0.029461,0.67513
0.1086,-0.65676,-0.057884,0.68804
0.1087,-0.63874,-0.086154,0.69999
0.1088,-0.61963,-0.11427,0.71099
0.1089,-0.59949,-0.14224,0.72106
0.109,-0.57837,-0.17004,0.73022
0.1091,-0.55636,-0.19767,0.73849
0.1092,-0.53351,-0.22508,0.74588
0.1093,-0.50992,-0.25225,0.75239
0.1094,-0.48564,-0.27912,0.75803
0.1095,-0.46077,-0.30563,0.76279
0.1096,-0.43537,-0.33172,0.76663
0.1097,-0.4095,-0.35733,0.76952
0.1098,-0.38323,-0.38242,0.77143
0.1099,-0.3566,-0.4069,0.77229
0.11,-0.32966,-0.43071,0.77206
0.1101,-0.30243,-0.45381,0.77067
0.1102,-0.27494,-0.47615,0.76808
0.1103,-0.2472,-0.4977,0.76425
0.1104,-0.21923,-0.51846,0.75913
0.1105,-0.19103,-0.53841,0.75269
0.1106,-0.16262,-0.55756,0.74492
0.1107,-0.13401,-0.57593,0.73582
0.1108,-0.10521,-0.59353,0.7254
0.1109,-0.076259,-0.61039,0.71369
0.111,-0.047181,-0.62651,0.70073
0.1111,-0.095235,-0.66357,0.76215
0.1112,-0.092233,-0.68785,0.77753
0.1113,-0.075667,-0.70778,0.77333
0.1114,-0.070343,-0.7342,0.7723
0.1115,-0.075264,-0.75723,0.79042
0.1116,-0.064664,-0.77627,0.79543
0.1117,-0.047234,-0.79412,0.77536
0.1118,-0.043216,-0.8166,0.77865
0.1119,-0.054602,-0.84416,0.79815
0.112,-0.06504,-0.86984,0.80724
0.1121,-0.06349,-0.88675,0.80681
0.1122,-0.049745,-0.89766,0.79552
0.1123,-0.035614,-0.90584,0.77846
0.1124,-0.022895,-0.91251,0.76512
0.1125,-0.010089,-0.9171,0.75148
0.1126,0.0069472,-0.92145,0.72986
0.1127,0.025788,-0.92361,0.70052
0.1128,0.040155,-0.92715,0.67739
0.1129,0.045474,-0.93128,0.66356
0.113,0.048163,-0.93317,0.6542
0.1131,0.056492,-0.9299,0.64025
0.1132,0.073733,-0.9226,0.61688
0.1133,0.096196,-0.9138,0.58526
0.1134,0.11857,-0.90445,0.55086
0.1135,0.14092,-0.89274,0.51338
0.1136,0.16819,-0.87885,0.46807
0.1137,0.19433,-0.86459,0.42382
0.1138,0.21085,-0.8523,0.39696
0.1139,0.21875,-0.84059,0.38206
0.114,0.22953,-0.82603,0.36362
0.1141,0.24925,-0.80729,0.33322
0.1142,0.27297,-0.78672,0.29669
0.1143,0.29753,-0.7652,0.25802
0.1144,0.32674,-0.74153,0.21246
0.1145,0.36,-0.71509,0.16079
0.1146,0.3918,-0.68812,0.11128
0.1147,0.4167,-0.66158,0.069888
0.1148,0.4391,-0.63487,0.032402
0.1149,0.45956,-0.60679,-0.0038574
0.115,0.48073,-0.57714,-0.042398
0.1151,0.50577,-0.54559,-0.087066
0.1152,0.53618,-0.5115,-0.13942
0.1153,0.56904,-0.47545,-0.1945
0.1154,0.60036,-0.43916,-0.24658
0.1155,0.62901,-0.4025,-0.2951
0.1156,0.65568,-0.36504,-0.34149
0.1157,0.67767,-0.32796,-0.3832
0.1158,0.6933,-0.29228,-0.41788
0.1159,0.70633,-0.25625,-0.45194
0.116,0.72247,-0.21782,-0.49239
0.1161,0.74285,-0.17723,-0.539
0.1162,0.76471,-0.13587,-0.58754
0.1163,0.78694,-0.093681,-0.63699
0.1164,0.81082,-0.050382,-0.68895
0.1165,0.83503,-0.0066752,-0.74187
0.1166,0.85589,0.036276,-0.7917
0.1167,0.87172,0.078496,-0.8372
0.1168,0.88459,0.12071,-0.88016
0.1169,0.89695,0.16364,-0.92324
0.117,0.91007,0.20746,-0.96786
0.1171,0.92455,0.25227,-1.0145
0.1172,0.94047,0.29792,-1.0625
0.1173,0.95667,0.34398,-1.1103
0.1174,0.97157,0.38952,-1.156
0.1175,0.984,0.43403,-1.1982
0.1176,0.99346,0.4774,-1.2364
0.1177,0.99991,0.51966,-1.2713
0.1178,1.0043,0.56084,-1.3044
0.1179,1.0086,0.6017,-1.3385
0.118,1.0151,0.64289,-1.3767
0.1181,1.0247,0.68422,-1.4205
0.1182,1.0359,0.72499,-1.4687
0.1183,1.047,0.76502,-1.5204
0.1184,1.0575,0.80408,-1.5769
0.1185,1.0667,0.84151,-1.6412
0.1186,1.0735,0.87654,-1.7178
0.1187,1.0777,0.90893,-1.8158
0.1188,1.0823,0.93867,-1.9473
0.1189,1.0902,0.96601,-2.1114
0.119,1.1012,0.99142,-2.2833
0.1191,1.1131,1.0155,-2.4356
0.1192,1.1252,1.0389,-2.5572
0.1193,1.1361,1.0619,-2.6491
0.1194,1.1435,1.0848,-2.7177
0.1195,1.1458,1.107,-2.7739
0.1196,1.1446,1.1279,-2.8283
0.1197,1.1419,1.1477,-2.8822
0.1198,1.138,1.1665,-2.9307
0.1199,1.1337,1.1843,-2.9692
0.12,1.1301,1.2013,-2.9918
0.1201,1.1262,1.2183,-2.9889
0.1202,1.1193,1.2353,-2.954
0.1203,1.1075,1.2523,-2.89
0.1204,1.0905,1.2695,-2.8076
0.1205,1.0685,1.2871,-2.7202
0.1206,1.0423,1.3035,-2.6387
0.1207,1.0147,1.3175,-2.5659
0.1208,0.98902,1.329,-2.4944
0.1209,0.96659,1.3381,-2.4116
0.121,0.94618,1.3447,-2.3074
0.1211,0.92582,1.3494,-2.1796
0.1212,0.90399,1.3533,-2.0356
0.1213,0.87955,1.3561,-1.8913
0.1214,0.85201,1.3566,-1.7619
0.1215,0.82227,1.354,-1.6542
0.1216,0.79243,1.3483,-1.567
0.1217,0.76425,1.3391,-1.4961
0.1218,0.73826,1.3267,-1.4371
0.1219,0.71398,1.3118,-1.3866
0.122,0.68999,1.2953,-1.3418
0.1221,0.66349,1.2779,-1.2995
0.1222,0.63077,1.2601,-1.2574
0.1223,0.58846,1.2425,-1.2141
0.1224,0.53336,1.2248,-1.1693
0.1225,0.46014,1.2066,-1.1237
0.1226,0.35767,1.1874,-1.079
0.1227,0.20579,1.1671,-1.0375
0.1228,-0.012163,1.1468,-1.0015
0.1229,-0.27268,1.1279,-0.97133
0.123,-0.51786,1.1106,-0.94524
0.1231,-0.7079,1.0943,-0.92004
0.1232,-0.8398,1.0782,-0.89305
0.1233,-0.93027,1.0605,-0.8622
0.1234,-0.99975,1.0388,-0.82623
0.1235,-1.0679,1.0127,-0.78596
0.1236,-1.1486,0.98366,-0.74433
0.1237,-1.2452,0.95265,-0.70364
0.1238,-1.3533,0.91929,-0.66407
0.1239,-1.4633,0.8845,-0.62518
0.124,-1.5605,0.8494,-0.58595
0.1241,-1.6279,0.8139,-0.54489
0.1242,-1.6538,0.777,-0.50005
0.1243,-1.6384,0.73724,-0.44924
0.1244,-1.5956,0.69284,-0.39203
0.1245,-1.5479,0.64322,-0.33027
0.1246,-1.5132,0.5903,-0.26758
0.1247,-1.4939,0.53713,-0.20786
0.1248,-1.4786,0.48598,-0.15366
0.1249,-1.4474,0.43817,-0.10505
0.125,-1.3794,0.39358,-0.059668
0.1251,-1.2637,0.35017,-0.013885
0.1252,-1.1061,0.3054,0.035121
0.1253,-0.92453,0.25774,0.088729
0.1254,-0.74239,0.20668,0.14671
0.1255,-0.58349,0.15331,0.20652
0.1256,-0.4621,0.1001,0.26407
0.1257,-0.37996,0.048672,0.31678
0.1258,-0.32859,-0.00076762,0.36436
0.1259,-0.29698,-0.0476,0.40721
0.126,-0.27745,-0.091266,0.44633
0.1261,-0.26557,-0.13357,0.48446
0.1262,-0.25902,-0.17735,0.52441
0.1263,-0.25677,-0.22424,0.56777
0.1264,-0.25739,-0.27359,0.61275
0.1265,-0.25895,-0.32357,0.6561
0.1266,-0.26072,-0.3711,0.69468
0.1267,-0.26259,-0.41317,0.72602
0.1268,-0.26434,-0.44881,0.74952
0.1269,-0.26573,-0.4792,0.76693
0.127,-0.26747,-0.50646,0.78148
0.1271,-0.27014,-0.5335,0.79674
0.1272,-0.27345,-0.56279,0.81492
0.1273,-0.27696,-0.59498,0.83617
0.1274,-0.28064,-0.62893,0.8592
0.1275,-0.28374,-0.66307,0.88175
0.1276,-0.28517,-0.69555,0.90117
0.1277,-0.28436,-0.72489,0.91579
0.1278,-0.28145,-0.75077,0.92557
0.1279,-0.27692,-0.7742,0.932
0.128,-0.27153,-0.79654,0.93719
0.1281,-0.26563,-0.81977,0.94328
0.1282,-0.25891,-0.84575,0.95164
0.1283,-0.25113,-0.87449,0.96189
0.1284,-0.24249,-0.90354,0.97173
0.1285,-0.23296,-0.9299,0.97811
0.1286,-0.22253,-0.9511,0.97856
0.1287,-0.21162,-0.9658,0.9721
0.1288,-0.20052,-0.97429,0.95934
0.1289,-0.18898,-0.9786,0.94202
0.129,-0.1771,-0.98087,0.92235
0.1291,-0.1654,-0.98271,0.9025
0.1292,-0.15396,-0.9851,0.88363
0.1293,-0.14226,-0.98793,0.86537
0.1294,-0.12998,-0.9899,0.84642
0.1295,-0.11676,-0.98983,0.82554
0.1296,-0.10196,-0.98706,0.80172
0.1297,-0.08531,-0.98123,0.77437
0.1298,-0.067199,-0.97272,0.74419
0.1299,-0.04804,-0.96323,0.71315
0.13,-0.028024,-0.95457,0.6831
0.1301,-0.0072562,-0.94762,0.65492
0.1302,0.014154,-0.94232,0.62868
0.1303,0.036112,-0.93766,0.60354
0.1304,0.05838,-0.9313,0.57748
0.1305,0.080961,-0.92104,0.54837
0.1306,0.10419,-0.90624,0.51527
0.1307,0.12836,-0.88751,0.4784
0.1308,0.1534,-0.86572,0.43846
0.1309,0.17927,-0.84215,0.39654
0.131,0.20557,-0.81791,0.35396
0.1311,0.23159,-0.79325,0.31162
0.1312,0.2569,-0.76756,0.2694
0.1313,0.28176,-0.74016,0.2266
0.1314,0.3065,-0.71025,0.18242
0.1315,0.33136,-0.67733,0.13639
0.1316,0.35677,-0.64167,0.088502
0.1317,0.38316,-0.60445,0.039472
0.1318,0.41045,-0.56716,-0.0092747
0.1319,0.43831,-0.53152,-0.056157
0.132,0.46653,-0.4986,-0.10035
0.1321,0.49462,-0.46815,-0.14202
0.1322,0.52186,-0.43873,-0.18215
0.1323,0.54788,-0.40864,-0.22219
0.1324,0.57271,-0.37622,-0.26372
0.1325,0.59662,-0.34056,-0.30776
0.1326,0.62,-0.30195,-0.35433
0.1327,0.64325,-0.26159,-0.4027
0.1328,0.66624,-0.22038,-0.45193
0.1329,0.68847,-0.1789,-0.50104
0.133,0.70947,-0.1375,-0.54928
0.1331,0.72885,-0.095898,-0.59655
0.1332,0.74628,-0.053149,-0.6434
0.1333,0.76192,-0.0085043,-0.69054
0.1334,0.7762,0.038353,-0.7386
0.1335,0.78952,0.087347,-0.78774
0.1336,0.80223,0.13772,-0.83745
0.1337,0.81486,0.18786,-0.88659
0.1338,0.8277,0.23624,-0.93396
0.1339,0.84062,0.28199,-0.97863
0.134,0.85336,0.32496,-1.0202
0.1341,0.8657,0.3657,-1.0592
0.1342,0.87736,0.40549,-1.0966
0.1343,0.88827,0.44535,-1.1335
0.1344,0.89884,0.48558,-1.1706
0.1345,0.90955,0.526,-1.2087
0.1346,0.9206,0.56623,-1.2476
0.1347,0.93187,0.6057,-1.2871
0.1348,0.94287,0.64415,-1.3269
0.1349,0.95283,0.68187,-1.3673
0.135,0.96111,0.71936,-1.4091
0.1351,0.96742,0.75703,-1.4539
0.1352,0.97179,0.79534,-1.505
0.1353,0.97471,0.83439,-1.5673
0.1354,0.97716,0.87347,-1.6485
0.1355,0.98035,0.91116,-1.758
0.1356,0.98538,0.94584,-1.9004
0.1357,0.99276,0.97629,-2.0612
0.1358,1.0018,1.0024,-2.2114
0.1359,1.0109,1.0252,-2.33
0.136,1.0185,1.046,-2.4135
0.1361,1.0237,1.0659,-2.4698
0.1362,1.026,1.0859,-2.5104
0.1363,1.0258,1.1062,-2.5454
0.1364,1.0245,1.1256,-2.5798
0.1365,1.0232,1.1432,-2.6116
0.1366,1.0218,1.1589,-2.6351
0.1367,1.0194,1.1726,-2.6438
0.1368,1.0151,1.1847,-2.631
0.1369,1.0076,1.1963,-2.5917
0.137,0.99542,1.2089,-2.527
0.1371,0.97801,1.2233,-2.445
0.1372,0.95572,1.24,-2.3573
0.1373,0.92973,1.2587,-2.2748
0.1374,0.90222,1.2775,-2.2031
0.1375,0.87557,1.2943,-2.1388
0.1376,0.85104,1.3074,-2.0724
0.1377,0.82841,1.3164,-1.9941
0.1378,0.80649,1.3215,-1.8992
0.1379,0.7837,1.3235,-1.7918
0.138,0.75898,1.3233,-1.6831
0.1381,0.73254,1.3209,-1.5839
0.1382,0.70557,1.3157,-1.4985
0.1383,0.67954,1.307,-1.4267
0.1384,0.65571,1.2944,-1.3662
0.1385,0.63442,1.2775,-1.3139
0.1386,0.61461,1.257,-1.2672
0.1387,0.5942,1.2341,-1.2234
0.1388,0.57079,1.2099,-1.1808
0.1389,0.54159,1.1857,-1.138
0.139,0.50361,1.1631,-1.0949
0.1391,0.45418,1.1427,-1.0515
0.1392,0.39011,1.124,-1.0086
0.1393,0.30518,1.1062,-0.96699
0.1394,0.1876,1.0883,-0.92777
0.1395,0.022938,1.0698,-0.8916
0.1396,-0.18699,1.0512,-0.85868
0.1397,-0.41034,1.0333,-0.82828
0.1398,-0.60737,1.0164,-0.79875
0.1399,-0.75823,0.99991,-0.76829
0.14,-0.86491,0.98257,-0.73553
0.1401,-0.94003,0.96241,-0.69952
0.1402,-1.0008,0.93753,-0.66029
0.1403,-1.0645,0.9077,-0.61924
0.1404,-1.1414,0.87372,-0.5779
0.1405,-1.2325,0.83592,-0.53673
0.1406,-1.3333,0.7949,-0.49555
0.1407,-1.4333,0.75233,-0.45414
0.1408,-1.5151,0.7097,-0.41184
0.1409,-1.5615,0.66726,-0.36738
0.141,-1.5634,0.62451,-0.31952
0.1411,-1.5231,0.58035,-0.2674
0.1412,-1.4553,0.53336,-0.21108
0.1413,-1.3814,0.48331,-0.1521
0.1414,-1.3172,0.43188,-0.093088
0.1415,-1.2648,0.38111,-0.03628
0.1416,-1.2156,0.33264,0.017245
0.1417,-1.1556,0.28754,0.067677
0.1418,-1.0721,0.24543,0.11654
0.1419,-0.96052,0.20413,0.16604
0.142,-0.82923,0.16137,0.21767
0.1421,-0.69423,0.11606,0.27144
0.1422,-0.57266,0.067915,0.3262
0.1423,-0.47879,0.017485,0.38005
0.1424,-0.41706,-0.033893,0.4311
0.1425,-0.37975,-0.085083,0.47831
0.1426,-0.35694,-0.13521,0.52144
0.1427,-0.34278,-0.18315,0.56082
0.1428,-0.33455,-0.22856,0.59772
0.1429,-0.33051,-0.27294,0.63419
0.143,-0.32936,-0.31805,0.67174
0.1431,-0.33027,-0.36418,0.71029
0.1432,-0.33224,-0.41062,0.74848
0.1433,-0.33437,-0.45596,0.78431
0.1434,-0.33667,-0.49777,0.81578
0.1435,-0.33984,-0.53392,0.84179
0.1436,-0.34415,-0.56423,0.8628
0.1437,-0.34959,-0.59014,0.88054
0.1438,-0.35607,-0.61378,0.89728
0.1439,-0.36291,-0.63787,0.91509
0.144,-0.36903,-0.66455,0.93501
0.1441,-0.37377,-0.69409,0.9565
0.1442,-0.37664,-0.7254,0.97798
0.1443,-0.37693,-0.75737,0.99766
0.1444,-0.37428,-0.78875,1.0141
0.1445,-0.36922,-0.81812,1.0264
0.1446,-0.36253,-0.84485,1.0349
0.1447,-0.35483,-0.86943,1.0406
0.1448,-0.34663,-0.89292,1.0449
0.1449,-0.338,-0.91676,1.0494
0.145,-0.32846,-0.942,1.0545
0.1451,-0.31771,-0.96801,1.0593
0.1452,-0.30604,-0.99267,1.0621
0.1453,-0.2939,-1.0137,1.061
0.1454,-0.28182,-1.0294,1.0548
0.1455,-0.27044,-1.0387,1.0431
0.1456,-0.25998,-1.0422,1.0267
0.1457,-0.25014,-1.0418,1.0073
0.1458,-0.24064,-1.0395,0.98634
0.1459,-0.2312,-1.0365,0.96518
0.146,-0.22127,-1.0339,0.94432
0.1461,-0.21023,-1.0316,0.92348
0.1462,-0.19769,-1.029,0.90184
0.1463,-0.18327,-1.0255,0.87856
0.1464,-0.16666,-1.0206,0.85313
0.1465,-0.14813,-1.0141,0.82546
0.1466,-0.12813,-1.0063,0.7961
0.1467,-0.10672,-0.99839,0.76609
0.1468,-0.083878,-0.99135,0.73635
0.1469,-0.059763,-0.98548,0.70726
0.147,-0.034532,-0.98022,0.67843
0.1471,-0.0084844,-0.97412,0.64884
0.1472,0.017707,-0.96506,0.61716
0.1473,0.043459,-0.95146,0.58252
0.1474,0.068708,-0.93309,0.54476
0.1475,0.093529,-0.91048,0.50432
0.1476,0.11793,-0.88458,0.46204
0.1477,0.1421,-0.85675,0.41895
0.1478,0.16621,-0.82805,0.37586
0.1479,0.19021,-0.79864,0.33294
0.148,0.21416,-0.76821,0.28997
0.1481,0.23841,-0.7365,0.24646
0.1482,0.26325,-0.70308,0.20187
0.1483,0.28877,-0.66767,0.15592
0.1484,0.31514,-0.63079,0.10891
0.1485,0.34251,-0.59355,0.061613
0.1486,0.37081,-0.55721,0.014982
0.1487,0.39992,-0.52298,-0.030139
0.1488,0.42966,-0.49156,-0.073446
0.1489,0.45949,-0.46237,-0.11543
0.149,0.48866,-0.43378,-0.15716
0.1491,0.51668,-0.40403,-0.19982
0.1492,0.54324,-0.37163,-0.24434
0.1493,0.56815,-0.33575,-0.29109
0.1494,0.59153,-0.29662,-0.33972
0.1495,0.6135,-0.25504,-0.38946
0.1496,0.63396,-0.21178,-0.43944
0.1497,0.6527,-0.16744,-0.48886
0.1498,0.66968,-0.12247,-0.53726
0.1499,0.68486,-0.076792,-0.58471
0.15,0.69828,-0.029986,-0.63165
0.1501,0.71026,0.018137,-0.67854
0.1502,0.72127,0.067497,-0.72571
0.1503,0.73169,0.11778,-0.77318
0.1504,0.74199,0.16805,-0.82043
0.1505,0.75277,0.21689,-0.86661
0.1506,0.7644,0.26313,-0.91097
0.1507,0.77687,0.30629,-0.95306
0.1508,0.79006,0.34649,-0.9929
0.1509,0.80358,0.38453,-1.031
0.151,0.81691,0.4217,-1.0682
0.1511,0.82969,0.45898,-1.1052
0.1512,0.84193,0.49667,-1.1425
0.1513,0.85365,0.53474,-1.1803
0.1514,0.86473,0.57302,-1.2185
0.1515,0.87501,0.61114,-1.2569
0.1516,0.88414,0.64903,-1.2955
0.1517,0.89162,0.68695,-1.3349
0.1518,0.89709,0.72522,-1.3761
0.1519,0.90054,0.76407,-1.421
0.152,0.90215,0.80361,-1.473
0.1521,0.90244,0.84353,-1.5375
0.1522,0.90242,0.88271,-1.6228
0.1523,0.90341,0.91949,-1.739
0.1524,0.90659,0.9522,-1.8864
0.1525,0.91233,0.97987,-2.0427
0.1526,0.91976,1.0028,-2.1747
0.1527,0.92732,1.022,-2.2637
0.1528,0.93361,1.0391,-2.3103
0.1529,0.93758,1.0553,-2.3265
0.153,0.93866,1.0717,-2.3276
0.1531,0.93736,1.0881,-2.3267
0.1532,0.93492,1.1037,-2.33
0.1533,0.93202,1.1177,-2.3368
0.1534,0.9284,1.1303,-2.3424
0.1535,0.9235,1.1413,-2.3396
0.1536,0.91636,1.1514,-2.3193
0.1537,0.90555,1.1616,-2.2747
0.1538,0.88986,1.1731,-2.2061
0.1539,0.86888,1.1868,-2.1215
0.154,0.84304,1.2027,-2.0329
0.1541,0.81381,1.2201,-1.951
0.1542,0.78377,1.2368,-1.8796
0.1543,0.75547,1.2505,-1.8158
0.1544,0.73018,1.2595,-1.7527
0.1545,0.70774,1.2632,-1.6848
0.1546,0.68698,1.2621,-1.6101
0.1547,0.66627,1.257,-1.5321
0.1548,0.64448,1.2488,-1.4558
0.1549,0.62154,1.2376,-1.3852
0.155,0.59819,1.2232,-1.3217
0.1551,0.57548,1.2054,-1.2652
0.1552,0.55432,1.184,-1.2149
0.1553,0.53471,1.1592,-1.1696
0.1554,0.51539,1.1321,-1.1275
0.1555,0.49425,1.1037,-1.0873
0.1556,0.46866,1.0753,-1.0474
0.1557,0.43542,1.0483,-1.0071
0.1558,0.39127,1.0241,-0.96576
0.1559,0.33332,1.0028,-0.9237
0.156,0.25796,0.98344,-0.88154
0.1561,0.15912,0.9651,-0.84031
0.1562,0.028312,0.94643,-0.80095
0.1563,-0.13877,0.92665,-0.76414
0.1564,-0.33126,0.90602,-0.73001
0.1565,-0.52428,0.8852,-0.69786
0.1566,-0.69345,0.86428,-0.66631
0.1567,-0.82658,0.84269,-0.63382
0.1568,-0.9237,0.81928,-0.59912
0.1569,-0.99262,0.79236,-0.56143
0.157,-1.046,0.76064,-0.5209
0.1571,-1.0966,0.72397,-0.47857
0.1572,-1.1527,0.68272,-0.43544
0.1573,-1.2172,0.63744,-0.39196
0.1574,-1.2887,0.58945,-0.34839
0.1575,-1.3598,0.54079,-0.30477
0.1576,-1.4174,0.49302,-0.26053
0.1577,-1.4472,0.44672,-0.21459
0.1578,-1.44,0.40166,-0.16585
0.1579,-1.3952,0.35676,-0.11355
0.158,-1.3219,0.31068,-0.05773
0.1581,-1.2353,0.26302,0.00035319
0.1582,-1.1475,0.21454,0.058773
0.1583,-1.0633,0.16642,0.11582
0.1584,-0.98184,0.11993,0.17044
0.1585,-0.89979,0.075989,0.22249
0.1586,-0.81432,0.034194,0.27277
0.1587,-0.72599,-0.006976,0.32251
0.1588,-0.63934,-0.049046,0.37252
0.1589,-0.56163,-0.093037,0.42288
0.159,-0.50034,-0.13953,0.47298
0.1591,-0.45777,-0.18838,0.52179
0.1592,-0.42996,-0.23869,0.56819
0.1593,-0.41157,-0.28927,0.61143
0.1594,-0.39907,-0.33869,0.65115
0.1595,-0.39099,-0.38557,0.68759
0.1596,-0.38678,-0.42953,0.72179
0.1597,-0.38585,-0.47139,0.75512
0.1598,-0.3875,-0.51206,0.78848
0.1599,-0.39086,-0.552,0.82192
0.16,-0.39488,-0.59132,0.85482
0.1601,-0.39895,-0.62922,0.88601
0.1602,-0.40331,-0.66398,0.91415
0.1603,-0.40848,-0.69428,0.93857
0.1604,-0.41467,-0.72011,0.95959
0.1605,-0.42182,-0.74251,0.97832
0.1606,-0.42952,-0.76328,0.99622
0.1607,-0.43681,-0.78466,1.0146
0.1608,-0.44251,-0.80831,1.0339
0.1609,-0.44573,-0.8347,1.0537
0.161,-0.44577,-0.86356,1.073
0.1611,-0.44214,-0.89409,1.0906
0.1612,-0.43513,-0.92477,1.1052
0.1613,-0.42572,-0.95382,1.116
0.1614,-0.41506,-0.9801,1.1229
0.1615,-0.40409,-1.0034,1.1265
0.1616,-0.39345,-1.0242,1.1279
0.1617,-0.38311,-1.0435,1.128
0.1618,-0.37263,-1.0623,1.1272
0.1619,-0.3617,-1.0803,1.1253
0.162,-0.35034,-1.0966,1.1213
0.1621,-0.33882,-1.1098,1.1143
0.1622,-0.32758,-1.1184,1.1036
0.1623,-0.31711,-1.1218,1.0888
0.1624,-0.30747,-1.1205,1.0706
0.1625,-0.29837,-1.1159,1.05
0.1626,-0.28942,-1.1092,1.0279
0.1627,-0.28006,-1.102,1.0053
0.1628,-0.2695,-1.0953,0.98253
0.1629,-0.25709,-1.0894,0.9596
0.163,-0.2424,-1.0843,0.93606
0.1631,-0.22516,-1.0794,0.91135
0.1632,-0.20548,-1.0742,0.88496
0.1633,-0.18386,-1.0679,0.85666
0.1634,-0.16078,-1.0604,0.82669
0.1635,-0.13641,-1.0524,0.79558
0.1636,-0.11089,-1.0441,0.76385
0.1637,-0.084406,-1.0357,0.73166
0.1638,-0.05719,-1.0266,0.6988
0.1639,-0.02972,-1.0156,0.66468
0.164,-0.0027261,-1.0012,0.62863
0.1641,0.023248,-0.98232,0.5903
0.1642,0.048042,-0.95877,0.54976
0.1643,0.071715,-0.93102,0.50746
0.1644,0.094551,-0.90011,0.4641
0.1645,0.11708,-0.86742,0.42046
0.1646,0.13983,-0.83407,0.37702
0.1647,0.16319,-0.80063,0.3339
0.1648,0.18755,-0.76732,0.29089
0.1649,0.21322,-0.73405,0.24758
0.165,0.24024,-0.70034,0.20347
0.1651,0.26843,-0.66578,0.15831
0.1652,0.29762,-0.63045,0.11223
0.1653,0.32761,-0.59487,0.065727
0.1654,0.35819,-0.55986,0.019476
0.1655,0.38915,-0.52634,-0.025922
0.1656,0.42013,-0.49472,-0.070295
0.1657,0.4505,-0.46448,-0.11402
0.1658,0.47957,-0.43439,-0.15783
0.1659,0.50684,-0.40291,-0.20253
0.166,0.53193,-0.36867,-0.24878
0.1661,0.5547,-0.33084,-0.29678
0.1662,0.57521,-0.28939,-0.34623
0.1663,0.59359,-0.24487,-0.39653
0.1664,0.60993,-0.19805,-0.44689
0.1665,0.62442,-0.14986,-0.49657
0.1666,0.63733,-0.10113,-0.54512
0.1667,0.64888,-0.052284,-0.59245
0.1668,0.65306,-0.0044216,-0.63266
0.1669,0.64671,0.040076,-0.66247
0.167,0.63306,0.081082,-0.6843
0.1671,0.61633,0.1198,-0.70308
0.1672,0.59187,0.15493,-0.71391
0.1673,0.56169,0.18471,-0.71609
0.1674,0.53516,0.21181,-0.7196
0.1675,0.51076,0.23598,-0.72445
0.1676,0.48166,0.25512,-0.72217
0.1677,0.45107,0.27004,-0.71631
0.1678,0.42284,0.28474,-0.71402
0.1679,0.39266,0.29958,-0.71042
0.168,0.35877,0.31459,-0.70233
0.1681,0.3246,0.33138,-0.69454
0.1682,0.28935,0.35051,-0.68681
0.1683,0.25296,0.37023,-0.67701
0.1684,0.22141,0.3918,-0.67209
0.1685,0.19703,0.41648,-0.6763
0.1686,0.17557,0.44322,-0.68431
0.1687,0.15571,0.47076,-0.69342
0.1688,0.13708,0.49991,-0.7045
0.1689,0.11544,0.52938,-0.71238
0.169,0.089824,0.55745,-0.71408
0.1691,0.064563,0.58428,-0.71395
0.1692,0.039281,0.61018,-0.712
0.1693,0.011604,0.63275,-0.70397
0.1694,-0.01576,0.65113,-0.69256
0.1695,-0.042234,0.66549,-0.67935
0.1696,-0.073087,0.67508,-0.65848
0.1697,-0.10787,0.67964,-0.63004
0.1698,-0.1417,0.68201,-0.60129
0.1699,-0.17673,0.68313,-0.57047
0.17,-0.2166,0.68207,-0.53245
0.1701,-0.25608,0.67987,-0.49314
0.1702,-0.29059,0.67917,-0.45944
0.1703,-0.32219,0.67961,-0.42868
0.1704,-0.35015,0.6811,-0.4015
0.1705,-0.37121,0.68542,-0.3831
0.1706,-0.38969,0.69263,-0.36949
0.1707,-0.41107,0.70016,-0.35283
0.1708,-0.43326,0.70792,-0.33524
0.1709,-0.45405,0.71665,-0.31975
0.171,-0.47594,0.72489,-0.30246
0.1711,-0.49782,0.73093,-0.28285
0.1712,-0.51635,0.73549,-0.26523
0.1713,-0.53342,0.73791,-0.24727
0.1714,-0.55189,0.73642,-0.22453
0.1715,-0.57027,0.73106,-0.19863
0.1716,-0.58898,0.72302,-0.17048
0.1717,-0.61104,0.71165,-0.13649
0.1718,-0.63599,0.69679,-0.097006
0.1719,-0.66179,0.6793,-0.054854
0.172,-0.68911,0.65945,-0.0095056
0.1721,-0.71613,0.63719,0.037592
0.1722,-0.73837,0.61437,0.080382
0.1723,-0.75534,0.59229,0.11728
0.1724,-0.7694,0.57095,0.15077
0.1725,-0.7803,0.55076,0.18025
