0.1,0.18225,-0.44363,0.27018
0.1001,0.19915,-0.44416,0.25711
0.1002,0.21572,-0.44389,0.24372
0.1003,0.23195,-0.44282,0.22998
0.1004,0.24783,-0.44095,0.21588
0.1005,0.26335,-0.43831,0.2014
0.1006,0.27852,-0.43492,0.18652
0.1007,0.29335,-0.43084,0.17123
0.1008,0.30785,-0.42613,0.15556
0.1009,0.32203,-0.42086,0.13954
0.101,0.33588,-0.41509,0.12321
0.1011,0.34937,-0.4089,0.1066
0.1012,0.36247,-0.40234,0.08979
0.1013,0.37514,-0.39546,0.072815
0.1014,0.3873,-0.38829,0.055733
0.1015,0.39888,-0.38084,0.038592
0.1016,0.40981,-0.3731,0.021434
0.1017,0.41998,-0.36506,0.0042896
0.1018,0.42931,-0.35666,-0.012818
0.1019,0.43773,-0.34786,-0.029874
0.102,0.44517,-0.33861,-0.046878
0.1021,0.45157,-0.32885,-0.063831
0.1022,0.45693,-0.31854,-0.080742
0.1023,0.46123,-0.30764,-0.097624
0.1024,0.46451,-0.29613,-0.11449
0.1025,0.46681,-0.28402,-0.13134
0.1026,0.4682,-0.27132,-0.14818
0.1027,0.46876,-0.25807,-0.165
0.1028,0.46857,-0.24432,-0.1818
0.1029,0.46772,-0.23015,-0.19854
0.103,0.46629,-0.21563,-0.2152
0.1031,0.46436,-0.20084,-0.23174
0.1032,0.462,-0.18586,-0.2481
0.1033,0.45923,-0.17074,-0.26423
0.1034,0.45609,-0.15551,-0.28008
0.1035,0.45257,-0.1402,-0.2956
0.1036,0.44867,-0.12482,-0.31072
0.1037,0.44436,-0.10936,-0.32539
0.1038,0.43959,-0.093815,-0.33954
0.1039,0.43433,-0.07815,-0.35314
0.104,0.42851,-0.062331,-0.36611
0.1041,0.42211,-0.046316,-0.37842
0.1042,0.41509,-0.030071,-0.39
0.1043,0.40742,-0.013567,-0.40082
0.1044,0.39911,0.003211,-0.41085
0.1045,0.39015,0.020263,-0.42006
0.1046,0.38059,0.03757,-0.42842
0.1047,0.37045,0.055097,-0.43593
0.1048,0.35979,0.07279,-0.44259
0.1049,0.34868,0.090584,-0.44841
0.105,0.33718,0.10841,-0.45341
0.1051,0.32534,0.12618,-0.45762
0.1052,0.31321,0.14382,-0.46105
0.1053,0.30085,0.16127,-0.46373
0.1054,0.28828,0.17846,-0.46568
0.1055,0.2755,0.19535,-0.4669
0.1056,0.42594,0.1887,-0.60765
0.1057,0.47002,0.19879,-0.65905
0.1058,0.48933,0.21067,-0.68802
0.1059,0.49776,0.22248,-0.70633
0.106,0.46726,0.23315,-0.68475
0.1061,0.42948,0.25103,-0.66349
0.1062,0.43716,0.26244,-0.68137
0.1063,0.44803,0.27231,-0.70083
0.1064,0.44786,0.28272,-0.7099
0.1065,0.4749,0.29562,-0.74888
0.1066,0.52256,0.30113,-0.80105
0.1067,0.53729,0.3104,-0.82409
0.1068,0.53575,0.32074,-0.83222
0.1069,0.52607,0.33167,-0.83301
0.107,0.48743,0.34109,-0.80344
0.1071,0.44335,0.35691,-0.77507
0.1072,0.45214,0.36786,-0.79479
0.1073,0.49497,0.37564,-0.84526
0.1074,0.54678,0.38105,-0.90232
0.1075,0.61154,0.38782,-0.97376
0.1076,0.66866,0.38878,-1.0318
0.1077,0.6728,0.39369,-1.0409
0.1078,0.65101,0.40042,-1.0261
0.1079,0.62566,0.40701,-1.0078
0.108,0.57252,0.41044,-0.95851
0.1081,0.49525,0.41999,-0.8913
0.1082,0.44641,0.42708,-0.85012
0.1083,0.41796,0.43173,-0.82687
0.1084,0.39362,0.43475,-0.80609
0.1085,0.39725,0.4395,-0.81507
0.1086,0.42595,0.43664,-0.84156
0.1087,0.41747,0.43416,-0.8313
0.1088,0.37268,0.43452,-0.78758
0.1089,0.32965,0.43711,-0.74785
0.109,0.28636,0.43566,-0.70376
0.1091,0.23602,0.43823,-0.65662
0.1092,0.22258,0.43919,-0.64474
0.1093,0.24264,0.43641,-0.66269
0.1094,0.25586,0.42983,-0.67004
0.1095,0.26096,0.42631,-0.67233
0.1096,0.27627,0.4183,-0.68035
0.1097,0.2669,0.40909,-0.66249
0.1098,0.21781,0.40082,-0.60573
0.1099,0.14999,0.39618,-0.53361
0.11,0.068944,0.38941,-0.44596
0.1101,-0.03169,0.38661,-0.3425
0.1102,-0.11134,0.38413,-0.26014
0.1103,-0.14951,0.37937,-0.21705
0.1104,-0.16728,0.36934,-0.18924
0.1105,-0.17918,0.36015,-0.1682
0.1106,-0.18181,0.34739,-0.15288
0.1107,-0.20306,0.33464,-0.11892
0.1108,-0.24977,0.32354,-0.060936
0.1109,-0.29661,0.3162,-0.0062597
0.111,-0.33544,0.30629,0.04304
0.1111,-0.38252,0.29859,0.098462
0.1112,-0.41712,0.29096,0.14149
0.1113,-0.42647,0.2816,0.16098
0.1114,-0.42994,0.26756,0.17909
0.1115,-0.43726,0.25492,0.19968
0.1116,-0.43675,0.23951,0.21531
0.1117,-0.45729,0.22327,0.25281
0.1118,-0.52295,0.20892,0.33392
0.1119,-0.61193,0.20035,0.43323
0.112,-0.69815,0.19072,0.53114
0.1121,-0.78658,0.18217,0.63017
0.1122,-0.85665,0.17324,0.7112
0.1123,-0.88767,0.16242,0.75476
0.1124,-0.89841,0.14599,0.78312
0.1125,-0.91356,0.13061,0.81454
0.1126,-0.92054,0.11491,0.83802
0.1127,-0.92566,0.099423,0.85923
0.1128,-0.95021,0.084425,0.89928
0.1129,-0.98993,0.074104,0.94992
0.113,-1.0261,0.063254,0.99755
0.1131,-1.0666,0.052944,1.0488
0.1132,-1.1034,0.042369,1.0965
0.1133,-1.1154,0.031332,1.1196
0.1134,-1.1075,0.015682,1.1271
0.1135,-1.1068,0.00037677,1.1411
0.1136,-1.1166,-0.014685,1.1654
0.1137,-1.1441,-0.028283,1.2059
0.1138,-1.2008,-0.04092,1.2748
0.1139,-1.2757,-0.049592,1.358
0.114,-1.3409,-0.059474,1.4328
0.1141,-1.3961,-0.070521,1.4985
0.1142,-1.438,-0.083247,1.5527
0.1143,-1.4526,-0.096652,1.5801
0.1144,-1.4415,-0.11389,1.5856
0.1145,-1.4249,-0.13059,1.5851
0.1146,-1.4022,-0.14684,1.578
0.1147,-1.3789,-0.16219,1.5695
0.1148,-1.3758,-0.17725,1.581
0.1149,-1.3962,-0.18812,1.6119
0.115,-1.4157,-0.19856,1.6415
0.1151,-1.4294,-0.20913,1.6655
0.1152,-1.4368,-0.22024,1.6838
0.1153,-1.4264,-0.23039,1.6833
0.1154,-1.3995,-0.24291,1.6687
0.1155,-1.3829,-0.25428,1.6633
0.1156,-1.3818,-0.26364,1.6714
0.1157,-1.3885,-0.27094,1.6852
0.1158,-1.4075,-0.27879,1.7121
0.1159,-1.442,-0.28431,1.752
0.116,-1.4705,-0.28992,1.7861
0.1161,-1.4838,-0.2963,1.8057
0.1162,-1.4829,-0.30407,1.8126
0.1163,-1.4592,-0.311,1.7957
0.1164,-1.4052,-0.32003,1.7508
0.1165,-1.3413,-0.3294,1.6963
0.1166,-1.2835,-0.33815,1.6473
0.1167,-1.2358,-0.34476,1.6063
0.1168,-1.2042,-0.35097,1.5809
0.1169,-1.1927,-0.35415,1.5727
0.117,-1.1836,-0.35584,1.5653
0.1171,-1.166,-0.35657,1.5484
0.1172,-1.143,-0.35727,1.5262
0.1173,-1.1143,-0.35576,1.4959
0.1174,-1.0753,-0.35434,1.4554
0.1175,-1.0386,-0.35194,1.4162
0.1176,-1.012,-0.34848,1.386
0.1177,-0.99181,-0.34323,1.3604
0.1178,-0.9799,-0.33836,1.3434
0.1179,-0.98199,-0.33147,1.3384
0.118,-0.98233,-0.32339,1.3304
0.1181,-0.96516,-0.31496,1.3044
0.1182,-0.92893,-0.30787,1.2608
0.1183,-0.87352,-0.30038,1.1974
0.1184,-0.79574,-0.29466,1.1134
0.1185,-0.71266,-0.29009,1.0252
0.1186,-0.64225,-0.28563,0.94969
0.1187,-0.5855,-0.27925,0.88583
0.1188,-0.53968,-0.2728,0.83277
0.1189,-0.51099,-0.26453,0.79493
0.119,-0.49167,-0.25438,0.7645
0.1191,-0.46901,-0.24257,0.72899
0.1192,-0.44165,-0.23101,0.68892
0.1193,-0.41153,-0.21812,0.64469
0.1194,-0.37099,-0.20547,0.59016
0.1195,-0.32467,-0.19331,0.53025
0.1196,-0.28579,-0.18165,0.47818
0.1197,-0.25842,-0.16837,0.43593
0.1198,-0.23811,-0.15474,0.40035
0.1199,-0.22539,-0.13984,0.37104
0.12,-0.21101,-0.12418,0.3393
0.1201,-0.18054,-0.10826,0.2912
0.1202,-0.13046,-0.094363,0.22547
0.1203,-0.067538,-0.081408,0.14781
0.1204,0.0067134,-0.07009,0.060453
0.1205,0.084333,-0.059904,-0.029106
0.1206,0.1523,-0.05053,-0.10811
0.1207,0.20509,-0.039861,-0.17306
0.1208,0.24471,-0.028777,-0.22501
0.1209,0.26734,-0.016326,-0.26104
0.121,0.27702,-0.0025473,-0.2851
0.1211,0.28706,0.012437,-0.31035
0.1212,0.30548,0.02648,-0.34271
0.1213,0.33068,0.040366,-0.38137
0.1214,0.36511,0.053477,-0.42815
0.1215,0.40493,0.066005,-0.47944
0.1216,0.43817,0.078087,-0.52342
0.1217,0.45965,0.091765,-0.55697
0.1218,0.4767,0.10599,-0.5864
0.1219,0.49171,0.12062,-0.61408
0.122,0.50771,0.13518,-0.64258
0.1221,0.53389,0.14969,-0.68118
0.1222,0.57532,0.16226,-0.73311
0.1223,0.62523,0.17372,-0.79243
0.1224,0.68033,0.18422,-0.85604
0.1225,0.73712,0.19426,-0.92093
0.1226,0.78443,0.20365,-0.97577
0.1227,0.81167,0.21432,-1.0119
0.1228,0.82077,0.22596,-1.031
0.1229,0.81501,0.23854,-1.0364
0.123,0.79918,0.25147,-1.0322
0.1231,0.7842,0.26491,-1.0295
0.1232,0.78012,0.27717,-1.0366
0.1233,0.78487,0.28857,-1.0518
0.1234,0.7951,0.29923,-1.0718
0.1235,0.80836,0.30973,-1.0948
0.1236,0.81886,0.31965,-1.1145
0.1237,0.82097,0.33014,-1.1265
0.1238,0.81817,0.34062,-1.1336
0.1239,0.81351,0.35088,-1.1387
0.124,0.80837,0.36041,-1.1428
0.1241,0.80813,0.36962,-1.1514
0.1242,0.81909,0.37726,-1.1698
0.1243,0.83758,0.38362,-1.1944
0.1244,0.85774,0.38885,-1.2196
0.1245,0.87442,0.39351,-1.2409
0.1246,0.87899,0.39731,-1.2492
0.1247,0.8628,0.40166,-1.2374
0.1248,0.8292,0.40647,-1.2087
0.1249,0.78567,0.41149,-1.1704
0.125,0.73748,0.41607,-1.127
0.1251,0.69153,0.42069,-1.0859
0.1252,0.65651,0.42421,-1.0547
0.1253,0.63189,0.42653,-1.0327
0.1254,0.61335,0.42771,-1.0157
0.1255,0.5992,0.42826,-1.0024
0.1256,0.58629,0.42745,-0.98903
0.1257,0.56714,0.42611,-0.96885
0.1258,0.54096,0.42453,-0.94138
0.1259,0.51208,0.42278,-0.91101
0.126,0.48355,0.42022,-0.88015
0.1261,0.45829,0.41727,-0.85216
0.1262,0.44157,0.41312,-0.83146
0.1263,0.4316,0.40748,-0.81601
0.1264,0.4208,0.40032,-0.7982
0.1265,0.40295,0.39254,-0.77269
0.1266,0.3743,0.38401,-0.73557
0.1267,0.33047,0.37556,-0.68329
0.1268,0.27325,0.36753,-0.61791
0.1269,0.20938,0.36009,-0.54638
0.127,0.14481,0.35265,-0.47402
0.1271,0.084362,0.34538,-0.40587
0.1272,0.035011,0.33753,-0.34819
0.1273,-0.001207,0.32867,-0.3026
0.1274,-0.027932,0.31852,-0.2652
0.1275,-0.049511,0.30768,-0.23223
0.1276,-0.070064,0.29603,-0.19944
0.1277,-0.096255,0.28439,-0.16093
0.1278,-0.12987,0.27323,-0.11536
0.1279,-0.16665,0.26273,-0.067167
0.128,-0.20255,0.25208,-0.019595
0.1281,-0.23617,0.24129,0.02592
0.1282,-0.26455,0.22974,0.066997
0.1283,-0.28828,0.21711,0.10453
0.1284,-0.31317,0.20332,0.14438
0.1285,-0.34429,0.18932,0.1907
0.1286,-0.38299,0.17519,0.24478
0.1287,-0.43198,0.16145,0.30879
0.1288,-0.49156,0.1485,0.38263
0.1289,-0.55605,0.13658,0.46038
0.129,-0.61799,0.12482,0.53535
0.1291,-0.67271,0.113,0.60302
0.1292,-0.71515,0.10059,0.65878
0.1293,-0.74292,0.087288,0.70054
0.1294,-0.76008,0.072902,0.73249
0.1295,-0.77363,0.058353,0.76076
0.1296,-0.7879,0.044027,0.78933
0.1297,-0.80676,0.030378,0.82166
0.1298,-0.83223,0.017564,0.85964
0.1299,-0.86197,0.0056819,0.90086
0.13,-0.89178,-0.0060725,0.94189
0.1301,-0.91999,-0.017991,0.98136
0.1302,-0.94499,-0.030398,1.018
0.1303,-0.96609,-0.043378,1.0511
0.1304,-0.98608,-0.057041,1.0838
0.1305,-1.0096,-0.070713,1.1199
0.1306,-1.0388,-0.084174,1.1614
0.1307,-1.0751,-0.097179,1.2096
0.1308,-1.1179,-0.10971,1.264
0.1309,-1.1621,-0.12177,1.3191
0.131,-1.1998,-0.13412,1.3682
0.1311,-1.2267,-0.14704,1.407
0.1312,-1.2401,-0.16069,1.4332
0.1313,-1.2398,-0.17492,1.4462
0.1314,-1.2298,-0.18961,1.4501
0.1315,-1.2173,-0.20392,1.4511
0.1316,-1.2065,-0.21745,1.4531
0.1317,-1.2,-0.23001,1.4585
0.1318,-1.2002,-0.24161,1.4697
0.1319,-1.2059,-0.25206,1.4854
0.132,-1.2127,-0.26189,1.5016
0.1321,-1.2175,-0.27135,1.5154
0.1322,-1.2191,-0.28054,1.5259
0.1323,-1.2164,-0.28942,1.5317
0.1324,-1.2109,-0.2982,1.5346
0.1325,-1.2073,-0.30651,1.5391
0.1326,-1.2081,-0.31413,1.5473
0.1327,-1.2129,-0.32106,1.5588
0.1328,-1.2196,-0.32754,1.5718
0.1329,-1.2245,-0.33354,1.5825
0.133,-1.2214,-0.33943,1.5851
0.1331,-1.2066,-0.34543,1.5762
0.1332,-1.1798,-0.35154,1.5554
0.1333,-1.1422,-0.35748,1.5237
0.1334,-1.0974,-0.36321,1.4846
0.1335,-1.0514,-0.36831,1.4437
0.1336,-1.0095,-0.37241,1.406
0.1337,-0.97458,-0.37521,1.3738
0.1338,-0.94776,-0.37664,1.3484
0.1339,-0.92773,-0.37649,1.3281
0.134,-0.91011,-0.3748,1.3087
0.1341,-0.89083,-0.37223,1.2868
0.1342,-0.86837,-0.36887,1.2608
0.1343,-0.84257,-0.36457,1.2305
0.1344,-0.81435,-0.35997,1.1975
0.1345,-0.78725,-0.35473,1.1649
0.1346,-0.76299,-0.34891,1.1345
0.1347,-0.74082,-0.34231,1.1055
0.1348,-0.71872,-0.33535,1.0761
0.1349,-0.69455,-0.32773,1.0439
0.135,-0.66385,-0.3199,1.0049
0.1351,-0.6237,-0.312,0.95637
0.1352,-0.57406,-0.30439,0.89855
0.1353,-0.51712,-0.29675,0.83333
0.1354,-0.45583,-0.28943,0.76399
0.1355,-0.39605,-0.28197,0.69594
0.1356,-0.34317,-0.27404,0.63424
0.1357,-0.29964,-0.265,0.5807
0.1358,-0.26487,-0.25498,0.53485
0.1359,-0.23732,-0.24361,0.49481
0.136,-0.21286,-0.23127,0.4568
0.1361,-0.18738,-0.21817,0.41693
0.1362,-0.1588,-0.20489,0.37369
0.1363,-0.12728,-0.19134,0.32716
0.1364,-0.093096,-0.17798,0.27808
0.1365,-0.058192,-0.16465,0.22823
0.1366,-0.024448,-0.15133,0.17949
0.1367,0.0076672,-0.13764,0.13198
0.1368,0.039702,-0.12391,0.08451
0.1369,0.073301,-0.10998,0.035272
0.137,0.11149,-0.096224,-0.018352
0.1371,0.15667,-0.082846,-0.07854
0.1372,0.20898,-0.070296,-0.14497
0.1373,0.26573,-0.058275,-0.21521
0.1374,0.32342,-0.04684,-0.28564
0.1375,0.37705,-0.035493,-0.35171
0.1376,0.4223,-0.023865,-0.40942
0.1377,0.45739,-0.011361,-0.45752
0.1378,0.48358,0.0018163,-0.49703
0.1379,0.5029,0.015776,-0.53009
0.138,0.51916,0.030185,-0.5602
0.1381,0.53646,0.044807,-0.59124
0.1382,0.55738,0.059074,-0.62527
0.1383,0.58199,0.073125,-0.66254
0.1384,0.60992,0.086793,-0.70257
0.1385,0.63933,0.10025,-0.74371
0.1386,0.66776,0.11356,-0.78359
0.1387,0.6939,0.12709,-0.82135
0.1388,0.71905,0.14057,-0.85801
0.1389,0.74471,0.15392,-0.89505
0.139,0.77277,0.16685,-0.93412
0.1391,0.8048,0.17932,-0.97674
0.1392,0.8407,0.19101,-1.0225
0.1393,0.8774,0.20225,-1.0687
0.1394,0.91133,0.21322,-1.112
0.1395,0.93887,0.22433,-1.1491
0.1396,0.95705,0.23569,-1.1772
0.1397,0.9645,0.24767,-1.1953
0.1398,0.96292,0.26006,-1.205
0.1399,0.95534,0.27274,-1.209
0.14,0.94565,0.28537,-1.211
0.1401,0.93768,0.29782,-1.2146
0.1402,0.93421,0.30963,-1.2222
0.1403,0.93524,0.32086,-1.2337
0.1404,0.93945,0.33144,-1.2479
0.1405,0.94453,0.34151,-1.2625
0.1406,0.94824,0.351,-1.2752
0.1407,0.94916,0.36016,-1.2848
0.1408,0.94803,0.36876,-1.2919
0.1409,0.94609,0.37672,-1.2976
0.141,0.94461,0.38384,-1.303
0.1411,0.94436,0.39023,-1.3089
0.1412,0.94508,0.39566,-1.315
0.1413,0.94437,0.40035,-1.3188
0.1414,0.93938,0.40442,-1.3179
0.1415,0.92748,0.40814,-1.3097
0.1416,0.9068,0.41151,-1.2924
0.1417,0.87677,0.41482,-1.2658
0.1418,0.8397,0.418,-1.2321
0.1419,0.79925,0.42098,-1.1948
0.142,0.7593,0.42347,-1.1576
0.1421,0.72316,0.42542,-1.1236
0.1422,0.69309,0.42646,-1.0948
0.1423,0.66868,0.42652,-1.0706
0.1424,0.64791,0.42554,-1.0491
0.1425,0.62843,0.42368,-1.0279
0.1426,0.60825,0.42087,-1.005
0.1427,0.58569,0.41735,-0.97905
0.1428,0.56073,0.41314,-0.94995
0.1429,0.53435,0.40828,-0.91876
0.143,0.50764,0.40262,-0.8864
0.1431,0.48104,0.39624,-0.85339
0.1432,0.45458,0.38899,-0.81961
0.1433,0.42687,0.38094,-0.78372
0.1434,0.39564,0.37215,-0.74355
0.1435,0.35879,0.36299,-0.69731
0.1436,0.31539,0.35357,-0.64421
0.1437,0.26574,0.34422,-0.58483
0.1438,0.21212,0.33502,-0.52155
0.1439,0.15803,0.32597,-0.45787
0.144,0.10703,0.31679,-0.39707
0.1441,0.061685,0.30736,-0.3416
0.1442,0.023373,0.29737,-0.29256
0.1443,-0.008564,0.28675,-0.24921
0.1444,-0.036221,0.27544,-0.20941
0.1445,-0.062244,0.2637,-0.17075
0.1446,-0.088923,0.25161,-0.131
0.1447,-0.11814,0.23941,-0.088516
0.1448,-0.15031,0.22717,-0.042984
0.1449,-0.18457,0.21494,0.0047217
0.145,-0.21972,0.20246,0.053624
0.1451,-0.25506,0.18966,0.10305
0.1452,-0.29021,0.17638,0.15278
0.1453,-0.32598,0.16266,0.20356
0.1454,-0.36404,0.14858,0.25694
0.1455,-0.40587,0.13449,0.31402
0.1456,-0.45168,0.12058,0.37485
0.1457,-0.50081,0.10703,0.43852
0.1458,-0.55122,0.093856,0.50298
0.1459,-0.59987,0.081003,0.56521
0.146,-0.64364,0.068154,0.62237
0.1461,-0.68065,0.055166,0.67271
0.1462,-0.71019,0.041869,0.71565
0.1463,-0.73311,0.028291,0.75204
0.1464,-0.75177,0.014479,0.78417
0.1465,-0.76928,0.0007398,0.8149
0.1466,-0.78809,-0.01279,0.84655
0.1467,-0.8098,-0.025961,0.88063
0.1468,-0.8347,-0.038828,0.91748
0.1469,-0.86186,-0.051455,0.95625
0.147,-0.88967,-0.064137,0.99565
0.1471,-0.91702,-0.077005,1.0347
0.1472,-0.94341,-0.090172,1.0731
0.1473,-0.96915,-0.10357,1.111
0.1474,-0.99511,-0.11714,1.1493
0.1475,-1.0222,-0.13065,1.1886
0.1476,-1.0504,-0.144,1.229
0.1477,-1.0789,-0.15713,1.2695
0.1478,-1.1058,-0.17013,1.3083
0.1479,-1.1286,-0.18301,1.343
0.148,-1.145,-0.19596,1.3713
0.1481,-1.1536,-0.20899,1.392
0.1482,-1.1545,-0.22209,1.4052
0.1483,-1.1492,-0.23506,1.4122
0.1484,-1.1406,-0.24775,1.4155
0.1485,-1.1317,-0.25987,1.4181
0.1486,-1.1249,-0.27127,1.4222
0.1487,-1.1214,-0.28186,1.4287
0.1488,-1.1211,-0.29171,1.4378
0.1489,-1.1227,-0.30087,1.4482
0.149,-1.1246,-0.30952,1.4583
0.1491,-1.1252,-0.31776,1.4668
0.1492,-1.124,-0.32567,1.4732
0.1493,-1.1209,-0.33322,1.4773
0.1494,-1.1162,-0.34042,1.4795
0.1495,-1.1107,-0.34719,1.4805
0.1496,-1.1045,-0.35349,1.4804
0.1497,-1.0967,-0.35928,1.4783
0.1498,-1.086,-0.36463,1.4728
0.1499,-1.0707,-0.3695,1.4622
0.15,-1.0491,-0.37397,1.445
0.1501,-1.0207,-0.378,1.4206
0.1502,-0.98637,-0.38157,1.3899
0.1503,-0.94831,-0.38449,1.3547
0.1504,-0.90919,-0.38667,1.3177
0.1505,-0.87186,-0.3879,1.2816
0.1506,-0.83833,-0.38805,1.2481
0.1507,-0.80939,-0.387,1.218
0.1508,-0.78451,-0.3848,1.1908
0.1509,-0.76229,-0.38148,1.1651
0.151,-0.74078,-0.37719,1.1391
0.1511,-0.71829,-0.3721,1.1113
0.1512,-0.69383,-0.36642,1.0809
0.1513,-0.66719,-0.36023,1.0478
0.1514,-0.63869,-0.35365,1.0124
0.1515,-0.60896,-0.3467,0.97536
0.1516,-0.57822,-0.33938,0.93689
0.1517,-0.54603,-0.33163,0.89649
0.1518,-0.51143,-0.32352,0.85327
0.1519,-0.47336,-0.31506,0.80617
0.152,-0.43095,-0.30634,0.7544
0.1521,-0.38422,-0.29741,0.69803
0.1522,-0.33434,-0.28832,0.63826
0.1523,-0.28331,-0.279,0.57702
0.1524,-0.23351,-0.26933,0.51659
0.1525,-0.18732,-0.25916,0.45917
0.1526,-0.14632,-0.24832,0.40619
0.1527,-0.11083,-0.23669,0.35785
0.1528,-0.079939,-0.22428,0.31325
0.1529,-0.051966,-0.21119,0.27081
0.153,-0.024741,-0.19763,0.22857
0.1531,0.0036432,-0.1838,0.18484
0.1532,0.034279,-0.16996,0.13876
0.1533,0.067372,-0.1562,0.090286
0.1534,0.10255,-0.1426,0.039834
0.1535,0.13916,-0.12913,-0.011942
0.1536,0.17668,-0.11573,-0.06454
0.1537,0.21507,-0.10235,-0.11796
0.1538,0.25482,-0.08902,-0.17261
0.1539,0.29644,-0.075772,-0.22894
0.154,0.34029,-0.062692,-0.28719
0.1541,0.3861,-0.049807,-0.347
0.1542,0.4328,-0.037129,-0.40729
0.1543,0.47856,-0.024527,-0.4663
0.1544,0.52132,-0.011845,-0.52208
0.1545,0.5592,0.0011174,-0.57294
0.1546,0.59116,0.014491,-0.61796
0.1547,0.61731,0.02836,-0.65733
0.1548,0.63896,0.042647,-0.6923
0.1549,0.65807,0.057203,-0.72473
0.155,0.67687,0.071803,-0.75668
0.1551,0.69715,0.08627,-0.78979
0.1552,0.71985,0.10044,-0.82489
0.1553,0.74496,0.11427,-0.86199
0.1554,0.77186,0.12779,-0.90049
0.1555,0.79955,0.14105,-0.93953
0.1556,0.82713,0.15411,-0.97827
0.1557,0.85416,0.167,-1.0163
0.1558,0.88066,0.17972,-1.0537
0.1559,0.90679,0.19222,-1.0906
0.156,0.93264,0.20446,-1.127
0.1561,0.95788,0.21646,-1.1627
0.1562,0.98154,0.22826,-1.1966
0.1563,1.002,0.24,-1.2275
0.1564,1.0178,0.25178,-1.2538
0.1565,1.0276,0.26373,-1.2744
0.1566,1.0311,0.27587,-1.289
0.1567,1.029,0.28816,-1.2982
0.1568,1.0229,0.30046,-1.3035
0.1569,1.0151,0.31259,-1.307
0.157,1.0075,0.32435,-1.3106
0.1571,1.0018,0.33557,-1.3154
0.1572,0.9986,0.34612,-1.3223
0.1573,0.99762,0.35596,-1.3306
0.1574,0.99785,0.36505,-1.3395
0.1575,0.99803,0.37343,-1.3477
0.1576,0.99706,0.38111,-1.3541
0.1577,0.99426,0.3881,-1.358
0.1578,0.98949,0.39441,-1.3593
0.1579,0.98288,0.40003,-1.3582
0.158,0.97454,0.40496,-1.3546
0.1581,0.96422,0.40925,-1.3485
0.1582,0.95129,0.41293,-1.3393
0.1583,0.93474,0.41609,-1.3259
0.1584,0.91366,0.41881,-1.3076
0.1585,0.88754,0.42117,-1.284
0.1586,0.85664,0.42319,-1.2553
0.1587,0.82205,0.42485,-1.2225
0.1588,0.78558,0.42609,-1.1875
0.1589,0.7493,0.4268,-1.152
0.159,0.71502,0.42682,-1.1179
0.1591,0.68394,0.42604,-1.0862
0.1592,0.65634,0.42432,-1.0569
0.1593,0.63151,0.42163,-1.0295
0.1594,0.60819,0.41796,-1.0025
0.1595,0.58494,0.41336,-0.9747
0.1596,0.56055,0.4079,-0.94483
0.1597,0.53424,0.40169,-0.91225
0.1598,0.50584,0.39478,-0.87685
0.1599,0.47553,0.38724,-0.83885
0.16,0.44351,0.37909,-0.79849
0.1601,0.40978,0.37038,-0.75581
0.1602,0.37414,0.36115,-0.71064
0.1603,0.33612,0.35151,-0.66262
0.1604,0.29526,0.34156,-0.61139
0.1605,0.25149,0.33143,-0.557
0.1606,0.20532,0.32121,-0.50006
0.1607,0.15784,0.31098,-0.44171
0.1608,0.11066,0.3007,-0.38354
0.1609,0.065506,0.29033,-0.3272
0.161,0.023801,0.2797,-0.274
0.1611,-0.013764,0.2687,-0.22449
0.1612,-0.047351,0.25724,-0.17844
0.1613,-0.077929,0.24528,-0.13485
0.1614,-0.10697,0.23288,-0.092264
0.1615,-0.1361,0.22012,-0.049212
0.1616,-0.16652,0.2071,-0.0045365
0.1617,-0.19898,0.1939,0.042388
0.1618,-0.23359,0.18056,0.091628
0.1619,-0.27004,0.16709,0.14286
0.162,-0.30788,0.15345,0.19561
0.1621,-0.34671,0.13963,0.24949
0.1622,-0.38639,0.12565,0.30429
0.1623,-0.42698,0.11159,0.35997
0.1624,-0.43035,0.090682,0.38515
0.1625,-0.40849,0.068138,0.38673
0.1626,-0.37698,0.045328,0.37906
0.1627,-0.35346,0.024802,0.37715
0.1628,-0.34478,0.0047361,0.3896
0.1629,-0.34032,-0.014868,0.40563
0.163,-0.32808,-0.034273,0.41344
0.1631,-0.31947,-0.051205,0.42204
0.1632,-0.32835,-0.0659,0.44539
0.1633,-0.34704,-0.079338,0.47674
0.1634,-0.35772,-0.09406,0.50086
0.1635,-0.35595,-0.10954,0.51285
0.1636,-0.34399,-0.12624,0.51556
0.1637,-0.32767,-0.14408,0.51487
0.1638,-0.31304,-0.16353,0.51733
0.1639,-0.30001,-0.1829,0.52114
0.164,-0.2811,-0.2024,0.51899
0.1641,-0.25778,-0.22114,0.51143
0.1642,-0.23795,-0.23849,0.50577
0.1643,-0.22213,-0.25384,0.50203
0.1644,-0.20062,-0.2693,0.49282
0.1645,-0.1705,-0.28428,0.47483
0.1646,-0.13726,-0.29761,0.45246
0.1647,-0.10721,-0.30915,0.432
0.1648,-0.08107,-0.32176,0.4171
0.1649,-0.057626,-0.33572,0.40662
0.165,-0.036778,-0.35041,0.3994
0.1651,-0.02467,-0.36441,0.39986
0.1652,-0.024496,-0.37798,0.41136
0.1653,-0.028479,-0.39072,0.42567
0.1654,-0.025376,-0.40303,0.43193
0.1655,-0.016488,-0.41392,0.43065
0.1656,-0.008156,-0.42308,0.42823
0.1657,-0.00060387,-0.43024,0.42517
0.1658,0.0099374,-0.43622,0.41915
0.1659,0.023727,-0.44052,0.40979
0.166,0.042061,-0.44398,0.39659
0.1661,0.065575,-0.44758,0.37952
0.1662,0.091897,-0.45231,0.36128
0.1663,0.11925,-0.45728,0.34215
0.1664,0.15073,-0.46248,0.31875
0.1665,0.1858,-0.46713,0.29091
0.1666,0.21912,-0.47032,0.26316
0.1667,0.24704,-0.47117,0.23842
0.1668,0.27033,-0.4709,0.21731
0.1669,0.28843,-0.46968,0.2006
0.167,0.30113,-0.46714,0.18809
0.1671,0.3096,-0.46319,0.17848
0.1672,0.31599,-0.4594,0.17111
0.1673,0.32279,-0.45614,0.16375
0.1674,0.33282,-0.45335,0.15351
0.1675,0.34325,-0.45024,0.14251
0.1676,0.34873,-0.4464,0.13582
0.1677,0.34964,-0.44098,0.13236
0.1678,0.35164,-0.4341,0.12669
0.1679,0.35601,-0.42555,0.11728
0.168,0.36168,-0.41556,0.10513
0.1681,0.37037,-0.40451,0.088442
0.1682,0.38428,-0.39342,0.065455
0.1683,0.40227,-0.38226,0.036942
0.1684,0.42395,-0.3715,0.0037347
0.1685,0.44882,-0.36178,-0.032788
0.1686,0.47337,-0.35356,-0.068152
0.1687,0.49325,-0.34595,-0.098348
0.1688,0.50801,-0.33854,-0.12293
0.1689,0.51789,-0.33073,-0.14265
0.169,0.52264,-0.32166,-0.1581
0.1691,0.52338,-0.31048,-0.17134
0.1692,0.52225,-0.29785,-0.18411
0.1693,0.51922,-0.28411,-0.19628
0.1694,0.51366,-0.26918,-0.20741
0.1695,0.50511,-0.253,-0.21717
0.1696,0.49306,-0.23642,-0.22429
0.1697,0.47856,-0.21978,-0.22943
0.1698,0.46531,-0.20345,-0.23576
0.1699,0.45467,-0.18748,-0.24448
0.17,0.44525,-0.17172,-0.25416
0.1701,0.4376,-0.15557,-0.26589
0.1702,0.43443,-0.13893,-0.28243
0.1703,0.43521,-0.12156,-0.30355
0.1704,0.43805,-0.1035,-0.32736
0.1705,0.44203,-0.084905,-0.35282
0.1706,0.44649,-0.066585,-0.37845
0.1707,0.44947,-0.048494,-0.40228
0.1708,0.45076,-0.030779,-0.42382
0.1709,0.45159,-0.013669,-0.444
0.171,0.45205,0.0025251,-0.46246
0.1711,0.45064,0.018137,-0.47794
0.1712,0.44629,0.033357,-0.48949
0.1713,0.43741,0.048652,-0.49597
0.1714,0.4222,0.064659,-0.49623
0.1715,0.40061,0.082075,-0.49098
0.1716,0.3746,0.10072,-0.48213
0.1717,0.34671,0.12027,-0.472
0.1718,0.31912,0.1405,-0.46255
0.1719,0.29379,0.16097,-0.45538
0.172,0.27188,0.18115,-0.45108
0.1721,0.25433,0.20068,-0.45022
0.1722,0.24193,0.21931,-0.45329
0.1723,0.23379,0.23678,-0.45914
0.1724,0.22744,0.25318,-0.46534
0.1725,0.22129,0.26884,-0.47078
