0.1,0.68457,0.0076515,-0.66441
0.1001,0.66907,0.037047,-0.67917
0.1002,0.65243,0.066449,-0.69318
0.1003,0.63471,0.095772,-0.70641
0.1004,0.61598,0.12493,-0.71881
0.1005,0.59631,0.15383,-0.73032
0.1006,0.57577,0.18239,-0.7409
0.1007,0.5544,0.21053,-0.7505
0.1008,0.53228,0.2382,-0.75905
0.1009,0.50944,0.26535,-0.76654
0.101,0.48592,0.29195,-0.77292
0.1011,0.46175,0.31799,-0.77819
0.1012,0.43697,0.34346,-0.78233
0.1013,0.41161,0.36838,-0.78536
0.1014,0.38569,0.39279,-0.78728
0.1015,0.35925,0.41671,-0.78811
0.1016,0.33232,0.44016,-0.78788
0.1017,0.30494,0.46314,-0.78658
0.1018,0.27716,0.48564,-0.78425
0.1019,0.24903,0.50767,-0.78089
0.102,0.22061,0.52918,-0.77648
0.1021,0.19195,0.55014,-0.77101
0.1022,0.16312,0.5705,-0.76445
0.1023,0.13417,0.5902,-0.75677
0.1024,0.10516,0.60917,-0.74791
0.1025,0.076139,0.62734,-0.73784
0.1026,0.047146,0.64466,-0.72651
0.1027,0.018219,0.66107,-0.71389
0.1028,-0.010612,0.67651,-0.69998
0.1029,-0.039329,0.69096,-0.68476
0.103,-0.067913,0.70439,-0.66827
0.1031,-0.096353,0.7168,-0.65052
0.1032,-0.12464,0.72819,-0.63158
0.1033,-0.15275,0.73858,-0.61151
0.1034,-0.18067,0.748,-0.59041
0.1035,-0.20838,0.75647,-0.56835
0.1036,-0.23585,0.76403,-0.54544
0.1037,-0.26304,0.7707,-0.52178
0.1038,-0.2899,0.7765,-0.49747
0.1039,-0.31639,0.78145,-0.47259
0.104,-0.34245,0.78553,-0.44722
0.1041,-0.36804,0.78874,-0.42145
0.1042,-0.39312,0.79103,-0.39532
0.1043,-0.41763,0.79237,-0.36887
0.1044,-0.44153,0.7927,-0.34214
0.1045,-0.46476,0.79195,-0.31514
0.1046,-0.4873,0.79006,-0.28788
0.1047,-0.5091,0.78696,-0.26036
0.1048,-0.53016,0.7826,-0.23256
0.1049,-0.55045,0.77691,-0.20449
0.105,-0.56998,0.76987,-0.17614
0.1051,-0.58873,0.76145,-0.14753
0.1052,-0.60672,0.75165,-0.11866
0.1053,-0.62394,0.74048,-0.089576
0.1054,-0.64041,0.72797,-0.060311
0.1055,-0.65611,0.71419,-0.030924
0.1056,-0.67104,0.69919,-0.0014808
0.1057,-0.6852,0.68304,0.027946
0.1058,-0.69857,0.66583,0.057279
0.1059,-0.71111,0.64763,0.086439
0.106,-0.72281,0.62853,0.11535
0.1061,-0.73363,0.60858,0.14394
0.1062,-0.74354,0.58785,0.17215
0.1063,-0.75248,0.56638,0.19994
0.1064,-0.76044,0.54421,0.22726
0.1065,-0.76738,0.52136,0.25409
0.1066,-0.77326,0.49785,0.28042
0.1067,-0.77806,0.4737,0.30625
0.1068,-0.78177,0.44892,0.33159
0.1069,-0.78438,0.42351,0.35645
0.107,-0.78589,0.39749,0.38086
0.1071,-0.78628,0.3709,0.40481
0.1072,-0.78557,0.34377,0.42832
0.1073,-0.78374,0.31614,0.45135
0.1074,-0.78082,0.28808,0.47389
0.1075,-0.7768,0.25966,0.49588
0.1076,-0.77167,0.23094,0.5173
0.1077,-0.76543,0.202,0.53808
0.1078,-0.75806,0.17293,0.55817
0.1079,-0.74953,0.1438,0.5775
0.108,-0.73985,0.11467,0.59602
0.1081,-0.72897,0.08559,0.61368
0.1082,-0.71688,0.056614,0.63042
0.1083,-0.70359,0.027768,0.64623
0.1084,-0.68908,-0.00092793,0.66107
0.1085,-0.67338,-0.029468,0.67493
0.1086,-0.65651,-0.057851,0.68782
0.1087,-0.6385,-0.086082,0.69974
0.1088,-0.6194,-0.11416,0.71071
0.1089,-0.59926,-0.1421,0.72075
0.109,-0.57814,-0.16987,0.72989
0.1091,-0.55612,-0.19748,0.73813
0.1092,-0.53327,-0.22488,0.74551
0.1093,-0.50967,-0.25205,0.75202
0.1094,-0.4854,-0.27892,0.75766
0.1095,-0.46052,-0.30543,0.76242
0.1096,-0.43512,-0.33153,0.76627
0.1097,-0.40926,-0.35716,0.76918
0.1098,-0.38299,-0.38225,0.7711
0.1099,-0.35638,-0.40674,0.77199
0.11,-0.32945,-0.43056,0.77177
0.1101,-0.30224,-0.45366,0.7704
0.1102,-0.27477,-0.47599,0.76783
0.1103,-0.24706,-0.49752,0.764
0.1104,-0.21912,-0.51825,0.75888
0.1105,-0.19095,-0.53817,0.75243
0.1106,-0.16256,-0.55729,0.74465
0.1107,-0.13397,-0.57562,0.73553
0.1108,-0.10519,-0.59319,0.72509
0.1109,-0.076249,-0.61001,0.71336
0.111,-0.047181,-0.62611,0.70038
0.1111,-0.018026,-0.64148,0.68621
0.1112,0.011165,-0.65615,0.67091
0.1113,0.040333,-0.67009,0.65453
0.1114,0.069418,-0.68328,0.63714
0.1115,0.098351,-0.69569,0.61881
0.1116,0.12707,-0.70729,0.59957
0.1117,0.1555,-0.71802,0.57949
0.1118,0.18359,-0.72784,0.5586
0.1119,0.21129,-0.73668,0.53694
0.112,0.23855,-0.74451,0.51453
0.1121,0.26534,-0.75126,0.49139
0.1122,0.29163,-0.75692,0.46755
0.1123,0.3174,-0.76145,0.44302
0.1124,0.34266,-0.76483,0.41784
0.1125,0.36741,-0.76706,0.39203
0.1126,0.39166,-0.76815,0.36563
0.1127,0.4154,-0.7681,0.3387
0.1128,0.43861,-0.76693,0.31128
0.1129,0.4613,-0.76464,0.28344
0.113,0.48343,-0.76128,0.25524
0.1131,0.50499,-0.75682,0.22676
0.1132,0.52594,-0.75129,0.19806
0.1133,0.54624,-0.74466,0.16922
0.1134,0.56585,-0.73693,0.14029
0.1135,0.58473,-0.72807,0.11133
0.1136,0.60284,-0.71805,0.082382
0.1137,0.62014,-0.70685,0.053484
0.1138,0.5506,-0.61216,0.12214
0.1139,0.52483,-0.57468,0.13351
0.114,0.50383,-0.54876,0.13244
0.1141,0.48857,-0.5308,0.13023
0.1142,0.50071,-0.53327,0.11666
0.1143,0.50861,-0.52168,0.09219
0.1144,0.48875,-0.48296,0.085962
0.1145,0.47335,-0.45294,0.089622
0.1146,0.46529,-0.43332,0.093666
0.1147,0.43024,-0.40044,0.10542
0.1148,0.38135,-0.36538,0.1319
0.1149,0.3462,-0.33845,0.1457
0.115,0.3145,-0.30891,0.15041
0.1151,0.28859,-0.28182,0.15547
0.1152,0.28637,-0.2652,0.15315
0.1153,0.28519,-0.23514,0.14364
0.1154,0.25349,-0.18107,0.1581
0.1155,0.20343,-0.12183,0.19521
0.1156,0.14685,-0.068217,0.24295
0.1157,0.076799,-0.017679,0.30114
0.1158,0.012438,0.020775,0.36387
0.1159,-0.013628,0.04667,0.40658
0.116,-0.0052628,0.07189,0.44068
0.1161,0.036388,0.098444,0.47889
0.1162,0.12247,0.11664,0.50796
0.1163,0.21846,0.13307,0.52103
0.1164,0.27235,0.15401,0.54401
0.1165,0.28132,0.17472,0.57737
0.1166,0.2509,0.19566,0.61125
0.1167,0.16942,0.22893,0.65358
0.1168,0.057733,0.26701,0.71068
0.1169,-0.034699,0.29675,0.75743
0.117,-0.10371,0.32378,0.78906
0.1171,-0.1715,0.36035,0.81943
0.1172,-0.23797,0.39938,0.85037
0.1173,-0.30805,0.43917,0.8753
0.1174,-0.4092,0.48281,0.91381
0.1175,-0.54379,0.52417,0.97006
0.1176,-0.69867,0.55466,1.0285
0.1177,-0.87963,0.58425,1.0846
0.1178,-1.0827,0.61684,1.1488
0.1179,-1.2716,0.64442,1.2082
0.118,-1.4264,0.66496,1.2523
0.1181,-1.5549,0.68614,1.2857
0.1182,-1.6589,0.70384,1.3118
0.1183,-1.739,0.71758,1.3257
0.1184,-1.8211,0.73546,1.3437
0.1185,-1.9203,0.75896,1.3794
0.1186,-2.0246,0.778,1.4285
0.1187,-2.1279,0.79388,1.4837
0.1188,-2.2329,0.80861,1.5481
0.1189,-2.3233,0.8176,1.6101
0.119,-2.3922,0.8205,1.6616
0.1191,-2.4575,0.82719,1.708
0.1192,-2.5252,0.83544,1.7546
0.1193,-2.5854,0.83977,1.7946
0.1194,-2.6496,0.84347,1.8368
0.1195,-2.7297,0.85091,1.8901
0.1196,-2.8135,0.85505,1.9499
0.1197,-2.8939,0.85545,2.0105
0.1198,-2.9787,0.85493,2.0769
0.1199,-3.0528,0.85001,2.1364
0.12,-3.0969,0.83632,2.1739
0.1201,-3.1211,0.82227,2.193
0.1202,-3.1403,0.81155,2.2058
0.1203,-3.1509,0.80135,2.211
0.1204,-3.1626,0.79243,2.218
0.1205,-3.1918,0.78873,2.2398
0.1206,-3.2305,0.78279,2.2741
0.1207,-3.2637,0.77014,2.3099
0.1208,-3.2986,0.75393,2.351
0.1209,-3.3351,0.73546,2.3948
0.121,-3.3588,0.71013,2.4296
0.1211,-3.3707,0.68252,2.4521
0.1212,-3.3813,0.65673,2.4705
0.1213,-3.3861,0.6306,2.483
0.1214,-3.3862,0.60291,2.4932
0.1215,-3.3962,0.57932,2.511
0.1216,-3.4159,0.55798,2.5379
0.1217,-3.4311,0.5348,2.563
0.1218,-3.4395,0.51062,2.5828
0.1219,-3.4386,0.48789,2.5922
0.122,-3.4195,0.46359,2.585
0.1221,-3.3825,0.43801,2.5615
0.1222,-3.3412,0.41443,2.5321
0.1223,-3.2991,0.39225,2.501
0.1224,-3.2566,0.36758,2.4721
0.1225,-3.2224,0.34125,2.4537
0.1226,-3.1995,0.31289,2.4486
0.1227,-3.1796,0.2807,2.4494
0.1228,-3.1615,0.246,2.4539
0.1229,-3.1454,0.21263,2.4591
0.123,-3.1207,0.17952,2.4552
0.1231,-3.0814,0.14601,2.4371
0.1232,-3.0365,0.11398,2.4125
0.1233,-2.9908,0.083563,2.3859
0.1234,-2.9429,0.05195,2.3584
0.1235,-2.9,0.020708,2.3357
0.1236,-2.8665,-0.0087463,2.3207
0.1237,-2.8314,-0.038369,2.3038
0.1238,-2.7882,-0.069048,2.279
0.1239,-2.7403,-0.097369,2.2468
0.124,-2.6853,-0.12326,2.2047
0.1241,-2.6182,-0.14853,2.1493
0.1242,-2.5464,-0.17296,2.0878
0.1243,-2.4779,-0.19637,2.0277
0.1244,-2.4123,-0.22273,1.9721
0.1245,-2.3542,-0.25294,1.9257
0.1246,-2.3125,-0.28466,1.8946
0.1247,-2.2835,-0.31708,1.8737
0.1248,-2.2584,-0.35113,1.855
0.1249,-2.2341,-0.38455,1.8338
0.125,-2.2051,-0.41634,1.8057
0.1251,-2.1615,-0.44767,1.7662
0.1252,-2.103,-0.47841,1.7195
0.1253,-2.0328,-0.50632,1.6713
0.1254,-1.9488,-0.53235,1.6232
0.1255,-1.8528,-0.55777,1.5767
0.1256,-1.754,-0.58202,1.5352
0.1257,-1.6547,-0.60488,1.4951
0.1258,-1.5526,-0.62807,1.4518
0.1259,-1.4497,-0.65097,1.4043
0.126,-1.345,-0.67281,1.3511
0.1261,-1.2329,-0.69483,1.288
0.1262,-1.1163,-0.7183,1.2198
0.1263,-1.0043,-0.74175,1.1545
0.1264,-0.90089,-0.76479,1.096
0.1265,-0.80841,-0.78735,1.0467
0.1266,-0.73196,-0.80816,1.0107
0.1267,-0.66852,-0.82621,0.98388
0.1268,-0.60773,-0.84334,0.95775
0.1269,-0.54513,-0.86022,0.92848
0.127,-0.47987,-0.87625,0.89515
0.1271,-0.40694,-0.8916,0.85318
0.1272,-0.32566,-0.90699,0.80282
0.1273,-0.24287,-0.92077,0.74963
0.1274,-0.16227,-0.93215,0.69661
0.1275,-0.084004,-0.94158,0.64402
0.1276,-0.012464,-0.94864,0.59593
0.1277,0.050338,-0.9519,0.55306
0.1278,0.11048,-0.95255,0.51022
0.1279,0.17297,-0.95214,0.46338
0.128,0.23775,-0.95108,0.41284
0.1281,0.30602,-0.9499,0.35773
0.1282,0.37683,-0.95009,0.30039
0.1283,0.44271,-0.95071,0.24773
0.1284,0.49759,-0.9499,0.20475
0.1285,0.54125,-0.94715,0.17148
0.1286,0.57349,-0.94266,0.14858
0.1287,0.59539,-0.9354,0.13427
0.1288,0.61338,-0.92572,0.12252
0.1289,0.63353,-0.91483,0.1081
0.129,0.65768,-0.9031,0.089365
0.1291,0.68832,-0.89023,0.063169
0.1292,0.72643,-0.87719,0.028849
0.1293,0.76668,-0.8642,-0.0084471
0.1294,0.80281,-0.85044,-0.043184
0.1295,0.83277,-0.83523,-0.073874
0.1296,0.85447,-0.81866,-0.098144
0.1297,0.86701,-0.79998,-0.11542
0.1298,0.87534,-0.77919,-0.1305
0.1299,0.88476,-0.75716,-0.14807
0.13,0.89491,-0.73452,-0.16719
0.1301,0.90483,-0.71089,-0.18713
0.1302,0.91431,-0.68659,-0.20748
0.1303,0.91679,-0.66142,-0.22201
0.1304,0.91172,-0.63553,-0.22991
0.1305,0.8957,-0.60825,-0.22837
0.1306,0.87029,-0.58058,-0.21804
0.1307,0.83683,-0.5526,-0.19995
0.1308,0.79917,-0.52415,-0.17786
0.1309,0.76504,-0.4958,-0.15902
0.131,0.73859,-0.46821,-0.14709
0.1311,0.71978,-0.44069,-0.14269
0.1312,0.70735,-0.41308,-0.14488
0.1313,0.69807,-0.38548,-0.15048
0.1314,0.68529,-0.35723,-0.15339
0.1315,0.66517,-0.32729,-0.15063
0.1316,0.63775,-0.29613,-0.14178
0.1317,0.60383,-0.26421,-0.12706
0.1318,0.56487,-0.23157,-0.10759
0.1319,0.52529,-0.19865,-0.087061
0.132,0.48801,-0.16638,-0.067028
0.1321,0.45337,-0.13434,-0.047418
0.1322,0.42142,-0.10197,-0.027769
0.1323,0.39202,-0.069223,-0.0065126
0.1324,0.36299,-0.036091,0.020787
0.1325,0.33488,-0.0019741,0.056331
0.1326,0.31321,0.032622,0.099577
0.1327,0.30539,0.066731,0.1488
0.1328,0.31524,0.099683,0.20104
0.1329,0.34032,0.13106,0.25046
0.133,0.36991,0.15996,0.29351
0.1331,0.38889,0.18646,0.32991
0.1332,0.38705,0.21146,0.36046
0.1333,0.36396,0.23599,0.38644
0.1334,0.32136,0.26105,0.4123
0.1335,0.26164,0.28808,0.44171
0.1336,0.19075,0.31756,0.47586
0.1337,0.11397,0.34894,0.51515
0.1338,0.031026,0.38139,0.55976
0.1339,-0.058376,0.41436,0.60629
0.134,-0.1539,0.44672,0.65123
0.1341,-0.25993,0.47784,0.69368
0.1342,-0.3831,0.50806,0.73413
0.1343,-0.52425,0.53815,0.77287
0.1344,-0.68049,0.5684,0.81268
0.1345,-0.84675,0.59947,0.85621
0.1346,-1.0135,0.63145,0.90343
0.1347,-1.1709,0.66327,0.95273
0.1348,-1.3148,0.69313,1.0031
0.1349,-1.4435,0.7199,1.0518
0.135,-1.5555,0.74248,1.0958
0.1351,-1.6523,0.76027,1.1346
0.1352,-1.7373,0.77382,1.1695
0.1353,-1.814,0.78448,1.2018
0.1354,-1.8865,0.79302,1.2351
0.1355,-1.9595,0.80026,1.2734
0.1356,-2.0355,0.80705,1.3184
0.1357,-2.1142,0.81365,1.3693
0.1358,-2.1944,0.81956,1.4249
0.1359,-2.2736,0.82473,1.4819
0.136,-2.3487,0.82912,1.5364
0.1361,-2.4188,0.83252,1.5866
0.1362,-2.485,0.83507,1.6331
0.1363,-2.5482,0.83754,1.676
0.1364,-2.6097,0.83989,1.7169
0.1365,-2.6713,0.84153,1.7579
0.1366,-2.7324,0.84176,1.7998
0.1367,-2.7909,0.83987,1.8409
0.1368,-2.8445,0.83485,1.8801
0.1369,-2.8909,0.82663,1.9152
0.137,-2.9277,0.81588,1.9433
0.1371,-2.9544,0.80323,1.9634
0.1372,-2.9734,0.78902,1.9777
0.1373,-2.988,0.77386,1.989
0.1374,-3.0017,0.75783,2.0005
0.1375,-3.0182,0.74045,2.0163
0.1376,-3.0391,0.72129,2.0383
0.1377,-3.0631,0.70027,2.0652
0.1378,-3.0878,0.67708,2.0946
0.1379,-3.1105,0.65197,2.1237
0.138,-3.1285,0.62596,2.1488
0.1381,-3.1397,0.6003,2.1671
0.1382,-3.1447,0.57575,2.1784
0.1383,-3.1448,0.55299,2.1835
0.1384,-3.1414,0.53194,2.1837
0.1385,-3.1362,0.51167,2.1813
0.1386,-3.1302,0.49095,2.1781
0.1387,-3.1224,0.46907,2.1734
0.1388,-3.1106,0.44537,2.166
0.1389,-3.093,0.41956,2.1542
0.139,-3.0679,0.39192,2.1365
0.1391,-3.0349,0.36305,2.1122
0.1392,-2.9963,0.33323,2.0837
0.1393,-2.9551,0.30288,2.0539
0.1394,-2.9145,0.27245,2.0256
0.1395,-2.8771,0.24193,2.0014
0.1396,-2.8447,0.21095,1.983
0.1397,-2.816,0.17951,1.9691
0.1398,-2.789,0.14759,1.9573
0.1399,-2.761,0.11521,1.9447
0.14,-2.7293,0.082701,1.9284
0.1401,-2.6915,0.050691,1.9054
0.1402,-2.6478,0.01935,1.8754
0.1403,-2.5995,-0.011292,1.8398
0.1404,-2.5485,-0.041114,1.8003
0.1405,-2.4968,-0.070069,1.7586
0.1406,-2.4462,-0.098409,1.7168
0.1407,-2.3964,-0.1261,1.6746
0.1408,-2.346,-0.15315,1.6306
0.1409,-2.2935,-0.17991,1.5838
0.141,-2.2379,-0.20687,1.534
0.1411,-2.1789,-0.23425,1.481
0.1412,-2.1176,-0.26244,1.4263
0.1413,-2.0571,-0.29182,1.3727
0.1414,-2,-0.32238,1.3228
0.1415,-1.9485,-0.35383,1.2779
0.1416,-1.9038,-0.38594,1.2392
0.1417,-1.864,-0.41818,1.2056
0.1418,-1.8246,-0.44979,1.1745
0.1419,-1.7792,-0.48022,1.1425
0.142,-1.7219,-0.50934,1.107
0.1421,-1.6488,-0.53701,1.066
0.1422,-1.56,-0.56344,1.0191
0.1423,-1.4598,-0.58912,0.96797
0.1424,-1.3538,-0.61438,0.91479
0.1425,-1.2469,-0.6392,0.86117
0.1426,-1.1426,-0.66359,0.80869
0.1427,-1.0419,-0.68741,0.75776
0.1428,-0.94404,-0.71034,0.70749
0.1429,-0.84781,-0.73212,0.65682
0.143,-0.75236,-0.75286,0.60538
0.1431,-0.6572,-0.77257,0.55281
0.1432,-0.56297,-0.79134,0.49976
0.1433,-0.47167,-0.80951,0.4483
0.1434,-0.38541,-0.82743,0.40068
0.1435,-0.30556,-0.84509,0.35816
0.1436,-0.23269,-0.86242,0.32135
0.1437,-0.16588,-0.87926,0.28943
0.1438,-0.10246,-0.89522,0.25977
0.1439,-0.039275,-0.9098,0.22913
0.144,0.026075,-0.92284,0.19523
0.1441,0.095184,-0.93415,0.1565
0.1442,0.16822,-0.94348,0.11256
0.1443,0.24355,-0.9507,0.06476
0.1444,0.31864,-0.95586,0.015457
0.1445,0.39122,-0.95888,-0.033408
0.1446,0.45938,-0.95986,-0.080095
0.1447,0.52217,-0.95914,-0.12346
0.1448,0.58009,-0.95714,-0.16364
0.1449,0.63453,-0.95404,-0.20174
0.145,0.68662,-0.95015,-0.23851
0.1451,0.73703,-0.94565,-0.2743
0.1452,0.7856,-0.94043,-0.30891
0.1453,0.83101,-0.9343,-0.34113
0.1454,0.87143,-0.92711,-0.36918
0.1455,0.90573,-0.91861,-0.39216
0.1456,0.93368,-0.90853,-0.41008
0.1457,0.95615,-0.89692,-0.42387
0.1458,0.97528,-0.88405,-0.43552
0.1459,0.99379,-0.87017,-0.44767
0.146,1.0138,-0.85561,-0.46223
0.1461,1.0363,-0.84063,-0.48021
0.1462,1.0615,-0.82515,-0.50168
0.1463,1.0878,-0.80878,-0.5254
0.1464,1.1124,-0.79118,-0.54901
0.1465,1.133,-0.77197,-0.57037
0.1466,1.1476,-0.7508,-0.58795
0.1467,1.1554,-0.72762,-0.6009
0.1468,1.1569,-0.7027,-0.60948
0.1469,1.1535,-0.67638,-0.61495
0.147,1.1466,-0.64912,-0.61832
0.1471,1.1369,-0.62153,-0.61992
0.1472,1.1249,-0.59404,-0.61965
0.1473,1.11,-0.56677,-0.61685
0.1474,1.091,-0.53969,-0.61037
0.1475,1.0676,-0.51262,-0.59962
0.1476,1.0399,-0.48524,-0.58502
0.1477,1.009,-0.45729,-0.56764
0.1478,0.97643,-0.42879,-0.54911
0.1479,0.94462,-0.39977,-0.53167
0.148,0.91532,-0.37033,-0.51708
0.1481,0.88922,-0.34064,-0.50594
0.1482,0.86594,-0.31085,-0.49774
0.1483,0.84393,-0.28089,-0.49105
0.1484,0.82081,-0.25066,-0.48344
0.1485,0.79439,-0.22007,-0.47265
0.1486,0.76351,-0.18892,-0.45729
0.1487,0.72808,-0.157,-0.43697
0.1488,0.68929,-0.12432,-0.4121
0.1489,0.64954,-0.091008,-0.38392
0.149,0.61189,-0.057243,-0.35371
0.1491,0.57976,-0.023341,-0.32216
0.1492,0.55737,0.010297,-0.28931
0.1493,0.54986,0.043409,-0.25471
0.1494,0.56189,0.075733,-0.21733
0.1495,0.59289,0.10698,-0.17626
0.1496,0.63104,0.13703,-0.13169
0.1497,0.65661,0.16587,-0.084803
0.1498,0.65557,0.19393,-0.038348
0.1499,0.62474,0.22095,0.0056492
0.15,0.5709,0.24736,0.045177
0.1501,0.50466,0.27394,0.079404
0.1502,0.43524,0.30117,0.1094
0.1503,0.36719,0.3293,0.13722
0.1504,0.30016,0.35862,0.16527
0.1505,0.23,0.38907,0.19585
0.1506,0.15015,0.42019,0.23042
0.1507,0.053584,0.45155,0.26897
0.1508,-0.064449,0.48279,0.31048
0.1509,-0.20422,0.51364,0.35324
0.151,-0.36042,0.54423,0.39516
0.1511,-0.52318,0.57497,0.43477
0.1512,-0.68234,0.60605,0.47206
0.1513,-0.83163,0.6372,0.508
0.1514,-0.96962,0.66779,0.54414
0.1515,-1.0978,0.69675,0.58205
0.1516,-1.2181,0.72283,0.62255
0.1517,-1.3316,0.74524,0.66494
0.1518,-1.438,0.76371,0.70776
0.1519,-1.5365,0.7782,0.74945
0.152,-1.6262,0.78901,0.78864
0.1521,-1.7069,0.79691,0.82455
0.1522,-1.7797,0.80274,0.85774
0.1523,-1.8469,0.80722,0.88961
0.1524,-1.9113,0.81118,0.92179
0.1525,-1.9761,0.81526,0.95592
0.1526,-2.0434,0.81951,0.99314
0.1527,-2.1138,0.82376,1.0332
0.1528,-2.1864,0.82797,1.0747
0.1529,-2.2594,0.83206,1.1154
0.153,-2.3301,0.83575,1.1533
0.1531,-2.3966,0.83877,1.1865
0.1532,-2.4576,0.84062,1.2148
0.1533,-2.5132,0.84054,1.2388
0.1534,-2.5638,0.83801,1.2595
0.1535,-2.6105,0.83307,1.278
0.1536,-2.6541,0.82592,1.2948
0.1537,-2.6946,0.81679,1.31
0.1538,-2.7312,0.80584,1.3227
0.1539,-2.7632,0.79304,1.3324
0.154,-2.7894,0.77802,1.3382
0.1541,-2.8095,0.76061,1.3401
0.1542,-2.8243,0.7409,1.3387
0.1543,-2.8356,0.71903,1.3354
0.1544,-2.8455,0.69523,1.332
0.1545,-2.856,0.67007,1.3299
0.1546,-2.8681,0.64432,1.3294
0.1547,-2.8817,0.61881,1.33
0.1548,-2.8956,0.5944,1.3295
0.1549,-2.9077,0.57169,1.3256
0.155,-2.916,0.55056,1.3163
0.1551,-2.919,0.53037,1.3004
0.1552,-2.9159,0.51032,1.2777
0.1553,-2.9072,0.48959,1.2491
0.1554,-2.8939,0.46758,1.2161
0.1555,-2.8771,0.44409,1.1804
0.1556,-2.8578,0.41907,1.1431
0.1557,-2.8363,0.39248,1.1049
0.1558,-2.8119,0.36438,1.0657
0.1559,-2.7838,0.335,1.0247
0.156,-2.7515,0.30455,0.98154
0.1561,-2.7148,0.27322,0.93611
0.1562,-2.6747,0.24119,0.88908
0.1563,-2.6328,0.20859,0.84189
0.1564,-2.5911,0.17541,0.79618
0.1565,-2.5511,0.14192,0.75299
0.1566,-2.5134,0.10856,0.71255
0.1567,-2.4778,0.075733,0.67408
0.1568,-2.4429,0.04368,0.63589
0.1569,-2.4067,0.012568,0.59586
0.157,-2.3676,-0.017634,0.55223
0.1571,-2.3242,-0.04709,0.50387
0.1572,-2.2761,-0.075823,0.45062
0.1573,-2.2242,-0.10374,0.39333
0.1574,-2.1698,-0.1309,0.33366
0.1575,-2.1144,-0.15753,0.27342
0.1576,-2.0591,-0.18391,0.21417
0.1577,-2.0043,-0.21051,0.15684
0.1578,-1.9496,-0.23784,0.10162
0.1579,-1.8946,-0.2663,0.048155
0.158,-1.8389,-0.2961,-0.0039244
0.1581,-1.7825,-0.32736,-0.054709
0.1582,-1.7261,-0.3599,-0.10387
0.1583,-1.6702,-0.39323,-0.15068
0.1584,-1.6153,-0.42663,-0.19432
0.1585,-1.5603,-0.45931,-0.23432
0.1586,-1.5029,-0.49057,-0.27079
0.1587,-1.4404,-0.52003,-0.30448
0.1588,-1.3701,-0.5478,-0.33674
0.1589,-1.2909,-0.57424,-0.3693
0.159,-1.2034,-0.59976,-0.40367
0.1591,-1.1089,-0.62479,-0.44081
0.1592,-1.0094,-0.64948,-0.48089
0.1593,-0.9072,-0.67371,-0.52319
0.1594,-0.80451,-0.6972,-0.56628
0.1595,-0.70328,-0.71969,-0.60859
0.1596,-0.60497,-0.74094,-0.64887
0.1597,-0.51035,-0.76082,-0.68642
0.1598,-0.41944,-0.7795,-0.72114
0.1599,-0.33161,-0.7974,-0.75343
0.16,-0.24614,-0.81497,-0.78376
0.1601,-0.16247,-0.83268,-0.81242
0.1602,-0.08046,-0.85075,-0.83937
0.1603,-0.00050514,-0.86896,-0.86434
0.1604,0.076574,-0.88676,-0.88684
0.1605,0.15008,-0.90351,-0.90659
0.1606,0.21981,-0.91859,-0.92373
0.1607,0.28623,-0.93155,-0.93904
0.1608,0.35052,-0.94219,-0.9538
0.1609,0.41426,-0.95057,-0.96962
0.161,0.47881,-0.95673,-0.98794
0.1611,0.54483,-0.96083,-1.0095
0.1612,0.61209,-0.96301,-1.0342
0.1613,0.6795,-0.96347,-1.0611
0.1614,0.74537,-0.96235,-1.0883
0.1615,0.80797,-0.9598,-1.1143
0.1616,0.86604,-0.95599,-1.1374
0.1617,0.91898,-0.95103,-1.157
0.1618,0.96696,-0.9451,-1.1729
0.1619,1.0108,-0.93839,-1.1857
0.162,1.0516,-0.93102,-1.1963
0.1621,1.0899,-0.92296,-1.2052
0.1622,1.126,-0.91406,-1.2128
0.1623,1.1595,-0.9041,-1.2191
0.1624,1.1896,-0.89289,-1.2236
0.1625,1.2156,-0.8804,-1.2258
0.1626,1.2375,-0.86678,-1.2257
0.1627,1.2559,-0.8522,-1.2236
0.1628,1.2717,-0.83677,-1.2207
0.1629,1.2865,-0.82051,-1.2183
0.163,1.3014,-0.80326,-1.2177
0.1631,1.3168,-0.78475,-1.2195
0.1632,1.3322,-0.76469,-1.2235
0.1633,1.3464,-0.74288,-1.2287
0.1634,1.3578,-0.71919,-1.2336
0.1635,1.3645,-0.69368,-1.2364
0.1636,1.3653,-0.6667,-1.2357
0.1637,1.3598,-0.63873,-1.2307
0.1638,1.3485,-0.61033,-1.2215
0.1639,1.3326,-0.58204,-1.2086
0.164,1.3134,-0.55416,-1.1932
0.1641,1.2922,-0.5267,-1.1761
0.1642,1.2695,-0.49946,-1.1579
0.1643,1.2454,-0.47219,-1.1389
0.1644,1.2195,-0.44462,-1.1187
0.1645,1.1915,-0.41655,-1.0972
0.1646,1.1612,-0.38792,-1.0742
0.1647,1.1291,-0.35879,-1.0501
0.1648,1.0958,-0.3292,-1.0258
0.1649,1.0626,-0.29926,-1.002
0.165,1.0302,-0.26906,-0.97976
0.1651,0.99914,-0.23863,-0.95927
0.1652,1.0023,-0.23411,-0.97797
0.1653,1.0152,-0.23346,-1.004
0.1654,1.034,-0.23403,-1.0327
0.1655,1.0444,-0.22633,-1.052
0.1656,1.0375,-0.20826,-1.0631
0.1657,1.0223,-0.19174,-1.0684
0.1658,1.006,-0.18173,-1.071
0.1659,0.97792,-0.16695,-1.0633
0.166,0.93069,-0.14002,-1.0442
0.1661,0.87723,-0.10953,-1.0212
0.1662,0.82962,-0.083311,-1.0046
0.1663,0.78789,-0.062629,-0.99079
0.1664,0.74993,-0.046329,-0.97837
0.1665,0.71169,-0.031384,-0.96798
0.1666,0.66744,-0.015202,-0.95774
0.1667,0.63107,0.00814,-0.95166
0.1668,0.62002,0.042521,-0.96445
0.1669,0.61347,0.077983,-0.98197
0.167,0.60356,0.11214,-0.99969
0.1671,0.59199,0.14037,-1.0138
0.1672,0.58538,0.16363,-1.0294
0.1673,0.58524,0.18452,-1.0508
0.1674,0.58733,0.20334,-1.0745
0.1675,0.58167,0.21838,-1.09
0.1676,0.56203,0.23345,-1.0949
0.1677,0.53375,0.25194,-1.0952
0.1678,0.50247,0.27583,-1.095
0.1679,0.46282,0.30679,-1.0909
0.168,0.41244,0.34456,-1.0813
0.1681,0.36024,0.38178,-1.0676
0.1682,0.31434,0.41381,-1.0533
0.1683,0.27252,0.44306,-1.0393
0.1684,0.23143,0.47296,-1.0262
0.1685,0.19171,0.50104,-1.0122
0.1686,0.1542,0.52595,-0.99677
0.1687,0.11943,0.54861,-0.98161
0.1688,0.091313,0.57033,-0.9723
0.1689,0.071105,0.59092,-0.97018
0.169,0.055264,0.61088,-0.97189
0.1691,0.04213,0.62841,-0.97367
0.1692,0.033745,0.64246,-0.97693
0.1693,0.027916,0.6537,-0.98098
0.1694,0.018314,0.66313,-0.98102
0.1695,0.00056824,0.66957,-0.97165
0.1696,-0.025121,0.67529,-0.955
0.1697,-0.056672,0.68353,-0.93588
0.1698,-0.091872,0.69449,-0.91617
0.1699,-0.13052,0.70567,-0.8931
0.17,-0.17211,0.71726,-0.86678
0.1701,-0.21342,0.72877,-0.83944
0.1702,-0.25207,0.73953,-0.81242
0.1703,-0.29143,0.75066,-0.78353
0.1704,-0.33475,0.76453,-0.75213
0.1705,-0.37972,0.7787,-0.71871
0.1706,-0.42224,0.79022,-0.685
0.1707,-0.46065,0.79878,-0.65275
0.1708,-0.49255,0.80531,-0.62544
0.1709,-0.51529,0.80805,-0.60402
0.171,-0.52906,0.80617,-0.58739
0.1711,-0.53633,0.79949,-0.57308
0.1712,-0.53763,0.78848,-0.56097
0.1713,-0.53562,0.7743,-0.54961
0.1714,-0.53596,0.76015,-0.53657
0.1715,-0.54207,0.74691,-0.51933
0.1716,-0.55332,0.73517,-0.49906
0.1717,-0.56906,0.72534,-0.47694
0.1718,-0.58901,0.71688,-0.45272
0.1719,-0.61197,0.70678,-0.42435
0.172,-0.63707,0.69474,-0.39213
0.1721,-0.66432,0.68208,-0.35712
0.1722,-0.6931,0.6696,-0.32041
0.1723,-0.7234,0.65684,-0.2814
0.1724,-0.75563,0.64531,-0.24124
0.1725,-0.78754,0.63496,-0.20218
