0.1,0.59155,-1.0347,0.42539
0.1001,0.62391,-1.0293,0.3903
0.1002,0.65545,-1.0224,0.35477
0.1003,0.68608,-1.0141,0.31883
0.1004,0.71573,-1.0043,0.28255
0.1005,0.74435,-0.99304,0.24595
0.1006,0.77189,-0.98038,0.20907
0.1007,0.7983,-0.9663,0.17193
0.1008,0.82355,-0.95083,0.13452
0.1009,0.84761,-0.934,0.09687
0.101,0.87048,-0.91585,0.059009
0.1011,0.89213,-0.89642,0.020968
0.1012,0.91253,-0.87577,-0.017216
0.1013,0.93168,-0.85396,-0.055498
0.1014,0.94955,-0.83106,-0.093826
0.1015,0.9661,-0.80711,-0.13214
0.1016,0.98127,-0.78218,-0.17038
0.1017,0.99503,-0.75633,-0.20846
0.1018,1.0073,-0.72958,-0.24632
0.1019,1.018,-0.702,-0.28388
0.102,1.0272,-0.67359,-0.32106
0.1021,1.0346,-0.64438,-0.3578
0.1022,1.0404,-0.61439,-0.39403
0.1023,1.0444,-0.58363,-0.42969
0.1024,1.0466,-0.55209,-0.46473
0.1025,1.0471,-0.51981,-0.49911
0.1026,1.0457,-0.48678,-0.53278
0.1027,1.0427,-0.45303,-0.56572
0.1028,1.0379,-0.41859,-0.59792
0.1029,1.0314,-0.3835,-0.62934
0.103,1.0234,-0.34779,-0.65997
0.1031,1.0139,-0.31154,-0.6898
0.1032,1.0029,-0.2748,-0.7188
0.1033,0.99064,-0.23765,-0.74695
0.1034,0.97706,-0.20016,-0.7742
0.1035,0.96226,-0.16241,-0.80053
0.1036,0.9463,-0.12444,-0.82588
0.1037,0.92923,-0.086322,-0.85019
0.1038,0.91107,-0.048121,-0.8734
0.1039,0.89184,-0.009898,-0.89542
0.104,0.87154,0.028297,-0.91618
0.1041,0.85017,0.066419,-0.93561
0.1042,0.82773,0.10443,-0.95361
0.1043,0.8042,0.1423,-0.97012
0.1044,0.77956,0.18,-0.98505
0.1045,0.75383,0.21749,-0.99835
0.1046,0.72701,0.25477,-1.01
0.1047,0.69911,0.29179,-1.0198
0.1048,0.67016,0.32852,-1.028
0.1049,0.64022,0.36492,-1.0344
0.105,0.60933,0.40094,-1.0391
0.1051,0.57757,0.43653,-1.042
0.1052,0.54502,0.47164,-1.0434
0.1053,0.51176,0.50619,-1.0431
0.1054,0.47786,0.54011,-1.0412
0.1055,0.44342,0.57335,-1.0378
0.1056,0.4085,0.60584,-1.0329
0.1057,0.37316,0.6375,-1.0267
0.1058,0.33745,0.66829,-1.019
0.1059,0.30142,0.69816,-1.0099
0.106,0.2651,0.72705,-0.99941
0.1061,0.2285,0.75493,-0.98759
0.1062,0.19164,0.78176,-0.97442
0.1063,0.15451,0.80752,-0.95989
0.1064,0.1171,0.83217,-0.94402
0.1065,0.079414,0.8557,-0.92683
0.1066,0.041473,0.87806,-0.90833
0.1067,0.0033078,0.89922,-0.88855
0.1068,-0.035042,0.91917,-0.86754
0.1069,-0.073521,0.93784,-0.84533
0.107,-0.11206,0.95519,-0.82197
0.1071,-0.15059,0.97116,-0.79753
0.1072,-0.18901,0.9857,-0.77206
0.1073,-0.22724,0.99874,-0.74562
0.1074,-0.26517,1.0102,-0.71827
0.1075,-0.30273,1.0201,-0.69005
0.1076,-0.33982,1.0284,-0.66102
0.1077,-0.37637,1.0349,-0.63121
0.1078,-0.41231,1.0397,-0.60065
0.1079,-0.44759,1.0428,-0.56937
0.108,-0.48217,1.0441,-0.5374
0.1081,-0.51603,1.0437,-0.50474
0.1082,-0.54914,1.0417,-0.47142
0.1083,-0.58151,1.038,-0.43745
0.1084,-0.61312,1.0326,-0.40285
0.1085,-0.64397,1.0258,-0.36765
0.1086,-0.67407,1.0174,-0.33188
0.1087,-0.70339,1.0076,-0.29558
0.1088,-0.73193,0.99644,-0.2588
0.1089,-0.75965,0.98395,-0.22159
0.109,-0.7865,0.97021,-0.18402
0.1091,-0.81243,0.95524,-0.14614
0.1092,-0.83737,0.93907,-0.108
0.1093,-0.86124,0.92174,-0.069684
0.1094,-0.88396,0.90326,-0.031256
0.1095,-0.90541,0.88363,0.0072091
0.1096,-0.92552,0.86286,0.045643
0.1097,-0.9442,0.84097,0.083982
0.1098,-0.96137,0.81794,0.12217
0.1099,-0.97696,0.79379,0.16016
0.11,-0.99089,0.76853,0.19791
0.1101,-1.0031,0.74218,0.23539
0.1102,-1.0137,0.71477,0.27255
0.1103,-1.0225,0.68634,0.30937
0.1104,-1.0296,0.65694,0.34582
0.1105,-1.035,0.62663,0.38187
0.1106,-1.0388,0.59545,0.4175
0.1107,-1.0409,0.56349,0.45266
0.1108,-1.0415,0.5308,0.48731
0.1109,-1.0406,0.49746,0.52141
0.111,-1.0382,0.46353,0.55491
0.1111,-1.0344,0.42907,0.58775
0.1112,-1.0292,0.39413,0.61988
0.1113,-1.0225,0.35874,0.65124
0.1114,-1.0145,0.32296,0.68176
0.1115,-1.0051,0.2868,0.71138
0.1116,-0.99423,0.25029,0.74005
0.1117,-0.98199,0.21346,0.76771
0.1118,-0.96835,0.17631,0.7943
0.1119,-0.95329,0.13884,0.81978
0.112,-0.93684,0.10108,0.8441
0.1121,-0.919,0.063057,0.86721
0.1122,-0.89982,0.024814,0.88908
0.1123,-0.87934,-0.013597,0.90965
0.1124,-0.85761,-0.052115,0.92891
0.1125,-0.86355,-0.027408,0.91242
0.1126,-0.85403,-0.032114,0.91014
0.1127,-0.84153,-0.041442,0.91004
0.1128,-0.83101,-0.041497,0.90286
0.1129,-0.82337,-0.033027,0.89022
0.113,-0.81335,-0.027384,0.87825
0.1131,-0.80071,-0.024625,0.86688
0.1132,-0.79111,-0.0092521,0.84632
0.1133,-0.78873,0.02647,0.81299
0.1134,-0.78909,0.071315,0.77363
0.1135,-0.78825,0.1142,0.73554
0.1136,-0.78537,0.15429,0.69895
0.1137,-0.78125,0.19355,0.66284
0.1138,-0.77707,0.23539,0.62515
0.1139,-0.77239,0.27858,0.58688
0.114,-0.76647,0.32233,0.54834
0.1141,-0.76124,0.3692,0.5092
0.1142,-0.75915,0.42631,0.46519
0.1143,-0.76203,0.49677,0.41535
0.1144,-0.76813,0.5758,0.36318
0.1145,-0.77396,0.65459,0.31453
0.1146,-0.7775,0.72937,0.2715
0.1147,-0.77995,0.80331,0.23201
0.1148,-0.78247,0.87943,0.19358
0.1149,-0.78449,0.95557,0.15666
0.115,-0.78507,1.0298,0.12077
0.1151,-0.78626,1.107,0.081226
0.1152,-0.79119,1.1951,0.031753
0.1153,-0.80041,1.2942,-0.02848
0.1154,-0.81106,1.3966,-0.095442
0.1155,-0.8211,1.4972,-0.166
0.1156,-0.83066,1.5968,-0.24071
0.1157,-0.84026,1.697,-0.32028
0.1158,-0.84877,1.7954,-0.40352
0.1159,-0.85558,1.8905,-0.4895
0.116,-0.86205,1.9857,-0.58015
0.1161,-0.87066,2.0862,-0.67811
0.1162,-0.88249,2.1942,-0.78421
0.1163,-0.89724,2.3082,-0.89686
0.1164,-0.91369,2.4252,-1.0141
0.1165,-0.93045,2.5423,-1.1343
0.1166,-0.94624,2.6573,-1.2565
0.1167,-0.96063,2.7694,-1.3803
0.1168,-0.97354,2.8784,-1.5054
0.1169,-0.98511,2.9844,-1.6312
0.117,-0.99601,3.0888,-1.7578
0.1171,-1.0078,3.1948,-1.886
0.1172,-1.0217,3.3058,-2.0168
0.1173,-1.0373,3.4205,-2.1484
0.1174,-1.0527,3.535,-2.278
0.1175,-1.0666,3.6468,-2.4034
0.1176,-1.0788,3.7556,-2.5245
0.1177,-1.0891,3.8605,-2.6405
0.1178,-1.0968,3.9596,-2.7502
0.1179,-1.1023,4.0529,-2.8534
0.118,-1.1071,4.1438,-2.9525
0.1181,-1.1129,4.2359,-3.0497
0.1182,-1.1201,4.3299,-3.1457
0.1183,-1.128,4.4239,-3.2396
0.1184,-1.136,4.5166,-3.3309
0.1185,-1.1435,4.6065,-3.419
0.1186,-1.1501,4.6921,-3.5028
0.1187,-1.1552,4.7717,-3.5816
0.1188,-1.1588,4.8448,-3.6548
0.1189,-1.1615,4.9126,-3.7231
0.119,-1.1644,4.9769,-3.7874
0.1191,-1.1682,5.0398,-3.849
0.1192,-1.1737,5.1028,-3.9089
0.1193,-1.1807,5.1654,-3.9667
0.1194,-1.188,5.2256,-4.0214
0.1195,-1.1949,5.2814,-4.0721
0.1196,-1.2009,5.3321,-4.1185
0.1197,-1.2062,5.3768,-4.1596
0.1198,-1.2104,5.4145,-4.1946
0.1199,-1.2138,5.4456,-4.2237
0.12,-1.2177,5.4729,-4.2484
0.1201,-1.2229,5.4986,-4.2704
0.1202,-1.2291,5.523,-4.2899
0.1203,-1.2359,5.5451,-4.3064
0.1204,-1.243,5.5643,-4.3196
0.1205,-1.2503,5.5797,-4.3287
0.1206,-1.2574,5.5893,-4.3324
0.1207,-1.2638,5.5921,-4.3298
0.1208,-1.2698,5.5884,-4.321
0.1209,-1.2757,5.579,-4.3066
0.121,-1.2819,5.5653,-4.2877
0.1211,-1.2887,5.5489,-4.2655
0.1212,-1.2966,5.531,-4.2405
0.1213,-1.3055,5.5112,-4.2128
0.1214,-1.3149,5.4883,-4.1816
0.1215,-1.3243,5.461,-4.1461
0.1216,-1.3335,5.4286,-4.1059
0.1217,-1.3419,5.3901,-4.0605
0.1218,-1.3494,5.3452,-4.0098
0.1219,-1.3561,5.2947,-3.9547
0.122,-1.3627,5.2405,-3.8963
0.1221,-1.3699,5.184,-3.8357
0.1222,-1.3777,5.1258,-3.7732
0.1223,-1.3862,5.0655,-3.7087
0.1224,-1.3954,5.0028,-3.642
0.1225,-1.4051,4.9368,-3.5724
0.1226,-1.415,4.8659,-3.4993
0.1227,-1.4249,4.7896,-3.4221
0.1228,-1.4352,4.708,-3.341
0.1229,-1.4464,4.6222,-3.2567
0.123,-1.4589,4.5334,-3.17
0.1231,-1.473,4.4427,-3.0816
0.1232,-1.4885,4.351,-2.9922
0.1233,-1.5049,4.2585,-2.9018
0.1234,-1.521,4.1642,-2.8101
0.1235,-1.5354,4.0674,-2.7165
0.1236,-1.5468,3.9671,-2.6207
0.1237,-1.554,3.863,-2.5225
0.1238,-1.5565,3.7549,-2.422
0.1239,-1.554,3.6436,-2.3201
0.124,-1.547,3.5307,-2.2176
0.1241,-1.5358,3.4172,-2.1153
0.1242,-1.5208,3.3036,-2.0135
0.1243,-1.502,3.19,-1.9123
0.1244,-1.4793,3.076,-1.8113
0.1245,-1.4525,2.961,-1.7104
0.1246,-1.4216,2.844,-1.6089
0.1247,-1.3866,2.7245,-1.5064
0.1248,-1.348,2.6029,-1.4032
0.1249,-1.3066,2.4801,-1.2997
0.125,-1.2633,2.357,-1.1965
0.1251,-1.2189,2.2347,-1.0939
0.1252,-1.1742,2.1139,-0.99246
0.1253,-1.13,1.9949,-0.89234
0.1254,-1.0865,1.8772,-0.79315
0.1255,-1.044,1.76,-0.69444
0.1256,-1.0027,1.6427,-0.59586
0.1257,-0.96279,1.5251,-0.49725
0.1258,-0.92459,1.4074,-0.39868
0.1259,-0.88828,1.2902,-0.30068
0.126,-0.85412,1.1746,-0.20408
0.1261,-0.8223,1.0615,-0.10956
0.1262,-0.79278,0.95149,-0.017494
0.1263,-0.76528,0.84453,0.071963
0.1264,-0.73947,0.74042,0.15891
0.1265,-0.71499,0.63859,0.24371
0.1266,-0.69141,0.53833,0.32679
0.1267,-0.66843,0.4393,0.4083
0.1268,-0.64604,0.34179,0.48806
0.1269,-0.6244,0.24649,0.56567
0.127,-0.6037,0.15415,0.64064
0.1271,-0.5841,0.065492,0.71249
0.1272,-0.56581,-0.018869,0.78088
0.1273,-0.54885,-0.098789,0.84574
0.1274,-0.53302,-0.17469,0.90735
0.1275,-0.51805,-0.24722,0.96609
0.1276,-0.50375,-0.31684,1.0223
0.1277,-0.48997,-0.38376,1.076
0.1278,-0.47669,-0.44794,1.1272
0.1279,-0.46393,-0.50893,1.1756
0.128,-0.45185,-0.56595,1.2204
0.1281,-0.44054,-0.61829,1.2612
0.1282,-0.43001,-0.66565,1.2976
0.1283,-0.42012,-0.70805,1.3296
0.1284,-0.41075,-0.74578,1.3573
0.1285,-0.40171,-0.77937,1.3812
0.1286,-0.39276,-0.80941,1.4015
0.1287,-0.38367,-0.83625,1.4185
0.1288,-0.3744,-0.85975,1.4319
0.1289,-0.36499,-0.87949,1.4415
0.129,-0.35561,-0.89495,1.4468
0.1291,-0.34649,-0.90566,1.4478
0.1292,-0.33796,-0.91123,1.4443
0.1293,-0.33022,-0.91163,1.4365
0.1294,-0.32328,-0.90725,1.4249
0.1295,-0.31701,-0.89866,1.4099
0.1296,-0.31126,-0.88634,1.3919
0.1297,-0.30586,-0.87054,1.3709
0.1298,-0.30078,-0.85131,1.3471
0.1299,-0.29612,-0.82841,1.3202
0.13,-0.29214,-0.80133,1.2902
0.1301,-0.28903,-0.76962,1.2567
0.1302,-0.28694,-0.73311,1.2197
0.1303,-0.2858,-0.69194,1.1794
0.1304,-0.28545,-0.64646,1.1361
0.1305,-0.28561,-0.5972,1.09
0.1306,-0.28599,-0.54473,1.0414
0.1307,-0.2864,-0.48942,0.99068
0.1308,-0.28679,-0.4313,0.93785
0.1309,-0.28728,-0.37013,0.88287
0.131,-0.28808,-0.30562,0.82572
0.1311,-0.28939,-0.23747,0.7664
0.1312,-0.29138,-0.16553,0.705
0.1313,-0.29413,-0.089887,0.64175
0.1314,-0.29757,-0.010972,0.57706
0.1315,-0.30156,0.070663,0.51132
0.1316,-0.30596,0.15455,0.4448
0.1317,-0.3107,0.24039,0.37759
0.1318,-0.31584,0.32808,0.30957
0.1319,-0.32144,0.41776,0.24037
0.132,-0.32769,0.50974,0.16944
0.1321,-0.33477,0.60432,0.096153
0.1322,-0.34271,0.7016,0.019964
0.1323,-0.35141,0.80142,-0.059578
0.1324,-0.36065,0.90348,-0.14281
0.1325,-0.37014,1.0073,-0.22994
0.1326,-0.3796,1.1126,-0.32104
0.1327,-0.38884,1.2188,-0.41608
0.1328,-0.39783,1.3261,-0.51501
0.1329,-0.40664,1.4345,-0.61768
0.133,-0.41539,1.5442,-0.72386
0.1331,-0.42416,1.6552,-0.83325
0.1332,-0.43293,1.7676,-0.94541
0.1333,-0.44163,1.8811,-1.0598
0.1334,-0.4501,1.9952,-1.1756
0.1335,-0.45814,2.1093,-1.292
0.1336,-0.46564,2.223,-1.4081
0.1337,-0.47253,2.3357,-1.5233
0.1338,-0.47879,2.4474,-1.6371
0.1339,-0.48443,2.558,-1.7492
0.134,-0.48949,2.6677,-1.8595
0.1341,-0.494,2.7764,-1.968
0.1342,-0.49789,2.8843,-2.0747
0.1343,-0.50104,2.991,-2.1794
0.1344,-0.5033,3.0964,-2.2821
0.1345,-0.50449,3.1998,-2.3824
0.1346,-0.5044,3.3009,-2.4802
0.1347,-0.50291,3.3994,-2.5755
0.1348,-0.49999,3.4952,-2.6681
0.1349,-0.49571,3.5883,-2.7582
0.135,-0.49016,3.6789,-2.8457
0.1351,-0.48345,3.7669,-2.9308
0.1352,-0.47567,3.8526,-3.0134
0.1353,-0.46686,3.9357,-3.0934
0.1354,-0.45702,4.0159,-3.1705
0.1355,-0.44613,4.0929,-3.2444
0.1356,-0.43419,4.1664,-3.3147
0.1357,-0.42125,4.2361,-3.3812
0.1358,-0.40736,4.302,-3.4438
0.1359,-0.39262,4.3642,-3.5025
0.136,-0.37714,4.4229,-3.5572
0.1361,-0.36097,4.4782,-3.6082
0.1362,-0.34414,4.5301,-3.6552
0.1363,-0.32661,4.5785,-3.6983
0.1364,-0.30832,4.6233,-3.7373
0.1365,-0.28915,4.6641,-3.7721
0.1366,-0.26898,4.7007,-3.8024
0.1367,-0.24771,4.7329,-3.8283
0.1368,-0.22529,4.7607,-3.8497
0.1369,-0.20171,4.7842,-3.8668
0.137,-0.17704,4.8035,-3.8797
0.1371,-0.15136,4.8189,-3.8885
0.1372,-0.12478,4.8303,-3.8933
0.1373,-0.097364,4.8378,-3.894
0.1374,-0.069123,4.8412,-3.8904
0.1375,-0.040057,4.8404,-3.8826
0.1376,-0.010166,4.835,-3.8703
0.1377,0.020498,4.8251,-3.8535
0.1378,0.051799,4.8107,-3.8323
0.1379,0.083539,4.7919,-3.8066
0.138,0.1155,4.7689,-3.7767
0.1381,0.14747,4.742,-3.7426
0.1382,0.17932,4.7112,-3.7044
0.1383,0.21097,4.6767,-3.6623
0.1384,0.24242,4.6383,-3.6164
0.1385,0.27367,4.5959,-3.5666
0.1386,0.30468,4.5493,-3.5131
0.1387,0.33539,4.4986,-3.4559
0.1388,0.36567,4.4438,-3.3951
0.1389,0.39535,4.385,-3.3311
0.139,0.42424,4.3226,-3.264
0.1391,0.45215,4.2568,-3.1942
0.1392,0.47893,4.1876,-3.1217
0.1393,0.50441,4.1152,-3.0468
0.1394,0.52847,4.0395,-2.9695
0.1395,0.55099,3.9605,-2.8898
0.1396,0.57185,3.8781,-2.8077
0.1397,0.59093,3.7925,-2.7233
0.1398,0.60809,3.7036,-2.6366
0.1399,0.62324,3.6118,-2.5477
0.14,0.63638,3.5172,-2.4569
0.1401,0.64758,3.4203,-2.3643
0.1402,0.65705,3.321,-2.2702
0.1403,0.66514,3.2196,-2.1745
0.1404,0.67224,3.1161,-2.0774
0.1405,0.6788,3.0105,-1.979
0.1406,0.68518,2.9027,-1.8794
0.1407,0.69168,2.793,-1.7787
0.1408,0.69849,2.6813,-1.6771
0.1409,0.70567,2.568,-1.5747
0.141,0.7132,2.4533,-1.472
0.1411,0.72104,2.3375,-1.3691
0.1412,0.72905,2.2208,-1.2662
0.1413,0.73713,2.1033,-1.1635
0.1414,0.74515,1.9852,-1.061
0.1415,0.75288,1.8664,-0.95874
0.1416,0.76013,1.7471,-0.85668
0.1417,0.76667,1.6274,-0.75485
0.1418,0.77225,1.5074,-0.65331
0.1419,0.77662,1.3875,-0.55219
0.142,0.77956,1.2679,-0.45163
0.1421,0.78086,1.149,-0.35176
0.1422,0.78038,1.0309,-0.25268
0.1423,0.77805,0.91384,-0.15445
0.1424,0.77386,0.79793,-0.057098
0.1425,0.76786,0.68323,0.039327
0.1426,0.76017,0.56983,0.13478
0.1427,0.75094,0.45783,0.22913
0.1428,0.74032,0.3474,0.32219
0.1429,0.72847,0.23877,0.41373
0.143,0.71556,0.13219,0.50348
0.1431,0.70175,0.027878,0.59122
0.1432,0.68721,-0.073968,0.67674
0.1433,0.67212,-0.17322,0.7599
0.1434,0.65666,-0.26983,0.84057
0.1435,0.641,-0.36374,0.91869
0.1436,0.62527,-0.45494,0.9942
0.1437,0.6096,-0.54334,1.067
0.1438,0.59403,-0.62881,1.137
0.1439,0.5786,-0.71118,1.2041
0.144,0.56331,-0.79026,1.2682
0.1441,0.54814,-0.86586,1.3291
0.1442,0.53306,-0.93783,1.3867
0.1443,0.51808,-1.0061,1.4411
0.1444,0.50318,-1.0706,1.4923
0.1445,0.48842,-1.1313,1.5402
0.1446,0.47386,-1.1883,1.5848
0.1447,0.45955,-1.2414,1.626
0.1448,0.44556,-1.2907,1.6638
0.1449,0.43193,-1.336,1.6979
0.145,0.41869,-1.3772,1.7283
0.1451,0.40583,-1.4142,1.7549
0.1452,0.3934,-1.4469,1.7775
0.1453,0.38144,-1.4753,1.7962
0.1454,0.37002,-1.4995,1.8108
0.1455,0.3592,-1.5194,1.8213
0.1456,0.34906,-1.5351,1.8278
0.1457,0.33961,-1.5468,1.8303
0.1458,0.33081,-1.5542,1.8288
0.1459,0.3226,-1.5575,1.8233
0.146,0.31486,-1.5565,1.8138
0.1461,0.30748,-1.5511,1.8004
0.1462,0.30035,-1.5414,1.7831
0.1463,0.29339,-1.5274,1.7621
0.1464,0.28654,-1.5091,1.7376
0.1465,0.27973,-1.4867,1.7096
0.1466,0.27291,-1.4601,1.6782
0.1467,0.26601,-1.4296,1.6437
0.1468,0.25899,-1.3951,1.6061
0.1469,0.25179,-1.3566,1.5654
0.147,0.24437,-1.3142,1.5218
0.1471,0.23673,-1.2679,1.4752
0.1472,0.22889,-1.2176,1.4257
0.1473,0.22085,-1.1637,1.3733
0.1474,0.21268,-1.106,1.3183
0.1475,0.20442,-1.0449,1.2606
0.1476,0.19611,-0.98045,1.2004
0.1477,0.18779,-0.9128,1.1378
0.1478,0.17946,-0.84205,1.0729
0.1479,0.17109,-0.76827,1.0058
0.148,0.16266,-0.69152,0.93656
0.1481,0.15412,-0.61187,0.86529
0.1482,0.14543,-0.52938,0.79206
0.1483,0.13656,-0.44419,0.71695
0.1484,0.12749,-0.35642,0.64005
0.1485,0.1182,-0.26624,0.56144
0.1486,0.10867,-0.17377,0.48112
0.1487,0.098901,-0.079148,0.3991
0.1488,0.088867,0.017561,0.31531
0.1489,0.078566,0.1163,0.22964
0.149,0.068014,0.21704,0.14194
0.1491,0.05724,0.31972,0.052075
0.1492,0.046319,0.4243,-0.040072
0.1493,0.035307,0.53065,-0.13457
0.1494,0.024304,0.63866,-0.23142
0.1495,0.013413,0.74816,-0.33056
0.1496,0.0027358,0.85894,-0.43184
0.1497,-0.007624,0.97081,-0.5351
0.1498,-0.017572,1.0836,-0.64007
0.1499,-0.027029,1.1971,-0.7465
0.15,-0.035934,1.3111,-0.85406
0.1501,-0.044236,1.4254,-0.9624
0.1502,-0.051893,1.5398,-1.0712
0.1503,-0.058868,1.654,-1.1799
0.1504,-0.065118,1.7677,-1.2884
0.1505,-0.070594,1.8808,-1.3961
0.1506,-0.07525,1.993,-1.503
0.1507,-0.079046,2.104,-1.6086
0.1508,-0.081956,2.2137,-1.7128
0.1509,-0.083964,2.322,-1.8155
0.151,-0.085066,2.4286,-1.9164
0.1511,-0.085256,2.5335,-2.0156
0.1512,-0.08452,2.6366,-2.1128
0.1513,-0.082832,2.7376,-2.208
0.1514,-0.080158,2.8365,-2.301
0.1515,-0.076461,2.933,-2.3917
0.1516,-0.071713,3.027,-2.48
0.1517,-0.065901,3.1184,-2.5658
0.1518,-0.059026,3.207,-2.6489
0.1519,-0.051112,3.2926,-2.7294
0.152,-0.042196,3.3753,-2.807
0.1521,-0.032324,3.455,-2.8817
0.1522,-0.021548,3.5315,-2.9532
0.1523,-0.0099195,3.6048,-3.0216
0.1524,0.0025113,3.6747,-3.0866
0.1525,0.015699,3.7411,-3.1481
0.1526,0.029594,3.8039,-3.2059
0.1527,0.044144,3.863,-3.2599
0.1528,0.059285,3.9184,-3.31
0.1529,0.074949,3.97,-3.3561
0.153,0.09106,4.0178,-3.3981
0.1531,0.10755,4.0616,-3.436
0.1532,0.12436,4.1016,-3.4697
0.1533,0.14146,4.1376,-3.4991
0.1534,0.1588,4.1695,-3.5241
0.1535,0.17638,4.1974,-3.5449
0.1536,0.19415,4.221,-3.5612
0.1537,0.21206,4.2404,-3.5731
0.1538,0.23006,4.2556,-3.5806
0.1539,0.24808,4.2666,-3.5837
0.154,0.26605,4.2733,-3.5824
0.1541,0.28389,4.2759,-3.5768
0.1542,0.30156,4.2742,-3.5669
0.1543,0.31899,4.2683,-3.5527
0.1544,0.33613,4.2582,-3.5343
0.1545,0.35289,4.2438,-3.5117
0.1546,0.36922,4.2251,-3.485
0.1547,0.38502,4.2023,-3.4541
0.1548,0.40021,4.1752,-3.4191
0.1549,0.41469,4.144,-3.3802
0.155,0.42841,4.1086,-3.3374
0.1551,0.44127,4.0693,-3.2908
0.1552,0.45322,4.026,-3.2405
0.1553,0.4642,3.9787,-3.1866
0.1554,0.47416,3.9276,-3.1293
0.1555,0.48306,3.8727,-3.0686
0.1556,0.49086,3.8139,-3.0047
0.1557,0.49753,3.7515,-2.9376
0.1558,0.50304,3.6854,-2.8675
0.1559,0.50735,3.6158,-2.7945
0.156,0.51047,3.5428,-2.7188
0.1561,0.51237,3.4664,-2.6405
0.1562,0.51307,3.3869,-2.5598
0.1563,0.51259,3.3042,-2.4768
0.1564,0.51097,3.2185,-2.3917
0.1565,0.50829,3.1298,-2.3045
0.1566,0.50463,3.0384,-2.2153
0.1567,0.5001,2.9442,-2.1244
0.1568,0.49483,2.8473,-2.0317
0.1569,0.48898,2.7481,-1.9375
0.157,0.48272,2.6464,-1.8419
0.1571,0.47626,2.5426,-1.7451
0.1572,0.46977,2.4368,-1.6471
0.1573,0.46349,2.329,-1.5481
0.1574,0.45755,2.2194,-1.4482
0.1575,0.45212,2.1082,-1.3476
0.1576,0.4473,1.9954,-1.2462
0.1577,0.44316,1.8813,-1.1444
0.1578,0.43969,1.7659,-1.0421
0.1579,0.43686,1.6495,-0.93951
0.158,0.43458,1.5322,-0.83679
0.1581,0.43273,1.4142,-0.73405
0.1582,0.43119,1.2958,-0.6314
0.1583,0.42979,1.177,-0.52894
0.1584,0.4284,1.058,-0.42678
0.1585,0.4269,0.93912,-0.32502
0.1586,0.42516,0.8204,-0.22378
0.1587,0.4231,0.70204,-0.12314
0.1588,0.42064,0.58422,-0.023212
0.1589,0.4177,0.46715,0.075894
0.159,0.41424,0.35101,0.17404
0.1591,0.41023,0.23598,0.27111
0.1592,0.40568,0.12225,0.367
0.1593,0.4006,0.0099697,0.46158
0.1594,0.39502,-0.1007,0.55474
0.1595,0.38898,-0.2096,0.64636
0.1596,0.38255,-0.31661,0.73632
0.1597,0.37577,-0.42157,0.8245
0.1598,0.3687,-0.52433,0.91077
0.1599,0.3614,-0.62474,0.99498
0.16,0.35393,-0.72264,1.077
0.1601,0.34633,-0.81791,1.1567
0.1602,0.33867,-0.91039,1.2339
0.1603,0.331,-0.99997,1.3086
0.1604,0.32337,-1.0865,1.3805
0.1605,0.31585,-1.17,1.4496
0.1606,0.30847,-1.2502,1.5158
0.1607,0.30127,-1.3272,1.5789
0.1608,0.29428,-1.4007,1.6389
0.1609,0.28753,-1.4707,1.6957
0.161,0.28103,-1.537,1.7491
0.1611,0.27479,-1.5997,1.799
0.1612,0.26883,-1.6586,1.8454
0.1613,0.26315,-1.7136,1.8883
0.1614,0.25778,-1.7647,1.9274
0.1615,0.25273,-1.8118,1.9628
0.1616,0.24801,-1.8549,1.9945
0.1617,0.24363,-1.8938,2.0222
0.1618,0.23956,-1.9287,2.0462
0.1619,0.2358,-1.9594,2.0662
0.162,0.23235,-1.986,2.0822
0.1621,0.22917,-2.0083,2.0943
0.1622,0.22625,-2.0264,2.1025
0.1623,0.22358,-2.0401,2.1067
0.1624,0.22112,-2.0496,2.1069
0.1625,0.21885,-2.0548,2.1032
0.1626,0.21673,-2.0558,2.0956
0.1627,0.21472,-2.0524,2.0842
0.1628,0.21279,-2.0448,2.0689
0.1629,0.21089,-2.0329,2.0499
0.163,0.20901,-2.0169,2.0272
0.1631,0.20708,-1.9966,2.0007
0.1632,0.20509,-1.9721,1.9707
0.1633,0.20297,-1.9435,1.9371
0.1634,0.2007,-1.9108,1.9001
0.1635,0.19824,-1.8741,1.8597
0.1636,0.19556,-1.8334,1.8161
0.1637,0.19263,-1.7889,1.7692
0.1638,0.18941,-1.7406,1.7193
0.1639,0.18587,-1.6885,1.6664
0.164,0.18199,-1.6328,1.6106
0.1641,0.17773,-1.5735,1.552
0.1642,0.17306,-1.5107,1.4908
0.1643,0.16795,-1.4445,1.427
0.1644,0.16241,-1.3751,1.3608
0.1645,0.1564,-1.3025,1.2923
0.1646,0.16418,-1.2554,1.2358
0.1647,0.18272,-1.2335,1.1916
0.1648,0.2076,-1.228,1.1527
0.1649,0.23518,-1.2296,1.1144
0.165,0.27565,-1.2584,1.0885
0.1651,0.31972,-1.3024,1.0726
0.1652,0.35674,-1.329,1.0467
0.1653,0.39306,-1.3524,1.0202
0.1654,0.43768,-1.3953,1.0063
0.1655,0.47982,-1.437,0.99514
0.1656,0.51819,-1.4646,0.97501
0.1657,0.56032,-1.4993,0.95964
0.1658,0.60695,-1.5433,0.94989
0.1659,0.65223,-1.5817,0.93671
0.166,0.70054,-1.6203,0.92156
0.1661,0.74753,-1.6583,0.90783
0.1662,0.78362,-1.67,0.87941
0.1663,0.80745,-1.6506,0.83301
0.1664,0.82683,-1.6187,0.77916
0.1665,0.8401,-1.5765,0.72176
0.1666,0.8501,-1.5246,0.6583
0.1667,0.86342,-1.482,0.60115
0.1668,0.88005,-1.4512,0.55267
0.1669,0.89372,-1.4168,0.50367
0.167,0.91025,-1.384,0.45351
0.1671,0.9314,-1.3622,0.40976
0.1672,0.95187,-1.3387,0.36509
0.1673,0.97225,-1.3148,0.32028
0.1674,1.0012,-1.311,0.287
0.1675,1.0327,-1.3203,0.26436
0.1676,1.061,-1.3238,0.23926
0.1677,1.0919,-1.3353,0.21952
0.1678,1.1295,-1.3662,0.21244
0.1679,1.1628,-1.3919,0.20449
0.168,1.1883,-1.397,0.18354
0.1681,1.2095,-1.3923,0.15685
0.1682,1.2232,-1.3704,0.12015
0.1683,1.2247,-1.3182,0.065
0.1684,1.2239,-1.2559,0.0017997
0.1685,1.2257,-1.2037,-0.054091
0.1686,1.2249,-1.1497,-0.10921
0.1687,1.22,-1.0892,-0.16664
0.1688,1.2163,-1.0357,-0.21833
0.1689,1.2098,-0.9845,-0.26506
0.169,1.1976,-0.92261,-0.31675
0.1691,1.1842,-0.86085,-0.36727
0.1692,1.1733,-0.80965,-0.4098
0.1693,1.1612,-0.76135,-0.44828
0.1694,1.1514,-0.71812,-0.48409
0.1695,1.1482,-0.69263,-0.50892
0.1696,1.1501,-0.68162,-0.52444
0.1697,1.1542,-0.6782,-0.53455
0.1698,1.1622,-0.68578,-0.53773
0.1699,1.1687,-0.69618,-0.53665
0.17,1.1666,-0.69057,-0.54315
0.1701,1.1559,-0.6681,-0.55808
0.1702,1.1402,-0.63654,-0.57707
0.1703,1.1172,-0.59251,-0.60133
0.1704,1.0896,-0.53799,-0.63127
0.1705,1.0612,-0.48406,-0.65962
0.1706,1.0303,-0.42685,-0.6886
0.1707,0.99389,-0.35716,-0.72414
0.1708,0.95655,-0.2831,-0.76287
0.1709,0.91952,-0.21181,-0.79892
0.171,0.88,-0.13655,-0.83632
0.1711,0.83968,-0.06132,-0.8728
0.1712,0.80363,0.00037759,-0.89996
0.1713,0.76923,0.050941,-0.9176
0.1714,0.73593,0.095461,-0.93026
0.1715,0.70844,0.12291,-0.93155
0.1716,0.68707,0.13072,-0.91925
0.1717,0.66495,0.13434,-0.90193
0.1718,0.64176,0.13905,-0.88447
0.1719,0.61866,0.14068,-0.86384
0.172,0.59187,0.14823,-0.84528
0.1721,0.55938,0.16809,-0.83314
0.1722,0.52695,0.18803,-0.82096
0.1723,0.49482,0.20296,-0.80392
0.1724,0.45845,0.22431,-0.78888
0.1725,0.41738,0.25445,-0.77773
