0.05,0.41377,0.11307,-0.45713
0.0501,0.40075,0.13266,-0.46421
0.0502,0.38693,0.1521,-0.47075
0.0503,0.37236,0.17125,-0.47671
0.0504,0.35712,0.19002,-0.48204
0.0505,0.3413,0.20828,-0.48667
0.0506,0.32499,0.22594,-0.49055
0.0507,0.30825,0.24293,-0.49366
0.0508,0.29115,0.25922,-0.49597
0.0509,0.27371,0.27481,-0.49747
0.051,0.25596,0.28975,-0.49818
0.0511,0.23792,0.30411,-0.49814
0.0512,0.2196,0.31798,-0.49739
0.0513,0.20101,0.33145,-0.49601
0.0514,0.36802,5.8347,-0.6762
0.0515,0.39639,7.4293,-0.72326
0.0516,0.40144,8.2235,-0.73984
0.0517,0.43766,9.4781,-0.78546
0.0518,0.46003,10.108,-0.8315
0.0519,0.45393,10.275,-0.84611
0.052,0.46898,11.298,-0.86647
0.0521,0.52158,13.102,-0.93566
0.0522,0.58896,15.084,-1.0318
0.0523,0.64453,17.029,-1.1027
0.0524,0.68763,18.779,-1.1569
0.0525,0.7108,19.896,-1.2007
0.0526,0.72153,20.649,-1.228
0.0527,0.72673,21.207,-1.2537
0.0528,0.73467,21.602,-1.2907
0.0529,0.75593,22.46,-1.3386
0.053,0.79556,24.199,-1.3855
0.0531,0.849,26.453,-1.4396
0.0532,0.91085,28.837,-1.4999
0.0533,0.96078,30.967,-1.5432
0.0534,0.98019,32.17,-1.5527
0.0535,0.97578,32.47,-1.5455
0.0536,0.97552,32.769,-1.5428
0.0537,0.98037,33.235,-1.5463
0.0538,0.97976,33.363,-1.5432
0.0539,0.97881,33.435,-1.5331
0.054,0.99257,34.017,-1.5268
0.0541,1.0121,34.78,-1.5288
0.0542,1.0228,35.299,-1.5212
0.0543,1.019,35.739,-1.4939
0.0544,1.0098,36.111,-1.4593
0.0545,0.99893,36.159,-1.4341
0.0546,0.98727,36.054,-1.411
0.0547,0.97824,36.273,-1.3877
0.0548,0.97896,36.686,-1.3752
0.0549,0.99338,37.437,-1.3803
0.055,1.0069,38.309,-1.3782
0.0551,1.0061,38.866,-1.3577
0.0552,0.99682,38.967,-1.3292
0.0553,0.9806,38.797,-1.2958
0.0554,0.95277,38.338,-1.2479
0.0555,0.91752,37.56,-1.1968
0.0556,0.8901,36.786,-1.1588
0.0557,0.86809,36.163,-1.1292
0.0558,0.84246,35.453,-1.0947
0.0559,0.81545,34.714,-1.0615
0.056,0.79448,34.267,-1.0342
0.0561,0.76956,33.922,-1.0015
0.0562,0.73181,33.267,-0.95415
0.0563,0.68683,32.429,-0.90218
0.0564,0.6453,31.676,-0.85664
0.0565,0.60513,30.908,-0.81882
0.0566,0.56508,30.118,-0.78344
0.0567,0.52774,29.531,-0.75057
0.0568,0.49294,29.078,-0.71963
0.0569,0.45224,28.53,-0.68557
0.057,0.39751,27.739,-0.63732
0.0571,0.32823,26.756,-0.57722
0.0572,0.25021,25.584,-0.51513
0.0573,0.16647,24.267,-0.45521
0.0574,0.080945,22.84,-0.39363
0.0575,0.0016687,21.331,-0.33445
0.0576,-0.057002,19.742,-0.28174
0.0577,-0.087953,18.243,-0.23253
0.0578,-0.10101,16.84,-0.18005
0.0579,-0.10817,15.436,-0.12489
0.058,-0.11245,14.107,-0.067997
0.0581,-0.12048,12.872,-0.0081772
0.0582,-0.1353,11.559,0.052929
0.0583,-0.15103,10.187,0.10833
0.0584,-0.16187,8.9451,0.1571
0.0585,-0.17302,7.7656,0.20356
0.0586,-0.18847,6.4814,0.2518
0.0587,-0.20836,5.1505,0.30348
0.0588,-0.23333,3.7985,0.36184
0.0589,-0.26623,2.2921,0.4264
0.059,-0.30449,0.65952,0.49492
0.0591,-0.34442,-0.93856,0.56389
0.0592,-0.38333,-2.5116,0.62937
0.0593,-0.42078,-4.1305,0.6878
0.0594,-0.45609,-5.7438,0.74147
0.0595,-0.49074,-7.3306,0.7929
0.0596,-0.52467,-8.92,0.84216
0.0597,-0.55808,-10.448,0.89021
0.0598,-0.59201,-11.876,0.9414
0.0599,-0.62776,-13.278,0.99489
0.06,-0.66226,-14.653,1.0461
0.0601,-0.69396,-15.94,1.0926
0.0602,-0.72351,-17.169,1.1355
0.0603,-0.751,-18.374,1.174
0.0604,-0.7754,-19.514,1.2094
0.0605,-0.7998,-20.632,1.2468
0.0606,-0.8274,-21.845,1.2901
0.0607,-0.85767,-23.129,1.338
0.0608,-0.88851,-24.393,1.3894
0.0609,-0.91981,-25.655,1.4421
0.061,-0.95051,-26.936,1.4937
0.0611,-0.97894,-28.173,1.5414
0.0612,-1.004,-29.359,1.5828
0.0613,-1.0276,-30.545,1.6199
0.0614,-1.0496,-31.702,1.6523
0.0615,-1.0701,-32.749,1.682
0.0616,-1.089,-33.699,1.709
0.0617,-1.1069,-34.584,1.732
0.0618,-1.1227,-35.365,1.7511
0.0619,-1.1357,-36.045,1.7641
0.062,-1.1451,-36.675,1.7684
0.0621,-1.1514,-37.257,1.7646
0.0622,-1.1557,-37.79,1.7559
0.0623,-1.1596,-38.324,1.7429
0.0624,-1.163,-38.875,1.7267
0.0625,-1.167,-39.405,1.7102
0.0626,-1.1717,-39.911,1.6957
0.0627,-1.1759,-40.378,1.6811
0.0628,-1.1768,-40.738,1.6646
0.0629,-1.1746,-40.993,1.6462
0.063,-1.17,-41.209,1.6261
0.0631,-1.1627,-41.391,1.6028
0.0632,-1.1528,-41.512,1.5772
0.0633,-1.1423,-41.6,1.5512
0.0634,-1.1315,-41.656,1.5258
0.0635,-1.1195,-41.618,1.5004
0.0636,-1.1056,-41.473,1.4748
0.0637,-1.0898,-41.256,1.4476
0.0638,-1.0711,-40.952,1.4173
0.0639,-1.0487,-40.549,1.383
0.064,-1.023,-40.095,1.3447
0.0641,-0.99527,-39.629,1.304
0.0642,-0.966,-39.147,1.2632
0.0643,-0.93581,-38.666,1.2234
0.0644,-0.90435,-38.192,1.1848
0.0645,-0.87074,-37.68,1.1474
0.0646,-0.83336,-37.091,1.1107
0.0647,-0.79051,-36.433,1.0724
0.0648,-0.74021,-35.697,1.031
0.0649,-0.68176,-34.886,0.98723
0.065,-0.61503,-34.041,0.9417
0.0651,-0.53994,-33.176,0.89421
0.0652,-0.45728,-32.26,0.84618
0.0653,-0.37191,-31.295,0.79937
0.0654,-0.28973,-30.298,0.75361
0.0655,-0.21369,-29.24,0.70729
0.0656,-0.1448,-28.108,0.65981
0.0657,-0.083896,-26.936,0.61038
0.0658,-0.028769,-25.74,0.55797
0.0659,0.022074,-24.511,0.50276
0.066,0.065645,-23.275,0.44631
0.0661,0.098447,-22.063,0.38954
0.0662,0.12071,-20.847,0.33294
0.0663,0.13271,-19.593,0.27666
0.0664,0.13526,-18.292,0.22024
0.0665,0.13201,-16.925,0.16271
0.0666,0.12766,-15.478,0.10364
0.0667,0.12514,-13.979,0.042721
0.0668,0.12696,-12.466,-0.019898
0.0669,0.13431,-10.949,-0.083267
0.067,0.1467,-9.4416,-0.14597
0.0671,0.16302,-7.951,-0.2074
0.0672,0.18281,-6.4567,-0.26699
0.0673,0.20554,-4.9401,-0.32442
0.0674,0.23096,-3.4079,-0.38021
0.0675,0.25926,-1.8505,-0.43567
0.0676,0.28996,-0.28255,-0.49092
0.0677,0.3225,1.2812,-0.54586
0.0678,0.35596,2.8041,-0.6002
0.0679,0.38959,4.2813,-0.65351
0.068,0.42296,5.7146,-0.70484
0.0681,0.4552,7.0909,-0.75384
0.0682,0.48729,8.4527,-0.80184
0.0683,0.5192,9.8319,-0.84891
0.0684,0.55146,11.239,-0.89578
0.0685,0.584,12.663,-0.94334
0.0686,0.61683,14.101,-0.99171
0.0687,0.64948,15.535,-1.0405
0.0688,0.68142,16.932,-1.0893
0.0689,0.71198,18.282,-1.1374
0.069,0.74129,19.595,-1.1837
0.0691,0.76933,20.871,-1.2283
0.0692,0.79624,22.108,-1.2712
0.0693,0.822,23.32,-1.3121
0.0694,0.84714,24.51,-1.3521
0.0695,0.87146,25.665,-1.391
0.0696,0.89498,26.782,-1.4286
0.0697,0.91723,27.85,-1.464
0.0698,0.93794,28.854,-1.4964
0.0699,0.9568,29.785,-1.5248
0.07,0.9744,30.677,-1.5489
0.0701,0.99021,31.523,-1.5671
0.0702,1.0047,32.334,-1.5793
0.0703,1.018,33.124,-1.5859
0.0704,1.0301,33.887,-1.5875
0.0705,1.0402,34.588,-1.5846
0.0706,1.0488,35.241,-1.5786
0.0707,1.0551,35.83,-1.57
0.0708,1.0594,36.351,-1.5591
0.0709,1.0614,36.806,-1.5462
0.071,1.0613,37.205,-1.531
0.0711,1.0595,37.551,-1.5139
0.0712,1.0562,37.844,-1.4951
0.0713,1.0514,38.088,-1.4751
0.0714,1.0454,38.28,-1.4539
0.0715,1.0379,38.407,-1.4315
0.0716,1.029,38.461,-1.408
0.0717,1.0183,38.445,-1.3831
0.0718,1.006,38.362,-1.3566
0.0719,0.9922,38.219,-1.3287
0.072,0.97693,38.032,-1.2994
0.0721,0.96022,37.812,-1.2688
0.0722,0.9422,37.555,-1.2372
0.0723,0.92265,37.256,-1.2048
0.0724,0.90124,36.906,-1.1715
0.0725,0.87748,36.491,-1.137
0.0726,0.85119,36.004,-1.1012
0.0727,0.8221,35.448,-1.0641
0.0728,0.79009,34.829,-1.0251
0.0729,0.75501,34.15,-0.98448
0.073,0.71695,33.422,-0.94234
0.0731,0.67589,32.655,-0.89906
0.0732,0.63179,31.851,-0.85477
0.0733,0.58436,31.008,-0.80968
0.0734,0.53347,30.124,-0.76382
0.0735,0.47891,29.194,-0.71711
0.0736,0.42065,28.214,-0.66938
0.0737,0.35906,27.189,-0.62063
0.0738,0.29549,26.126,-0.57085
0.0739,0.23193,25.033,-0.5202
0.074,0.17095,23.913,-0.46877
0.0741,0.11514,22.767,-0.4167
0.0742,0.066552,21.59,-0.36409
0.0743,0.025966,20.373,-0.31096
0.0744,-0.0069538,19.115,-0.25709
0.0745,-0.033545,17.813,-0.20228
0.0746,-0.055524,16.469,-0.14644
0.0747,-0.074722,15.09,-0.089563
0.0748,-0.092627,13.682,-0.031586
0.0749,-0.11041,12.252,0.027223
0.075,-0.12885,10.806,0.086515
0.0751,-0.14866,9.3484,0.14601
0.0752,-0.17031,7.8804,0.20557
0.0753,-0.19411,6.3997,0.26492
0.0754,-0.22002,4.9093,0.32391
0.0755,-0.24793,3.4138,0.38249
0.0756,-0.27749,1.9175,0.44056
0.0757,-0.30836,0.42786,0.49791
0.0758,-0.34014,-1.0473,0.55448
0.0759,-0.37259,-2.508,0.61016
0.076,-0.40548,-3.9591,0.66486
0.0761,-0.43877,-5.4055,0.71847
0.0762,-0.47236,-6.8556,0.77096
0.0763,-0.50628,-8.3078,0.82272
0.0764,-0.54034,-9.7661,0.87355
0.0765,-0.57448,-11.225,0.92357
0.0766,-0.60845,-12.675,0.97287
0.0767,-0.64231,-14.115,1.0217
0.0768,-0.67581,-15.533,1.07
0.0769,-0.70857,-16.917,1.1173
0.077,-0.74054,-18.269,1.164
0.0771,-0.77183,-19.594,1.2101
0.0772,-0.80231,-20.893,1.2558
0.0773,-0.83177,-22.165,1.3008
0.0774,-0.86024,-23.412,1.3454
0.0775,-0.88778,-24.634,1.3897
0.0776,-0.91429,-25.826,1.4336
0.0777,-0.93967,-26.982,1.4769
0.0778,-0.96392,-28.101,1.5193
0.0779,-0.9871,-29.183,1.5602
0.078,-1.0091,-30.229,1.599
0.0781,-1.0299,-31.241,1.6343
0.0782,-1.0493,-32.217,1.6655
0.0783,-1.0675,-33.161,1.6915
0.0784,-1.0843,-34.07,1.712
0.0785,-1.0995,-34.936,1.7266
0.0786,-1.113,-35.753,1.7356
0.0787,-1.1249,-36.518,1.7392
0.0788,-1.135,-37.225,1.7378
0.0789,-1.1432,-37.866,1.7317
0.079,-1.1495,-38.443,1.7215
0.0791,-1.1539,-38.961,1.7078
0.0792,-1.1565,-39.418,1.6913
0.0793,-1.1572,-39.814,1.6727
0.0794,-1.156,-40.152,1.6526
0.0795,-1.1533,-40.436,1.6317
0.0796,-1.1489,-40.666,1.6101
0.0797,-1.1429,-40.842,1.588
0.0798,-1.1355,-40.97,1.5653
0.0799,-1.1267,-41.051,1.5418
0.08,-1.1164,-41.086,1.5175
0.0801,-1.1046,-41.074,1.492
0.0802,-1.0912,-41.012,1.4652
0.0803,-1.0762,-40.899,1.4371
0.0804,-1.0594,-40.731,1.4075
0.0805,-1.0407,-40.501,1.3765
0.0806,-1.0199,-40.208,1.3439
0.0807,-0.99704,-39.851,1.3099
0.0808,-0.97182,-39.432,1.2744
0.0809,-0.94401,-38.952,1.2375
0.081,-0.91336,-38.416,1.199
0.0811,-0.87959,-37.828,1.1593
0.0812,-0.84226,-37.19,1.1184
0.0813,-0.80079,-36.502,1.0763
0.0814,-0.75454,-35.77,1.0332
0.0815,-0.7027,-34.995,0.9894
0.0816,-0.64421,-34.178,0.94493
0.0817,-0.57805,-33.323,0.89984
0.0818,-0.50371,-32.434,0.85423
0.0819,-0.42188,-31.516,0.80818
0.082,-0.33519,-30.567,0.76166
0.0821,-0.2483,-29.588,0.71448
0.0822,-0.1668,-28.575,0.6665
0.0823,-0.095136,-27.522,0.61754
0.0824,-0.035429,-26.422,0.56736
0.0825,0.01241,-25.272,0.51571
0.0826,0.049804,-24.072,0.46259
0.0827,0.078558,-22.824,0.40809
0.0828,0.1003,-21.534,0.35224
0.0829,0.11621,-20.205,0.29508
0.083,0.12709,-18.841,0.2368
0.0831,0.1337,-17.446,0.17756
0.0832,0.1372,-16.023,0.11747
0.0833,0.13924,-14.572,0.056673
0.0834,0.14174,-13.1,-0.0045219
0.0835,0.14648,-11.612,-0.065825
0.0836,0.15482,-10.117,-0.12698
0.0837,0.16734,-8.6187,-0.18768
0.0838,0.18399,-7.1249,-0.2476
0.0839,0.20439,-5.6378,-0.30653
0.084,0.22808,-4.1553,-0.36442
0.0841,0.25458,-2.6736,-0.42126
0.0842,0.2834,-1.1891,-0.47704
0.0843,0.31409,0.30164,-0.5318
0.0844,0.34625,1.8001,-0.58559
0.0845,0.37949,3.3038,-0.63847
0.0846,0.41341,4.8079,-0.69039
0.0847,0.44769,6.3063,-0.7414
0.0848,0.48204,7.7933,-0.79157
0.0849,0.51622,9.2645,-0.84102
0.085,0.54998,10.717,-0.8898
0.0851,0.58311,12.15,-0.93801
0.0852,0.6155,13.563,-0.98575
0.0853,0.64701,14.954,-1.033
0.0854,0.67752,16.321,-1.0799
0.0855,0.707,17.661,-1.1261
0.0856,0.73548,18.971,-1.1719
0.0857,0.76305,20.248,-1.2171
0.0858,0.78981,21.491,-1.2615
0.0859,0.81588,22.7,-1.3051
0.086,0.84131,23.878,-1.3477
0.0861,0.86609,25.026,-1.3888
0.0862,0.89014,26.147,-1.4282
0.0863,0.91334,27.238,-1.4651
0.0864,0.93553,28.301,-1.4991
0.0865,0.95658,29.33,-1.5295
0.0866,0.97633,30.319,-1.5557
0.0867,0.99462,31.264,-1.5773
0.0868,1.0113,32.159,-1.5938
0.0869,1.0263,33,-1.6051
0.087,1.0393,33.783,-1.611
0.0871,1.0502,34.505,-1.6118
0.0872,1.059,35.166,-1.608
0.0873,1.0655,35.764,-1.6003
0.0874,1.0699,36.299,-1.5895
0.0875,1.0722,36.774,-1.5761
0.0876,1.0726,37.19,-1.561
0.0877,1.0713,37.549,-1.5444
0.0878,1.0685,37.856,-1.5265
0.0879,1.0644,38.113,-1.5076
0.088,1.059,38.322,-1.4876
0.0881,1.0524,38.485,-1.4665
0.0882,1.0446,38.601,-1.4441
0.0883,1.0356,38.668,-1.4205
0.0884,1.0254,38.684,-1.3956
0.0885,1.0138,38.645,-1.3692
0.0886,1.0008,38.548,-1.3415
0.0887,0.98617,38.391,-1.3123
0.0888,0.96974,38.17,-1.2816
0.0889,0.95128,37.886,-1.2494
0.089,0.93057,37.538,-1.2157
0.0891,0.90742,37.127,-1.1805
0.0892,0.88168,36.654,-1.1438
0.0893,0.85327,36.122,-1.1058
0.0894,0.82216,35.532,-1.0666
0.0895,0.7883,34.89,-1.0262
0.0896,0.75169,34.198,-0.98488
0.0897,0.71225,33.46,-0.94268
0.0898,0.66985,32.681,-0.89965
0.0899,0.62434,31.864,-0.85579
0.09,0.57561,31.011,-0.81109
0.0901,0.5236,30.123,-0.76552
0.0902,0.4684,29.202,-0.71901
0.0903,0.41032,28.244,-0.67155
0.0904,0.35002,27.249,-0.62311
0.0905,0.2885,26.214,-0.57369
0.0906,0.2272,25.136,-0.52327
0.0907,0.16789,24.014,-0.47183
0.0908,0.11251,22.847,-0.41937
0.0909,0.062813,21.636,-0.36589
0.091,0.020075,20.381,-0.31139
0.0911,-0.01517,19.085,-0.25589
0.0912,-0.043268,17.752,-0.19947
0.0913,-0.065379,16.387,-0.14226
0.0914,-0.08325,14.995,-0.08442
0.0915,-0.09886,13.58,-0.026108
0.0916,-0.11405,12.148,0.032518
0.0917,-0.13026,10.702,0.091329
0.0918,-0.14846,9.2462,0.15023
0.0919,-0.16914,7.7822,0.20912
0.092,-0.19239,6.3121,0.2679
0.0921,-0.21803,4.8377,0.32645
0.0922,-0.24575,3.3604,0.38464
0.0923,-0.27516,1.8815,0.44234
0.0924,-0.30587,0.40215,0.49939
0.0925,-0.33756,-1.0766,0.55568
0.0926,-0.36998,-2.5544,0.61116
0.0927,-0.40297,-4.0313,0.66578
0.0928,-0.43639,-5.507,0.71954
0.0929,-0.47016,-6.9811,0.77245
0.093,-0.50416,-8.4524,0.82452
0.0931,-0.53827,-9.9188,0.87573
0.0932,-0.57234,-11.376,0.92606
0.0933,-0.60621,-12.821,0.97549
0.0934,-0.63972,-14.248,1.024
0.0935,-0.67275,-15.654,1.0717
0.0936,-0.70519,-17.033,1.1185
0.0937,-0.73696,-18.383,1.1646
0.0938,-0.76798,-19.703,1.21
0.0939,-0.79818,-20.994,1.255
0.094,-0.82746,-22.255,1.2995
0.0941,-0.85575,-23.488,1.3436
0.0942,-0.88298,-24.693,1.3873
0.0943,-0.90909,-25.872,1.4304
0.0944,-0.93406,-27.023,1.4729
0.0945,-0.95788,-28.146,1.5145
0.0946,-0.98055,-29.238,1.5545
0.0947,-1.0021,-30.298,1.5924
0.0948,-1.0223,-31.32,1.6273
0.0949,-1.0413,-32.303,1.6579
0.095,-1.0589,-33.242,1.6834
0.0951,-1.0749,-34.133,1.703
0.0952,-1.0893,-34.975,1.7162
0.0953,-1.102,-35.763,1.7232
0.0954,-1.113,-36.497,1.7244
0.0955,-1.1222,-37.174,1.7204
0.0956,-1.1297,-37.793,1.7121
0.0957,-1.1356,-38.354,1.7003
0.0958,-1.1397,-38.855,1.6856
0.0959,-1.1421,-39.297,1.6687
0.096,-1.1427,-39.681,1.6501
0.0961,-1.1415,-40.009,1.6302
0.0962,-1.1386,-40.282,1.6093
0.0963,-1.134,-40.504,1.5876
0.0964,-1.1277,-40.676,1.5652
0.0965,-1.1198,-40.799,1.5421
0.0966,-1.1104,-40.874,1.5182
0.0967,-1.0995,-40.9,1.4935
0.0968,-1.087,-40.874,1.4677
0.0969,-1.073,-40.794,1.4407
0.097,-1.0571,-40.657,1.4123
0.0971,-1.0394,-40.46,1.3823
0.0972,-1.0198,-40.201,1.3508
0.0973,-0.9981,-39.881,1.3176
0.0974,-0.97432,-39.5,1.2829
0.0975,-0.9483,-39.06,1.2468
0.0976,-0.91987,-38.564,1.2092
0.0977,-0.88876,-38.013,1.1704
0.0978,-0.85458,-37.411,1.1304
0.0979,-0.81682,-36.76,1.0892
0.098,-0.77481,-36.064,1.047
0.0981,-0.72774,-35.325,1.0038
0.0982,-0.67459,-34.544,0.95972
0.0983,-0.61428,-33.724,0.91492
0.0984,-0.54585,-32.868,0.8695
0.0985,-0.46904,-31.977,0.82356
0.0986,-0.38512,-31.051,0.77717
0.0987,-0.2976,-30.09,0.73027
0.0988,-0.21184,-29.092,0.68274
0.0989,-0.13336,-28.054,0.63434
0.099,-0.065991,-26.971,0.58482
0.0991,-0.011041,-25.842,0.53401
0.0992,0.032272,-24.667,0.48179
0.0993,0.065765,-23.448,0.42818
0.0994,0.091374,-22.188,0.37327
0.0995,0.11065,-20.89,0.31716
0.0996,0.12468,-19.558,0.25995
0.0997,0.13424,-18.192,0.20169
0.0998,0.14021,-16.795,0.14245
0.0999,0.14383,-15.367,0.082312
0.1,0.14671,-13.913,0.021451
0.1001,0.15067,-12.437,-0.03987
0.1002,0.15728,-10.948,-0.10131
0.1003,0.16751,-9.4532,-0.16249
0.1004,0.18173,-7.9582,-0.22305
0.1005,0.19982,-6.467,-0.2827
0.1006,0.22142,-4.9796,-0.34127
0.1007,0.24611,-3.4934,-0.39874
0.1008,0.27349,-2.0046,-0.45515
0.1009,0.30314,-0.50988,-0.51058
0.101,0.33461,0.99172,-0.56507
0.1011,0.36746,2.4986,-0.61862
0.1012,0.40123,4.0068,-0.67121
0.1013,0.43549,5.5104,-0.7228
0.1014,0.46985,7.0036,-0.77339
0.1015,0.50402,8.4818,-0.82306
0.1016,0.53777,9.9421,-0.87195
0.1017,0.57092,11.383,-0.92024
0.1018,0.60337,12.805,-0.96808
0.1019,0.63502,14.207,-1.0156
0.102,0.66579,15.587,-1.0628
0.1021,0.69561,16.945,-1.1096
0.1022,0.72448,18.275,-1.1561
0.1023,0.75242,19.576,-1.202
0.1024,0.77955,20.846,-1.2474
0.1025,0.80599,22.084,-1.292
0.1026,0.83184,23.291,-1.3358
0.1027,0.85715,24.467,-1.3784
0.1028,0.88188,25.614,-1.4196
0.1029,0.90592,26.73,-1.4586
0.103,0.9291,27.815,-1.495
0.1031,0.95122,28.867,-1.5279
0.1032,0.97208,29.881,-1.5568
0.1033,0.99151,30.853,-1.5812
0.1034,1.0094,31.779,-1.6007
0.1035,1.0255,32.655,-1.6151
0.1036,1.0398,33.476,-1.6243
0.1037,1.052,34.241,-1.6284
0.1038,1.0621,34.945,-1.6276
0.1039,1.0699,35.587,-1.6226
0.104,1.0755,36.166,-1.6137
0.1041,1.0789,36.682,-1.6019
0.1042,1.0802,37.137,-1.5876
0.1043,1.0796,37.535,-1.5715
0.1044,1.0775,37.879,-1.554
0.1045,1.074,38.174,-1.5353
0.1046,1.0694,38.42,-1.5156
0.1047,1.0636,38.62,-1.4949
0.1048,1.0568,38.773,-1.4731
0.1049,1.0489,38.876,-1.4501
0.105,1.0397,38.928,-1.4258
0.1051,1.0293,38.925,-1.4001
0.1052,1.0175,38.865,-1.3729
0.1053,1.0041,38.745,-1.3443
0.1054,0.98902,38.565,-1.3141
0.1055,0.97203,38.323,-1.2826
0.1056,0.95293,38.018,-1.2496
0.1057,0.9315,37.652,-1.2152
0.1058,0.90755,37.224,-1.1795
0.1059,0.88091,36.735,-1.1423
0.106,0.85149,36.187,-1.104
0.1061,0.81923,35.582,-1.0644
0.1062,0.78413,34.926,-1.0237
0.1063,0.74618,34.222,-0.98208
0.1064,0.70534,33.473,-0.93956
0.1065,0.66155,32.684,-0.8962
0.1066,0.61468,31.858,-0.85202
0.1067,0.56461,30.995,-0.807
0.1068,0.51128,30.098,-0.76109
0.1069,0.45468,29.165,-0.71423
0.107,0.39508,28.196,-0.66639
0.1071,0.33308,27.188,-0.61755
0.1072,0.2698,26.14,-0.56772
0.1073,0.20694,25.051,-0.51691
0.1074,0.1467,23.918,-0.46512
0.1075,0.091418,22.74,-0.41235
0.1076,0.043079,21.517,-0.35857
0.1077,0.0028823,20.251,-0.3038
0.1078,-0.029037,18.943,-0.24803
0.1079,-0.053597,17.599,-0.19135
0.108,-0.072511,16.223,-0.1339
0.1081,-0.087882,14.822,-0.075844
0.1082,-0.10179,13.401,-0.017369
0.1083,-0.116,11.964,0.041379
0.1084,-0.13176,10.515,0.10028
0.1085,-0.14985,9.0559,0.15925
0.1086,-0.1706,7.5877,0.2182
0.1087,-0.194,6.112,0.27706
0.1088,-0.21982,4.6309,0.3357
0.1089,-0.24769,3.1464,0.39398
0.109,-0.27716,1.6612,0.45171
0.1091,-0.30783,0.17753,0.50874
0.1092,-0.31787,-0.69774,0.54428
0.1093,-0.3009,-0.71891,0.55089
0.1094,-0.28573,-0.74002,0.55811
0.1095,-0.26951,-0.75838,0.56432
0.1096,-0.24927,-0.77217,0.56515
0.1097,-0.22609,-0.783,0.5604
0.1098,-0.20347,-0.79258,0.55604
0.1099,-0.1811,-0.80051,0.55241
0.11,-0.15538,-0.80346,0.54289
0.1101,-0.12643,-0.80205,0.52735
0.1102,-0.098202,-0.79997,0.51262
0.1103,-0.072787,-0.79992,0.50109
0.1104,-0.049565,-0.80111,0.49131
0.1105,-0.027572,-0.80337,0.48281
0.1106,-0.0057096,-0.80631,0.47384
0.1107,0.016275,-0.8096,0.46319
0.1108,0.036582,-0.81361,0.45371
0.1109,0.05431,-0.81935,0.44743
0.111,0.07087,-0.82548,0.44132
0.1111,0.087074,-0.83126,0.43343
0.1112,0.1019,-0.83779,0.42617
0.1113,0.11514,-0.84593,0.42096
0.1114,0.12761,-0.85399,0.41572
0.1115,0.14016,-0.86114,0.40875
0.1116,0.15387,-0.86754,0.39915
0.1117,0.16975,-0.87322,0.38634
0.1118,0.18727,-0.87729,0.37084
0.1119,0.20638,-0.87904,0.35245
0.112,0.22821,-0.87723,0.32889
0.1121,0.25192,-0.87234,0.30121
0.1122,0.27424,-0.86639,0.27442
0.1123,0.29425,-0.86053,0.25008
0.1124,0.31337,-0.85349,0.22511
0.1125,0.33168,-0.84542,0.19917
0.1126,0.34794,-0.83765,0.17471
0.1127,0.36218,-0.83069,0.15219
0.1128,0.37447,-0.8242,0.13136
0.1129,0.38445,-0.81897,0.11365
0.113,0.39292,-0.81486,0.098521
0.1131,0.4011,-0.81093,0.08398
0.1132,0.40837,-0.80711,0.070539
0.1133,0.41417,-0.80405,0.059406
0.1134,0.41947,-0.80059,0.048477
0.1135,0.42518,-0.79556,0.035635
0.1136,0.43116,-0.78901,0.021197
0.1137,0.43785,-0.78107,0.0050855
0.1138,0.44565,-0.77087,-0.013918
0.1139,0.45408,-0.75842,-0.035322
0.114,0.46284,-0.74436,-0.058036
0.1141,0.47213,-0.72912,-0.081686
0.1142,0.4813,-0.71292,-0.10544
0.1143,0.48995,-0.69612,-0.12867
0.1144,0.49881,-0.67803,-0.15295
0.1145,0.50789,-0.65838,-0.17878
0.1146,0.51545,-0.63805,-0.20373
0.1147,0.5206,-0.61794,-0.22602
0.1148,0.52362,-0.59772,-0.24632
0.1149,0.52443,-0.57769,-0.26425
0.115,0.52259,-0.55868,-0.27863
0.1151,0.51861,-0.54095,-0.28977
0.1152,0.5128,-0.52435,-0.29833
0.1153,0.50529,-0.50941,-0.30396
0.1154,0.49707,-0.49588,-0.30793
0.1155,0.48955,-0.4827,-0.31268
0.1156,0.48286,-0.4692,-0.31896
0.1157,0.4769,-0.45534,-0.32657
0.1158,0.47187,-0.4404,-0.33637
0.1159,0.46742,-0.42396,-0.34836
0.116,0.46276,-0.40642,-0.3613
0.1161,0.45801,-0.38802,-0.37505
0.1162,0.45335,-0.36835,-0.3903
0.1163,0.4483,-0.34763,-0.40636
0.1164,0.44258,-0.32638,-0.42258
0.1165,0.43638,-0.30493,-0.43892
0.1166,0.429,-0.28387,-0.45417
0.1167,0.41972,-0.26416,-0.4667
0.1168,0.40888,-0.24575,-0.47699
0.1169,0.39675,-0.22831,-0.4857
0.117,0.38248,-0.21226,-0.4916
0.1171,0.36568,-0.19801,-0.4939
0.1172,0.34686,-0.18505,-0.4937
0.1173,0.32637,-0.17315,-0.49152
0.1174,0.30441,-0.16244,-0.48732
0.1175,0.28187,-0.15259,-0.48218
0.1176,0.25936,-0.143,-0.47713
0.1177,0.23692,-0.13388,-0.47177
0.1178,0.21486,-0.12531,-0.4662
0.1179,0.19388,-0.11673,-0.46157
0.118,0.17417,-0.10765,-0.45847
0.1181,0.15579,-0.097929,-0.45701
0.1182,0.13893,-0.087032,-0.45791
0.1183,0.12324,-0.074705,-0.46107
0.1184,0.10791,-0.061414,-0.46521
0.1185,0.09258,-0.047792,-0.46943
0.1186,0.076958,-0.03418,-0.47314
0.1187,0.060457,-0.021219,-0.47511
0.1188,0.042862,-0.0094818,-0.4746
0.1189,0.024403,0.00077896,-0.47158
0.119,0.0048346,0.0092348,-0.46545
0.1191,-0.016019,0.015428,-0.45551
0.1192,-0.037549,0.019659,-0.44262
0.1193,-0.059172,0.022512,-0.42786
0.1194,-0.081048,0.024149,-0.41113
0.1195,-0.10316,0.024686,-0.39249
0.1196,-0.12518,0.024659,-0.37276
0.1197,-0.14711,0.024215,-0.35205
0.1198,-0.16888,0.023262,-0.33034
0.1199,-0.18973,0.022197,-0.3088
0.12,-0.20908,0.021623,-0.28864
0.1201,-0.22689,0.021533,-0.26988
0.1202,-0.24304,0.021897,-0.25269
0.1203,-0.25736,0.022912,-0.23754
0.1204,-0.27026,0.024464,-0.224
0.1205,-0.2822,0.026133,-0.21129
0.1206,-0.29335,0.0279,-0.19938
0.1207,-0.30418,0.029708,-0.18783
0.1208,-0.31545,0.031081,-0.17546
0.1209,-0.32745,0.031581,-0.16156
0.121,-0.34016,0.03109,-0.14598
0.1211,-0.35376,0.029294,-0.12817
0.1212,-0.36813,0.025931,-0.10791
0.1213,-0.38277,0.021088,-0.085703
0.1214,-0.39758,0.014802,-0.061652
0.1215,-0.4126,0.0068213,-0.03547
0.1216,-0.42738,-0.0026715,-0.0078173
0.1217,-0.44131,-0.013192,0.020124
0.1218,-0.45413,-0.024432,0.047622
0.1219,-0.4655,-0.036092,0.073862
0.122,-0.47504,-0.047636,0.097767
0.1221,-0.48283,-0.058838,0.11908
0.1222,-0.48911,-0.06978,0.13814
0.1223,-0.49385,-0.080397,0.15494
0.1224,-0.49718,-0.090591,0.16955
0.1225,-0.49946,-0.10062,0.18267
