0.05,-0.01092,-0.012029,0.016869
0.0501,-0.0099839,-0.01243,0.016961
0.0502,-0.0090134,-0.0128,0.017055
0.0503,-0.0080169,-0.013142,0.01715
0.0504,-0.0070026,-0.013456,0.017247
0.0505,-0.0059781,-0.013743,0.017345
0.0506,-0.0049497,-0.014004,0.017442
0.0507,-0.0039234,-0.014239,0.017537
0.0508,-0.0029041,-0.01445,0.017627
0.0509,-0.0018948,-0.014648,0.017709
0.051,-0.00089876,-0.014834,0.017778
0.0511,8.0745e-05,-0.015011,0.01783
0.0512,0.0010412,-0.015178,0.017859
0.0513,0.00198,-0.015335,0.017861
0.0514,0.0028948,-0.015485,0.017828
0.0515,0.0037832,-0.015627,0.017753
0.0516,0.004643,-0.015761,0.017631
0.0517,0.0054718,-0.015888,0.017453
0.0518,0.0062674,-0.016009,0.017214
0.0519,0.0070278,-0.016122,0.016907
0.052,0.0077512,-0.016229,0.016528
0.0521,0.0084356,-0.01633,0.016075
0.0522,0.0090801,-0.016424,0.015546
0.0523,0.0096874,-0.016515,0.014942
0.0524,0.010258,-0.016605,0.014265
0.0525,0.010792,-0.016693,0.01352
0.0526,0.01129,-0.01678,0.012713
0.0527,0.011751,-0.016866,0.011851
0.0528,0.012178,-0.016951,0.010943
0.0529,0.012571,-0.017035,0.0099949
0.053,0.012932,-0.017118,0.0090156
0.0531,0.013262,-0.0172,0.0080122
0.0532,0.013564,-0.01728,0.0069917
0.0533,0.013839,-0.017357,0.0059603
0.0534,0.014088,-0.01743,0.0049236
0.0535,0.014313,-0.017497,0.0038869
0.0536,0.014516,-0.017556,0.002855
0.0537,0.014707,-0.017605,0.0018314
0.0538,0.014889,-0.017639,0.00081996
0.0539,0.015063,-0.017654,-0.00017521
0.054,0.015229,-0.017647,-0.0011504
0.0541,0.015388,-0.017612,-0.0021019
0.0542,0.015539,-0.017543,-0.0030264
0.0543,0.015681,-0.017435,-0.0039207
0.0544,0.015815,-0.01728,-0.004782
0.0545,0.015941,-0.017073,-0.0056078
0.0546,0.016057,-0.016806,-0.006396
0.0547,0.016164,-0.016476,-0.007145
0.0548,0.016261,-0.016077,-0.0078534
0.0549,0.01635,-0.015607,-0.0085204
0.055,0.016429,-0.015065,-0.0091459
0.0551,0.016503,-0.01445,-0.0097337
0.0552,0.016574,-0.013765,-0.010286
0.0553,0.016642,-0.013014,-0.010802
0.0554,0.016708,-0.012202,-0.011285
0.0555,0.016772,-0.011336,-0.011735
0.0556,0.016837,-0.010425,-0.012154
0.0557,0.0169,-0.0094745,-0.012543
0.0558,0.016964,-0.008494,-0.012903
0.0559,0.017028,-0.0074912,-0.013236
0.056,0.01709,-0.0064735,-0.013541
0.0561,0.017151,-0.0054478,-0.013821
0.0562,0.017208,-0.0044206,-0.014075
0.0563,0.017259,-0.0033973,-0.014303
0.0564,0.017302,-0.0023829,-0.014507
0.0565,0.017333,-0.0013807,-0.014696
0.0566,0.017347,-0.00039421,-0.014873
0.0567,0.017341,0.00057336,-0.015039
0.0568,0.017309,0.0015191,-0.015193
0.0569,0.017247,0.0024404,-0.015337
0.057,0.017148,0.0033349,-0.01547
0.0571,0.017007,0.0042003,-0.015595
0.0572,0.016818,0.0050345,-0.01571
0.0573,0.016576,0.0058356,-0.015818
0.0574,0.016275,0.0066019,-0.015918
0.0575,0.015912,0.0073318,-0.016011
0.0576,0.015484,0.0080239,-0.016097
0.0577,0.01499,0.0086772,-0.016177
0.0578,0.014428,0.0092918,-0.016253
0.0579,0.013802,0.0098711,-0.016326
0.058,0.013113,0.010416,-0.016399
0.0581,0.012365,0.010926,-0.016471
0.0582,0.011566,0.011402,-0.016543
0.0583,0.010719,0.011844,-0.016613
0.0584,0.0098332,0.012254,-0.016682
0.0585,0.0089138,0.012632,-0.016749
0.0586,0.0079677,0.01298,-0.016814
0.0587,0.0070011,0.013298,-0.016875
0.0588,0.0060202,0.013588,-0.016932
0.0589,0.0050304,0.013851,-0.016983
0.059,0.004037,0.014087,-0.017027
0.0591,0.0030449,0.014298,-0.017063
0.0592,0.0020584,0.014489,-0.017086
0.0593,0.0010809,0.014669,-0.017096
0.0594,0.00011654,0.01484,-0.017087
0.0595,-0.00083084,0.015001,-0.017058
0.0596,-0.0017575,0.015154,-0.017004
0.0597,-0.013579,0.031421,-0.021642
0.0598,-0.015217,0.033805,-0.021029
0.0599,-0.017089,0.037775,-0.020434
0.06,-0.01886,0.040883,-0.019775
0.0601,-0.020545,0.04336,-0.019041
0.0602,-0.022176,0.045408,-0.01825
0.0603,-0.023707,0.047062,-0.017373
0.0604,-0.025157,0.048427,-0.016416
0.0605,-0.026515,0.049538,-0.015379
0.0606,-0.027825,0.050486,-0.014268
0.0607,-0.029022,0.05122,-0.013064
0.0608,-0.030149,0.051817,-0.011783
0.0609,-0.031215,0.052298,-0.010425
0.061,-0.032211,0.052674,-0.0090012
0.0611,-0.033119,0.052928,-0.0075045
0.0612,-0.03399,0.053138,-0.0059605
0.0613,-0.034801,0.053281,-0.0043643
0.0614,-0.035554,0.053369,-0.0027248
0.0615,-0.036224,0.053375,-0.0010457
0.0616,-0.036855,0.053358,0.00065406
0.0617,-0.037422,0.053269,0.0023817
0.0618,-0.037954,0.05313,0.0041229
0.0619,-0.038459,0.052947,0.0058768
0.062,-0.038942,0.052722,0.007637
0.0621,-0.039382,0.052409,0.0094144
0.0622,-0.039821,0.052063,0.011195
0.0623,-0.040253,0.051672,0.012985
0.0624,-0.040683,0.051235,0.014787
0.0625,-0.041097,0.050727,0.01661
0.0626,-0.041537,0.050194,0.01845
0.0627,-0.041981,0.049594,0.020326
0.0628,-0.042426,0.048915,0.022243
0.0629,-0.042884,0.048159,0.024222
0.063,-0.043383,0.047356,0.026268
0.0631,-0.043887,0.046446,0.028418
0.0632,-0.044417,0.045451,0.030692
0.0633,-0.044985,0.044379,0.033131
0.0634,-0.045604,0.043235,0.03579
0.0635,-0.046247,0.04198,0.03875
0.0636,-0.046954,0.040665,0.042102
0.0637,-0.047739,0.0393,0.045996
0.0638,-0.048594,0.037876,0.050653
0.0639,-0.049504,0.036372,0.056425
0.064,-0.050512,0.034845,0.063868
0.0641,-0.051606,0.033267,0.073993
0.0642,-0.052785,0.031638,0.088732
0.0643,-0.05406,0.029964,0.11227
0.0644,-0.055465,0.028277,0.15515
0.0645,-0.056999,0.026528,0.24865
0.0646,-0.058727,0.024689,0.47478
0.0647,-0.060717,0.022752,0.88305
0.0648,-0.062953,0.020769,1.3692
0.0649,-0.065375,0.018745,1.8503
0.065,-0.067954,0.016789,2.302
0.0651,-0.07067,0.01492,2.7199
0.0652,-0.073549,0.013042,3.1063
0.0653,-0.076542,0.011118,3.4722
0.0654,-0.079611,0.0091939,3.8306
0.0655,-0.082744,0.0071628,4.1878
0.0656,-0.085895,0.0049736,4.5474
0.0657,-0.088928,0.0027312,4.9148
0.0658,-0.09175,0.00049371,5.2905
0.0659,-0.094221,-0.0018059,5.6666
0.066,-0.096147,-0.0041356,6.0353
0.0661,-0.097291,-0.0064715,6.3924
0.0662,-0.097491,-0.0089603,6.7363
0.0663,-0.096605,-0.011795,7.0718
0.0664,-0.094607,-0.01508,7.4093
0.0665,-0.091598,-0.019023,7.7557
0.0666,-0.087801,-0.023947,8.1096
0.0667,-0.083433,-0.030238,8.4653
0.0668,-0.078738,-0.038532,8.8146
0.0669,-0.073897,-0.05018,9.1468
0.067,-0.068996,-0.06793,9.4526
0.0671,-0.064009,-0.098545,9.7254
0.0672,-0.058941,-0.16236,9.9589
0.0673,-0.05375,-0.32712,10.149
0.0674,-0.048384,-0.707,10.302
0.0675,-0.042918,-1.2298,10.431
0.0676,-0.037551,-1.7595,10.549
0.0677,-0.032448,-2.251,10.672
0.0678,-0.027765,-2.7,10.806
0.0679,-0.02352,-3.11,10.95
0.068,-0.019691,-3.4924,11.098
0.0681,-0.016207,-3.8674,11.248
0.0682,-0.01293,-4.2474,11.397
0.0683,-0.0096969,-4.634,11.54
0.0684,-0.0065328,-5.0303,11.672
0.0685,-0.0034791,-5.4375,11.792
0.0686,-0.00061631,-5.8451,11.894
0.0687,0.0019297,-6.2384,11.97
0.0688,0.0040324,-6.6122,12.022
0.0689,0.0057678,-6.9673,12.05
0.069,0.0072431,-7.3092,12.05
0.0691,0.0085717,-7.6519,12.02
0.0692,0.0098834,-8.0098,11.96
0.0693,0.011332,-8.3848,11.87
0.0694,0.012902,-8.7676,11.752
0.0695,0.01458,-9.1467,11.613
0.0696,0.016354,-9.5072,11.46
0.0697,0.018092,-9.8325,11.295
0.0698,0.019494,-10.112,11.12
0.0699,0.020447,-10.34,10.939
0.07,0.02097,-10.515,10.756
0.0701,0.021095,-10.643,10.569
0.0702,0.020929,-10.742,10.38
0.0703,0.020781,-10.829,10.19
0.0704,0.020811,-10.919,9.9937
0.0705,0.020998,-11.021,9.7861
0.0706,0.021359,-11.138,9.5655
0.0707,0.021998,-11.258,9.3279
0.0708,0.022781,-11.376,9.0701
0.0709,0.023523,-11.485,8.792
0.071,0.024164,-11.581,8.4917
0.0711,0.024664,-11.656,8.1654
0.0712,0.024879,-11.709,7.8138
0.0713,0.024886,-11.74,7.4415
0.0714,0.024944,-11.747,7.0508
0.0715,0.025198,-11.731,6.6459
0.0716,0.025609,-11.696,6.235
0.0717,0.026205,-11.643,5.8239
0.0718,0.02695,-11.564,5.4138
0.0719,0.027679,-11.453,5.0086
0.072,0.028273,-11.313,4.6123
0.0721,0.028772,-11.139,4.2219
0.0722,0.029127,-10.934,3.8319
0.0723,0.029264,-10.708,3.4398
0.0724,0.029245,-10.468,3.042
0.0725,0.02924,-10.217,2.6331
0.0726,0.029354,-9.962,2.2148
0.0727,0.029717,-9.7129,1.7951
0.0728,0.030436,-9.4734,1.3813
0.0729,0.031473,-9.2432,0.98457
0.073,0.032658,-9.0214,0.63127
0.0731,0.033886,-8.8014,0.3628
0.0732,0.03506,-8.5712,0.20104
0.0733,0.036095,-8.3228,0.11529
0.0734,0.036956,-8.0534,0.067537
0.0735,0.03766,-7.759,0.038142
0.0736,0.038123,-7.4364,0.018761
0.0737,0.038283,-7.0878,0.005561
0.0738,0.03819,-6.7167,-0.0035205
0.0739,0.037909,-6.3269,-0.0096384
0.074,0.037385,-5.9262,-0.013666
0.0741,0.036607,-5.5234,-0.016401
0.0742,0.035587,-5.1215,-0.018386
0.0743,0.034254,-4.7205,-0.019988
0.0744,0.032534,-4.3201,-0.02155
0.0745,0.030525,-3.9182,-0.023156
0.0746,0.028327,-3.5125,-0.024625
0.0747,0.025949,-3.1062,-0.025814
0.0748,0.02344,-2.7037,-0.026665
0.0749,0.020936,-2.3062,-0.027024
0.075,0.018474,-1.9158,-0.026883
0.0751,0.01606,-1.5375,-0.026486
0.0752,0.013777,-1.1751,-0.026027
0.0753,0.011652,-0.83445,-0.02558
0.0754,0.0095412,-0.53423,-0.025382
0.0755,0.0073509,-0.30488,-0.025644
0.0756,0.0051018,-0.16034,-0.026263
0.0757,0.0027764,-0.078615,-0.02705
0.0758,0.00032403,-0.031219,-0.027956
0.0759,-0.0021907,-0.0015819,-0.028776
0.076,-0.0047035,0.018013,-0.02916
0.0761,-0.0072382,0.031389,-0.028998
0.0762,-0.0097811,0.040749,-0.028393
0.0763,-0.012203,0.047188,-0.027316
0.0764,-0.014436,0.051386,-0.025789
0.0765,-0.016501,0.054095,-0.024094
0.0766,-0.018396,0.055907,-0.022481
0.0767,-0.020125,0.057116,-0.020981
0.0768,-0.021767,0.05808,-0.0197
0.0769,-0.023343,0.059092,-0.018776
0.077,-0.024781,0.060064,-0.018109
0.0771,-0.026053,0.06081,-0.017477
0.0772,-0.02721,0.061394,-0.016818
0.0773,-0.028258,0.061845,-0.016066
0.0774,-0.029199,0.062076,-0.01507
0.0775,-0.03009,0.062157,-0.013812
0.0776,-0.03095,0.062253,-0.012435
0.0777,-0.031733,0.062365,-0.010998
0.0778,-0.032476,0.062554,-0.0095469
0.0779,-0.033279,0.063052,-0.0082328
0.078,-0.034167,0.063951,-0.0071386
0.0781,-0.035109,0.065094,-0.0061652
0.0782,-0.036107,0.066345,-0.0052129
0.0783,-0.037107,0.067532,-0.0041838
0.0784,-0.038018,0.068342,-0.0028776
0.0785,-0.03883,0.068576,-0.0011312
0.0786,-0.039578,0.068289,0.0010316
0.0787,-0.040234,0.067494,0.0035509
0.0788,-0.040739,0.066178,0.0063644
0.0789,-0.041103,0.064528,0.0092738
0.079,-0.041352,0.062814,0.012025
0.0791,-0.041485,0.061163,0.014498
0.0792,-0.041571,0.059737,0.016615
0.0793,-0.041711,0.058755,0.018282
0.0794,-0.041921,0.058198,0.019562
0.0795,-0.042164,0.057831,0.020683
0.0796,-0.042462,0.057538,0.021805
0.0797,-0.042837,0.057253,0.023035
0.0798,-0.043278,0.056809,0.024537
0.0799,-0.043802,0.056129,0.026416
0.08,-0.044447,0.055327,0.028595
0.0801,-0.045183,0.054432,0.031026
0.0802,-0.045968,0.053392,0.033744
0.0803,-0.046825,0.052307,0.036724
0.0804,-0.047793,0.051329,0.039941
0.0805,-0.048864,0.050408,0.043563
0.0806,-0.050044,0.049439,0.047872
0.0807,-0.05133,0.048373,0.053192
0.0808,-0.052671,0.047064,0.060075
0.0809,-0.054017,0.045302,0.069489
0.081,-0.055386,0.043075,0.083066
0.0811,-0.056798,0.040509,0.10425
0.0812,-0.05825,0.03768,0.14198
0.0813,-0.059766,0.034696,0.22393
0.0814,-0.06143,0.031756,0.43765
0.0815,-0.063315,0.02899,0.8764
0.0816,-0.065405,0.026527,1.4284
0.0817,-0.067703,0.024499,1.9774
0.0818,-0.070164,0.023053,2.4826
0.0819,-0.072704,0.022092,2.9306
0.082,-0.075317,0.021298,3.3174
0.0821,-0.077944,0.020474,3.6541
0.0822,-0.080477,0.019503,3.9615
0.0823,-0.082907,0.018146,4.2546
0.0824,-0.085271,0.016322,4.5463
0.0825,-0.087476,0.014225,4.852
0.0826,-0.089447,0.011951,5.1801
0.0827,-0.09112,0.009506,5.5249
0.0828,-0.092351,0.0070357,5.8766
0.0829,-0.092885,0.0046583,6.2267
0.083,-0.092545,0.0022058,6.5678
0.0831,-0.091195,-0.00051837,6.8994
0.0832,-0.088757,-0.0036801,7.2309
0.0833,-0.085271,-0.0076039,7.571
0.0834,-0.080962,-0.012716,7.9208
0.0835,-0.076072,-0.019348,8.2783
0.0836,-0.070861,-0.028126,8.6381
0.0837,-0.06557,-0.040503,8.989
0.0838,-0.060353,-0.059669,9.3186
0.0839,-0.055178,-0.094458,9.6158
0.084,-0.05002,-0.1758,9.8666
0.0841,-0.044834,-0.4158,10.058
0.0842,-0.039584,-0.91997,10.19
0.0843,-0.034367,-1.5061,10.274
0.0844,-0.029399,-2.0396,10.327
0.0845,-0.024927,-2.4918,10.367
0.0846,-0.021012,-2.8688,10.414
0.0847,-0.017523,-3.1856,10.474
0.0848,-0.014479,-3.4721,10.551
0.0849,-0.011802,-3.7645,10.651
0.085,-0.0091737,-4.0825,10.776
0.0851,-0.0064144,-4.4323,10.917
0.0852,-0.0036628,-4.8192,11.068
0.0853,-0.00088337,-5.2388,11.217
0.0854,0.0018979,-5.6682,11.35
0.0855,0.0044087,-6.0836,11.45
0.0856,0.006431,-6.4745,11.514
0.0857,0.0081557,-6.8394,11.54
0.0858,0.0096798,-7.1869,11.527
0.0859,0.011021,-7.5383,11.474
0.086,0.012346,-7.9119,11.387
0.0861,0.013867,-8.3076,11.271
0.0862,0.015451,-8.7127,11.125
0.0863,0.017057,-9.1094,10.958
0.0864,0.018743,-9.4739,10.773
0.0865,0.02033,-9.7821,10.57
0.0866,0.021411,-10.018,10.348
0.0867,0.021956,-10.175,10.11
0.0868,0.022039,-10.252,9.8601
0.0869,0.021656,-10.269,9.6048
0.087,0.020973,-10.256,9.3541
0.0871,0.020477,-10.248,9.1162
0.0872,0.020308,-10.271,8.8939
0.0873,0.020392,-10.342,8.6869
0.0874,0.020803,-10.462,8.4911
0.0875,0.021661,-10.615,8.2971
0.0876,0.022676,-10.784,8.0933
0.0877,0.023642,-10.954,7.8689
0.0878,0.02457,-11.104,7.6106
0.0879,0.025335,-11.218,7.3059
0.088,0.025676,-11.288,6.9513
0.0881,0.02579,-11.312,6.5515
0.0882,0.026006,-11.289,6.1137
0.0883,0.026369,-11.227,5.6515
0.0884,0.026817,-11.142,5.1838
0.0885,0.027492,-11.034,4.723
0.0886,0.028285,-10.899,4.2743
0.0887,0.028925,-10.735,3.8426
0.0888,0.029368,-10.537,3.4295
0.0889,0.029741,-10.303,3.0272
0.089,0.029896,-10.033,2.6265
0.0891,0.029771,-9.7405,2.2235
0.0892,0.029559,-9.4355,1.816
0.0893,0.029452,-9.1262,1.405
0.0894,0.029479,-8.8302,1.0068
0.0895,0.029836,-8.566,0.65442
0.0896,0.03065,-8.3414,0.38839
0.0897,0.031766,-8.1573,0.22676
0.0898,0.032971,-8.0079,0.1394
0.0899,0.034265,-7.8738,0.08912
0.09,0.035544,-7.7263,0.056465
0.0901,0.036641,-7.5426,0.033151
0.0902,0.037511,-7.3064,0.015494
0.0903,0.038182,-7.0063,0.0019184
0.0904,0.03849,-6.6409,-0.0082568
0.0905,0.038374,-6.2209,-0.015518
0.0906,0.037946,-5.7617,-0.020255
0.0907,0.037277,-5.2823,-0.02288
0.0908,0.036284,-4.8052,-0.02407
0.0909,0.035017,-4.3467,-0.024546
0.091,0.033503,-3.9112,-0.024738
0.0911,0.031629,-3.4957,-0.024923
0.0912,0.029349,-3.094,-0.02532
0.0913,0.02685,-2.6965,-0.0259
0.0914,0.02422,-2.2985,-0.026508
0.0915,0.021463,-1.9048,-0.027107
0.0916,0.018704,-1.5231,-0.027591
0.0917,0.016134,-1.1604,-0.027688
0.0918,0.013733,-0.82897,-0.027341
0.0919,0.011524,-0.54525,-0.026793
0.092,0.0096401,-0.32298,-0.026266
0.0921,0.0080451,-0.16814,-0.025968
0.0922,0.0064515,-0.06946,-0.026245
0.0923,0.0047223,-0.0060556,-0.027225
0.0924,0.0028179,0.036945,-0.028637
0.0925,0.0006178,0.067193,-0.030187
0.0926,-0.0019267,0.088888,-0.031703
0.0927,-0.0046133,0.10431,-0.032836
0.0928,-0.0073345,0.11487,-0.033191
0.0929,-0.010114,0.1218,-0.032667
0.093,-0.012855,0.12602,-0.031293
0.0931,-0.015355,0.12802,-0.02906
0.0932,-0.017608,0.1285,-0.026226
0.0933,-0.019647,0.1283,-0.023327
0.0934,-0.021427,0.12789,-0.020755
0.0935,-0.022983,0.12751,-0.018669
0.0936,-0.024482,0.12748,-0.017228
0.0937,-0.025922,0.12786,-0.016456
0.0938,-0.027189,0.12838,-0.016101
0.0939,-0.028269,0.12892,-0.015911
0.094,-0.029195,0.12956,-0.015773
0.0941,-0.029908,0.1302,-0.015496
0.0942,-0.030446,0.1307,-0.014852
0.0943,-0.030937,0.1312,-0.013837
0.0944,-0.031432,0.13181,-0.012608
0.0945,-0.031928,0.13254,-0.0113
0.0946,-0.032547,0.13353,-0.010103
0.0947,-0.033391,0.13491,-0.0092075
0.0948,-0.034443,0.13654,-0.0085772
0.0949,-0.03566,0.13811,-0.0079676
0.095,-0.037008,0.1394,-0.0071553
0.0951,-0.038338,0.14014,-0.0059258
0.0952,-0.039479,0.14005,-0.0040529
0.0953,-0.0404,0.13909,-0.0014602
0.0954,-0.041121,0.13741,0.0017503
0.0955,-0.041588,0.13507,0.0054431
0.0956,-0.041842,0.13227,0.0093779
0.0957,-0.041985,0.12947,0.013144
0.0958,-0.042047,0.127,0.016337
0.0959,-0.04204,0.12507,0.018751
0.096,-0.04209,0.1239,0.020306
0.0961,-0.042261,0.12358,0.021056
0.0962,-0.04249,0.12383,0.021313
0.0963,-0.04274,0.12431,0.021452
0.0964,-0.043049,0.1249,0.021704
0.0965,-0.043384,0.12537,0.022256
0.0966,-0.043728,0.12547,0.023305
0.0967,-0.04418,0.12517,0.024905
0.0968,-0.044826,0.12459,0.026966
0.0969,-0.045624,0.12369,0.029414
0.097,-0.04657,0.12253,0.032183
0.0971,-0.047709,0.12132,0.035139
0.0972,-0.049015,0.12015,0.038265
0.0973,-0.050409,0.11887,0.041789
0.0974,-0.05189,0.11736,0.046028
0.0975,-0.053431,0.11556,0.05135
0.0976,-0.05494,0.11328,0.058339
0.0977,-0.056373,0.11042,0.067932
0.0978,-0.057789,0.10714,0.081801
0.0979,-0.059212,0.10365,0.10387
0.098,-0.060656,0.10008,0.14535
0.0981,-0.062204,0.096703,0.24624
0.0982,-0.063989,0.093782,0.542
0.0983,-0.066059,0.09146,1.1027
0.0984,-0.068355,0.089865,1.7322
0.0985,-0.070843,0.089056,2.3129
0.0986,-0.073386,0.088993,2.8093
0.0987,-0.075856,0.08932,3.2102
0.0988,-0.078243,0.089546,3.5198
0.0989,-0.080423,0.089422,3.7647
0.099,-0.082282,0.088768,3.9795
0.0991,-0.0839,0.087311,4.1879
0.0992,-0.085354,0.085079,4.4117
0.0993,-0.086568,0.082392,4.6731
0.0994,-0.087551,0.079413,4.9796
0.0995,-0.088296,0.076287,5.3203
0.0996,-0.088638,0.073293,5.681
0.0997,-0.088304,0.070532,6.048
0.0998,-0.087159,0.067751,6.4094
0.0999,-0.08507,0.064704,6.7648
0.1,-0.081951,0.061138,7.1264
0.1001,-0.077887,0.056636,7.5027
0.1002,-0.073165,0.050764,7.8924
0.1003,-0.06801,0.04314,8.2896
0.1004,-0.062675,0.03279,8.6823
0.1005,-0.05741,0.017458,9.051
0.1006,-0.05233,-0.0085397,9.3775
0.1007,-0.047327,-0.063677,9.6463
0.1008,-0.042352,-0.22054,9.8397
0.1009,-0.037347,-0.63444,9.9475
0.101,-0.032328,-1.2011,9.9789
0.1011,-0.027391,-1.7235,9.9558
0.1012,-0.022884,-2.1458,9.9041
0.1013,-0.019015,-2.4738,9.8544
0.1014,-0.015629,-2.7313,9.8336
0.1015,-0.012644,-2.9537,9.854
0.1016,-0.010174,-3.1863,9.9209
0.1017,-0.0079257,-3.4638,10.039
0.1018,-0.0055258,-3.7991,10.205
0.1019,-0.0030639,-4.1956,10.402
0.102,-0.00062788,-4.6483,10.614
0.1021,0.0019736,-5.1325,10.82
0.1022,0.0045861,-5.6117,10.994
0.1023,0.0067983,-6.0596,11.115
0.1024,0.0086295,-6.4661,11.177
0.1025,0.010321,-6.8352,11.182
0.1026,0.011804,-7.1856,11.129
0.1027,0.013108,-7.5412,11.023
0.1028,0.014544,-7.9127,10.874
0.1029,0.016143,-8.2922,10.689
0.103,0.017682,-8.6624,10.471
0.1031,0.019228,-9.0006,10.229
0.1032,0.020806,-9.2823,9.9706
0.1033,0.022025,-9.4882,9.696
0.1034,0.022634,-9.6079,9.4065
0.1035,0.022777,-9.6421,9.1093
0.1036,0.022466,-9.6092,8.8148
0.1037,0.021686,-9.5454,8.5355
0.1038,0.020865,-9.4936,8.2866
0.1039,0.020422,-9.4907,8.0787
0.104,0.020289,-9.5614,7.9117
0.1041,0.020437,-9.7084,7.7764
0.1042,0.02108,-9.9122,7.657
0.1043,0.022086,-10.145,7.5324
0.1044,0.02309,-10.379,7.3801
0.1045,0.024076,-10.584,7.1786
0.1046,0.025053,-10.733,6.9087
0.1047,0.025706,-10.811,6.5593
0.1048,0.025987,-10.813,6.1322
0.1049,0.026289,-10.744,5.641
0.105,0.026766,-10.616,5.1074
0.1051,0.027285,-10.454,4.559
0.1052,0.027954,-10.274,4.0218
0.1053,0.028849,-10.078,3.5104
0.1054,0.029648,-9.8631,3.031
0.1055,0.030148,-9.6284,2.5862
0.1056,0.03051,-9.3684,2.1728
0.1057,0.030715,-9.0813,1.7812
0.1058,0.03057,-8.7763,1.405
0.1059,0.030229,-8.4654,1.0456
0.106,0.029984,-8.1584,0.71409
0.1061,0.029847,-7.8706,0.44091
0.1062,0.029884,-7.6229,0.26054
0.1063,0.030374,-7.429,0.16108
0.1064,0.03132,-7.289,0.10604
0.1065,0.032451,-7.191,0.07215
0.1066,0.033687,-7.1091,0.048402
0.1067,0.034992,-7.0052,0.029823
0.1068,0.036123,-6.8438,0.014424
0.1069,0.036956,-6.6023,0.001323
0.107,0.037571,-6.2699,-0.0097431
0.1071,0.037893,-5.848,-0.018535
0.1072,0.037779,-5.3525,-0.024835
0.1073,0.037331,-4.8099,-0.028777
0.1074,0.036677,-4.2505,-0.030559
0.1075,0.035725,-3.7059,-0.030548
0.1076,0.034443,-3.2018,-0.029406
0.1077,0.032912,-2.749,-0.02785
0.1078,0.031039,-2.3438,-0.026319
0.1079,0.02868,-1.9743,-0.025181
0.108,0.025973,-1.6252,-0.02469
0.1081,0.023113,-1.2841,-0.024818
0.1082,0.020127,-0.9496,-0.025361
0.1083,0.01713,-0.62812,-0.026148
0.1084,0.014392,-0.33012,-0.02689
0.1085,0.012,-0.073239,-0.027317
0.1086,0.0099098,0.12149,-0.027439
0.1087,0.0082086,0.25044,-0.02747
0.1088,0.0068855,0.33113,-0.027579
0.1089,0.0056174,0.38335,-0.028034
0.109,0.0041213,0.41983,-0.029111
0.1091,0.002346,0.44694,-0.030747
0.1092,0.00021245,0.46734,-0.032578
0.1093,-0.0023572,0.48252,-0.034344
0.1094,-0.0051771,0.49333,-0.035734
0.1095,-0.0080121,0.50021,-0.036259
0.1096,-0.010836,0.50384,-0.035598
0.1097,-0.01359,0.50505,-0.033818
0.1098,-0.016071,0.50436,-0.031016
0.1099,-0.018224,0.50229,-0.027363
0.11,-0.020157,0.49965,-0.023385
0.1101,-0.021886,0.49716,-0.019743
0.1102,-0.023435,0.49509,-0.016777
0.1103,-0.024971,0.49372,-0.014687
0.1104,-0.026541,0.49324,-0.013658
0.1105,-0.027981,0.49348,-0.013595
0.1106,-0.029193,0.49408,-0.014082
0.1107,-0.030181,0.49492,-0.014794
0.1108,-0.030872,0.49588,-0.015509
0.1109,-0.031252,0.49672,-0.015906
0.111,-0.031489,0.49737,-0.015747
0.1111,-0.03172,0.49793,-0.015116
0.1112,-0.031976,0.49838,-0.014189
0.1113,-0.032392,0.49875,-0.013089
0.1114,-0.033147,0.49918,-0.011982
0.1115,-0.034235,0.49969,-0.011003
0.1116,-0.035553,0.50003,-0.010027
0.1117,-0.037038,0.50002,-0.0088021
0.1118,-0.038541,0.49944,-0.007126
0.1119,-0.039797,0.49803,-0.0048219
0.112,-0.040723,0.49571,-0.0017441
0.1121,-0.041379,0.49264,0.0020431
0.1122,-0.041763,0.489,0.0063079
0.1123,-0.041906,0.485,0.010761
0.1124,-0.041971,0.48108,0.014993
0.1125,-0.042067,0.47771,0.018517
0.1126,-0.042188,0.47513,0.021017
0.1127,-0.042396,0.47356,0.022396
0.1128,-0.042773,0.47311,0.022693
0.1129,-0.043225,0.47359,0.022163
0.113,-0.043624,0.47451,0.021271
0.1131,-0.043961,0.47551,0.020433
0.1132,-0.044241,0.47631,0.019935
0.1133,-0.044435,0.47655,0.020044
0.1134,-0.044648,0.47603,0.020955
0.1135,-0.045043,0.47485,0.022615
0.1136,-0.045656,0.47308,0.024891
0.1137,-0.046474,0.47075,0.027686
0.1138,-0.047549,0.46807,0.030861
0.1139,-0.048882,0.4653,0.034247
0.114,-0.05037,0.46245,0.037893
0.1141,-0.051957,0.45946,0.042045
0.1142,-0.053619,0.45632,0.046988
0.1143,-0.055254,0.45297,0.053113
0.1144,-0.056785,0.44925,0.061154
0.1145,-0.058262,0.44522,0.072354
0.1146,-0.059748,0.44113,0.089312
0.1147,-0.061263,0.43716,0.11911
0.1148,-0.06288,0.43352,0.18605
0.1149,-0.064736,0.43046,0.39187
0.115,-0.06694,0.42814,0.91
0.1151,-0.069412,0.42665,1.5686
0.1152,-0.0721,0.42596,2.1773
0.1153,-0.074855,0.42603,2.6803
0.1154,-0.077448,0.42658,3.0658
0.1155,-0.079809,0.42698,3.3362
0.1156,-0.081822,0.42677,3.5187
0.1157,-0.083288,0.42578,3.6589
0.1158,-0.08423,0.42372,3.7931
0.1159,-0.084832,0.42047,3.9486
0.116,-0.0851,0.41645,4.1552
0.1161,-0.085085,0.41204,4.4317
0.1162,-0.084897,0.40745,4.7709
0.1163,-0.084523,0.40301,5.1543
0.1164,-0.083725,0.39906,5.5646
0.1165,-0.082379,0.39546,5.9834
0.1166,-0.080392,0.39189,6.3997
0.1167,-0.077641,0.38812,6.8185
0.1168,-0.07406,0.38376,7.2465
0.1169,-0.069849,0.37821,7.6786
0.117,-0.065176,0.37107,8.1038
0.1171,-0.06022,0.3616,8.5089
0.1172,-0.055211,0.34801,8.8742
0.1173,-0.05035,0.32616,9.1797
0.1174,-0.045536,0.28434,9.4126
0.1175,-0.04071,0.1812,9.5604
0.1176,-0.035849,-0.099911,9.6131
0.1177,-0.030944,-0.5686,9.5798
0.1178,-0.02603,-1.0365,9.4883
0.1179,-0.021418,-1.4167,9.3705
0.118,-0.017398,-1.7067,9.2618
0.1181,-0.013915,-1.9337,9.1973
0.1182,-0.010826,-2.1341,9.1967
0.1183,-0.0082904,-2.3526,9.2645
0.1184,-0.006164,-2.6298,9.4038
0.1185,-0.0040398,-2.9846,9.6116
0.1186,-0.0018462,-3.417,9.8683
0.1187,0.00026085,-3.9163,10.148
0.1188,0.0025001,-4.4564,10.423
0.1189,0.0048818,-4.9954,10.661
0.119,0.0070291,-5.4941,10.831
0.1191,0.0087858,-5.9326,10.917
0.1192,0.010439,-6.3091,10.921
0.1193,0.011981,-6.6365,10.844
0.1194,0.013345,-6.9387,10.69
0.1195,0.014765,-7.2357,10.477
0.1196,0.016421,-7.5316,10.218
0.1197,0.018047,-7.8165,9.9246
0.1198,0.019603,-8.0758,9.6097
0.1199,0.02119,-8.2917,9.2895
0.12,0.022571,-8.4475,8.9702
0.1201,0.023345,-8.5331,8.6525
0.1202,0.023582,-8.5501,8.3443
0.1203,0.023364,-8.5143,8.0568
0.1204,0.022647,-8.4572,7.8007
0.1205,0.021681,-8.4193,7.588
0.1206,0.021008,-8.4371,7.4287
0.1207,0.020684,-8.5331,7.3197
0.1208,0.020613,-8.7091,7.2455
0.1209,0.020939,-8.9446,7.1848
0.121,0.021719,-9.2048,7.1116
0.1211,0.022605,-9.4534,6.9962
0.1212,0.023483,-9.6558,6.8123
0.1213,0.024417,-9.7809,6.5393
0.1214,0.025222,-9.8091,6.1639
0.1215,0.02568,-9.7378,5.688
0.1216,0.026089,-9.577,5.1306
0.1217,0.0267,-9.3467,4.5207
0.1218,0.027435,-9.0767,3.8921
0.1219,0.028267,-8.7953,3.2797
0.122,0.029329,-8.5161,2.7092
0.1221,0.030366,-8.2417,2.1926
0.1222,0.031076,-7.972,1.7356
0.1223,0.031511,-7.704,1.3405
0.1224,0.031772,-7.4319,1.0016
0.1225,0.031671,-7.1564,0.71275
