0.05,1.3878,-0.28921,-1.07
0.0501,1.3691,-0.23585,-1.1059
0.0502,1.3484,-0.18217,-1.1404
0.0503,1.3256,-0.12825,-1.1734
0.0504,1.301,-0.074167,-1.205
0.0505,1.2745,-0.02001,-1.235
0.0506,1.2462,0.034145,-1.2635
0.0507,1.2162,0.088215,-1.2902
0.0508,1.1845,0.14212,-1.3153
0.0509,1.1512,0.1958,-1.3386
0.051,1.1162,0.24916,-1.3601
0.0511,1.0797,0.30213,-1.3797
0.0512,1.0416,0.35464,-1.3973
0.0513,1.0021,0.40665,-1.4129
0.0514,0.96124,0.45808,-1.4265
0.0515,0.91898,0.50887,-1.438
0.0516,0.87543,0.55897,-1.4473
0.0517,0.83066,0.60831,-1.4546
0.0518,0.78475,0.65683,-1.4596
0.0519,0.73778,0.70449,-1.4626
0.052,0.68984,0.75121,-1.4634
0.0521,0.641,0.79695,-1.462
0.0522,0.59137,0.84163,-1.4585
0.0523,0.54102,0.88522,-1.4528
0.0524,0.49003,0.92763,-1.445
0.0525,0.43847,0.96882,-1.435
0.0526,0.38643,1.0087,-1.4228
0.0527,0.33394,1.0473,-1.4086
0.0528,0.28108,1.0845,-1.3921
0.0529,0.2279,1.1202,-1.3736
0.053,0.17444,1.1544,-1.353
0.0531,0.12077,1.1871,-1.3304
0.0532,0.066925,1.2182,-1.3057
0.0533,0.012975,1.2477,-1.279
0.0534,-0.041019,1.2755,-1.2505
0.0535,-0.09499,1.3015,-1.22
0.0536,-0.14886,1.3258,-1.1877
0.0537,-0.20256,1.3483,-1.1538
0.0538,-0.256,1.3689,-1.1181
0.0539,-0.30908,1.3877,-1.0809
0.054,-0.36172,1.4045,-1.0422
0.0541,-0.41384,1.4194,-1.0021
0.0542,-0.46536,1.4324,-0.96075
0.0543,-0.51619,1.4433,-0.91815
0.0544,-0.56624,1.4522,-0.87442
0.0545,-0.61545,1.4591,-0.82962
0.0546,-0.66374,1.4638,-0.78382
0.0547,-0.71105,1.4665,-0.73709
0.0548,-0.75734,1.4669,-0.68947
0.0549,-0.80256,1.4652,-0.64101
0.055,-0.84667,1.4613,-0.59175
0.0551,-0.88964,1.4552,-0.54172
0.0552,-0.93143,1.4469,-0.49097
0.0553,-0.97201,1.4363,-0.43954
0.0554,-1.0114,1.4236,-0.38749
0.0555,-1.0494,1.4087,-0.33486
0.0556,-1.0861,1.3916,-0.28172
0.0557,-1.1215,1.3724,-0.22815
0.0558,-1.1554,1.3511,-0.17424
0.0559,-1.1878,1.3278,-0.12007
0.056,-1.2187,1.3026,-0.065746
0.0561,-1.2479,1.2754,-0.011363
0.0562,-1.2754,1.2465,0.042977
0.0563,-1.3012,1.2157,0.097173
0.0564,-1.3252,1.1833,0.15112
0.0565,-1.3472,1.1492,0.20474
0.0566,-1.3674,1.1136,0.25793
0.0567,-1.3856,1.0764,0.31062
0.0568,-1.4018,1.0378,0.36276
0.0569,-1.4159,0.99788,0.41431
0.057,-1.4281,0.95658,0.46523
0.0571,-1.4382,0.91402,0.51547
0.0572,-1.4463,0.87026,0.56498
0.0573,-1.4522,0.82535,0.61374
0.0574,-1.4562,0.77935,0.66169
0.0575,-1.458,0.73234,0.7088
0.0576,-1.4578,0.68436,0.75503
0.0577,-1.4555,0.63549,0.8003
0.0578,-1.451,0.5858,0.84458
0.0579,-1.4445,0.53534,0.88778
0.058,-1.4358,0.4842,0.92984
0.0581,-1.4249,0.43244,0.97067
0.0582,-1.4119,0.38014,1.0102
0.0583,-1.4122,-0.45894,1.8501
0.0584,-1.3811,-1.0172,2.3781
0.0585,-1.3241,-1.56,2.8649
0.0586,-1.2507,-2.0972,3.3299
0.0587,-1.1684,-2.6184,3.7701
0.0588,-1.0618,-3.1275,4.174
0.0589,-0.92363,-3.6394,4.5491
0.059,-0.77371,-4.1586,4.92
0.0591,-0.61921,-4.6924,5.3009
0.0592,-0.44138,-5.2519,5.6843
0.0593,-0.23415,-5.8321,6.0591
0.0594,-0.0062774,-6.4204,6.4214
0.0595,0.24286,-7.0155,6.7694
0.0596,0.51376,-7.6101,7.095
0.0597,0.80029,-8.1869,7.3872
0.0598,1.1127,-8.7497,7.6394
0.0599,1.4456,-9.3136,7.8721
0.06,1.8003,-9.8843,8.0897
0.0601,2.1678,-10.464,8.3034
0.0602,2.5542,-11.06,8.5148
0.0603,2.9637,-11.668,8.7146
0.0604,3.3897,-12.275,8.8964
0.0605,3.8302,-12.882,9.0646
0.0606,4.2876,-13.492,9.2173
0.0607,4.757,-14.078,9.3348
0.0608,5.2369,-14.62,9.3979
0.0609,5.73,-15.124,9.4083
0.061,6.2298,-15.594,9.3786
0.0611,6.7307,-16.033,9.316
0.0612,7.2422,-16.457,9.2272
0.0613,7.7695,-16.881,9.1237
0.0614,8.3017,-17.308,9.0168
0.0615,8.8352,-17.738,8.9117
0.0616,9.3791,-18.178,8.8072
0.0617,9.9337,-18.624,8.6965
0.0618,10.494,-19.061,8.5726
0.0619,11.063,-19.489,8.4288
0.062,11.645,-19.9,8.2567
0.0621,12.23,-20.279,8.048
0.0622,12.816,-20.621,7.8023
0.0623,13.41,-20.94,7.5255
0.0624,14.006,-21.239,7.2257
0.0625,14.598,-21.52,6.912
0.0626,15.188,-21.791,6.5909
0.0627,15.777,-22.051,6.2592
0.0628,16.36,-22.287,5.9096
0.0629,16.935,-22.496,5.5404
0.063,17.507,-22.682,5.1516
0.0631,18.074,-22.836,4.736
0.0632,18.632,-22.947,4.2857
0.0633,19.184,-23.019,3.8032
0.0634,19.726,-23.059,3.2973
0.0635,20.255,-23.07,2.7768
0.0636,20.773,-23.066,2.2517
0.0637,21.285,-23.062,1.7325
0.0638,21.789,-23.061,1.2249
0.0639,22.28,-23.06,0.7287
0.064,22.764,-23.058,0.23889
0.0641,23.237,-23.04,-0.25603
0.0642,23.7,-23.004,-0.75893
0.0643,24.151,-22.94,-1.2782
0.0644,24.591,-22.843,-1.8193
0.0645,25.013,-22.703,-2.3858
0.0646,25.413,-22.518,-2.9759
0.0647,25.796,-22.298,-3.5834
0.0648,26.159,-22.049,-4.2009
0.0649,26.499,-21.776,-4.8197
0.065,26.82,-21.491,-5.4313
0.0651,27.123,-21.198,-6.0339
0.0652,27.403,-20.887,-6.6323
0.0653,27.661,-20.556,-7.2292
0.0654,27.9,-20.207,-7.8247
0.0655,28.112,-19.83,-8.4222
0.0656,28.307,-19.434,-9.0227
0.0657,28.484,-19.018,-9.6256
0.0658,28.641,-18.586,-10.225
0.0659,28.774,-18.141,-10.814
0.066,28.886,-17.688,-11.391
0.0661,28.98,-17.239,-11.947
0.0662,29.054,-16.795,-12.478
0.0663,29.104,-16.351,-12.985
0.0664,29.131,-15.903,-13.476
0.0665,29.137,-15.442,-13.959
0.0666,29.117,-14.956,-14.441
0.0667,29.071,-14.443,-14.926
0.0668,29.002,-13.901,-15.417
0.0669,28.909,-13.33,-15.914
0.067,28.788,-12.731,-16.412
0.0671,28.643,-12.116,-16.904
0.0672,28.472,-11.49,-17.381
0.0673,28.276,-10.862,-17.835
0.0674,28.057,-10.243,-18.259
0.0675,27.816,-9.6365,-18.649
0.0676,27.555,-9.0395,-19.01
0.0677,27.272,-8.4471,-19.346
0.0678,26.971,-7.8584,-19.661
0.0679,26.652,-7.2694,-19.958
0.068,26.314,-6.6764,-20.241
0.0681,25.96,-6.0826,-20.51
0.0682,25.59,-5.4911,-20.761
0.0683,25.2,-4.9019,-20.989
0.0684,24.79,-4.3174,-21.195
0.0685,24.365,-3.7428,-21.375
0.0686,23.923,-3.1791,-21.527
0.0687,23.463,-2.6246,-21.652
0.0688,22.988,-2.077,-21.755
0.0689,22.499,-1.5301,-21.843
0.069,21.992,-0.97581,-21.921
0.0691,21.469,-0.41292,-21.991
0.0692,20.933,0.15535,-22.053
0.0693,20.383,0.72588,-22.103
0.0694,19.82,1.292,-22.135
0.0695,19.246,1.8436,-22.141
0.0696,18.663,2.3739,-22.115
0.0697,18.071,2.8785,-22.054
0.0698,17.473,3.3508,-21.954
0.0699,16.873,3.7878,-21.815
0.07,16.269,4.1946,-21.641
0.0701,15.663,4.5785,-21.441
0.0702,15.056,4.9444,-21.221
0.0703,14.448,5.2989,-20.987
0.0704,13.837,5.6472,-20.743
0.0705,13.227,5.9879,-20.49
0.0706,12.617,6.3174,-20.225
0.0707,12.007,6.6344,-19.945
0.0708,11.396,6.9362,-19.648
0.0709,10.786,7.2189,-19.332
0.071,10.177,7.4812,-18.995
0.0711,9.5701,7.723,-18.638
0.0712,8.9667,7.9439,-18.261
0.0713,8.3686,8.1462,-17.87
0.0714,7.7753,8.3341,-17.468
0.0715,7.1883,8.5079,-17.057
0.0716,6.6099,8.6644,-16.635
0.0717,6.0409,8.8004,-16.202
0.0718,5.4819,8.9102,-15.75
0.0719,4.9352,8.9863,-15.277
0.072,4.4014,9.0255,-14.778
0.0721,3.8799,9.0285,-14.254
0.0722,3.372,8.9955,-13.707
0.0723,2.8793,8.9285,-13.14
0.0724,2.4013,8.8348,-12.561
0.0725,1.9383,8.7219,-11.976
0.0726,1.491,8.5956,-11.393
0.0727,1.0581,8.4618,-10.817
0.0728,0.63857,8.3244,-10.249
0.0729,0.23338,8.1813,-9.6899
0.073,-0.15651,8.0272,-9.1342
0.0731,-0.53175,7.8576,-8.5773
0.0732,-0.89156,7.6678,-8.0153
0.0733,-1.2338,7.4532,-7.4457
0.0734,-1.5579,7.2123,-6.8677
0.0735,-1.8635,6.9454,-6.2822
0.0736,-2.1484,6.6525,-5.691
0.0737,-2.4113,6.3353,-5.0976
0.0738,-2.6528,5.9978,-4.5052
0.0739,-2.8728,5.6421,-3.9162
0.074,-3.0705,5.2684,-3.3313
0.0741,-3.2463,4.8766,-2.7504
0.0742,-3.4004,4.4651,-2.1716
0.0743,-3.5319,4.0305,-1.5924
0.0744,-3.6405,3.5723,-1.0125
0.0745,-3.7276,3.0937,-0.43384
0.0746,-3.7933,2.598,0.14033
0.0747,-3.8375,2.0893,0.70579
0.0748,-3.8613,1.5742,1.2571
0.0749,-3.8649,1.0581,1.7891
0.075,-3.848,0.54385,2.2983
0.0751,-3.811,0.033773,2.7831
0.0752,-3.7549,-0.4715,3.2435
0.0753,-3.6786,-0.97568,3.6822
0.0754,-3.5813,-1.4848,4.1044
0.0755,-3.4632,-2.0041,4.5154
0.0756,-3.3238,-2.5385,4.9197
0.0757,-3.162,-3.0915,5.3197
0.0758,-2.9783,-3.6625,5.7152
0.0759,-2.7735,-4.2486,6.1041
0.076,-2.5469,-4.8468,6.4827
0.0761,-2.2983,-5.4532,6.8468
0.0762,-2.0289,-6.0624,7.192
0.0763,-1.7392,-6.6707,7.5154
0.0764,-1.4296,-7.276,7.815
0.0765,-1.1017,-7.8763,8.0904
0.0766,-0.75686,-8.4711,8.3423
0.0767,-0.39547,-9.062,8.5728
0.0768,-0.018298,-9.6496,8.7831
0.0769,0.37317,-10.232,8.9727
0.077,0.77824,-10.807,9.1403
0.0771,1.1967,-11.372,9.2834
0.0772,1.6275,-11.923,9.3994
0.0773,2.0701,-12.458,9.4861
0.0774,2.5249,-12.978,9.5434
0.0775,2.9915,-13.482,9.5725
0.0776,3.4686,-13.973,9.5761
0.0777,3.9561,-14.453,9.5579
0.0778,4.454,-14.929,9.5226
0.0779,4.9616,-15.402,9.4744
0.078,5.4785,-15.877,9.4161
0.0781,6.005,-16.352,9.3479
0.0782,6.5402,-16.826,9.2679
0.0783,7.0828,-17.293,9.1718
0.0784,7.6317,-17.747,9.0549
0.0785,8.1861,-18.183,8.9125
0.0786,8.7438,-18.595,8.7409
0.0787,9.3034,-18.98,8.5385
0.0788,9.8635,-19.337,8.3054
0.0789,10.422,-19.665,8.0434
0.079,10.979,-19.967,7.7551
0.0791,11.531,-20.245,7.4443
0.0792,12.08,-20.502,7.1144
0.0793,12.624,-20.74,6.7677
0.0794,13.163,-20.959,6.405
0.0795,13.696,-21.16,6.0265
0.0796,14.222,-21.339,5.6315
0.0797,14.741,-21.498,5.2194
0.0798,15.253,-21.635,4.791
0.0799,15.757,-21.753,4.3478
0.08,16.252,-21.852,3.892
0.0801,16.737,-21.935,3.4261
0.0802,17.211,-22.003,2.9527
0.0803,17.674,-22.057,2.4736
0.0804,18.124,-22.097,1.9891
0.0805,18.56,-22.12,1.4986
0.0806,18.981,-22.124,0.99949
0.0807,19.385,-22.103,0.48825
0.0808,19.77,-22.052,-0.038583
0.0809,20.137,-21.967,-0.58364
0.081,20.482,-21.848,-1.1479
0.0811,20.807,-21.693,-1.7302
0.0812,21.109,-21.507,-2.3273
0.0813,21.39,-21.293,-2.9348
0.0814,21.647,-21.054,-3.548
0.0815,21.882,-20.797,-4.162
0.0816,22.094,-20.526,-4.7729
0.0817,22.284,-20.242,-5.3781
0.0818,22.451,-19.946,-5.9768
0.0819,22.595,-19.64,-6.5693
0.082,22.717,-19.32,-7.1568
0.0821,22.815,-18.984,-7.7408
0.0822,22.89,-18.633,-8.3218
0.0823,22.941,-18.264,-8.8997
0.0824,22.967,-17.879,-9.4734
0.0825,22.968,-17.479,-10.042
0.0826,22.944,-17.063,-10.603
0.0827,22.893,-16.632,-11.156
0.0828,22.817,-16.185,-11.702
0.0829,22.716,-15.722,-12.241
0.083,22.588,-15.242,-12.774
0.0831,22.436,-14.741,-13.303
0.0832,22.26,-14.22,-13.828
0.0833,22.06,-13.679,-14.351
0.0834,21.836,-13.118,-14.87
0.0835,21.591,-12.54,-15.381
0.0836,21.325,-11.952,-15.881
0.0837,21.039,-11.358,-16.365
0.0838,20.735,-10.763,-16.829
0.0839,20.414,-10.171,-17.27
0.084,20.076,-9.5847,-17.684
0.0841,19.724,-9.004,-18.073
0.0842,19.357,-8.4285,-18.436
0.0843,18.977,-7.8561,-18.777
0.0844,18.584,-7.2838,-19.098
0.0845,18.178,-6.7086,-19.402
0.0846,17.76,-6.1286,-19.691
0.0847,17.331,-5.543,-19.966
0.0848,16.89,-4.9521,-20.226
0.0849,16.439,-4.3573,-20.47
0.085,15.978,-3.7607,-20.697
0.0851,15.507,-3.1639,-20.906
0.0852,15.029,-2.5681,-21.095
0.0853,14.543,-1.9746,-21.264
0.0854,14.05,-1.3844,-21.413
0.0855,13.553,-0.79816,-21.542
0.0856,13.05,-0.21701,-21.651
0.0857,12.545,0.35725,-21.74
0.0858,12.036,0.92253,-21.806
0.0859,11.527,1.4758,-21.849
0.086,11.016,2.0134,-21.866
0.0861,10.506,2.5321,-21.854
0.0862,9.9956,3.0295,-21.811
0.0863,9.4866,3.5044,-21.738
0.0864,8.979,3.9574,-21.635
0.0865,8.4728,4.3906,-21.505
0.0866,7.9683,4.8071,-21.351
0.0867,7.4656,5.2101,-21.178
0.0868,6.9647,5.6027,-20.989
0.0869,6.4654,5.9875,-20.787
0.087,5.9679,6.3652,-20.573
0.0871,5.4721,6.7352,-20.346
0.0872,4.9783,7.0954,-20.106
0.0873,4.487,7.4427,-19.851
0.0874,3.999,7.7732,-19.576
0.0875,3.5149,8.0836,-19.281
0.0876,3.0356,8.3715,-18.965
0.0877,2.562,8.635,-18.626
0.0878,2.0951,8.8733,-18.265
0.0879,1.6354,9.0861,-17.883
0.088,1.1837,9.2735,-17.482
0.0881,0.7405,9.4354,-17.063
0.0882,0.30606,9.572,-16.625
0.0883,-0.11946,9.6832,-16.17
0.0884,-0.53578,9.7685,-15.697
0.0885,-0.94274,9.8279,-15.208
0.0886,-1.3403,9.862,-14.703
0.0887,-1.7283,9.8719,-14.184
0.0888,-2.1066,9.8596,-13.653
0.0889,-2.4751,9.828,-13.113
0.089,-2.8339,9.78,-12.568
0.0891,-3.1824,9.7177,-12.021
0.0892,-3.5204,9.6424,-11.473
0.0893,-3.8474,9.5544,-10.924
0.0894,-4.1625,9.4522,-10.376
0.0895,-4.4651,9.3333,-9.8257
0.0896,-4.7542,9.1946,-9.2714
0.0897,-5.029,9.0325,-8.7106
0.0898,-5.2885,8.8438,-8.1412
0.0899,-5.5319,8.6264,-7.5621
0.09,-5.7588,8.3798,-6.9732
0.0901,-5.9685,8.1047,-6.3758
0.0902,-6.1609,7.8029,-5.7721
0.0903,-6.336,7.4771,-5.1649
0.0904,-6.4936,7.1303,-4.557
0.0905,-6.6339,6.7647,-3.951
0.0906,-6.7569,6.3829,-3.349
0.0907,-6.8628,5.9864,-2.7524
0.0908,-6.9517,5.5763,-2.1625
0.0909,-7.0236,5.1535,-1.5799
0.091,-7.0784,4.7189,-1.0056
0.0911,-7.1159,4.2733,-0.44051
0.0912,-7.1357,3.8175,0.11402
0.0913,-7.1376,3.353,0.65654
0.0914,-7.1212,2.8806,1.1856
0.0915,-7.0859,2.4009,1.7004
0.0916,-7.0312,1.9137,2.2005
0.0917,-6.9569,1.4181,2.6866
0.0918,-6.8626,0.91232,3.1601
0.0919,-6.7478,0.39432,3.6226
0.092,-6.6127,-0.13769,4.0761
0.0921,-6.4573,-0.68507,4.5219
0.0922,-6.2815,-1.2483,4.9606
0.0923,-6.0858,-1.8266,5.3918
0.0924,-5.8705,-2.4179,5.8136
0.0925,-5.6361,-3.0189,6.2236
0.0926,-5.3832,-3.6257,6.6182
0.0927,-5.1125,-4.2342,6.9942
0.0928,-4.8248,-4.8407,7.3485
0.0929,-4.5205,-5.4424,7.6789
0.093,-4.2004,-6.0374,7.9841
0.0931,-3.8648,-6.6249,8.2638
0.0932,-3.5142,-7.2051,8.5184
0.0933,-3.149,-7.7784,8.749
0.0934,-2.7694,-8.3455,8.9564
0.0935,-2.3756,-8.9073,9.1417
0.0936,-1.9678,-9.4642,9.3056
0.0937,-1.5462,-10.016,9.4484
0.0938,-1.1112,-10.564,9.5704
0.0939,-0.66304,-11.107,9.6718
0.094,-0.20215,-11.644,9.7529
0.0941,0.27089,-12.177,9.8145
0.0942,0.75551,-12.705,9.8572
0.0943,1.2511,-13.229,9.882
0.0944,1.7566,-13.748,9.8893
0.0945,2.2712,-14.261,9.879
0.0946,2.7939,-14.767,9.8505
0.0947,3.3235,-15.262,9.8021
0.0948,3.8589,-15.744,9.7318
0.0949,4.3989,-16.209,9.6373
0.095,4.9426,-16.654,9.5162
0.0951,5.4886,-17.076,9.3669
0.0952,6.0362,-17.473,9.1885
0.0953,6.5843,-17.846,8.9814
0.0954,7.1322,-18.194,8.7472
0.0955,7.6793,-18.519,8.488
0.0956,8.2248,-18.823,8.207
0.0957,8.7683,-19.11,7.9069
0.0958,9.3091,-19.381,7.5903
0.0959,9.8468,-19.637,7.259
0.096,10.381,-19.879,6.9142
0.0961,10.91,-20.107,6.5564
0.0962,11.434,-20.32,6.1853
0.0963,11.951,-20.517,5.8006
0.0964,12.461,-20.695,5.4017
0.0965,12.963,-20.854,4.9884
0.0966,13.454,-20.992,4.5605
0.0967,13.934,-21.109,4.1181
0.0968,14.402,-21.202,3.6614
0.0969,14.856,-21.272,3.1902
0.097,15.295,-21.316,2.7044
0.0971,15.719,-21.333,2.2036
0.0972,16.126,-21.323,1.6874
0.0973,16.516,-21.285,1.1557
0.0974,16.888,-21.217,0.60862
0.0975,17.242,-21.121,0.047221
0.0976,17.577,-20.999,-0.52686
0.0977,17.894,-20.851,-1.1111
0.0978,18.191,-20.681,-1.7026
0.0979,18.469,-20.492,-2.2981
0.098,18.727,-20.287,-2.8945
0.0981,18.966,-20.068,-3.4894
0.0982,19.184,-19.835,-4.0809
0.0983,19.381,-19.589,-4.6685
0.0984,19.557,-19.33,-5.2522
0.0985,19.711,-19.055,-5.8328
0.0986,19.843,-18.762,-6.4114
0.0987,19.951,-18.449,-6.9892
0.0988,20.035,-18.116,-7.5671
0.0989,20.096,-17.76,-8.1455
0.099,20.132,-17.382,-8.7242
0.0991,20.144,-16.981,-9.3026
0.0992,20.132,-16.558,-9.8797
0.0993,20.096,-16.115,-10.454
0.0994,20.038,-15.653,-11.025
0.0995,19.957,-15.173,-11.592
0.0996,19.855,-14.677,-12.152
0.0997,19.732,-14.166,-12.704
0.0998,19.588,-13.642,-13.248
0.0999,19.426,-13.107,-13.782
0.1,19.246,-12.563,-14.302
0.1001,19.047,-12.012,-14.808
0.1002,18.832,-11.457,-15.298
0.1003,18.599,-10.899,-15.768
0.1004,18.351,-10.339,-16.219
0.1005,18.087,-9.7788,-16.649
0.1006,17.807,-9.2169,-17.059
0.1007,17.512,-8.6525,-17.449
0.1008,17.203,-8.0841,-17.822
0.1009,16.879,-7.5098,-18.178
0.101,16.542,-6.9282,-18.52
0.1011,16.192,-6.3384,-18.848
0.1012,15.829,-5.7404,-19.164
0.1013,15.454,-5.1348,-19.466
0.1014,15.069,-4.5235,-19.753
0.1015,14.673,-3.9088,-20.025
0.1016,14.269,-3.2934,-20.279
0.1017,13.856,-2.6802,-20.512
0.1018,13.437,-2.0718,-20.724
0.1019,13.011,-1.4706,-20.912
0.102,12.579,-0.8784,-21.076
0.1021,12.142,-0.29658,-21.214
0.1022,11.702,0.27372,-21.328
0.1023,11.257,0.83168,-21.415
0.1024,10.809,1.3767,-21.477
0.1025,10.357,1.9083,-21.513
0.1026,9.9026,2.4263,-21.523
0.1027,9.4452,2.9307,-21.509
0.1028,8.985,3.422,-21.47
0.1029,8.5223,3.9009,-21.408
0.103,8.0573,4.3684,-21.325
0.1031,7.5902,4.8256,-21.223
0.1032,7.1213,5.2733,-21.102
0.1033,6.651,5.7122,-20.964
0.1034,6.1798,6.1421,-20.811
0.1035,5.7082,6.5621,-20.642
0.1036,5.2369,6.9703,-20.455
0.1037,4.7666,7.3645,-20.251
0.1038,4.2981,7.7417,-20.028
0.1039,3.832,8.0989,-19.783
0.104,3.3692,8.4335,-19.515
0.1041,2.9102,8.7433,-19.222
0.1042,2.4556,9.027,-18.906
0.1043,2.0058,9.2841,-18.565
0.1044,1.5611,9.5149,-18.201
0.1045,1.1218,9.7205,-17.816
0.1046,0.68807,9.9022,-17.411
0.1047,0.25995,10.061,-16.989
0.1048,-0.16244,10.2,-16.551
0.1049,-0.57891,10.318,-16.1
0.105,-0.98928,10.417,-15.635
0.1051,-1.3933,10.498,-15.16
0.1052,-1.7904,10.561,-14.674
0.1053,-2.1803,10.606,-14.178
0.1054,-2.5622,10.633,-13.675
0.1055,-2.9353,10.643,-13.163
0.1056,-3.299,10.633,-12.645
0.1057,-3.6523,10.605,-12.12
0.1058,-3.9944,10.556,-11.588
0.1059,-4.3245,10.485,-11.048
0.106,-4.6419,10.39,-10.5
0.1061,-4.9458,10.27,-9.9428
0.1062,-5.2358,10.123,-9.376
0.1063,-5.5115,9.9489,-8.799
0.1064,-5.7725,9.7471,-8.2121
0.1065,-6.0188,9.5183,-7.6163
0.1066,-6.2502,9.2642,-7.0133
0.1067,-6.4668,8.9869,-6.4052
0.1068,-6.6684,8.6889,-5.7947
0.1069,-6.8551,8.373,-5.1845
0.107,-7.0267,8.0414,-4.5771
0.1071,-7.183,7.6963,-3.9747
0.1072,-7.3237,7.3388,-3.379
0.1073,-7.4482,6.9697,-2.7909
0.1074,-7.5561,6.589,-2.2112
0.1075,-7.6467,6.1963,-1.6399
0.1076,-7.7192,5.7909,-1.077
0.1077,-7.7732,5.3721,-0.52236
0.1078,-7.8079,4.939,0.024259
0.1079,-7.8228,4.4912,0.563
0.108,-7.8176,4.0282,1.094
0.1081,-7.792,3.5496,1.6173
0.1082,-7.7459,3.0555,2.1329
0.1083,-7.6793,2.5459,2.6408
0.1084,-7.5924,2.0212,3.1409
0.1085,-7.4854,1.4819,3.6329
0.1086,-7.3588,0.92926,4.116
0.1087,-7.2129,0.36461,4.5893
0.1088,-7.0481,-0.21002,5.0511
0.1089,-6.8589,-0.79405,5.4954
0.109,-6.6583,-1.381,5.9287
0.1091,-6.4399,-1.9702,6.344
0.1092,-6.2038,-2.5592,6.739
0.1093,-5.9506,-3.146,7.1121
0.1094,-5.6803,-3.7293,7.4623
0.1095,-5.3926,-4.3085,7.7888
0.1096,-5.0878,-4.8837,8.0915
0.1097,-4.9636,-5.3136,8.4286
0.1098,-4.981,-5.6354,8.7984
0.1099,-4.9946,-5.9463,9.1525
0.11,-5.0044,-6.246,9.4904
0.1101,-5.01,-6.5325,9.8101
0.1102,-5.0113,-6.8076,10.113
0.1103,-5.0081,-7.0756,10.404
0.1104,-5.0003,-7.3356,10.68
0.1105,-4.9877,-7.5824,10.939
0.1106,-4.9706,-7.816,11.178
0.1107,-4.9487,-8.0395,11.402
0.1108,-4.9223,-8.252,11.609
0.1109,-4.8915,-8.4511,11.798
0.111,-4.8566,-8.6352,11.967
0.1111,-4.8175,-8.8016,12.113
0.1112,-4.7742,-8.9486,12.235
0.1113,-4.727,-9.0775,12.334
0.1114,-4.6758,-9.1888,12.41
0.1115,-4.6207,-9.2799,12.462
0.1116,-4.5616,-9.3495,12.488
0.1117,-4.4987,-9.3996,12.489
0.1118,-4.4318,-9.4314,12.468
0.1119,-4.3608,-9.4452,12.424
0.112,-4.2859,-9.4421,12.358
0.1121,-4.2067,-9.4235,12.272
0.1122,-4.1233,-9.3902,12.167
0.1123,-4.0358,-9.3441,12.045
0.1124,-3.9443,-9.2855,11.906
0.1125,-3.8488,-9.2127,11.748
0.1126,-3.7496,-9.1257,11.572
0.1127,-3.6467,-9.0266,11.38
0.1128,-3.5404,-8.9146,11.171
0.1129,-3.4307,-8.7859,10.942
0.113,-3.3179,-8.6396,10.692
0.1131,-3.2022,-8.4764,10.423
0.1132,-3.0836,-8.2954,10.132
0.1133,-2.9625,-8.0963,9.821
0.1134,-2.8391,-7.8804,9.4907
0.1135,-2.7137,-7.6475,9.1411
0.1136,-2.5865,-7.3965,8.7714
0.1137,-2.4576,-7.1292,8.3837
0.1138,-2.3271,-6.8483,7.9806
0.1139,-2.195,-6.5541,7.5626
0.114,-2.0612,-6.2472,7.13
0.1141,-1.9257,-5.9298,6.6851
0.1142,-1.7885,-5.6034,6.2296
0.1143,-1.6498,-5.2684,5.7639
0.1144,-1.5098,-4.9262,5.2895
0.1145,-1.3687,-4.578,4.808
0.1146,-1.2268,-4.2236,4.3197
0.1147,-1.0844,-3.8633,3.8248
0.1148,-0.94177,-3.4968,3.3235
0.1149,-0.7991,-3.1223,2.8143
0.115,-0.65662,-2.7385,2.2961
0.1151,-0.51457,-2.346,1.7695
0.1152,-0.3731,-1.945,1.2351
0.1153,-0.23246,-1.5345,0.6921
0.1154,-0.093007,-1.1148,0.14086
0.1155,0.044969,-0.68698,-0.41709
0.1156,0.18125,-0.25193,-0.9808
0.1157,0.27242,0.041937,-1.3582
0.1158,0.28688,0.079317,-1.4019
0.1159,0.30002,0.11678,-1.4442
0.116,0.30981,0.15629,-1.4851
0.1161,0.31195,0.2004,-1.5226
0.1162,0.30623,0.24925,-1.5569
0.1163,0.30046,0.29962,-1.5923
0.1164,0.29668,0.35051,-1.63
0.1165,0.28721,0.40475,-1.6652
0.1166,0.27058,0.4632,-1.6972
0.1167,0.25454,0.52274,-1.7306
0.1168,0.24218,0.5813,-1.7666
0.1169,0.23105,0.63929,-1.8031
0.117,0.22018,0.69722,-1.8396
0.1171,0.2079,0.75523,-1.8747
0.1172,0.19223,0.81308,-1.9061
0.1173,0.17629,0.86936,-1.9355
0.1174,0.16351,0.92295,-1.9653
0.1175,0.15094,0.97418,-1.9929
0.1176,0.13527,1.0236,-2.0156
0.1177,0.11843,1.0709,-2.0349
0.1178,0.10189,1.1159,-2.0521
0.1179,0.083733,1.1589,-2.0657
0.118,0.062963,1.2013,-2.0758
0.1181,0.039209,1.2441,-2.0832
0.1182,0.011194,1.2882,-2.0874
0.1183,-0.020264,1.333,-2.0888
0.1184,-0.054077,1.3789,-2.0887
0.1185,-0.092809,1.4277,-2.0865
0.1186,-0.13684,1.4794,-2.0818
0.1187,-0.18043,1.5314,-2.0777
0.1188,-0.22068,1.5822,-2.0758
0.1189,-0.2613,1.6328,-2.0729
0.119,-0.30343,1.6828,-2.0679
0.1191,-0.34376,1.7306,-2.062
0.1192,-0.38185,1.7754,-2.0549
0.1193,-0.41878,1.817,-2.0455
0.1194,-0.45291,1.8547,-2.0346
0.1195,-0.48472,1.8883,-2.0218
0.1196,-0.5181,1.9193,-2.0045
0.1197,-0.55322,1.9478,-1.9831
0.1198,-0.58724,1.9734,-1.9598
0.1199,-0.62132,1.9966,-1.9341
0.12,-0.65821,2.0184,-1.9044
0.1201,-0.69707,2.0391,-1.8715
0.1202,-0.73709,2.0585,-1.8362
0.1203,-0.77977,2.0772,-1.7976
0.1204,-0.8249,2.0956,-1.7564
0.1205,-0.87078,2.1139,-1.7144
0.1206,-0.91745,2.1321,-1.6716
0.1207,-0.96471,2.1501,-1.6283
0.1208,-1.0112,2.1677,-1.5856
0.1209,-1.0575,2.1852,-1.5432
0.121,-1.105,2.2027,-1.4998
0.1211,-1.1513,2.219,-1.4566
0.1212,-1.1935,2.2324,-1.415
0.1213,-1.2326,2.2424,-1.3736
0.1214,-1.2692,2.2483,-1.3312
0.1215,-1.3025,2.2494,-1.288
0.1216,-1.333,2.2456,-1.2435
0.1217,-1.3618,2.237,-1.1968
0.1218,-1.3882,2.2236,-1.1485
0.1219,-1.4126,2.2061,-1.0988
0.122,-1.4381,2.1859,-1.0462
0.1221,-1.4655,2.1639,-0.99034
0.1222,-1.4939,2.1404,-0.93265
0.1223,-1.5235,2.1163,-0.87351
0.1224,-1.5549,2.092,-0.81292
0.1225,-1.5861,2.0671,-0.75237
