0.05,-0.72215,0.34792,0.36832
0.0501,-0.72063,0.32475,0.39305
0.0502,-0.71785,0.30122,0.41703
0.0503,-0.7138,0.27736,0.4402
0.0504,-0.70847,0.25317,0.46252
0.0505,-0.70189,0.22866,0.48395
0.0506,-0.69408,0.20384,0.50452
0.0507,-0.68512,0.17866,0.52427
0.0508,-0.67511,0.15313,0.54325
0.0509,-0.66415,0.12726,0.56154
0.051,-0.65237,0.10109,0.5792
0.0511,-0.63989,0.074648,0.59628
0.0512,-0.62683,0.04799,0.6128
0.0513,-0.61325,0.021174,0.62873
0.0514,-0.5992,-0.0057587,0.64404
0.0515,-0.5847,-0.032757,0.65866
0.0516,-0.56973,-0.059769,0.67248
0.0517,-0.55426,-0.086748,0.68537
0.0518,-0.53824,-0.11365,0.69723
0.0519,-0.52162,-0.14043,0.7079
0.052,-0.50433,-0.16701,0.71726
0.0521,-0.48631,-0.19337,0.7252
0.0522,-0.46751,-0.21945,0.73162
0.0523,-0.44787,-0.24521,0.73645
0.0524,-0.42736,-0.27064,0.73968
0.0525,-0.40597,-0.29573,0.74131
0.0526,-0.38373,-0.32046,0.74141
0.0527,-0.36069,-0.34484,0.74006
0.0528,-0.33695,-0.36885,0.7374
0.0529,-0.31262,-0.39249,0.73358
0.053,-0.28784,-0.41571,0.72873
0.0531,-0.26273,-0.43852,0.723
0.0532,-0.23741,-0.46086,0.71651
0.0533,-0.21198,-0.48272,0.70936
0.0534,-0.18651,-0.50406,0.70163
0.0535,-0.16104,-0.52484,0.69334
0.0536,-0.13557,-0.54501,0.68451
0.0537,-0.11012,-0.56453,0.67511
0.0538,-0.084672,-0.58332,0.66511
0.0539,-0.059196,-0.60132,0.65442
0.054,-0.033642,-0.61843,0.64295
0.0541,-0.0079582,-0.63456,0.63061
0.0542,0.017913,-0.64966,0.61731
0.0543,0.044019,-0.66364,0.60299
0.0544,0.070394,-0.67643,0.58758
0.0545,0.097037,-0.68798,0.5711
0.0546,0.12392,-0.69827,0.55356
0.0547,0.15097,-0.70726,0.53503
0.0548,0.17811,-0.71495,0.51558
0.0549,0.20522,-0.72134,0.49534
0.055,0.2322,-0.72646,0.47441
0.0551,0.2589,-0.73034,0.45293
0.0552,0.28524,-0.73305,0.43101
0.0553,0.3111,-0.73462,0.40877
0.0554,0.3364,-0.7351,0.38629
0.0555,0.36106,-0.73454,0.36364
0.0556,0.38505,-0.73296,0.34086
0.0557,0.40832,-0.73038,0.31796
0.0558,0.43088,-0.7268,0.29492
0.0559,0.45275,-0.72222,0.27169
0.056,0.47398,-0.71664,0.2482
0.0561,0.4946,-0.71005,0.22436
0.0562,0.51469,-0.70247,0.20009
0.0563,0.53429,-0.69391,0.17531
0.0564,0.55344,-0.68439,0.14996
0.0565,0.57213,-0.67395,0.12403
0.0566,0.59034,-0.6626,0.097548
0.0567,0.608,-0.6504,0.070561
0.0568,0.62503,-0.63736,0.043152
0.0569,0.64133,-0.62353,0.015427
0.057,0.65677,-0.60895,-0.01249
0.0571,0.67123,-0.59366,-0.040469
0.0572,0.68458,-0.57769,-0.068369
0.0573,0.6967,-0.56108,-0.096056
0.0574,0.70749,-0.54385,-0.12341
0.0575,0.71686,-0.52602,-0.15034
0.0576,0.72474,-0.50759,-0.17676
0.0577,0.7311,-0.48856,-0.20265
0.0578,0.73594,-0.46893,-0.228
0.0579,0.73931,-0.4487,-0.25283
0.058,0.74127,-0.42786,-0.2772
0.0581,0.74193,-0.40641,-0.30117
0.0582,0.74138,-0.38438,-0.32481
0.0583,0.67705,-0.30594,-0.332
0.0584,0.63321,-0.24553,-0.34593
0.0585,0.58902,-0.18476,-0.36011
0.0586,0.54409,-0.12413,-0.37333
0.0587,0.49821,-0.063638,-0.38593
0.0588,0.45235,-0.0029625,-0.39897
0.0589,0.40704,0.057368,-0.4121
0.059,0.36099,0.11726,-0.42414
0.0591,0.31395,0.1767,-0.43474
0.0592,0.26701,0.23568,-0.4449
0.0593,0.22044,0.29416,-0.45509
0.0594,0.17357,0.35273,-0.46527
0.0595,0.12669,0.41093,-0.47495
0.0596,0.080054,0.46795,-0.48355
0.0597,0.033529,0.5236,-0.49087
0.0598,-0.012621,0.57821,-0.49736
0.0599,-0.057811,0.63132,-0.50304
0.06,-0.10252,0.68289,-0.5075
0.0601,-0.14721,0.73319,-0.51054
0.0602,-0.19157,0.78248,-0.51266
0.0603,-0.23533,0.83091,-0.51439
0.0604,-0.27892,0.87906,-0.51585
0.0605,-0.32225,0.92652,-0.51661
0.0606,-0.36499,0.9726,-0.51629
0.0607,-0.40702,1.0171,-0.51498
0.0608,-0.44807,1.0602,-0.51309
0.0609,-0.48775,1.1012,-0.51042
0.061,-0.52652,1.1402,-0.50659
0.0611,-0.56465,1.1775,-0.50178
0.0612,-0.60155,1.2134,-0.49678
0.0613,-0.637,1.2477,-0.49165
0.0614,-0.67185,1.2807,-0.48595
0.0615,-0.70619,1.3122,-0.4794
0.0616,-0.73933,1.3417,-0.47201
0.0617,-0.77121,1.3689,-0.46371
0.0618,-0.80186,1.3936,-0.45445
0.0619,-0.83135,1.4165,-0.44475
0.062,-0.85931,1.4367,-0.43409
0.0621,-0.88616,1.4546,-0.42255
0.0622,-0.91178,1.4706,-0.41083
0.0623,-0.93566,1.4844,-0.39903
0.0624,-0.95817,1.496,-0.3868
0.0625,-0.97962,1.5057,-0.37407
0.0626,-0.99967,1.5132,-0.36094
0.0627,-1.0181,1.518,-0.34726
0.0628,-1.0353,1.5208,-0.33315
0.0629,-1.0513,1.5215,-0.3188
0.063,-1.0656,1.52,-0.30418
0.0631,-1.0786,1.5161,-0.28925
0.0632,-1.09,1.5103,-0.27441
0.0633,-1.0996,1.5022,-0.25962
0.0634,-1.1076,1.4915,-0.24442
0.0635,-1.1141,1.4781,-0.22856
0.0636,-1.1189,1.4622,-0.2123
0.0637,-1.1218,1.4435,-0.19566
0.0638,-1.1233,1.4225,-0.17856
0.0639,-1.1234,1.3994,-0.16106
0.064,-1.122,1.3742,-0.14328
0.0641,-1.1192,1.3472,-0.12528
0.0642,-1.1153,1.3186,-0.1073
0.0643,-1.1098,1.2883,-0.089323
0.0644,-1.1026,1.256,-0.071148
0.0645,-1.0939,1.2216,-0.052663
0.0646,-1.0836,1.1855,-0.03404
0.0647,-1.0714,1.1472,-0.015292
0.0648,-1.0577,1.1074,0.0034763
0.0649,-1.0426,1.0663,0.022025
0.065,-1.026,1.0242,0.040239
0.0651,-1.0079,0.98086,0.058271
0.0652,-0.98859,0.93674,0.07604
0.0653,-0.96797,0.8917,0.09356
0.0654,-0.9458,0.8453,0.11113
0.0655,-0.92216,0.79747,0.12891
0.0656,-0.89699,0.7485,0.14662
0.0657,-0.86995,0.69815,0.16418
0.0658,-0.8412,0.64643,0.18177
0.0659,-0.81106,0.59374,0.19933
0.066,-0.77946,0.54034,0.21655
0.0661,-0.74631,0.4861,0.2335
0.0662,-0.71197,0.43124,0.25029
0.0663,-0.67658,0.37596,0.26687
0.0664,-0.64005,0.32013,0.28325
0.0665,-0.60251,0.26372,0.29956
0.0666,-0.56419,0.20708,0.31563
0.0667,-0.52498,0.15033,0.33121
0.0668,-0.48486,0.093474,0.34622
0.0669,-0.44404,0.03665,0.36069
0.067,-0.40258,-0.019969,0.37448
0.0671,-0.3604,-0.076547,0.38767
0.0672,-0.31769,-0.13305,0.40037
0.0673,-0.27459,-0.18939,0.41263
0.0674,-0.23109,-0.2456,0.42441
0.0675,-0.18726,-0.30167,0.43578
0.0676,-0.14335,-0.3573,0.44663
0.0677,-0.099393,-0.4124,0.45686
0.0678,-0.05541,-0.46695,0.46646
0.0679,-0.011581,-0.52085,0.47545
0.068,0.032103,-0.574,0.48368
0.0681,0.075835,-0.62664,0.49119
0.0682,0.11951,-0.6788,0.49806
0.0683,0.16295,-0.73033,0.50428
0.0684,0.20622,-0.78117,0.50972
0.0685,0.24929,-0.83126,0.51435
0.0686,0.29185,-0.88016,0.51801
0.0687,0.33381,-0.92757,0.5205
0.0688,0.37521,-0.97347,0.52179
0.0689,0.4159,-1.0178,0.52201
0.069,0.4557,-1.0604,0.52112
0.0691,0.49479,-1.1013,0.51919
0.0692,0.53324,-1.1409,0.51637
0.0693,0.57093,-1.179,0.51276
0.0694,0.60787,-1.2156,0.50827
0.0695,0.64417,-1.2507,0.50298
0.0696,0.67965,-1.2844,0.49697
0.0697,0.71408,-1.3162,0.49023
0.0698,0.74752,-1.3462,0.48274
0.0699,0.7799,-1.3745,0.47467
0.07,0.81103,-1.401,0.46613
0.0701,0.84093,-1.4255,0.45713
0.0702,0.86968,-1.4483,0.44777
0.0703,0.89718,-1.4693,0.43816
0.0704,0.9234,-1.4884,0.42817
0.0705,0.94844,-1.5054,0.41769
0.0706,0.97228,-1.5204,0.40668
0.0707,0.9948,-1.5332,0.39513
0.0708,1.016,-1.5437,0.383
0.0709,1.0359,-1.5519,0.37033
0.071,1.0543,-1.5577,0.35717
0.0711,1.0713,-1.561,0.34355
0.0712,1.0868,-1.5618,0.32944
0.0713,1.1009,-1.56,0.3149
0.0714,1.1133,-1.5556,0.29989
0.0715,1.1241,-1.5486,0.28441
0.0716,1.1335,-1.5391,0.26851
0.0717,1.1412,-1.5271,0.25225
0.0718,1.1475,-1.5128,0.23565
0.0719,1.1525,-1.4964,0.21886
0.072,1.156,-1.4781,0.20197
0.0721,1.1579,-1.4578,0.18504
0.0722,1.1585,-1.4356,0.16804
0.0723,1.1575,-1.4116,0.15103
0.0724,1.1549,-1.3855,0.13392
0.0725,1.1506,-1.3573,0.11662
0.0726,1.1448,-1.3271,0.099152
0.0727,1.1374,-1.295,0.081603
0.0728,1.1283,-1.2609,0.063919
0.0729,1.1178,-1.2252,0.046104
0.073,1.1058,-1.1879,0.028191
0.0731,1.0925,-1.149,0.010181
0.0732,1.0777,-1.1086,-0.0080109
0.0733,1.0615,-1.0667,-0.026343
0.0734,1.0439,-1.0233,-0.044792
0.0735,1.0246,-0.97827,-0.063369
0.0736,1.0039,-0.93181,-0.082048
0.0737,0.98152,-0.88405,-0.10068
0.0738,0.95757,-0.83506,-0.11917
0.0739,0.9321,-0.78504,-0.13746
0.074,0.90516,-0.73419,-0.15546
0.0741,0.87678,-0.6826,-0.17309
0.0742,0.847,-0.6303,-0.19041
0.0743,0.81593,-0.57741,-0.20743
0.0744,0.78357,-0.52393,-0.22415
0.0745,0.74993,-0.46988,-0.24054
0.0746,0.71509,-0.4153,-0.25663
0.0747,0.67907,-0.36026,-0.27236
0.0748,0.64188,-0.30473,-0.28772
0.0749,0.60362,-0.24877,-0.30274
0.075,0.56441,-0.19243,-0.31745
0.0751,0.52429,-0.13572,-0.33186
0.0752,0.48335,-0.078667,-0.34601
0.0753,0.44175,-0.02139,-0.35991
0.0754,0.39958,0.036016,-0.37355
0.0755,0.35691,0.09347,-0.38688
0.0756,0.31389,0.1508,-0.39986
0.0757,0.27064,0.20783,-0.41236
0.0758,0.22713,0.26453,-0.4243
0.0759,0.18342,0.32082,-0.43563
0.076,0.1396,0.3766,-0.4463
0.0761,0.095666,0.43182,-0.45624
0.0762,0.051615,0.48651,-0.46547
0.0763,0.0075593,0.54055,-0.47394
0.0764,-0.036412,0.5938,-0.48157
0.0765,-0.08028,0.64616,-0.48828
0.0766,-0.12393,0.69754,-0.49407
0.0767,-0.16723,0.74779,-0.49888
0.0768,-0.21012,0.79684,-0.5027
0.0769,-0.2526,0.84471,-0.50556
0.077,-0.29457,0.89143,-0.50755
0.0771,-0.33603,0.93697,-0.50866
0.0772,-0.37701,0.98142,-0.50896
0.0773,-0.41746,1.0248,-0.5085
0.0774,-0.45728,1.0669,-0.50732
0.0775,-0.49645,1.1078,-0.50537
0.0776,-0.5349,1.1474,-0.50266
0.0777,-0.57251,1.1854,-0.49921
0.0778,-0.6092,1.2218,-0.49501
0.0779,-0.64493,1.2564,-0.49005
0.078,-0.67963,1.2893,-0.4844
0.0781,-0.71323,1.3203,-0.47807
0.0782,-0.74575,1.3495,-0.47107
0.0783,-0.77717,1.3767,-0.46337
0.0784,-0.80746,1.4019,-0.45499
0.0785,-0.83665,1.4251,-0.4459
0.0786,-0.86472,1.4462,-0.43612
0.0787,-0.89163,1.4653,-0.42569
0.0788,-0.9173,1.4822,-0.41464
0.0789,-0.94174,1.4969,-0.40304
0.079,-0.96487,1.5095,-0.39094
0.0791,-0.98663,1.52,-0.37842
0.0792,-1.007,1.5282,-0.36551
0.0793,-1.0259,1.5342,-0.35226
0.0794,-1.0434,1.5379,-0.33869
0.0795,-1.0594,1.5393,-0.32478
0.0796,-1.0739,1.5385,-0.31055
0.0797,-1.087,1.5354,-0.29602
0.0798,-1.0986,1.53,-0.2812
0.0799,-1.1088,1.5224,-0.26609
0.08,-1.1174,1.5125,-0.25071
0.0801,-1.1246,1.5003,-0.23504
0.0802,-1.1302,1.4858,-0.21905
0.0803,-1.1342,1.4688,-0.20271
0.0804,-1.1367,1.4495,-0.18602
0.0805,-1.1376,1.4279,-0.16897
0.0806,-1.1368,1.4039,-0.15158
0.0807,-1.1345,1.3777,-0.13389
0.0808,-1.1307,1.3495,-0.11596
0.0809,-1.1254,1.3194,-0.097842
0.081,-1.1187,1.2874,-0.079593
0.0811,-1.1105,1.2538,-0.061274
0.0812,-1.1009,1.2186,-0.042899
0.0813,-1.0898,1.1818,-0.024472
0.0814,-1.0772,1.1434,-0.0060396
0.0815,-1.0631,1.1036,0.01237
0.0816,-1.0475,1.0622,0.030724
0.0817,-1.0303,1.0195,0.048992
0.0818,-1.0116,0.97548,0.067124
0.0819,-0.99137,0.93019,0.085119
0.082,-0.96962,0.88373,0.10298
0.0821,-0.94637,0.83613,0.12072
0.0822,-0.92163,0.78742,0.13835
0.0823,-0.89542,0.73764,0.15592
0.0824,-0.86774,0.68684,0.17341
0.0825,-0.83858,0.63502,0.19082
0.0826,-0.80794,0.58225,0.20813
0.0827,-0.7759,0.5286,0.22532
0.0828,-0.74246,0.47417,0.24232
0.0829,-0.70771,0.41903,0.25911
0.083,-0.67172,0.3633,0.27564
0.0831,-0.63461,0.30709,0.29188
0.0832,-0.59645,0.25049,0.30779
0.0833,-0.55736,0.19363,0.32336
0.0834,-0.51746,0.13662,0.33852
0.0835,-0.47683,0.079575,0.35323
0.0836,-0.43555,0.022568,0.36747
0.0837,-0.39371,-0.034308,0.38119
0.0838,-0.35136,-0.090993,0.39436
0.0839,-0.30854,-0.14748,0.40699
0.084,-0.26532,-0.20376,0.4191
0.0841,-0.22175,-0.25983,0.43068
0.0842,-0.17789,-0.31566,0.44173
0.0843,-0.13381,-0.3712,0.45226
0.0844,-0.089595,-0.42638,0.46224
0.0845,-0.045343,-0.48108,0.47164
0.0846,-0.0011222,-0.53523,0.4804
0.0847,0.042971,-0.58873,0.48849
0.0848,0.086867,-0.64148,0.49585
0.0849,0.13053,-0.69341,0.50242
0.085,0.1739,-0.74447,0.50815
0.0851,0.21695,-0.79458,0.51302
0.0852,0.25964,-0.84368,0.51695
0.0853,0.30192,-0.89169,0.51992
0.0854,0.34373,-0.9385,0.52189
0.0855,0.38501,-0.98399,0.52281
0.0856,0.4257,-1.0281,0.52268
0.0857,0.46571,-1.0706,0.5215
0.0858,0.50499,-1.1116,0.51931
0.0859,0.54348,-1.1509,0.51616
0.086,0.58114,-1.1887,0.51211
0.0861,0.61793,-1.2247,0.50724
0.0862,0.65382,-1.2591,0.5016
0.0863,0.68878,-1.2919,0.49526
0.0864,0.72279,-1.323,0.48827
0.0865,0.75579,-1.3524,0.4807
0.0866,0.78775,-1.3801,0.47256
0.0867,0.81862,-1.4061,0.46392
0.0868,0.84833,-1.4303,0.45479
0.0869,0.87688,-1.4526,0.44522
0.087,0.90422,-1.473,0.4352
0.0871,0.93029,-1.4914,0.42476
0.0872,0.95504,-1.5076,0.41387
0.0873,0.97846,-1.5218,0.40251
0.0874,1.0005,-1.5336,0.39066
0.0875,1.0212,-1.5432,0.37831
0.0876,1.0405,-1.5503,0.36543
0.0877,1.0584,-1.5551,0.35205
0.0878,1.0749,-1.5574,0.33816
0.0879,1.0899,-1.5572,0.32379
0.088,1.1035,-1.5546,0.30896
0.0881,1.1156,-1.5495,0.29371
0.0882,1.1261,-1.5419,0.27808
0.0883,1.1352,-1.5319,0.26209
0.0884,1.1427,-1.5194,0.2458
0.0885,1.1486,-1.5046,0.22926
0.0886,1.153,-1.4876,0.21249
0.0887,1.1558,-1.4684,0.19555
0.0888,1.1571,-1.4472,0.17848
0.0889,1.1569,-1.424,0.16132
0.089,1.1552,-1.3989,0.14406
0.0891,1.152,-1.3719,0.12672
0.0892,1.1473,-1.3431,0.10929
0.0893,1.1411,-1.3124,0.091762
0.0894,1.1333,-1.2798,0.074112
0.0895,1.124,-1.2454,0.05634
0.0896,1.1132,-1.2093,0.038411
0.0897,1.1008,-1.1714,0.020326
0.0898,1.0869,-1.1318,0.0021001
0.0899,1.0714,-1.0906,-0.016244
0.09,1.0545,-1.0478,-0.034685
0.0901,1.0362,-1.0037,-0.053187
0.0902,1.0163,-0.95818,-0.071713
0.0903,0.99496,-0.9114,-0.090218
0.0904,0.97214,-0.86346,-0.10865
0.0905,0.94782,-0.81442,-0.12696
0.0906,0.92201,-0.76436,-0.14509
0.0907,0.89471,-0.71339,-0.16298
0.0908,0.86594,-0.66158,-0.18059
0.0909,0.83572,-0.60901,-0.19788
0.091,0.8041,-0.55575,-0.21485
0.0911,0.77113,-0.50188,-0.23147
0.0912,0.73689,-0.44745,-0.24776
0.0913,0.70145,-0.3925,-0.26371
0.0914,0.66488,-0.3371,-0.27935
0.0915,0.62727,-0.2813,-0.29466
0.0916,0.58868,-0.22513,-0.30966
0.0917,0.5492,-0.16863,-0.32436
0.0918,0.5089,-0.11185,-0.33876
0.0919,0.46786,-0.054843,-0.35284
0.092,0.42616,0.0023383,-0.36661
0.0921,0.38387,0.059617,-0.38004
0.0922,0.34109,0.1169,-0.39311
0.0923,0.29789,0.17408,-0.40575
0.0924,0.25436,0.23106,-0.41793
0.0925,0.2106,0.28773,-0.42958
0.0926,0.16668,0.34398,-0.44063
0.0927,0.12267,0.39968,-0.45101
0.0928,0.07862,0.45475,-0.46067
0.0929,0.034589,0.5091,-0.46956
0.093,-0.0093798,0.56269,-0.47763
0.0931,-0.053239,0.61544,-0.48484
0.0932,-0.096939,0.6673,-0.49117
0.0933,-0.14043,0.71823,-0.4966
0.0934,-0.18366,0.76816,-0.5011
0.0935,-0.22655,0.81704,-0.50467
0.0936,-0.26904,0.86481,-0.50732
0.0937,-0.31107,0.91143,-0.50906
0.0938,-0.35256,0.95684,-0.50992
0.0939,-0.39345,1.001,-0.50993
0.094,-0.43371,1.0439,-0.50912
0.0941,-0.47328,1.0854,-0.50753
0.0942,-0.5121,1.1256,-0.50518
0.0943,-0.55015,1.1643,-0.50208
0.0944,-0.58737,1.2016,-0.49825
0.0945,-0.62372,1.2372,-0.49371
0.0946,-0.65914,1.2712,-0.48844
0.0947,-0.69359,1.3035,-0.48246
0.0948,-0.727,1.3339,-0.47578
0.0949,-0.75933,1.3625,-0.46839
0.095,-0.79053,1.389,-0.46032
0.0951,-0.82056,1.4136,-0.45157
0.0952,-0.84943,1.4361,-0.44218
0.0953,-0.8771,1.4565,-0.43216
0.0954,-0.90354,1.4747,-0.42153
0.0955,-0.92874,1.4909,-0.41033
0.0956,-0.95266,1.5048,-0.39861
0.0957,-0.97529,1.5167,-0.3864
0.0958,-0.99658,1.5263,-0.37374
0.0959,-1.0165,1.5338,-0.36067
0.096,-1.035,1.5391,-0.34724
0.0961,-1.0521,1.5421,-0.33347
0.0962,-1.0678,1.5429,-0.31938
0.0963,-1.0819,1.5413,-0.30498
0.0964,-1.0945,1.5374,-0.29028
0.0965,-1.1056,1.5312,-0.27527
0.0966,-1.1152,1.5226,-0.25995
0.0967,-1.1232,1.5116,-0.24432
0.0968,-1.1298,1.4983,-0.22838
0.0969,-1.1348,1.4827,-0.21213
0.097,-1.1382,1.4648,-0.19555
0.0971,-1.1402,1.4447,-0.17867
0.0972,-1.1406,1.4223,-0.16148
0.0973,-1.1395,1.3978,-0.14401
0.0974,-1.1368,1.3711,-0.12628
0.0975,-1.1326,1.3425,-0.10833
0.0976,-1.1268,1.3118,-0.090209
0.0977,-1.1196,1.2793,-0.071958
0.0978,-1.1108,1.2451,-0.05362
0.0979,-1.1006,1.2091,-0.035214
0.098,-1.0888,1.1716,-0.016782
0.0981,-1.0756,1.1326,0.0016423
0.0982,-1.0609,1.0922,0.020025
0.0983,-1.0447,1.0504,0.038345
0.0984,-1.0271,1.0073,0.056584
0.0985,-1.0079,0.96285,0.07473
0.0986,-0.98725,0.91716,0.092771
0.0987,-0.96504,0.87026,0.1107
0.0988,-0.94129,0.82217,0.12853
0.0989,-0.916,0.77296,0.14624
0.099,-0.88919,0.72267,0.16384
0.0991,-0.86088,0.67136,0.18133
0.0992,-0.8311,0.61911,0.19869
0.0993,-0.79989,0.56598,0.21591
0.0994,-0.7673,0.51206,0.23297
0.0995,-0.7334,0.45743,0.24984
0.0996,-0.69825,0.40218,0.26648
0.0997,-0.66193,0.3464,0.28285
0.0998,-0.62451,0.29018,0.29891
0.0999,-0.58608,0.23362,0.31463
0.1,-0.54672,0.17679,0.32996
0.1001,-0.50653,0.1198,0.34488
0.1002,-0.46558,0.062732,0.35936
0.1003,-0.42398,0.0056696,0.37337
0.1004,-0.38181,-0.051306,0.3869
0.1005,-0.33915,-0.10812,0.39992
0.1006,-0.29608,-0.16471,0.41242
0.1007,-0.25266,-0.22106,0.42439
0.1008,-0.20896,-0.27712,0.43583
0.1009,-0.16504,-0.33286,0.44673
0.101,-0.12096,-0.38822,0.45706
0.1011,-0.076784,-0.44317,0.46681
0.1012,-0.032565,-0.49763,0.47596
0.1013,0.011627,-0.55154,0.48444
0.1014,0.055725,-0.60481,0.49223
0.1015,0.099658,-0.65735,0.49927
0.1016,0.14336,-0.70907,0.50549
0.1017,0.18675,-0.75986,0.51084
0.1018,0.22979,-0.80963,0.51528
0.1019,0.27241,-0.8583,0.51876
0.102,0.31455,-0.90577,0.52124
0.1021,0.35617,-0.95197,0.52271
0.1022,0.39723,-0.99682,0.52316
0.1023,0.43767,-1.0403,0.5226
0.1024,0.47745,-1.0823,0.52104
0.1025,0.51652,-1.1227,0.51852
0.1026,0.55482,-1.1616,0.51508
0.1027,0.59231,-1.1989,0.51077
0.1028,0.62893,-1.2346,0.50564
0.1029,0.66463,-1.2686,0.49977
0.103,0.69936,-1.3008,0.49321
0.1031,0.73308,-1.3314,0.48601
0.1032,0.76575,-1.3603,0.47822
0.1033,0.79731,-1.3874,0.46989
0.1034,0.82775,-1.4126,0.46105
0.1035,0.85703,-1.4361,0.45173
0.1036,0.88515,-1.4576,0.44193
0.1037,0.91205,-1.4772,0.43168
0.1038,0.93772,-1.4948,0.42096
0.1039,0.9621,-1.5103,0.40978
0.104,0.98515,-1.5236,0.39812
0.1041,1.0068,-1.5347,0.38597
0.1042,1.0271,-1.5434,0.37334
0.1043,1.046,-1.5498,0.36022
0.1044,1.0635,-1.5537,0.3466
0.1045,1.0795,-1.5551,0.33251
0.1046,1.094,-1.554,0.31796
0.1047,1.107,-1.5505,0.30298
0.1048,1.1185,-1.5445,0.2876
0.1049,1.1286,-1.5361,0.27186
0.105,1.1371,-1.5253,0.25579
0.1051,1.1441,-1.5122,0.23943
0.1052,1.1496,-1.4967,0.22284
0.1053,1.1535,-1.4791,0.20603
0.1054,1.1559,-1.4593,0.18905
0.1055,1.1568,-1.4375,0.17192
0.1056,1.156,-1.4135,0.15467
0.1057,1.1538,-1.3877,0.1373
0.1058,1.15,-1.3599,0.11983
0.1059,1.1447,-1.3302,0.10226
0.106,1.1378,-1.2987,0.084588
0.1061,1.1295,-1.2654,0.066814
0.1062,1.1197,-1.2304,0.048926
0.1063,1.1083,-1.1936,0.030896
0.1064,1.0955,-1.1552,0.01273
0.1065,1.0811,-1.1151,-0.005557
0.1066,1.0652,-1.0734,-0.023942
0.1067,1.0479,-1.0303,-0.042396
0.1068,1.029,-0.98569,-0.060882
0.1069,1.0086,-0.93976,-0.079359
0.107,0.98665,-0.89259,-0.097781
0.1071,0.96324,-0.84426,-0.1161
0.1072,0.93834,-0.79487,-0.13427
0.1073,0.91196,-0.74451,-0.15225
0.1074,0.88413,-0.69327,-0.17
0.1075,0.85485,-0.64122,-0.18748
0.1076,0.82416,-0.58843,-0.20466
0.1077,0.7921,-0.53497,-0.22153
0.1078,0.75871,-0.48089,-0.23807
0.1079,0.72406,-0.42624,-0.25428
0.108,0.68821,-0.37107,-0.27017
0.1081,0.65123,-0.31544,-0.28573
0.1082,0.61321,-0.2594,-0.30097
0.1083,0.57424,-0.203,-0.3159
0.1084,0.5344,-0.1463,-0.33051
0.1085,0.49378,-0.089369,-0.3448
0.1086,0.45248,-0.032275,-0.35876
0.1087,0.41057,0.024909,-0.37238
0.1088,0.36812,0.082106,-0.38562
0.1089,0.32522,0.13923,-0.39845
0.109,0.28194,0.1962,-0.41083
0.1091,0.23835,0.25295,-0.42271
0.1092,0.19452,0.30938,-0.43404
0.1093,0.15051,0.36539,-0.44476
0.1094,0.10641,0.42088,-0.45482
0.1095,0.062261,0.47575,-0.46416
0.1096,0.018145,0.52991,-0.47272
0.1097,-0.025881,0.58328,-0.48047
0.1098,-0.069758,0.63578,-0.48736
0.1099,-0.11343,0.68735,-0.49336
0.11,-0.15685,0.73794,-0.49846
0.1101,-0.19996,0.78751,-0.50265
0.1102,-0.2427,0.83601,-0.50591
0.1103,-0.28503,0.8834,-0.50826
0.1104,-0.32689,0.92963,-0.50972
0.1105,-0.36822,0.97466,-0.51029
0.1106,-0.40896,1.0184,-0.51001
0.1107,-0.44905,1.0609,-0.5089
0.1108,-0.48843,1.102,-0.50698
0.1109,-0.52706,1.1416,-0.50429
0.111,-0.56487,1.1798,-0.50084
0.1111,-0.60181,1.2164,-0.49665
0.1112,-0.63785,1.2514,-0.49174
0.1113,-0.67293,1.2847,-0.48612
0.1114,-0.70702,1.3162,-0.4798
0.1115,-0.74006,1.3459,-0.47279
0.1116,-0.77203,1.3737,-0.4651
0.1117,-0.80286,1.3995,-0.45673
0.1118,-0.83256,1.4234,-0.44772
0.1119,-0.86109,1.4452,-0.43808
0.112,-0.88842,1.4649,-0.42784
0.1121,-0.91451,1.4826,-0.41703
0.1122,-0.93932,1.4981,-0.40567
0.1123,-0.96282,1.5114,-0.3938
0.1124,-0.98499,1.5225,-0.38145
0.1125,-1.0058,1.5314,-0.36867
0.1126,-1.0252,1.5381,-0.35548
0.1127,-1.0432,1.5425,-0.34191
0.1128,-1.0598,1.5447,-0.32799
0.1129,-1.0749,1.5446,-0.31374
0.113,-1.0885,1.5422,-0.29917
0.1131,-1.1007,1.5375,-0.28428
0.1132,-1.1113,1.5304,-0.26909
0.1133,-1.1204,1.521,-0.25358
0.1134,-1.1279,1.5092,-0.23776
0.1135,-1.134,1.495,-0.22164
0.1136,-1.1384,1.4786,-0.2052
0.1137,-1.1413,1.4598,-0.18847
0.1138,-1.1427,1.4389,-0.17144
0.1139,-1.1426,1.4157,-0.15414
0.114,-1.1409,1.3904,-0.13659
0.1141,-1.1377,1.3631,-0.11882
0.1142,-1.133,1.3338,-0.10086
0.1143,-1.1267,1.3027,-0.08275
0.1144,-1.119,1.2697,-0.06453
0.1145,-1.1097,1.2349,-0.04622
0.1146,-1.099,1.1985,-0.027842
0.1147,-1.0867,1.1605,-0.0094337
0.1148,-1.073,1.121,0.0089698
0.1149,-1.0577,1.08,0.02734
0.115,-1.041,1.0377,0.045652
0.1151,-1.0227,0.994,0.06389
0.1152,-1.003,0.94904,0.082038
0.1153,-0.98175,0.90285,0.10009
0.1154,-0.959,0.85547,0.11803
0.1155,-0.93472,0.80696,0.13586
0.1156,-0.90892,0.75735,0.15357
0.1157,-0.88162,0.70671,0.17116
0.1158,-0.85281,0.65508,0.18861
0.1159,-0.82254,0.60253,0.20591
0.116,-0.79083,0.54914,0.22304
0.1161,-0.75776,0.49498,0.23998
0.1162,-0.72338,0.44016,0.25669
0.1163,-0.71825,0.41179,0.28158
0.1164,-0.71918,0.38963,0.30674
0.1165,-0.71935,0.36778,0.33099
0.1166,-0.71842,0.34536,0.35521
0.1167,-0.71695,0.32249,0.37949
0.1168,-0.71472,0.29951,0.40321
0.1169,-0.71101,0.27604,0.42627
0.117,-0.70626,0.25189,0.44914
0.1171,-0.70085,0.22708,0.47209
0.1172,-0.69434,0.2016,0.49471
0.1173,-0.68668,0.17575,0.5165
0.1174,-0.6785,0.15033,0.53715
0.1175,-0.66966,0.12528,0.55671
0.1176,-0.65974,0.099928,0.57548
0.1177,-0.64898,0.07414,0.5937
0.1178,-0.63738,0.048195,0.6111
0.1179,-0.6244,0.021742,0.62751
0.118,-0.61008,-0.0053951,0.64302
0.1181,-0.59487,-0.032991,0.65776
0.1182,-0.57878,-0.060817,0.67152
0.1183,-0.56193,-0.088505,0.68396
0.1184,-0.54482,-0.11532,0.69483
0.1185,-0.52735,-0.14145,0.70424
0.1186,-0.50907,-0.16762,0.71248
0.1187,-0.49015,-0.1939,0.71973
0.1188,-0.4708,-0.21987,0.7258
0.1189,-0.4507,-0.24586,0.73071
0.119,-0.42997,-0.27204,0.73473
0.1191,-0.4091,-0.29792,0.73789
0.1192,-0.38793,-0.32319,0.73978
0.1193,-0.36614,-0.34791,0.74017
0.1194,-0.34415,-0.37171,0.73917
0.1195,-0.32208,-0.3946,0.73695
0.1196,-0.29931,-0.41723,0.7336
0.1197,-0.27568,-0.4399,0.72925
0.1198,-0.25153,-0.4622,0.7239
0.1199,-0.22664,-0.48427,0.7175
0.12,-0.20082,-0.50643,0.71018
0.1201,-0.17465,-0.52817,0.70209
0.1202,-0.14852,-0.54883,0.69301
0.1203,-0.12214,-0.56855,0.68283
0.1204,-0.095506,-0.58742,0.67168
0.1205,-0.068938,-0.60527,0.6597
0.1206,-0.042233,-0.62232,0.64697
0.1207,-0.015155,-0.63893,0.63365
0.1208,0.011931,-0.65476,0.61977
0.1209,0.038821,-0.66946,0.60525
0.121,0.0657,-0.68315,0.59005
0.1211,0.092438,-0.69569,0.57422
0.1212,0.11873,-0.70656,0.55757
0.1213,0.14469,-0.71577,0.53999
0.1214,0.17045,-0.72357,0.52164
0.1215,0.19587,-0.7301,0.50278
0.1216,0.22116,-0.73548,0.48334
0.1217,0.2466,-0.73998,0.46327
0.1218,0.27206,-0.7435,0.44262
0.1219,0.29733,-0.74587,0.4214
0.122,0.32249,-0.74711,0.39954
0.1221,0.34739,-0.74712,0.37702
0.1222,0.37176,-0.74562,0.35381
0.1223,0.39576,-0.74287,0.32993
0.1224,0.41958,-0.73924,0.30555
0.1225,0.44296,-0.73477,0.2809
