0.05,0.17949,-0.26493,0.17858
0.0501,0.19039,-0.26562,0.16832
0.0502,0.20105,-0.26605,0.15756
0.0503,0.2114,-0.2662,0.14635
0.0504,0.22131,-0.26605,0.13477
0.0505,0.2307,-0.26555,0.1229
0.0506,0.23948,-0.26467,0.11083
0.0507,0.2476,-0.2634,0.098626
0.0508,0.25505,-0.2617,0.086334
0.0509,0.26183,-0.25957,0.073989
0.051,0.268,-0.257,0.061617
0.0511,0.27364,-0.25404,0.049216
0.0512,0.27884,-0.25069,0.036784
0.0513,0.28367,-0.24701,0.024315
0.0514,0.28824,-0.24305,0.011806
0.0515,0.29264,-0.23885,-0.00075122
0.0516,0.29695,-0.23443,-0.013349
0.0517,0.3012,-0.22983,-0.025979
0.0518,0.3054,-0.22506,-0.038622
0.0519,0.30954,-0.22012,-0.051248
0.052,0.3136,-0.21497,-0.063808
0.0521,0.31751,-0.20958,-0.076241
0.0522,0.3212,-0.20389,-0.088472
0.0523,0.32457,-0.19783,-0.10042
0.0524,0.32753,-0.19131,-0.11202
0.0525,0.33,-0.18426,-0.12321
0.0526,0.33189,-0.17659,-0.13394
0.0527,0.33315,-0.16823,-0.14421
0.0528,0.33376,-0.15913,-0.15401
0.0529,0.33373,-0.1493,-0.16338
0.053,0.33309,-0.13873,-0.17234
0.0531,0.33191,-0.1275,-0.18094
0.0532,0.33026,-0.11567,-0.18921
0.0533,0.32822,-0.10334,-0.19721
0.0534,0.32589,-0.090613,-0.20496
0.0535,0.32336,-0.077594,-0.21251
0.0536,0.32071,-0.064385,-0.21987
0.0537,0.31802,-0.051087,-0.22706
0.0538,0.31533,-0.037793,-0.2341
0.0539,0.31268,-0.024577,-0.24096
0.054,0.31005,-0.0115,-0.24761
0.0541,0.30741,0.0013851,-0.254
0.0542,0.18753,-0.072662,-5.3763
0.0543,0.1501,-0.082,-6.8639
0.0544,0.12638,-0.082663,-7.612
0.0545,0.099403,-0.098038,-8.7747
0.0546,0.098407,-0.10409,-9.3825
0.0547,0.097854,-0.098979,-9.606
0.0548,0.064372,-0.10824,-10.635
0.0549,0.028338,-0.13143,-12.364
0.055,0.0019276,-0.15797,-14.239
0.0551,-0.0376,-0.18306,-16.08
0.0552,-0.077733,-0.20421,-17.741
0.0553,-0.095818,-0.2142,-18.823
0.0554,-0.10698,-0.22021,-19.576
0.0555,-0.10716,-0.22378,-20.154
0.0556,-0.090152,-0.22672,-20.587
0.0557,-0.083909,-0.23489,-21.435
0.0558,-0.1164,-0.2543,-23.077
0.0559,-0.16951,-0.27937,-25.171
0.056,-0.22967,-0.30631,-27.349
0.0561,-0.29088,-0.32835,-29.26
0.0562,-0.33206,-0.33914,-30.332
0.0563,-0.34546,-0.33858,-30.614
0.0564,-0.35871,-0.33941,-30.901
0.0565,-0.37614,-0.34252,-31.347
0.0566,-0.38646,-0.34393,-31.521
0.0567,-0.40579,-0.34481,-31.65
0.0568,-0.44977,-0.35234,-32.209
0.0569,-0.49612,-0.36129,-32.923
0.057,-0.53726,-0.36701,-33.438
0.0571,-0.58486,-0.3678,-33.875
0.0572,-0.6316,-0.36695,-34.229
0.0573,-0.65727,-0.36308,-34.302
0.0574,-0.67474,-0.35852,-34.255
0.0575,-0.70405,-0.35564,-34.485
0.0576,-0.73223,-0.35641,-34.839
0.0577,-0.7631,-0.36182,-35.501
0.0578,-0.80435,-0.36889,-36.298
0.0579,-0.84103,-0.37034,-36.774
0.058,-0.8619,-0.36765,-36.811
0.0581,-0.87489,-0.36121,-36.622
0.0582,-0.88501,-0.35089,-36.185
0.0583,-0.88223,-0.3363,-35.465
0.0584,-0.8731,-0.32449,-34.791
0.0585,-0.8663,-0.31447,-34.27
0.0586,-0.85756,-0.30307,-33.629
0.0587,-0.84557,-0.29012,-32.961
0.0588,-0.84369,-0.28045,-32.591
0.0589,-0.84854,-0.26903,-32.31
0.059,-0.84927,-0.25235,-31.755
0.0591,-0.84629,-0.23129,-31.061
0.0592,-0.84333,-0.20997,-30.416
0.0593,-0.83281,-0.18587,-29.714
0.0594,-0.81973,-0.16036,-28.999
0.0595,-0.81418,-0.13461,-28.474
0.0596,-0.81155,-0.10766,-28.012
0.0597,-0.80693,-0.074864,-27.477
0.0598,-0.80154,-0.033208,-26.745
0.0599,-0.79435,0.019824,-25.822
0.06,-0.78081,0.081584,-24.732
0.0601,-0.75994,0.14832,-23.532
0.0602,-0.73524,0.21304,-22.234
0.0603,-0.70599,0.26846,-20.863
0.0604,-0.66997,0.30194,-19.423
0.0605,-0.635,0.30693,-18.065
0.0606,-0.60522,0.29199,-16.787
0.0607,-0.57654,0.26956,-15.511
0.0608,-0.55206,0.24433,-14.31
0.0609,-0.53271,0.22319,-13.189
0.061,-0.51118,0.20897,-11.999
0.0611,-0.4839,0.19788,-10.747
0.0612,-0.45751,0.18506,-9.5831
0.0613,-0.43165,0.17343,-8.4493
0.0614,-0.40289,0.16481,-7.213
0.0615,-0.37451,0.15913,-5.9249
0.0616,-0.34934,0.15646,-4.6058
0.0617,-0.3216,0.15889,-3.1514
0.0618,-0.2912,0.16492,-1.5942
0.0619,-0.26187,0.17308,-0.064633
0.062,-0.23136,0.18233,1.4412
0.0621,-0.1953,0.19283,2.9713
0.0622,-0.15703,0.20347,4.4921
0.0623,-0.11837,0.21469,5.9955
0.0624,-0.077712,0.22602,7.5048
0.0625,-0.039794,0.23729,8.9427
0.0626,-0.0070882,0.24835,10.3
0.0627,0.023373,0.26012,11.63
0.0628,0.053252,0.27161,12.932
0.0629,0.082064,0.28278,14.161
0.063,0.11167,0.29356,15.359
0.0631,0.14126,0.30448,16.538
0.0632,0.16891,0.31464,17.678
0.0633,0.19329,0.32469,18.796
0.0634,0.21616,0.33522,19.967
0.0635,0.23767,0.34683,21.198
0.0636,0.25544,0.35863,22.428
0.0637,0.27143,0.37072,23.653
0.0638,0.28766,0.3827,24.871
0.0639,0.30341,0.39447,26.042
0.064,0.31931,0.40587,27.176
0.0641,0.33824,0.41749,28.31
0.0642,0.35773,0.42877,29.4
0.0643,0.37462,0.43949,30.391
0.0644,0.39029,0.44941,31.303
0.0645,0.40668,0.45854,32.142
0.0646,0.42284,0.46613,32.879
0.0647,0.44172,0.47253,33.536
0.0648,0.46676,0.47777,34.158
0.0649,0.49695,0.48202,34.733
0.065,0.53075,0.48533,35.263
0.0651,0.57028,0.48851,35.793
0.0652,0.61434,0.49132,36.321
0.0653,0.65912,0.49383,36.814
0.0654,0.70272,0.49596,37.275
0.0655,0.74443,0.49756,37.689
0.0656,0.78154,0.49765,38.004
0.0657,0.81403,0.49646,38.225
0.0658,0.84411,0.49437,38.404
0.0659,0.87249,0.49172,38.548
0.066,0.89801,0.48846,38.646
0.0661,0.92119,0.48526,38.718
0.0662,0.94142,0.48189,38.753
0.0663,0.95701,0.47794,38.706
0.0664,0.96808,0.47301,38.574
0.0665,0.97675,0.46721,38.376
0.0666,0.98333,0.45992,38.099
0.0667,0.98844,0.45114,37.745
0.0668,0.99354,0.44091,37.351
0.0669,0.99872,0.42944,36.933
0.067,1.0024,0.41641,36.486
0.0671,1.0048,0.40211,36.03
0.0672,1.0058,0.38615,35.565
0.0673,1.0039,0.36794,35.053
0.0674,0.99854,0.34665,34.471
0.0675,0.99128,0.32181,33.826
0.0676,0.98232,0.29236,33.111
0.0677,0.97174,0.25778,32.332
0.0678,0.9608,0.21775,31.525
0.0679,0.94996,0.1719,30.699
0.068,0.93718,0.11987,29.832
0.0681,0.92189,0.063573,28.923
0.0682,0.90461,0.0059254,27.983
0.0683,0.88522,-0.050507,26.991
0.0684,0.86373,-0.10354,25.944
0.0685,0.84211,-0.15115,24.87
0.0686,0.82121,-0.19382,23.773
0.0687,0.80046,-0.23114,22.649
0.0688,0.77979,-0.25978,21.514
0.0689,0.75948,-0.2764,20.382
0.069,0.73813,-0.2804,19.228
0.0691,0.71472,-0.27133,18.031
0.0692,0.68926,-0.2507,16.785
0.0693,0.66173,-0.22282,15.473
0.0694,0.63201,-0.19249,14.089
0.0695,0.60154,-0.163,12.664
0.0696,0.57144,-0.13739,11.229
0.0697,0.54173,-0.11718,9.7937
0.0698,0.51216,-0.10227,8.3705
0.0699,0.4826,-0.091797,6.964
0.07,0.45179,-0.08537,5.5534
0.0701,0.41917,-0.082341,4.1256
0.0702,0.38534,-0.082232,2.6884
0.0703,0.3509,-0.084638,1.2417
0.0704,0.31597,-0.089423,-0.21479
0.0705,0.28169,-0.095964,-1.6575
0.0706,0.24873,-0.10389,-3.0659
0.0707,0.21669,-0.11289,-4.4417
0.0708,0.18511,-0.12283,-5.7838
0.0709,0.1542,-0.13336,-7.0918
0.071,0.12301,-0.14461,-8.3923
0.0711,0.090635,-0.15663,-9.714
0.0712,0.057476,-0.16934,-11.058
0.0713,0.024424,-0.18248,-12.418
0.0714,-0.008342,-0.19597,-13.787
0.0715,-0.039887,-0.20937,-15.141
0.0716,-0.069215,-0.22238,-16.453
0.0717,-0.096446,-0.2348,-17.722
0.0718,-0.12229,-0.24676,-18.952
0.0719,-0.14649,-0.25814,-20.14
0.072,-0.16902,-0.26912,-21.294
0.0721,-0.19008,-0.27975,-22.427
0.0722,-0.2091,-0.29001,-23.526
0.0723,-0.22596,-0.29999,-24.603
0.0724,-0.24052,-0.30965,-25.642
0.0725,-0.25335,-0.31892,-26.638
0.0726,-0.26524,-0.3279,-27.582
0.0727,-0.27763,-0.33648,-28.473
0.0728,-0.29308,-0.34486,-29.323
0.0729,-0.31351,-0.35299,-30.137
0.073,-0.34013,-0.36092,-30.923
0.0731,-0.37303,-0.36855,-31.684
0.0732,-0.41092,-0.37575,-32.412
0.0733,-0.4513,-0.38211,-33.087
0.0734,-0.49229,-0.38754,-33.703
0.0735,-0.53244,-0.39188,-34.254
0.0736,-0.57079,-0.39511,-34.735
0.0737,-0.60706,-0.39714,-35.149
0.0738,-0.64167,-0.39826,-35.51
0.0739,-0.67443,-0.39847,-35.819
0.074,-0.70504,-0.39783,-36.077
0.0741,-0.73342,-0.39632,-36.287
0.0742,-0.7594,-0.3941,-36.448
0.0743,-0.78231,-0.39103,-36.551
0.0744,-0.80219,-0.38723,-36.593
0.0745,-0.81946,-0.38274,-36.578
0.0746,-0.83438,-0.37773,-36.51
0.0747,-0.84716,-0.37217,-36.394
0.0748,-0.85859,-0.36625,-36.243
0.0749,-0.86886,-0.3599,-36.062
0.075,-0.87761,-0.35303,-35.844
0.0751,-0.88447,-0.34539,-35.582
0.0752,-0.88936,-0.33679,-35.267
0.0753,-0.89179,-0.32682,-34.887
0.0754,-0.89171,-0.31528,-34.436
0.0755,-0.88957,-0.30192,-33.922
0.0756,-0.88587,-0.28656,-33.348
0.0757,-0.88073,-0.26882,-32.721
0.0758,-0.87453,-0.24854,-32.051
0.0759,-0.86741,-0.22532,-31.346
0.076,-0.8592,-0.19873,-30.604
0.0761,-0.84963,-0.16829,-29.825
0.0762,-0.83876,-0.13376,-29.01
0.0763,-0.82637,-0.094783,-28.155
0.0764,-0.81247,-0.051446,-27.256
0.0765,-0.79728,-0.0045523,-26.322
0.0766,-0.78111,0.044078,-25.357
0.0767,-0.76394,0.091928,-24.366
0.0768,-0.7459,0.13576,-23.349
0.0769,-0.72686,0.17277,-22.307
0.077,-0.70646,0.20127,-21.23
0.0771,-0.68442,0.22082,-20.111
0.0772,-0.66086,0.23185,-18.948
0.0773,-0.63585,0.23572,-17.739
0.0774,-0.60961,0.23386,-16.488
0.0775,-0.58259,0.2276,-15.202
0.0776,-0.55514,0.21817,-13.888
0.0777,-0.5272,0.20682,-12.55
0.0778,-0.49886,0.19456,-11.194
0.0779,-0.47019,0.1826,-9.8257
0.078,-0.44103,0.1721,-8.4433
0.0781,-0.41117,0.16398,-7.0473
0.0782,-0.38081,0.15863,-5.643
0.0783,-0.35009,0.15626,-4.2342
0.0784,-0.31906,0.15671,-2.8237
0.0785,-0.2879,0.15965,-1.4189
0.0786,-0.25685,0.16463,-0.025141
0.0787,-0.22568,0.17136,1.3604
0.0788,-0.19411,0.17949,2.7425
0.0789,-0.16193,0.18874,4.1241
0.079,-0.12901,0.19885,5.5104
0.0791,-0.095208,0.20968,6.9051
0.0792,-0.06081,0.22098,8.3042
0.0793,-0.026256,0.23258,9.7007
0.0794,0.0080139,0.24434,11.089
0.0795,0.041598,0.2562,12.46
0.0796,0.074028,0.26802,13.806
0.0797,0.10511,0.27981,15.125
0.0798,0.13472,0.29154,16.416
0.0799,0.16277,0.30322,17.68
0.08,0.18918,0.31481,18.918
0.0801,0.2139,0.32635,20.133
0.0802,0.23662,0.3378,21.325
0.0803,0.25705,0.34917,22.489
0.0804,0.275,0.36043,23.624
0.0805,0.29046,0.37161,24.727
0.0806,0.30365,0.38264,25.795
0.0807,0.31538,0.39349,26.83
0.0808,0.32677,0.4041,27.836
0.0809,0.33908,0.41439,28.812
0.081,0.35346,0.4242,29.757
0.0811,0.37098,0.43342,30.67
0.0812,0.39208,0.44194,31.545
0.0813,0.41681,0.44966,32.374
0.0814,0.44514,0.45649,33.153
0.0815,0.47694,0.46238,33.875
0.0816,0.51187,0.4673,34.536
0.0817,0.54958,0.47128,35.133
0.0818,0.58954,0.47433,35.669
0.0819,0.63078,0.47654,36.145
0.082,0.672,0.47793,36.562
0.0821,0.712,0.4786,36.924
0.0822,0.74971,0.47863,37.233
0.0823,0.7844,0.47809,37.49
0.0824,0.81573,0.47704,37.697
0.0825,0.84385,0.47555,37.859
0.0826,0.86897,0.47359,37.977
0.0827,0.89143,0.47117,38.052
0.0828,0.91153,0.46819,38.087
0.0829,0.92949,0.46461,38.078
0.083,0.94532,0.46027,38.023
0.0831,0.95901,0.45506,37.917
0.0832,0.97049,0.44885,37.757
0.0833,0.9797,0.44153,37.538
0.0834,0.98662,0.43294,37.257
0.0835,0.99137,0.42299,36.915
0.0836,0.99407,0.4115,36.513
0.0837,0.99488,0.39835,36.054
0.0838,0.99401,0.38333,35.541
0.0839,0.99158,0.36626,34.98
0.084,0.98758,0.34687,34.371
0.0841,0.98205,0.32485,33.718
0.0842,0.97504,0.29974,33.024
0.0843,0.96655,0.27099,32.289
0.0844,0.95666,0.23781,31.517
0.0845,0.94555,0.19929,30.713
0.0846,0.93334,0.1545,29.878
0.0847,0.92007,0.10287,29.015
0.0848,0.9058,0.044788,28.125
0.0849,0.8905,-0.017568,27.207
0.085,0.87403,-0.080157,26.256
0.0851,0.85623,-0.13776,25.267
0.0852,0.83702,-0.18571,24.235
0.0853,0.81635,-0.22125,23.155
0.0854,0.7942,-0.24394,22.024
0.0855,0.77074,-0.2548,20.845
0.0856,0.7462,-0.25576,19.624
0.0857,0.72078,-0.2489,18.368
0.0858,0.6946,-0.23602,17.081
0.0859,0.66778,-0.21865,15.77
0.086,0.6403,-0.19835,14.435
0.0861,0.61216,-0.17672,13.078
0.0862,0.58339,-0.15538,11.7
0.0863,0.55408,-0.13587,10.307
0.0864,0.52431,-0.11942,8.9008
0.0865,0.49423,-0.1067,7.4895
0.0866,0.46394,-0.097859,6.0789
0.0867,0.43345,-0.092675,4.6731
0.0868,0.4027,-0.090773,3.2739
0.0869,0.37157,-0.091696,1.88
0.087,0.33988,-0.095041,0.48757
0.0871,0.30748,-0.10045,-0.90797
0.0872,0.27435,-0.10763,-2.3093
0.0873,0.24053,-0.11631,-3.717
0.0874,0.20617,-0.12627,-5.1287
0.0875,0.17155,-0.13731,-6.5393
0.0876,0.13697,-0.1492,-7.9419
0.0877,0.10272,-0.16172,-9.331
0.0878,0.069032,-0.17464,-10.702
0.0879,0.036139,-0.18769,-12.051
0.088,0.0042113,-0.20066,-13.377
0.0881,-0.026608,-0.21335,-14.68
0.0882,-0.056125,-0.22562,-15.958
0.0883,-0.084119,-0.23737,-17.21
0.0884,-0.1104,-0.2486,-18.434
0.0885,-0.13475,-0.25933,-19.629
0.0886,-0.157,-0.26967,-20.794
0.0887,-0.17708,-0.27974,-21.93
0.0888,-0.19508,-0.28966,-23.038
0.0889,-0.21123,-0.29952,-24.12
0.089,-0.22594,-0.30936,-25.177
0.0891,-0.2399,-0.31917,-26.208
0.0892,-0.25397,-0.32892,-27.211
0.0893,-0.26918,-0.33854,-28.183
0.0894,-0.28658,-0.34794,-29.117
0.0895,-0.30714,-0.35703,-30.009
0.0896,-0.33153,-0.3657,-30.853
0.0897,-0.36004,-0.37383,-31.645
0.0898,-0.3925,-0.38129,-32.382
0.0899,-0.42831,-0.38791,-33.062
0.09,-0.4665,-0.39358,-33.684
0.0901,-0.50591,-0.39822,-34.247
0.0902,-0.54536,-0.40175,-34.75
0.0903,-0.58379,-0.40416,-35.193
0.0904,-0.62046,-0.40545,-35.577
0.0905,-0.65487,-0.40567,-35.904
0.0906,-0.68684,-0.40492,-36.178
0.0907,-0.71634,-0.40332,-36.404
0.0908,-0.74349,-0.40098,-36.586
0.0909,-0.76841,-0.39803,-36.727
0.091,-0.79119,-0.39458,-36.829
0.0911,-0.81188,-0.39072,-36.89
0.0912,-0.83048,-0.38652,-36.908
0.0913,-0.84691,-0.38197,-36.878
0.0914,-0.86113,-0.37704,-36.796
0.0915,-0.87309,-0.37162,-36.658
0.0916,-0.88282,-0.36555,-36.461
0.0917,-0.89033,-0.35864,-36.203
0.0918,-0.89572,-0.35067,-35.885
0.0919,-0.8991,-0.34142,-35.509
0.092,-0.90056,-0.33066,-35.075
0.0921,-0.90017,-0.31818,-34.586
0.0922,-0.89806,-0.30375,-34.045
0.0923,-0.89431,-0.28711,-33.454
0.0924,-0.88903,-0.26802,-32.817
0.0925,-0.88234,-0.24617,-32.138
0.0926,-0.87435,-0.22121,-31.42
0.0927,-0.86518,-0.19281,-30.665
0.0928,-0.85489,-0.16069,-29.877
0.0929,-0.84354,-0.12469,-29.057
0.093,-0.83113,-0.084976,-28.206
0.0931,-0.81762,-0.042063,-27.324
0.0932,-0.80296,0.0030548,-26.408
0.0933,-0.78707,0.048964,-25.457
0.0934,-0.76988,0.09396,-24.468
0.0935,-0.75135,0.13623,-23.439
0.0936,-0.73146,0.17398,-22.37
0.0937,-0.71018,0.20558,-21.259
0.0938,-0.68754,0.22965,-20.107
0.0939,-0.6636,0.24519,-18.914
0.094,-0.63849,0.25182,-17.684
0.0941,-0.61232,0.24997,-16.418
0.0942,-0.58524,0.24096,-15.12
0.0943,-0.5574,0.22689,-13.796
0.0944,-0.52898,0.21025,-12.451
0.0945,-0.50014,0.19345,-11.09
0.0946,-0.47099,0.17838,-9.7182
0.0947,-0.4416,0.16623,-8.3386
0.0948,-0.41198,0.15754,-6.9536
0.0949,-0.38208,0.15237,-5.5643
0.095,-0.35184,0.15047,-4.1707
0.0951,-0.32116,0.15144,-2.7728
0.0952,-0.28999,0.15482,-1.3709
0.0953,-0.25829,0.16018,0.03394
0.0954,-0.22609,0.16713,1.4404
0.0955,-0.19341,0.17534,2.8465
0.0956,-0.16032,0.18453,4.2504
0.0957,-0.1269,0.19448,5.6505
0.0958,-0.093231,0.205,7.0456
0.0959,-0.059435,0.21595,8.4344
0.096,-0.025666,0.22722,9.8151
0.0961,0.0078802,0.23871,11.185
0.0962,0.040957,0.25035,12.542
0.0963,0.073275,0.2621,13.881
0.0964,0.10452,0.27393,15.198
0.0965,0.1344,0.28582,16.49
0.0966,0.16265,0.29775,17.754
0.0967,0.18905,0.30968,18.988
0.0968,0.21346,0.32156,20.192
0.0969,0.23578,0.33334,21.367
0.097,0.25601,0.34496,22.515
0.0971,0.2742,0.35636,23.636
0.0972,0.29046,0.3675,24.731
0.0973,0.30502,0.37833,25.8
0.0974,0.31827,0.38881,26.841
0.0975,0.33084,0.39889,27.851
0.0976,0.34363,0.40852,28.828
0.0977,0.35776,0.41763,29.767
0.0978,0.37444,0.42613,30.665
0.0979,0.39477,0.43396,31.518
0.098,0.41949,0.44103,32.321
0.0981,0.44883,0.44729,33.072
0.0982,0.48248,0.45269,33.768
0.0983,0.51969,0.45724,34.406
0.0984,0.55939,0.46099,34.987
0.0985,0.60041,0.464,35.51
0.0986,0.64157,0.46633,35.975
0.0987,0.68185,0.468,36.384
0.0988,0.72038,0.46905,36.739
0.0989,0.75657,0.46947,37.041
0.099,0.78999,0.46928,37.293
0.0991,0.82047,0.46847,37.495
0.0992,0.84797,0.46703,37.65
0.0993,0.87258,0.46497,37.759
0.0994,0.89443,0.46226,37.821
0.0995,0.91372,0.45886,37.838
0.0996,0.93062,0.45472,37.808
0.0997,0.94527,0.44976,37.729
0.0998,0.95779,0.44389,37.599
0.0999,0.96824,0.437,37.415
0.1,0.97666,0.429,37.175
0.1001,0.98307,0.41979,36.877
0.1002,0.9875,0.40928,36.52
0.1003,0.98997,0.39738,36.105
0.1004,0.99056,0.38395,35.634
0.1005,0.98935,0.36882,35.11
0.1006,0.98645,0.35175,34.536
0.1007,0.982,0.33242,33.917
0.1008,0.97609,0.31038,33.254
0.1009,0.96884,0.28507,32.552
0.101,0.9603,0.25575,31.812
0.1011,0.95052,0.22153,31.037
0.1012,0.9395,0.18143,30.226
0.1013,0.92726,0.13457,29.383
0.1014,0.91378,0.080663,28.507
0.1015,0.89905,0.020801,27.599
0.1016,0.88307,-0.041944,26.658
0.1017,0.86579,-0.10266,25.681
0.1018,0.84719,-0.15599,24.666
0.1019,0.82727,-0.19789,23.608
0.102,0.80605,-0.22673,22.507
0.1021,0.78359,-0.2431,21.361
0.1022,0.75999,-0.24893,20.174
0.1023,0.73541,-0.24652,18.95
0.1024,0.70999,-0.23796,17.693
0.1025,0.68381,-0.22483,16.407
0.1026,0.65695,-0.20841,15.094
0.1027,0.62942,-0.18986,13.756
0.1028,0.60124,-0.17041,12.395
0.1029,0.57244,-0.15143,11.014
0.103,0.54307,-0.13421,9.6151
0.1031,0.51322,-0.11977,8.206
0.1032,0.483,-0.10871,6.793
0.1033,0.45247,-0.10117,5.3819
0.1034,0.42166,-0.097014,3.9763
0.1035,0.39053,-0.095941,2.5768
0.1036,0.35899,-0.097607,1.1812
0.1037,0.32692,-0.10168,-0.21424
0.1038,0.29422,-0.10783,-1.6131
0.1039,0.26085,-0.11575,-3.0173
0.104,0.22687,-0.12514,-4.4261
0.1041,0.19244,-0.13571,-5.8359
0.1042,0.1578,-0.1472,-7.2411
0.1043,0.12325,-0.15933,-8.6355
0.1044,0.089122,-0.17186,-10.013
0.1045,0.05569,-0.18456,-11.371
0.1046,0.023188,-0.19723,-12.705
0.1047,-0.008214,-0.20967,-14.017
0.1048,-0.038382,-0.22176,-15.305
0.1049,-0.067178,-0.23341,-16.571
0.105,-0.094462,-0.24455,-17.813
0.1051,-0.12003,-0.25522,-19.029
0.1052,-0.14365,-0.26549,-20.219
0.1053,-0.16512,-0.27549,-21.381
0.1054,-0.1843,-0.28537,-22.515
0.1055,-0.20122,-0.29526,-23.62
0.1056,-0.21614,-0.30522,-24.698
0.1057,-0.22966,-0.31529,-25.747
0.1058,-0.24274,-0.3254,-26.768
0.1059,-0.25658,-0.33546,-27.758
0.106,-0.27242,-0.34536,-28.713
0.1061,-0.29129,-0.35496,-29.63
0.1062,-0.31384,-0.36415,-30.505
0.1063,-0.34029,-0.3728,-31.331
0.1064,-0.37051,-0.38079,-32.106
0.1065,-0.4041,-0.38797,-32.827
0.1066,-0.44043,-0.39418,-33.49
0.1067,-0.47871,-0.39933,-34.095
0.1068,-0.51799,-0.40331,-34.638
0.1069,-0.5573,-0.40608,-35.121
0.107,-0.5957,-0.40765,-35.543
0.1071,-0.63243,-0.40808,-35.907
0.1072,-0.667,-0.4075,-36.216
0.1073,-0.69913,-0.40607,-36.476
0.1074,-0.72875,-0.40398,-36.691
0.1075,-0.75593,-0.40136,-36.864
0.1076,-0.78075,-0.39834,-36.997
0.1077,-0.80332,-0.395,-37.089
0.1078,-0.8237,-0.39135,-37.139
0.1079,-0.8419,-0.3874,-37.141
0.108,-0.8579,-0.38308,-37.093
0.1081,-0.87164,-0.37832,-36.991
0.1082,-0.88311,-0.37297,-36.831
0.1083,-0.89229,-0.36687,-36.612
0.1084,-0.89925,-0.35981,-36.333
0.1085,-0.90407,-0.35158,-35.997
0.1086,-0.90687,-0.34193,-35.603
0.1087,-0.90777,-0.33059,-35.153
0.1088,-0.9069,-0.31734,-34.649
0.1089,-0.90437,-0.30193,-34.094
0.109,-0.90028,-0.28414,-33.49
0.1091,-0.89474,-0.26375,-32.841
0.1092,-0.88783,-0.24052,-32.149
0.1093,-0.87963,-0.2142,-31.419
0.1094,-0.87021,-0.18451,-30.654
0.1095,-0.85965,-0.15119,-29.855
0.1096,-0.84798,-0.1141,-29.025
0.1097,-0.83523,-0.073267,-28.164
0.1098,-0.82139,-0.029057,-27.271
0.1099,-0.8064,0.01771,-26.345
0.11,-0.7902,0.06566,-25.385
0.1101,-0.77268,0.11287,-24.387
0.1102,-0.75378,0.15703,-23.349
0.1103,-0.73344,0.19571,-22.269
0.1104,-0.71164,0.22675,-21.146
0.1105,-0.68842,0.24857,-19.98
0.1106,-0.66389,0.26043,-18.772
0.1107,-0.63822,0.26256,-17.526
0.1108,-0.61158,0.25615,-16.246
0.1109,-0.58415,0.24321,-14.937
0.111,-0.55611,0.22623,-13.604
0.1111,-0.5276,0.20778,-12.254
0.1112,-0.49872,0.19006,-10.891
0.1113,-0.46955,0.17471,-9.5165
0.1114,-0.4401,0.16267,-8.1339
0.1115,-0.41036,0.1543,-6.7441
0.1116,-0.38029,0.14953,-5.3481
0.1117,-0.34984,0.14804,-3.9472
0.1118,-0.31896,0.14936,-2.5427
0.1119,-0.28761,0.15298,-1.1365
0.112,-0.25683,0.1576,0.22281
0.1121,-0.25596,0.14053,0.24106
0.1122,-0.25495,0.12598,0.25871
0.1123,-0.25456,0.11227,0.27583
0.1124,-0.25288,0.097085,0.28755
0.1125,-0.24686,0.080879,0.29563
0.1126,-0.23985,0.065212,0.30185
0.1127,-0.2354,0.04983,0.30864
0.1128,-0.22918,0.033797,0.31088
0.1129,-0.21839,0.016724,0.30781
0.113,-0.20704,-0.00030064,0.30216
0.1131,-0.1982,-0.016429,0.299
0.1132,-0.19028,-0.031009,0.29697
0.1133,-0.18329,-0.044715,0.29639
0.1134,-0.17672,-0.057919,0.2962
0.1135,-0.1689,-0.070903,0.29659
0.1136,-0.16045,-0.082825,0.29677
0.1137,-0.15424,-0.093747,0.29909
0.1138,-0.14861,-0.10356,0.3021
0.1139,-0.14184,-0.11297,0.30491
0.114,-0.13446,-0.12121,0.30787
0.1141,-0.12818,-0.12906,0.31264
0.1142,-0.12191,-0.1365,0.31771
0.1143,-0.11493,-0.14361,0.32269
0.1144,-0.10667,-0.15066,0.32682
0.1145,-0.096466,-0.15872,0.33035
0.1146,-0.084356,-0.16742,0.3324
0.1147,-0.071441,-0.17672,0.33322
0.1148,-0.056204,-0.18661,0.33086
0.1149,-0.038104,-0.1972,0.3253
0.115,-0.019865,-0.20724,0.31825
0.1151,-0.0039202,-0.2164,0.31218
0.1152,0.01173,-0.22458,0.30541
0.1153,0.028086,-0.23196,0.29761
0.1154,0.043734,-0.23807,0.28985
0.1155,0.057827,-0.24319,0.2834
0.1156,0.071212,-0.24712,0.27714
0.1157,0.082898,-0.25004,0.27209
0.1158,0.092597,-0.2522,0.26836
0.1159,0.10152,-0.25429,0.26525
0.116,0.11017,-0.25596,0.26182
0.1161,0.11729,-0.25725,0.2594
0.1162,0.12383,-0.25823,0.25705
0.1163,0.13129,-0.25924,0.2536
0.1164,0.13981,-0.25997,0.2485
0.1165,0.14896,-0.26091,0.24248
0.1166,0.15973,-0.26207,0.23438
0.1167,0.17189,-0.26336,0.22437
0.1168,0.18464,-0.26448,0.21283
0.1169,0.19759,-0.26589,0.20046
0.117,0.21058,-0.26731,0.18707
0.1171,0.22267,-0.26859,0.17361
0.1172,0.23465,-0.26959,0.15921
0.1173,0.2473,-0.2705,0.14353
0.1174,0.25982,-0.2706,0.1268
0.1175,0.27062,-0.26969,0.1105
0.1176,0.28008,-0.2676,0.094148
0.1177,0.28826,-0.26455,0.077973
0.1178,0.29452,-0.26038,0.062498
0.1179,0.29871,-0.25547,0.048448
0.118,0.30147,-0.24978,0.035302
0.1181,0.30243,-0.2436,0.023857
0.1182,0.30206,-0.23715,0.013925
0.1183,0.30174,-0.23104,0.0047507
0.1184,0.30227,-0.22514,-0.0047071
0.1185,0.30336,-0.21963,-0.014106
0.1186,0.30565,-0.21442,-0.024291
0.1187,0.30931,-0.20944,-0.035599
0.1188,0.31363,-0.20419,-0.047883
0.1189,0.3182,-0.19886,-0.060557
0.119,0.32367,-0.19328,-0.074398
0.1191,0.32964,-0.1873,-0.089121
0.1192,0.33555,-0.18059,-0.10439
0.1193,0.34141,-0.17341,-0.11984
0.1194,0.34692,-0.16547,-0.13536
0.1195,0.35074,-0.15668,-0.1496
0.1196,0.35292,-0.14703,-0.16255
0.1197,0.35418,-0.13679,-0.1746
0.1198,0.3542,-0.12563,-0.18569
0.1199,0.35211,-0.11351,-0.1949
0.12,0.34855,-0.1004,-0.20283
0.1201,0.34403,-0.086536,-0.20975
0.1202,0.33847,-0.071937,-0.21562
0.1203,0.33219,-0.057085,-0.22038
0.1204,0.32608,-0.042175,-0.22493
0.1205,0.31998,-0.027462,-0.22903
0.1206,0.31373,-0.013086,-0.23258
0.1207,0.30784,0.00057445,-0.23583
0.1208,0.30287,0.013592,-0.23956
0.1209,0.29879,0.025895,-0.24374
0.121,0.29602,0.037587,-0.24899
0.1211,0.29465,0.048804,-0.25559
0.1212,0.2941,0.059991,-0.26336
0.1213,0.29365,0.071166,-0.27156
0.1214,0.29308,0.082464,-0.28003
0.1215,0.29165,0.093965,-0.28807
0.1216,0.28883,0.10579,-0.2952
0.1217,0.2846,0.1177,-0.30113
0.1218,0.27881,0.12977,-0.30574
0.1219,0.27079,0.14193,-0.30833
0.122,0.2609,0.15407,-0.30913
0.1221,0.24985,0.16592,-0.30868
0.1222,0.23772,0.17759,-0.30726
0.1223,0.22434,0.18899,-0.30471
0.1224,0.2103,0.20012,-0.30165
0.1225,0.19576,0.21091,-0.29824
