0.05,-0.72215,0.34792,0.36832
0.0501,-0.72063,0.32475,0.39305
0.0502,-0.71785,0.30122,0.41703
0.0503,-0.7138,0.27736,0.4402
0.0504,-0.70847,0.25317,0.46252
0.0505,-0.70188,0.22866,0.48395
0.0506,-0.69408,0.20384,0.50452
0.0507,-0.68512,0.17866,0.52427
0.0508,-0.67511,0.15313,0.54325
0.0509,-0.66415,0.12726,0.56154
0.051,-0.65237,0.10109,0.5792
0.0511,-0.63989,0.074646,0.59628
0.0512,-0.62682,0.047989,0.6128
0.0513,-0.61324,0.021173,0.62873
0.0514,-0.5992,-0.0057601,0.64404
0.0515,-0.58469,-0.032758,0.65866
0.0516,-0.56972,-0.05977,0.67248
0.0517,-0.55426,-0.08675,0.68537
0.0518,-0.53824,-0.11365,0.69723
0.0519,-0.52162,-0.14043,0.7079
0.052,-0.50433,-0.16701,0.71726
0.0521,-0.48631,-0.19337,0.7252
0.0522,-0.46751,-0.21945,0.73162
0.0523,-0.44787,-0.24521,0.73645
0.0524,-0.42736,-0.27064,0.73968
0.0525,-0.40597,-0.29573,0.74131
0.0526,-0.38372,-0.32046,0.74141
0.0527,-0.36069,-0.34484,0.74006
0.0528,-0.33695,-0.36886,0.7374
0.0529,-0.31262,-0.39249,0.73358
0.053,-0.28783,-0.41572,0.72873
0.0531,-0.26272,-0.43852,0.723
0.0532,-0.2374,-0.46086,0.71651
0.0533,-0.21197,-0.48272,0.70936
0.0534,-0.18651,-0.50406,0.70163
0.0535,-0.16104,-0.52484,0.69334
0.0536,-0.13557,-0.54502,0.68451
0.0537,-0.11012,-0.56453,0.67511
0.0538,-0.084671,-0.58333,0.66511
0.0539,-0.059194,-0.60132,0.65442
0.054,-0.033641,-0.61843,0.64295
0.0541,-0.0079569,-0.63456,0.63061
0.0542,0.017914,-0.64966,0.61731
0.0543,0.04402,-0.66364,0.60299
0.0544,0.070395,-0.67643,0.58758
0.0545,0.097038,-0.68798,0.5711
0.0546,0.12392,-0.69827,0.55356
0.0547,0.15097,-0.70726,0.53503
0.0548,0.17811,-0.71495,0.51558
0.0549,0.20523,-0.72134,0.49534
0.055,0.2322,-0.72646,0.47441
0.0551,0.25891,-0.73034,0.45293
0.0552,0.28524,-0.73305,0.43101
0.0553,0.3111,-0.73462,0.40877
0.0554,0.3364,-0.73511,0.38629
0.0555,0.36106,-0.73454,0.36364
0.0556,0.38505,-0.73297,0.34086
0.0557,0.40832,-0.73038,0.31796
0.0558,0.43088,-0.7268,0.29492
0.0559,0.45275,-0.72222,0.27169
0.056,0.47398,-0.71664,0.2482
0.0561,0.4946,-0.71005,0.22435
0.0562,0.51469,-0.70247,0.20009
0.0563,0.5343,-0.69391,0.17531
0.0564,0.55344,-0.68439,0.14996
0.0565,0.57213,-0.67395,0.12403
0.0566,0.59034,-0.66261,0.097548
0.0567,0.608,-0.6504,0.070561
0.0568,0.62503,-0.63736,0.043152
0.0569,0.60986,-0.59505,0.018421
0.057,0.61149,-0.56786,-0.0082979
0.0571,0.61636,-0.54372,-0.035513
0.0572,0.62199,-0.52085,-0.06257
0.0573,0.62737,-0.49852,-0.089215
0.0574,0.63231,-0.47618,-0.1158
0.0575,0.63653,-0.4536,-0.14229
0.0576,0.63922,-0.43064,-0.16803
0.0577,0.64022,-0.40727,-0.19287
0.0578,0.64001,-0.38341,-0.21739
0.0579,0.63882,-0.3591,-0.24173
0.058,0.63635,-0.33422,-0.26571
0.0581,0.63265,-0.30876,-0.28935
0.0582,0.62781,-0.28282,-0.31263
0.0583,0.62191,-0.25648,-0.33548
0.0584,0.6151,-0.2296,-0.35818
0.0585,0.6076,-0.20219,-0.38093
0.0586,0.5993,-0.17431,-0.4035
0.0587,0.59017,-0.14606,-0.42572
0.0588,0.58044,-0.11749,-0.44776
0.0589,0.57041,-0.088792,-0.4697
0.059,0.55996,-0.060008,-0.49131
0.0591,0.54895,-0.031171,-0.51238
0.0592,0.53744,-0.0024423,-0.53275
0.0593,0.52553,0.025899,-0.55222
0.0594,0.5132,0.053874,-0.57076
0.0595,0.50032,0.081548,-0.58827
0.0596,0.48659,0.10898,-0.60447
0.0597,0.47191,0.1362,-0.61925
0.0598,0.45647,0.16332,-0.63289
0.0599,0.44038,0.19035,-0.64548
0.06,0.42333,0.21732,-0.65672
0.0601,0.40533,0.2442,-0.66653
0.0602,0.38668,0.27093,-0.67518
0.0603,0.36756,0.2974,-0.68271
0.0604,0.34794,0.32364,-0.68912
0.0605,0.32802,0.3496,-0.69455
0.0606,0.30795,0.37519,-0.69908
0.0607,0.2877,0.40031,-0.70261
0.0608,0.26727,0.42506,-0.70527
0.0609,0.24686,0.44939,-0.70721
0.061,0.2264,0.47321,-0.70832
0.0611,0.20576,0.49644,-0.70842
0.0612,0.18499,0.51903,-0.70755
0.0613,0.16422,0.54078,-0.70567
0.0614,0.14334,0.56164,-0.70264
0.0615,0.12227,0.58162,-0.69844
0.0616,0.10102,0.60073,-0.6931
0.0617,0.079605,0.61886,-0.68656
0.0618,0.057954,0.63601,-0.67883
0.0619,0.03607,0.65225,-0.67
0.062,0.013833,0.66757,-0.66002
0.0621,-0.0088242,0.68199,-0.64883
0.0622,-0.031771,0.69558,-0.63668
0.0623,-0.054834,0.70833,-0.62378
0.0624,-0.078037,0.72024,-0.61013
0.0625,-0.1013,0.73129,-0.59579
0.0626,-0.12439,0.74141,-0.58096
0.0627,-0.14718,0.75049,-0.5657
0.0628,-0.16963,0.75848,-0.55
0.0629,-0.19158,0.76527,-0.53394
0.063,-0.21295,0.77073,-0.51749
0.0631,-0.23378,0.77472,-0.50049
0.0632,-0.2541,0.77725,-0.48291
0.0633,-0.27389,0.77828,-0.46478
0.0634,-0.29323,0.77784,-0.446
0.0635,-0.31224,0.77599,-0.4265
0.0636,-0.33095,0.7728,-0.40632
0.0637,-0.34934,0.76825,-0.38543
0.0638,-0.3675,0.76238,-0.36372
0.0639,-0.38545,0.75525,-0.34123
0.064,-0.40313,0.74694,-0.31803
0.0641,-0.42055,0.73747,-0.29412
0.0642,-0.43767,0.72696,-0.2696
0.0643,-0.45435,0.71551,-0.24469
0.0644,-0.47058,0.7032,-0.21946
0.0645,-0.48637,0.69013,-0.19392
0.0646,-0.50162,0.6764,-0.16825
0.0647,-0.51616,0.66206,-0.14262
0.0648,-0.52995,0.64708,-0.11701
0.0649,-0.54294,0.63143,-0.091418
0.065,-0.55496,0.61506,-0.065944
0.0651,-0.5659,0.59785,-0.040548
0.0652,-0.57575,0.57978,-0.015162
0.0653,-0.58444,0.56084,0.010176
0.0654,-0.5919,0.541,0.03546
0.0655,-0.59817,0.52025,0.060802
0.0656,-0.60332,0.49864,0.086259
0.0657,-0.60735,0.47622,0.11183
0.0658,-0.61036,0.45304,0.13757
0.0659,-0.61242,0.42918,0.1635
0.066,-0.61357,0.40478,0.18952
0.0661,-0.61382,0.3799,0.21559
0.0662,-0.61321,0.35459,0.24164
0.0663,-0.61173,0.32894,0.26755
0.0664,-0.60937,0.30303,0.2932
0.0665,-0.60612,0.27689,0.31852
0.0666,-0.60199,0.25055,0.3434
0.0667,-0.59687,0.22406,0.36769
0.0668,-0.59077,0.19738,0.39137
0.0669,-0.58374,0.17054,0.41445
0.067,-0.57576,0.14355,0.43683
0.0671,-0.56677,0.11641,0.45845
0.0672,-0.55686,0.089146,0.47934
0.0673,-0.54605,0.061742,0.49948
0.0674,-0.53433,0.034156,0.51886
0.0675,-0.52174,0.0063282,0.53753
0.0676,-0.50839,-0.021743,0.5556
0.0677,-0.49434,-0.050036,0.57306
0.0678,-0.47962,-0.078534,0.58989
0.0679,-0.46436,-0.10719,0.60613
0.068,-0.44866,-0.1359,0.62173
0.0681,-0.43256,-0.16456,0.63659
0.0682,-0.41614,-0.19305,0.65066
0.0683,-0.39949,-0.22126,0.66385
0.0684,-0.38263,-0.24903,0.67599
0.0685,-0.36552,-0.27631,0.68696
0.0686,-0.34815,-0.30305,0.69671
0.0687,-0.33047,-0.32924,0.70513
0.0688,-0.31238,-0.35485,0.71211
0.0689,-0.29384,-0.37992,0.71765
0.069,-0.2748,-0.40444,0.72174
0.0691,-0.25521,-0.42841,0.72432
0.0692,-0.23504,-0.45184,0.72543
0.0693,-0.21434,-0.47476,0.72519
0.0694,-0.19315,-0.49717,0.72367
0.0695,-0.17151,-0.51907,0.72097
0.0696,-0.14953,-0.54047,0.71724
0.0697,-0.12731,-0.56135,0.71258
0.0698,-0.10489,-0.58169,0.70707
0.0699,-0.082348,-0.60147,0.70081
0.07,-0.059791,-0.62065,0.69387
0.0701,-0.037267,-0.63918,0.68629
0.0702,-0.014788,-0.65698,0.67807
0.0703,0.0075778,-0.67398,0.66922
0.0704,0.02979,-0.69007,0.65971
0.0705,0.051849,-0.70516,0.64948
0.0706,0.073734,-0.71918,0.63851
0.0707,0.095424,-0.732,0.62675
0.0708,0.11696,-0.74356,0.61412
0.0709,0.13837,-0.75376,0.60054
0.071,0.15967,-0.76257,0.58601
0.0711,0.18092,-0.76994,0.57048
0.0712,0.20218,-0.77589,0.55395
0.0713,0.22342,-0.78047,0.5365
0.0714,0.24464,-0.78373,0.51822
0.0715,0.26582,-0.7857,0.49915
0.0716,0.28691,-0.78644,0.4794
0.0717,0.30782,-0.78602,0.45908
0.0718,0.32846,-0.78445,0.43829
0.0719,0.34875,-0.78175,0.41707
0.072,0.36856,-0.77794,0.39554
0.0721,0.3878,-0.77301,0.37374
0.0722,0.40641,-0.76695,0.35168
0.0723,0.42435,-0.75978,0.32938
0.0724,0.44158,-0.75151,0.30686
0.0725,0.4581,-0.74214,0.28409
0.0726,0.47394,-0.73168,0.26103
0.0727,0.48909,-0.72015,0.23766
0.0728,0.50359,-0.70754,0.21392
0.0729,0.51746,-0.69384,0.18974
0.073,0.53073,-0.67909,0.16505
0.0731,0.54339,-0.66333,0.13989
0.0732,0.55545,-0.6466,0.11423
0.0733,0.5669,-0.62897,0.088143
0.0734,0.57771,-0.61053,0.061691
0.0735,0.58784,-0.59135,0.034949
0.0736,0.59727,-0.57153,0.0079959
0.0737,0.60594,-0.55116,-0.019044
0.0738,0.61376,-0.5303,-0.046056
0.0739,0.62066,-0.50899,-0.072952
0.074,0.62655,-0.48725,-0.099636
0.0741,0.63133,-0.46509,-0.12601
0.0742,0.63491,-0.4425,-0.15202
0.0743,0.63724,-0.41944,-0.17762
0.0744,0.63826,-0.3959,-0.20279
0.0745,0.63794,-0.37184,-0.22752
0.0746,0.63632,-0.34722,-0.25186
0.0747,0.63344,-0.32203,-0.27585
0.0748,0.62937,-0.29626,-0.29952
0.0749,0.62419,-0.26994,-0.32292
0.075,0.61804,-0.24312,-0.3461
0.0751,0.61099,-0.21584,-0.36905
0.0752,0.60316,-0.18818,-0.39177
0.0753,0.59463,-0.1602,-0.41425
0.0754,0.58549,-0.13198,-0.43646
0.0755,0.57577,-0.10361,-0.45832
0.0756,0.56551,-0.075136,-0.47978
0.0757,0.55472,-0.046628,-0.50075
0.0758,0.5434,-0.018126,-0.52111
0.0759,0.53152,0.010316,-0.54076
0.076,0.51907,0.038642,-0.55961
0.0761,0.50602,0.066796,-0.57752
0.0762,0.49232,0.094737,-0.59439
0.0763,0.47796,0.12245,-0.61015
0.0764,0.46291,0.14992,-0.62472
0.0765,0.44715,0.17716,-0.63805
0.0766,0.43067,0.2042,-0.65015
0.0767,0.4135,0.23106,-0.66103
0.0768,0.39565,0.25775,-0.67069
0.0769,0.37716,0.28427,-0.67917
0.077,0.35812,0.31062,-0.68652
0.0771,0.33859,0.33676,-0.69278
0.0772,0.31867,0.36263,-0.69799
0.0773,0.29844,0.38818,-0.7022
0.0774,0.278,0.41333,-0.70545
0.0775,0.25742,0.43799,-0.70775
0.0776,0.23675,0.46209,-0.70911
0.0777,0.21602,0.48555,-0.70952
0.0778,0.19524,0.50832,-0.70895
0.0779,0.17438,0.53035,-0.70737
0.078,0.15343,0.55158,-0.70475
0.0781,0.13235,0.57199,-0.70105
0.0782,0.11109,0.59155,-0.69622
0.0783,0.089624,0.61025,-0.69026
0.0784,0.067932,0.62809,-0.68318
0.0785,0.045968,0.64506,-0.67499
0.0786,0.023733,0.66115,-0.66571
0.0787,0.0012582,0.67636,-0.65542
0.0788,-0.02141,0.69068,-0.64418
0.0789,-0.044233,0.7041,-0.63203
0.079,-0.067145,0.71659,-0.61908
0.0791,-0.090065,0.72814,-0.6054
0.0792,-0.11291,0.73871,-0.59106
0.0793,-0.13562,0.74825,-0.57614
0.0794,-0.15809,0.75672,-0.56068
0.0795,-0.18026,0.76404,-0.54472
0.0796,-0.20206,0.77015,-0.52827
0.0797,-0.22343,0.77497,-0.51132
0.0798,-0.24434,0.77844,-0.49386
0.0799,-0.26477,0.78047,-0.47585
0.08,-0.28472,0.78104,-0.45722
0.0801,-0.30421,0.78013,-0.43794
0.0802,-0.32327,0.77774,-0.41799
0.0803,-0.34195,0.77393,-0.39732
0.0804,-0.36029,0.76875,-0.37593
0.0805,-0.37832,0.76229,-0.35386
0.0806,-0.39606,0.75464,-0.33111
0.0807,-0.41352,0.74588,-0.30773
0.0808,-0.43068,0.73611,-0.2838
0.0809,-0.44752,0.7254,-0.25939
0.081,-0.46397,0.71381,-0.23458
0.0811,-0.47995,0.70139,-0.20948
0.0812,-0.49538,0.68819,-0.18416
0.0813,-0.51019,0.67422,-0.15866
0.0814,-0.52428,0.6595,-0.13307
0.0815,-0.53758,0.64404,-0.10744
0.0816,-0.55,0.62782,-0.08181
0.0817,-0.56148,0.61084,-0.056199
0.0818,-0.57197,0.59307,-0.030615
0.0819,-0.58141,0.5745,-0.0050432
0.082,-0.58977,0.55511,0.020541
0.0821,-0.59704,0.53489,0.046154
0.0822,-0.60318,0.51385,0.071811
0.0823,-0.6082,0.492,0.097534
0.0824,-0.61211,0.46939,0.12333
0.0825,-0.61494,0.44607,0.14919
0.0826,-0.61669,0.42209,0.17509
0.0827,-0.61744,0.39754,0.20101
0.0828,-0.61721,0.37249,0.22688
0.0829,-0.61604,0.34704,0.25264
0.083,-0.61397,0.32125,0.2782
0.0831,-0.61101,0.29519,0.30349
0.0832,-0.60718,0.26893,0.32841
0.0833,-0.60245,0.24249,0.35288
0.0834,-0.59684,0.21589,0.37683
0.0835,-0.59031,0.18914,0.40019
0.0836,-0.58284,0.16223,0.42291
0.0837,-0.57444,0.13515,0.44498
0.0838,-0.56509,0.10788,0.46638
0.0839,-0.55482,0.080417,0.4871
0.084,-0.54365,0.05273,0.50715
0.0841,-0.53164,0.024815,0.52654
0.0842,-0.51884,-0.0033088,0.54527
0.0843,-0.5053,-0.031609,0.56333
0.0844,-0.49112,-0.060048,0.58074
0.0845,-0.47635,-0.088572,0.59747
0.0846,-0.46106,-0.11712,0.61349
0.0847,-0.44532,-0.14563,0.62874
0.0848,-0.42918,-0.17402,0.64318
0.0849,-0.41267,-0.2022,0.65671
0.085,-0.39581,-0.23011,0.66925
0.0851,-0.37864,-0.25766,0.6807
0.0852,-0.36115,-0.28478,0.69098
0.0853,-0.34332,-0.3114,0.69998
0.0854,-0.32515,-0.33749,0.70766
0.0855,-0.3066,-0.36301,0.71394
0.0856,-0.28764,-0.38795,0.71881
0.0857,-0.26825,-0.41232,0.72226
0.0858,-0.24841,-0.43612,0.72432
0.0859,-0.2281,-0.45939,0.72504
0.086,-0.20733,-0.48213,0.72448
0.0861,-0.18613,-0.50437,0.72271
0.0862,-0.16452,-0.52612,0.71983
0.0863,-0.14258,-0.54737,0.71594
0.0864,-0.12036,-0.5681,0.71112
0.0865,-0.097957,-0.58829,0.70546
0.0866,-0.075446,-0.60788,0.69902
0.0867,-0.052908,-0.62681,0.69185
0.0868,-0.030395,-0.64502,0.68397
0.0869,-0.0079405,-0.66243,0.67541
0.087,0.014415,-0.67896,0.66615
0.0871,0.036642,-0.69453,0.65616
0.0872,0.058727,-0.70906,0.64542
0.0873,0.080672,-0.72247,0.63387
0.0874,0.10249,-0.73469,0.6215
0.0875,0.12418,-0.74567,0.60826
0.0876,0.14577,-0.75536,0.59414
0.0877,0.16727,-0.76371,0.57911
0.0878,0.18868,-0.7707,0.56319
0.0879,0.21001,-0.77631,0.54639
0.088,0.23125,-0.78055,0.52875
0.0881,0.25239,-0.78345,0.51033
0.0882,0.27337,-0.78503,0.49119
0.0883,0.29418,-0.78534,0.4714
0.0884,0.31474,-0.78443,0.45106
0.0885,0.33499,-0.78235,0.43023
0.0886,0.35488,-0.77913,0.40899
0.0887,0.37433,-0.7748,0.38739
0.0888,0.39327,-0.76938,0.36547
0.0889,0.41163,-0.76286,0.34326
0.089,0.42938,-0.75525,0.32076
0.0891,0.44648,-0.74654,0.29798
0.0892,0.46289,-0.73671,0.27489
0.0893,0.47862,-0.72577,0.25148
0.0894,0.49367,-0.71373,0.22771
0.0895,0.50805,-0.70061,0.20358
0.0896,0.52178,-0.68644,0.17903
0.0897,0.53487,-0.67127,0.15405
0.0898,0.54735,-0.65514,0.12865
0.0899,0.5592,-0.63813,0.10285
0.09,0.57041,-0.62028,0.076702
0.0901,0.58095,-0.60168,0.050264
0.0902,0.59077,-0.58239,0.023613
0.0903,0.59982,-0.56247,-0.0031649
0.0904,0.60803,-0.54197,-0.029983
0.0905,0.61533,-0.52093,-0.056752
0.0906,0.62164,-0.4994,-0.083386
0.0907,0.62688,-0.4774,-0.10981
0.0908,0.63101,-0.45493,-0.13597
0.0909,0.63396,-0.43199,-0.16181
0.091,0.63568,-0.40858,-0.1873
0.0911,0.63616,-0.38468,-0.21243
0.0912,0.63541,-0.36027,-0.2372
0.0913,0.63343,-0.33534,-0.26161
0.0914,0.63027,-0.30989,-0.28568
0.0915,0.62597,-0.28392,-0.30944
0.0916,0.62062,-0.25744,-0.33291
0.0917,0.61428,-0.23049,-0.3561
0.0918,0.60705,-0.20311,-0.37902
0.0919,0.59901,-0.17537,-0.40166
0.092,0.59025,-0.14733,-0.42399
0.0921,0.58082,-0.11907,-0.44597
0.0922,0.57079,-0.090678,-0.46754
0.0923,0.56019,-0.062229,-0.48862
0.0924,0.54904,-0.033766,-0.50914
0.0925,0.53734,-0.0053385,-0.52901
0.0926,0.52509,0.023,-0.54813
0.0927,0.51225,0.051212,-0.5664
0.0928,0.4988,0.07927,-0.58375
0.0929,0.48472,0.10716,-0.6001
0.093,0.46997,0.13486,-0.61536
0.0931,0.45455,0.16237,-0.62949
0.0932,0.43845,0.18969,-0.64246
0.0933,0.42168,0.21681,-0.65424
0.0934,0.40427,0.24373,-0.66483
0.0935,0.38626,0.27045,-0.67423
0.0936,0.36769,0.29695,-0.68245
0.0937,0.34861,0.3232,-0.68955
0.0938,0.3291,0.34918,-0.69553
0.0939,0.30921,0.37483,-0.70043
0.094,0.28902,0.40011,-0.70429
0.0941,0.26858,0.42495,-0.70713
0.0942,0.24795,0.4493,-0.70897
0.0943,0.22717,0.47307,-0.70981
0.0944,0.20627,0.49622,-0.70965
0.0945,0.18526,0.51867,-0.70848
0.0946,0.16415,0.54037,-0.70629
0.0947,0.14294,0.56128,-0.70304
0.0948,0.1216,0.58137,-0.69874
0.0949,0.10012,0.60061,-0.69336
0.095,0.078477,0.61899,-0.6869
0.0951,0.056641,0.63651,-0.67937
0.0952,0.034581,0.65316,-0.67079
0.0953,0.012301,0.66894,-0.66121
0.0954,-0.010176,0.68385,-0.65066
0.0955,-0.032815,0.69788,-0.6392
0.0956,-0.055564,0.711,-0.6269
0.0957,-0.078363,0.72318,-0.61382
0.0958,-0.10114,0.73439,-0.60003
0.0959,-0.12382,0.74459,-0.58557
0.096,-0.14633,0.7537,-0.5705
0.0961,-0.1686,0.76166,-0.55485
0.0962,-0.19056,0.76842,-0.53864
0.0963,-0.21217,0.77391,-0.52188
0.0964,-0.23338,0.77807,-0.50457
0.0965,-0.25417,0.78086,-0.4867
0.0966,-0.27453,0.78224,-0.46823
0.0967,-0.29446,0.78219,-0.44915
0.0968,-0.31395,0.78071,-0.42944
0.0969,-0.33304,0.77783,-0.40907
0.097,-0.35174,0.77357,-0.38805
0.0971,-0.37006,0.76799,-0.36636
0.0972,-0.38803,0.76116,-0.34404
0.0973,-0.40565,0.75316,-0.32112
0.0974,-0.42291,0.74406,-0.29764
0.0975,-0.43981,0.73395,-0.27367
0.0976,-0.45632,0.72291,-0.24927
0.0977,-0.47238,0.71098,-0.22452
0.0978,-0.48796,0.69824,-0.1995
0.0979,-0.50298,0.6847,-0.17424
0.098,-0.51736,0.6704,-0.1488
0.0981,-0.53105,0.65535,-0.12325
0.0982,-0.54394,0.63953,-0.097616
0.0983,-0.55598,0.62293,-0.07194
0.0984,-0.56709,0.60555,-0.046239
0.0985,-0.57722,0.58738,-0.020521
0.0986,-0.5863,0.56839,0.0052141
0.0987,-0.59433,0.54859,0.030972
0.0988,-0.60125,0.52798,0.05676
0.0989,-0.60707,0.50659,0.082585
0.099,-0.61177,0.48445,0.10844
0.0991,-0.61537,0.46159,0.13433
0.0992,-0.61788,0.43808,0.16022
0.0993,-0.61931,0.41397,0.18609
0.0994,-0.61971,0.38933,0.21189
0.0995,-0.6191,0.36422,0.23757
0.0996,-0.61752,0.33872,0.26307
0.0997,-0.61499,0.31288,0.28833
0.0998,-0.61153,0.28675,0.31327
0.0999,-0.60717,0.26038,0.33783
0.1,-0.60191,0.23381,0.36194
0.1001,-0.59575,0.20706,0.38555
0.1002,-0.58871,0.18014,0.4086
0.1003,-0.58077,0.15305,0.43106
0.1004,-0.57195,0.1258,0.45291
0.1005,-0.56225,0.098373,0.47412
0.1006,-0.55168,0.070769,0.49469
0.1007,-0.54028,0.042956,0.51461
0.1008,-0.52807,0.014935,0.53387
0.1009,-0.5151,-0.013271,0.55247
0.101,-0.50143,-0.04163,0.57041
0.1011,-0.48712,-0.070095,0.58764
0.1012,-0.47221,-0.098611,0.60415
0.1013,-0.45679,-0.12711,0.61989
0.1014,-0.4409,-0.15552,0.63478
0.1015,-0.42458,-0.18376,0.64878
0.1016,-0.40788,-0.21176,0.6618
0.1017,-0.39082,-0.23944,0.67376
0.1018,-0.37341,-0.26675,0.68459
0.1019,-0.35565,-0.29361,0.6942
0.102,-0.33754,-0.32,0.70254
0.1021,-0.31907,-0.34587,0.70954
0.1022,-0.3002,-0.3712,0.71518
0.1023,-0.28094,-0.39599,0.71946
0.1024,-0.26126,-0.42023,0.72238
0.1025,-0.24117,-0.44392,0.72397
0.1026,-0.22066,-0.46707,0.72428
0.1027,-0.19975,-0.4897,0.72338
0.1028,-0.17847,-0.5118,0.72134
0.1029,-0.15685,-0.53337,0.71822
0.103,-0.13494,-0.55441,0.71412
0.1031,-0.11279,-0.5749,0.7091
0.1032,-0.09048,-0.5948,0.70322
0.1033,-0.068061,-0.61406,0.69654
0.1034,-0.045598,-0.63264,0.68909
0.1035,-0.023123,-0.65047,0.6809
0.1036,-0.00067318,-0.66747,0.67197
0.1037,0.021707,-0.68356,0.6623
0.1038,0.043986,-0.69868,0.65187
0.1039,0.066145,-0.71273,0.64065
0.104,0.088172,-0.72566,0.62863
0.1041,0.11007,-0.73738,0.61578
0.1042,0.13183,-0.74786,0.60208
0.1043,0.15348,-0.75704,0.58753
0.1044,0.17501,-0.76489,0.57211
0.1045,0.19642,-0.7714,0.55585
0.1046,0.21772,-0.77655,0.53878
0.1047,0.23889,-0.78036,0.52093
0.1048,0.2599,-0.78285,0.50235
0.1049,0.28073,-0.78403,0.48311
0.105,0.30132,-0.78394,0.46325
0.1051,0.32163,-0.78262,0.44286
0.1052,0.3416,-0.7801,0.42198
0.1053,0.36118,-0.77642,0.40068
0.1054,0.3803,-0.77161,0.37899
0.1055,0.39892,-0.76567,0.35694
0.1056,0.41699,-0.75864,0.33456
0.1057,0.43447,-0.7505,0.31186
0.1058,0.45134,-0.74128,0.28884
0.1059,0.46756,-0.73096,0.26549
0.106,0.48313,-0.71957,0.24179
0.1061,0.49804,-0.70711,0.21775
0.1062,0.5123,-0.69361,0.19335
0.1063,0.52589,-0.6791,0.16855
0.1064,0.53884,-0.66361,0.14337
0.1065,0.55112,-0.6472,0.11782
0.1066,0.56273,-0.62993,0.091936
0.1067,0.57365,-0.61185,0.065767
0.1068,0.58384,-0.59303,0.039373
0.1069,0.59326,-0.57354,0.012822
0.107,0.60187,-0.55342,-0.013812
0.1071,0.6096,-0.53273,-0.040452
0.1072,0.61639,-0.5115,-0.067023
0.1073,0.62217,-0.48977,-0.093455
0.1074,0.62688,-0.46754,-0.11969
0.1075,0.63047,-0.44483,-0.14567
0.1076,0.63288,-0.42164,-0.17136
0.1077,0.63409,-0.39795,-0.19674
0.1078,0.63409,-0.37376,-0.2218
0.1079,0.63288,-0.34907,-0.24652
0.108,0.6305,-0.32387,-0.27092
0.1081,0.62699,-0.29817,-0.29499
0.1082,0.62239,-0.27198,-0.31875
0.1083,0.61677,-0.24533,-0.34221
0.1084,0.6102,-0.21826,-0.36535
0.1085,0.60277,-0.19081,-0.38818
0.1086,0.59453,-0.16305,-0.41068
0.1087,0.58555,-0.13502,-0.4328
0.1088,0.57589,-0.1068,-0.45451
0.1089,0.56559,-0.078472,-0.47576
0.109,0.55469,-0.050083,-0.49647
0.1091,0.54321,-0.021671,-0.51657
0.1092,0.53115,0.006709,-0.53598
0.1093,0.51852,0.035007,-0.55462
0.1094,0.5053,0.063185,-0.57242
0.1095,0.49147,0.091213,-0.58929
0.1096,0.47703,0.11907,-0.60517
0.1097,0.46196,0.14674,-0.61998
0.1098,0.44625,0.17423,-0.6337
0.1099,0.4299,0.20152,-0.64629
0.11,0.41293,0.22861,-0.65771
0.1101,0.39536,0.25549,-0.66796
0.1102,0.37721,0.28214,-0.67703
0.1103,0.35854,0.30855,-0.68495
0.1104,0.3394,0.33468,-0.69172
0.1105,0.31984,0.36049,-0.69736
0.1106,0.29991,0.38594,-0.70191
0.1107,0.27969,0.41097,-0.70538
0.1108,0.25921,0.43553,-0.70779
0.1109,0.23853,0.45956,-0.70917
0.111,0.21767,0.483,-0.70952
0.1111,0.19667,0.50579,-0.70884
0.1112,0.17553,0.52788,-0.70713
0.1113,0.15427,0.54923,-0.70439
0.1114,0.13289,0.5698,-0.70061
0.1115,0.11138,0.58957,-0.69578
0.1116,0.089729,0.6085,-0.68992
0.1117,0.067937,0.62659,-0.68302
0.1118,0.04597,0.64383,-0.6751
0.1119,0.023821,0.66019,-0.66618
0.112,0.0015049,0.67568,-0.65631
0.1121,-0.020956,0.69029,-0.64551
0.1122,-0.043527,0.70399,-0.63385
0.1123,-0.066164,0.71675,-0.62137
0.1124,-0.088815,0.72855,-0.60812
0.1125,-0.11142,0.73934,-0.59416
0.1126,-0.13391,0.74908,-0.57953
0.1127,-0.15623,0.75771,-0.56427
0.1128,-0.17832,0.76516,-0.5484
0.1129,-0.20011,0.77137,-0.53194
0.113,-0.22156,0.77629,-0.5149
0.1131,-0.24264,0.77988,-0.49727
0.1132,-0.26332,0.78208,-0.47905
0.1133,-0.28357,0.78287,-0.46023
0.1134,-0.30341,0.78225,-0.44079
0.1135,-0.32283,0.78022,-0.42073
0.1136,-0.34184,0.77683,-0.40004
0.1137,-0.36045,0.77211,-0.37873
0.1138,-0.37867,0.76611,-0.35681
0.1139,-0.39651,0.7589,-0.3343
0.114,-0.41397,0.75056,-0.31125
0.1141,-0.43104,0.74115,-0.28769
0.1142,-0.4477,0.73074,-0.26369
0.1143,-0.46392,0.71939,-0.2393
0.1144,-0.47966,0.70717,-0.21458
0.1145,-0.49588,0.69498,-0.18946
0.1146,-0.51656,0.68654,-0.16361
0.1147,-0.53672,0.67754,-0.13768
0.1148,-0.55603,0.66763,-0.11161
0.1149,-0.57451,0.65685,-0.085384
0.115,-0.59216,0.64527,-0.05904
0.1151,-0.60884,0.63284,-0.032648
0.1152,-0.62444,0.61955,-0.0062282
0.1153,-0.63903,0.60541,0.020263
0.1154,-0.65256,0.59043,0.046845
0.1155,-0.66497,0.57464,0.073452
0.1156,-0.67623,0.55811,0.10002
0.1157,-0.68634,0.54088,0.12654
0.1158,-0.69523,0.52287,0.15303
0.1159,-0.70288,0.50412,0.17948
0.116,-0.70937,0.4847,0.20585
0.1161,-0.71465,0.46466,0.23209
0.1162,-0.71871,0.44399,0.25813
0.1163,-0.72159,0.42279,0.28392
0.1164,-0.72335,0.40109,0.30941
0.1165,-0.72398,0.37896,0.33454
0.1166,-0.72352,0.35645,0.35921
0.1167,-0.72198,0.33359,0.38337
0.1168,-0.7193,0.31029,0.40703
0.1169,-0.7155,0.28656,0.43017
0.117,-0.71066,0.26248,0.45274
0.1171,-0.70477,0.23803,0.47472
0.1172,-0.69782,0.21319,0.4961
0.1173,-0.68991,0.188,0.51688
0.1174,-0.68108,0.1625,0.53705
0.1175,-0.67133,0.13667,0.55653
0.1176,-0.66067,0.11056,0.5753
0.1177,-0.64919,0.084234,0.59334
0.1178,-0.63689,0.057657,0.61064
0.1179,-0.62378,0.030841,0.62715
0.118,-0.60993,0.0039005,0.6428
0.1181,-0.5954,-0.02309,0.65753
0.1182,-0.58014,-0.05013,0.67127
0.1183,-0.56421,-0.077135,0.68393
0.1184,-0.54769,-0.10398,0.69545
0.1185,-0.53055,-0.13065,0.70575
0.1186,-0.51273,-0.15714,0.71478
0.1187,-0.49427,-0.1834,0.72247
0.1188,-0.47516,-0.20941,0.72882
0.1189,-0.45537,-0.23518,0.73382
0.119,-0.43493,-0.26067,0.73748
0.1191,-0.41388,-0.28583,0.73981
0.1192,-0.39222,-0.31066,0.74085
0.1193,-0.36995,-0.33517,0.74065
0.1194,-0.34715,-0.35931,0.73927
0.1195,-0.32384,-0.38306,0.73676
0.1196,-0.30003,-0.40645,0.73319
0.1197,-0.27578,-0.42945,0.72865
0.1198,-0.25117,-0.45204,0.72321
0.1199,-0.22622,-0.47418,0.71689
0.12,-0.20099,-0.49583,0.70974
0.1201,-0.17553,-0.5169,0.70176
0.1202,-0.14986,-0.53734,0.69297
0.1203,-0.12399,-0.55708,0.68337
0.1204,-0.097978,-0.57605,0.67295
0.1205,-0.071838,-0.59418,0.66171
0.1206,-0.04555,-0.61145,0.64964
0.1207,-0.019139,-0.62779,0.63672
0.1208,0.0073456,-0.64312,0.62298
0.1209,0.033901,-0.65741,0.6084
0.121,0.060511,-0.67059,0.59299
0.1211,0.087117,-0.68257,0.57676
0.1212,0.1137,-0.69332,0.55972
0.1213,0.14026,-0.70285,0.5419
0.1214,0.16675,-0.71112,0.52333
0.1215,0.1931,-0.7181,0.50407
0.1216,0.21931,-0.72387,0.48417
0.1217,0.24534,-0.72845,0.46369
0.1218,0.2711,-0.73185,0.4427
0.1219,0.29654,-0.73408,0.42122
0.122,0.32164,-0.73519,0.3993
0.1221,0.34633,-0.73519,0.37695
0.1222,0.37053,-0.73406,0.35422
0.1223,0.39425,-0.73186,0.33111
0.1224,0.41748,-0.72863,0.30762
0.1225,0.44017,-0.72434,0.28377
