0.05,0.41371,0.11176,-0.45577
0.0501,0.40075,0.13133,-0.46287
0.0502,0.38698,0.15074,-0.46946
0.0503,0.37247,0.16987,-0.47545
0.0504,0.3573,0.18862,-0.48082
0.0505,0.34154,0.20686,-0.48548
0.0506,0.32529,0.22449,-0.48941
0.0507,0.30861,0.24146,-0.49257
0.0508,0.29157,0.25773,-0.49492
0.0509,0.27419,0.27331,-0.49646
0.051,0.2565,0.28823,-0.49722
0.0511,0.23852,0.30258,-0.49722
0.0512,0.22025,0.31644,-0.49651
0.0513,0.20171,0.32989,-0.49518
0.0514,0.18292,0.34306,-0.49328
0.0515,0.1639,0.35601,-0.49087
0.0516,0.14466,0.36878,-0.48798
0.0517,0.12524,0.38139,-0.48462
0.0518,0.10565,0.39384,-0.4808
0.0519,0.085939,0.40609,-0.47648
0.052,0.066149,0.4181,-0.47162
0.0521,0.046333,0.42979,-0.46617
0.0522,0.026558,0.44107,-0.46005
0.0523,0.0068952,0.45183,-0.45318
0.0524,-0.012583,0.46198,-0.44547
0.0525,-0.031827,0.4714,-0.43683
0.0526,-0.050794,0.48001,-0.42718
0.0527,-0.069467,0.48776,-0.41647
0.0528,-0.087842,0.49461,-0.40466
0.0529,-0.10594,0.50056,-0.39175
0.053,-0.12376,0.50566,-0.37778
0.0531,-0.14132,0.50997,-0.36284
0.0532,-0.15864,0.51355,-0.34704
0.0533,-0.17572,0.5165,-0.33048
0.0534,-0.19256,0.51889,-0.31332
0.0535,-0.20917,0.52082,-0.29567
0.0536,-0.22553,0.52235,-0.27765
0.0537,-0.24165,0.52354,-0.25936
0.0538,-0.25751,0.52443,-0.2409
0.0539,-0.2731,0.52504,-0.22233
0.054,-0.28835,0.52534,-0.20373
0.0541,-0.30323,0.5253,-0.18513
0.0542,-0.31769,0.52483,-0.16653
0.0543,-0.33168,0.52383,-0.14793
0.0544,-0.34514,0.52219,-0.12932
0.0545,-0.35803,0.51977,-0.11064
0.0546,-0.37031,0.51648,-0.091866
0.0547,-0.38196,0.51223,-0.072946
0.0548,-0.39297,0.50695,-0.053864
0.0549,-0.40336,0.50061,-0.034607
0.055,-0.41312,0.49318,-0.01519
0.0551,-0.42228,0.48469,0.004357
0.0552,-0.43085,0.47516,0.023983
0.0553,-0.43887,0.46464,0.043637
0.0554,-0.44634,0.4532,0.063248
0.0555,-0.45332,0.44094,0.082747
0.0556,-0.45981,0.42794,0.10206
0.0557,-0.46586,0.41429,0.1211
0.0558,-0.47145,0.4001,0.1398
0.0559,-0.47659,0.38545,0.15809
0.056,-0.48125,0.37039,0.17591
0.0561,-0.48541,0.35498,0.19324
0.0562,-0.48902,0.33921,0.21006
0.0563,-0.49204,0.3231,0.22639
0.0564,-0.49443,0.30661,0.24225
0.0565,-0.49617,0.28973,0.25769
0.0566,-0.49723,0.27241,0.27276
0.0567,-0.49758,0.25464,0.2875
0.0568,-0.49722,0.23638,0.30193
0.0569,-0.5374,0.22032,0.3547
0.057,-0.55418,0.2023,0.38606
0.0571,-0.56343,0.18335,0.41086
0.0572,-0.56756,0.16399,0.43105
0.0573,-0.56805,0.14444,0.4479
0.0574,-0.56549,0.1244,0.46234
0.0575,-0.56033,0.10393,0.47478
0.0576,-0.55365,0.083663,0.4857
0.0577,-0.54583,0.063827,0.49531
0.0578,-0.53656,0.044037,0.50372
0.0579,-0.52577,0.024279,0.51092
0.058,-0.51384,0.0047974,0.51711
0.0581,-0.50077,-0.014361,0.52226
0.0582,-0.48659,-0.03312,0.52637
0.0583,-0.47146,-0.05137,0.52949
0.0584,-0.45538,-0.069363,0.53187
0.0585,-0.43817,-0.087301,0.53351
0.0586,-0.42017,-0.10503,0.53455
0.0587,-0.40159,-0.12245,0.53507
0.0588,-0.38232,-0.13982,0.53517
0.0589,-0.36222,-0.15726,0.53478
0.059,-0.34152,-0.17467,0.53401
0.0591,-0.32027,-0.192,0.53283
0.0592,-0.29847,-0.2092,0.53114
0.0593,-0.27617,-0.22611,0.52882
0.0594,-0.25341,-0.24276,0.52593
0.0595,-0.23017,-0.25913,0.52238
0.0596,-0.20679,-0.27495,0.51819
0.0597,-0.18342,-0.29008,0.51337
0.0598,-0.15984,-0.30481,0.50791
0.0599,-0.13596,-0.31911,0.50168
0.06,-0.11222,-0.33266,0.49472
0.0601,-0.088636,-0.34538,0.48696
0.0602,-0.065,-0.35742,0.47832
0.0603,-0.041303,-0.36877,0.46871
0.0604,-0.017737,-0.37939,0.45828
0.0605,0.0058708,-0.38944,0.44696
0.0606,0.02952,-0.39896,0.43474
0.0607,0.053004,-0.40785,0.42171
0.0608,0.07629,-0.41629,0.40802
0.0609,0.099576,-0.42447,0.39366
0.061,0.12268,-0.4323,0.37871
0.0611,0.14544,-0.4397,0.36326
0.0612,0.16793,-0.44677,0.34732
0.0613,0.19023,-0.45349,0.3308
0.0614,0.21215,-0.45973,0.3138
0.0615,0.23371,-0.4655,0.29631
0.0616,0.25496,-0.4708,0.2783
0.0617,0.27585,-0.47548,0.25973
0.0618,0.29631,-0.47951,0.24064
0.0619,0.31642,-0.48287,0.22099
0.062,0.336,-0.48542,0.20084
0.0621,0.35492,-0.487,0.18022
0.0622,0.37323,-0.48776,0.15925
0.0623,0.39104,-0.48779,0.13794
0.0624,0.40816,-0.48699,0.11643
0.0625,0.4246,-0.48538,0.094776
0.0626,0.44048,-0.48312,0.073049
0.0627,0.45581,-0.48019,0.051283
0.0628,0.4705,-0.47664,0.029614
0.0629,0.48468,-0.47255,0.0080583
0.063,0.49834,-0.46795,-0.013341
0.0631,0.51134,-0.4627,-0.03452
0.0632,0.52367,-0.45685,-0.055367
0.0633,0.53539,-0.45043,-0.075875
0.0634,0.54637,-0.44335,-0.095955
0.0635,0.55656,-0.43555,-0.11556
0.0636,0.56604,-0.42706,-0.13471
0.0637,0.57481,-0.41777,-0.15351
0.0638,0.58276,-0.40753,-0.17197
0.0639,0.58995,-0.39634,-0.19015
0.064,0.59643,-0.38418,-0.20814
0.0641,0.60214,-0.37096,-0.226
0.0642,0.60707,-0.35673,-0.24368
0.0643,0.61134,-0.34162,-0.26122
0.0644,0.61489,-0.32565,-0.27856
0.0645,0.61758,-0.30882,-0.29561
0.0646,0.61948,-0.29132,-0.31226
0.0647,0.6207,-0.27334,-0.32849
0.0648,0.62111,-0.25491,-0.34417
0.0649,0.6207,-0.23612,-0.35922
0.065,0.61958,-0.21714,-0.37362
0.0651,0.61774,-0.19803,-0.38734
0.0652,0.6151,-0.17882,-0.40028
0.0653,0.61175,-0.15965,-0.41247
0.0654,0.60771,-0.1406,-0.4239
0.0655,0.60293,-0.1216,-0.43461
0.0656,0.59733,-0.10266,-0.44458
0.0657,0.59095,-0.083774,-0.45386
0.0658,0.5837,-0.064867,-0.46248
0.0659,0.57549,-0.045877,-0.47047
0.066,0.56636,-0.02683,-0.47785
0.0661,0.55627,-0.0076799,-0.4847
0.0662,0.54517,0.011623,-0.49104
0.0663,0.5331,0.03105,-0.49689
0.0664,0.52006,0.050567,-0.50228
0.0665,0.50604,0.0702,-0.50723
0.0666,0.49105,0.089875,-0.51168
0.0667,0.47522,0.10947,-0.51565
0.0668,0.4585,0.12897,-0.51908
0.0669,0.44086,0.14833,-0.52189
0.067,0.42238,0.16741,-0.524
0.0671,0.40315,0.1861,-0.52537
0.0672,0.38314,0.20436,-0.52589
0.0673,0.36242,0.2221,-0.52553
0.0674,0.34115,0.23924,-0.52431
0.0675,0.31938,0.25583,-0.52227
0.0676,0.2971,0.27191,-0.51942
0.0677,0.27447,0.28747,-0.51584
0.0678,0.25158,0.30252,-0.51159
0.0679,0.2284,0.31716,-0.50674
0.068,0.205,0.33141,-0.50129
0.0681,0.18145,0.34529,-0.49531
0.0682,0.15774,0.35889,-0.48884
0.0683,0.13385,0.37224,-0.48184
0.0684,0.10985,0.38529,-0.47431
0.0685,0.085814,0.39803,-0.46628
0.0686,0.061715,0.41047,-0.4577
0.0687,0.037627,0.42255,-0.44853
0.0688,0.013637,0.43419,-0.43876
0.0689,-0.010245,0.44538,-0.4283
0.069,-0.033993,0.45603,-0.41707
0.0691,-0.057508,0.46604,-0.40501
0.0692,-0.080765,0.47533,-0.39206
0.0693,-0.10379,0.48392,-0.37817
0.0694,-0.12656,0.49174,-0.36329
0.0695,-0.14905,0.49879,-0.34743
0.0696,-0.17129,0.50508,-0.33061
0.0697,-0.19326,0.51065,-0.31287
0.0698,-0.21492,0.51548,-0.2943
0.0699,-0.23624,0.51964,-0.27502
0.07,-0.25723,0.52319,-0.25513
0.0701,-0.27782,0.52618,-0.23477
0.0702,-0.29797,0.52865,-0.21409
0.0703,-0.31768,0.53068,-0.1932
0.0704,-0.33691,0.53227,-0.17219
0.0705,-0.3556,0.53343,-0.15116
0.0706,-0.37376,0.53418,-0.13016
0.0707,-0.3914,0.53452,-0.10921
0.0708,-0.40845,0.53436,-0.088308
0.0709,-0.42492,0.53365,-0.067467
0.071,-0.44082,0.53232,-0.046656
0.0711,-0.45608,0.53027,-0.025866
0.0712,-0.47065,0.52741,-0.0051083
0.0713,-0.48453,0.52373,0.015618
0.0714,-0.49773,0.51919,0.036326
0.0715,-0.51019,0.51369,0.056997
0.0716,-0.52191,0.50722,0.077617
0.0717,-0.53292,0.4998,0.098187
0.0718,-0.54322,0.49139,0.11869
0.0719,-0.55279,0.48199,0.13906
0.072,-0.56169,0.47167,0.15928
0.0721,-0.56991,0.46047,0.17929
0.0722,-0.57743,0.44841,0.199
0.0723,-0.58423,0.43558,0.21833
0.0724,-0.59033,0.42206,0.2372
0.0725,-0.5957,0.4079,0.25554
0.0726,-0.6003,0.39316,0.27329
0.0727,-0.60414,0.37792,0.2904
0.0728,-0.60721,0.3622,0.3069
0.0729,-0.60948,0.346,0.32277
0.073,-0.61095,0.32936,0.33804
0.0731,-0.61165,0.31231,0.35276
0.0732,-0.61155,0.29482,0.36696
0.0733,-0.61067,0.27691,0.38068
0.0734,-0.60903,0.2586,0.39396
0.0735,-0.6066,0.23988,0.4068
0.0736,-0.60336,0.22076,0.41922
0.0737,-0.59933,0.2013,0.43122
0.0738,-0.5945,0.18153,0.4428
0.0739,-0.58885,0.1615,0.4539
0.074,-0.58237,0.1413,0.46448
0.0741,-0.57508,0.121,0.47448
0.0742,-0.56694,0.10069,0.48386
0.0743,-0.55794,0.080435,0.49255
0.0744,-0.54809,0.060332,0.50051
0.0745,-0.53738,0.040437,0.50772
0.0746,-0.52575,0.02077,0.51415
0.0747,-0.51319,0.0013703,0.51979
0.0748,-0.49968,-0.017749,0.52463
0.0749,-0.48521,-0.036608,0.52868
0.075,-0.46975,-0.055217,0.53195
0.0751,-0.45335,-0.073574,0.53446
0.0752,-0.43604,-0.091721,0.53626
0.0753,-0.41782,-0.1097,0.5374
0.0754,-0.39878,-0.12753,0.53792
0.0755,-0.379,-0.14523,0.53788
0.0756,-0.35853,-0.16283,0.53734
0.0757,-0.33745,-0.1803,0.53631
0.0758,-0.31584,-0.19763,0.53481
0.0759,-0.29379,-0.21476,0.53285
0.076,-0.27131,-0.23166,0.53039
0.0761,-0.2485,-0.24824,0.52738
0.0762,-0.22541,-0.26442,0.52379
0.0763,-0.20207,-0.28013,0.51954
0.0764,-0.17854,-0.29532,0.51459
0.0765,-0.15487,-0.30992,0.5089
0.0766,-0.13111,-0.32391,0.50242
0.0767,-0.10728,-0.33727,0.49514
0.0768,-0.083429,-0.34997,0.48702
0.0769,-0.059597,-0.362,0.47809
0.077,-0.035795,-0.37339,0.46832
0.0771,-0.01205,-0.38415,0.45774
0.0772,0.011622,-0.39433,0.44637
0.0773,0.035221,-0.40398,0.43421
0.0774,0.058744,-0.41313,0.42128
0.0775,0.082156,-0.42183,0.40763
0.0776,0.10544,-0.4301,0.39326
0.0777,0.12859,-0.43797,0.37823
0.0778,0.15154,-0.44543,0.36255
0.0779,0.17424,-0.45248,0.34627
0.078,0.19667,-0.4591,0.32941
0.0781,0.21877,-0.46523,0.31201
0.0782,0.24048,-0.47084,0.29409
0.0783,0.26177,-0.47586,0.27567
0.0784,0.28261,-0.48027,0.25678
0.0785,0.30298,-0.484,0.23742
0.0786,0.32283,-0.48702,0.21762
0.0787,0.34218,-0.48928,0.19739
0.0788,0.36101,-0.49077,0.17675
0.0789,0.37927,-0.49145,0.15575
0.079,0.39698,-0.49135,0.13444
0.0791,0.41412,-0.4905,0.11287
0.0792,0.43069,-0.48891,0.091135
0.0793,0.44668,-0.48663,0.069322
0.0794,0.4621,-0.4837,0.047513
0.0795,0.47691,-0.48016,0.025792
0.0796,0.4911,-0.47601,0.0042358
0.0797,0.50466,-0.47129,-0.017091
0.0798,0.51758,-0.46599,-0.038147
0.0799,0.52984,-0.46008,-0.058896
0.08,0.54143,-0.4535,-0.079317
0.0801,0.55233,-0.44621,-0.099399
0.0802,0.56251,-0.43815,-0.11914
0.0803,0.57195,-0.42924,-0.13855
0.0804,0.58064,-0.41946,-0.15763
0.0805,0.58856,-0.40876,-0.1764
0.0806,0.59569,-0.39709,-0.19488
0.0807,0.60203,-0.38446,-0.2131
0.0808,0.60759,-0.37088,-0.23106
0.0809,0.61236,-0.35636,-0.24877
0.081,0.61635,-0.34097,-0.26623
0.0811,0.6196,-0.32478,-0.28341
0.0812,0.6221,-0.30787,-0.30029
0.0813,0.62386,-0.29034,-0.3168
0.0814,0.6249,-0.27229,-0.33289
0.0815,0.62523,-0.25383,-0.34848
0.0816,0.62482,-0.23506,-0.3635
0.0817,0.62367,-0.21607,-0.37789
0.0818,0.62179,-0.19695,-0.39157
0.0819,0.61914,-0.17775,-0.40451
0.082,0.61571,-0.15854,-0.4167
0.0821,0.6115,-0.13934,-0.42814
0.0822,0.60647,-0.12016,-0.43884
0.0823,0.60061,-0.10101,-0.44881
0.0824,0.59389,-0.081851,-0.4581
0.0825,0.5863,-0.062675,-0.46675
0.0826,0.57782,-0.043441,-0.47479
0.0827,0.5684,-0.024118,-0.48227
0.0828,0.55803,-0.0046969,-0.48922
0.0829,0.54671,0.01483,-0.49565
0.083,0.5344,0.034456,-0.50157
0.0831,0.52109,0.054155,-0.50698
0.0832,0.5068,0.073881,-0.51187
0.0833,0.49154,0.093586,-0.5162
0.0834,0.47534,0.11321,-0.51996
0.0835,0.45825,0.13267,-0.52311
0.0836,0.4403,0.1519,-0.52561
0.0837,0.42154,0.17083,-0.52743
0.0838,0.40205,0.18941,-0.52853
0.0839,0.38187,0.20756,-0.52888
0.084,0.36107,0.22526,-0.52846
0.0841,0.3397,0.24246,-0.52725
0.0842,0.31783,0.25916,-0.52525
0.0843,0.2955,0.27536,-0.52247
0.0844,0.27278,0.29108,-0.51895
0.0845,0.2497,0.30633,-0.51471
0.0846,0.22633,0.32115,-0.50981
0.0847,0.20271,0.33557,-0.5043
0.0848,0.17889,0.34965,-0.49821
0.0849,0.15493,0.36342,-0.49159
0.085,0.13085,0.37687,-0.48444
0.0851,0.10671,0.39,-0.47678
0.0852,0.082544,0.40279,-0.4686
0.0853,0.058392,0.41522,-0.45986
0.0854,0.034286,0.42722,-0.45051
0.0855,0.010262,0.43876,-0.44049
0.0856,-0.013638,0.44978,-0.42973
0.0857,-0.037391,0.46022,-0.41816
0.0858,-0.060962,0.47003,-0.40573
0.0859,-0.084319,0.47917,-0.39238
0.086,-0.10743,0.48759,-0.37809
0.0861,-0.13029,0.4953,-0.36285
0.0862,-0.15286,0.50226,-0.34669
0.0863,-0.17514,0.5085,-0.32964
0.0864,-0.19712,0.51404,-0.31177
0.0865,-0.21879,0.51892,-0.29314
0.0866,-0.24013,0.52315,-0.27385
0.0867,-0.26112,0.5268,-0.25399
0.0868,-0.28175,0.52989,-0.23368
0.0869,-0.30199,0.53246,-0.213
0.087,-0.32178,0.53454,-0.19207
0.0871,-0.34111,0.53615,-0.17097
0.0872,-0.35993,0.53728,-0.14979
0.0873,-0.37819,0.53793,-0.12859
0.0874,-0.39586,0.53807,-0.10742
0.0875,-0.4129,0.53767,-0.086313
0.0876,-0.42932,0.53668,-0.065282
0.0877,-0.4451,0.53503,-0.044323
0.0878,-0.46021,0.53268,-0.023424
0.0879,-0.47466,0.52953,-0.002567
0.088,-0.48842,0.52555,0.018259
0.0881,-0.5015,0.5207,0.039064
0.0882,-0.51388,0.51492,0.059844
0.0883,-0.52556,0.50819,0.080586
0.0884,-0.53654,0.50052,0.10126
0.0885,-0.54682,0.4919,0.12183
0.0886,-0.5564,0.48234,0.14224
0.0887,-0.56526,0.47187,0.16244
0.0888,-0.57342,0.46054,0.18237
0.0889,-0.58086,0.44839,0.20197
0.089,-0.58759,0.43548,0.22118
0.0891,-0.59359,0.42185,0.23994
0.0892,-0.59886,0.40756,0.25821
0.0893,-0.60338,0.39266,0.27594
0.0894,-0.60714,0.37721,0.29312
0.0895,-0.61013,0.36123,0.30972
0.0896,-0.61232,0.34477,0.32574
0.0897,-0.61371,0.32785,0.34119
0.0898,-0.61428,0.31048,0.35608
0.0899,-0.61404,0.29269,0.37042
0.09,-0.61298,0.27449,0.38425
0.0901,-0.6111,0.2559,0.39758
0.0902,-0.60841,0.23694,0.41043
0.0903,-0.60493,0.21763,0.42281
0.0904,-0.60065,0.19803,0.43475
0.0905,-0.59559,0.17816,0.44624
0.0906,-0.58973,0.1581,0.45725
0.0907,-0.58308,0.13789,0.46773
0.0908,-0.57562,0.11762,0.47763
0.0909,-0.56734,0.097351,0.48691
0.091,-0.5582,0.077146,0.49552
0.0911,-0.54818,0.057065,0.5034
0.0912,-0.53724,0.03716,0.51052
0.0913,-0.52538,0.017466,0.51687
0.0914,-0.51254,-0.0019965,0.52242
0.0915,-0.49873,-0.021218,0.52719
0.0916,-0.48395,-0.040203,0.53119
0.0917,-0.4682,-0.058967,0.53444
0.0918,-0.45152,-0.077528,0.53698
0.0919,-0.43394,-0.095905,0.53884
0.092,-0.41549,-0.11412,0.54006
0.0921,-0.39624,-0.13219,0.54067
0.0922,-0.37624,-0.1501,0.54069
0.0923,-0.35557,-0.16787,0.54016
0.0924,-0.33429,-0.18547,0.53909
0.0925,-0.31247,-0.20286,0.53748
0.0926,-0.2902,-0.22,0.53534
0.0927,-0.26754,-0.23685,0.53265
0.0928,-0.24456,-0.25334,0.5294
0.0929,-0.22132,-0.2694,0.52554
0.093,-0.19788,-0.28497,0.52105
0.0931,-0.17428,-0.30003,0.51588
0.0932,-0.15057,-0.31454,0.51
0.0933,-0.12678,-0.32846,0.50337
0.0934,-0.10294,-0.34177,0.49595
0.0935,-0.079054,-0.35445,0.48772
0.0936,-0.055157,-0.36651,0.47867
0.0937,-0.031265,-0.37796,0.46879
0.0938,-0.0073938,-0.38882,0.45809
0.0939,0.016433,-0.39912,0.44659
0.094,0.040192,-0.40889,0.43429
0.0941,0.06386,-0.41817,0.42122
0.0942,0.087409,-0.42698,0.40742
0.0943,0.11081,-0.43535,0.39291
0.0944,0.13402,-0.44326,0.37773
0.0945,0.15702,-0.45074,0.36189
0.0946,0.17976,-0.45775,0.34543
0.0947,0.2022,-0.46428,0.32837
0.0948,0.2243,-0.47028,0.31074
0.0949,0.24603,-0.47573,0.29257
0.095,0.26733,-0.48057,0.27387
0.0951,0.28819,-0.48476,0.25469
0.0952,0.30855,-0.48827,0.23505
0.0953,0.32841,-0.49106,0.21499
0.0954,0.34773,-0.49312,0.19455
0.0955,0.36651,-0.49443,0.17376
0.0956,0.38473,-0.49498,0.15267
0.0957,0.40238,-0.4948,0.13133
0.0958,0.41947,-0.49389,0.10979
0.0959,0.43601,-0.49228,0.088106
0.096,0.45199,-0.49,0.066351
0.0961,0.46741,-0.48707,0.044593
0.0962,0.48225,-0.48351,0.022902
0.0963,0.49647,-0.47933,0.0013482
0.0964,0.51006,-0.47453,-0.020007
0.0965,0.523,-0.46909,-0.041109
0.0966,0.53525,-0.46299,-0.061919
0.0967,0.54679,-0.45619,-0.082409
0.0968,0.55761,-0.44862,-0.10257
0.0969,0.56768,-0.44024,-0.12239
0.097,0.577,-0.431,-0.14188
0.0971,0.58555,-0.42085,-0.16107
0.0972,0.59332,-0.40976,-0.17995
0.0973,0.60031,-0.39772,-0.19856
0.0974,0.60653,-0.38473,-0.2169
0.0975,0.61197,-0.37082,-0.23498
0.0976,0.61663,-0.35602,-0.25278
0.0977,0.62053,-0.3404,-0.2703
0.0978,0.62367,-0.32402,-0.28749
0.0979,0.62606,-0.30698,-0.30433
0.098,0.62771,-0.28936,-0.32076
0.0981,0.62862,-0.27127,-0.33674
0.0982,0.62881,-0.25279,-0.3522
0.0983,0.62826,-0.23401,-0.36708
0.0984,0.62699,-0.21501,-0.38134
0.0985,0.62497,-0.19587,-0.39492
0.0986,0.62219,-0.17663,-0.40781
0.0987,0.61863,-0.15734,-0.41999
0.0988,0.61427,-0.13803,-0.43146
0.0989,0.60908,-0.11869,-0.44222
0.099,0.60304,-0.09934,-0.45228
0.0991,0.59611,-0.07996,-0.46165
0.0992,0.58827,-0.060539,-0.47038
0.0993,0.57951,-0.041059,-0.47848
0.0994,0.5698,-0.021507,-0.48599
0.0995,0.55912,-0.0018772,-0.49293
0.0996,0.54748,0.017828,-0.49934
0.0997,0.53486,0.037592,-0.50522
0.0998,0.52126,0.057389,-0.51057
0.0999,0.5067,0.077176,-0.51538
0.1,0.49119,0.096904,-0.51962
0.1001,0.47476,0.11651,-0.52327
0.1002,0.45744,0.13594,-0.52629
0.1003,0.43927,0.15513,-0.52865
0.1004,0.42031,0.17401,-0.53031
0.1005,0.40062,0.19253,-0.53125
0.1006,0.38024,0.21065,-0.53144
0.1007,0.35925,0.22833,-0.53087
0.1008,0.3377,0.24556,-0.52954
0.1009,0.31567,0.26232,-0.52746
0.101,0.29319,0.27862,-0.52464
0.1011,0.27033,0.29446,-0.5211
0.1012,0.24713,0.30986,-0.51687
0.1013,0.22364,0.32484,-0.51199
0.1014,0.1999,0.33943,-0.50648
0.1015,0.17596,0.35367,-0.50038
0.1016,0.15186,0.36756,-0.4937
0.1017,0.12765,0.3811,-0.48646
0.1018,0.10338,0.39428,-0.47865
0.1019,0.079096,0.40708,-0.47027
0.102,0.054837,0.41947,-0.46129
0.1021,0.030648,0.43139,-0.45167
0.1022,0.0065664,0.44282,-0.44136
0.1023,-0.017375,0.45371,-0.43029
0.1024,-0.041146,0.464,-0.41842
0.1025,-0.064724,0.47367,-0.40569
0.1026,-0.088088,0.48267,-0.39206
0.1027,-0.11122,0.49099,-0.37751
0.1028,-0.13411,0.4986,-0.36203
0.1029,-0.15673,0.50552,-0.34565
0.103,-0.17908,0.51174,-0.32841
0.1031,-0.20114,0.51729,-0.31037
0.1032,-0.22288,0.52219,-0.29161
0.1033,-0.2443,0.52647,-0.27221
0.1034,-0.26536,0.53016,-0.25229
0.1035,-0.28605,0.5333,-0.23192
0.1036,-0.30631,0.53591,-0.21122
0.1037,-0.32613,0.538,-0.19026
0.1038,-0.34546,0.53959,-0.16914
0.1039,-0.36427,0.54066,-0.14791
0.104,-0.38252,0.54121,-0.12664
0.1041,-0.40016,0.5412,-0.10536
0.1042,-0.41718,0.5406,-0.084118
0.1043,-0.43358,0.53937,-0.062924
0.1044,-0.44932,0.53746,-0.041791
0.1045,-0.46438,0.53482,-0.02072
0.1046,-0.47877,0.53138,0.00029228
0.1047,-0.49246,0.52712,0.021249
0.1048,-0.50545,0.522,0.042151
0.1049,-0.51775,0.51597,0.062996
0.105,-0.52935,0.50902,0.083772
0.1051,-0.54026,0.50116,0.10446
0.1052,-0.55047,0.49236,0.12502
0.1053,-0.56,0.48264,0.14541
0.1054,-0.56883,0.47203,0.16558
0.1055,-0.57696,0.46056,0.18549
0.1056,-0.58437,0.44828,0.20505
0.1057,-0.59105,0.43522,0.22424
0.1058,-0.597,0.42145,0.24298
0.1059,-0.6022,0.40699,0.26123
0.106,-0.60662,0.39192,0.27897
0.1061,-0.61027,0.37626,0.29616
0.1062,-0.61312,0.36006,0.31279
0.1063,-0.61516,0.34336,0.32887
0.1064,-0.6164,0.32619,0.34439
0.1065,-0.61682,0.30857,0.35936
0.1066,-0.61642,0.29053,0.3738
0.1067,-0.6152,0.27209,0.38772
0.1068,-0.61316,0.25328,0.40112
0.1069,-0.61032,0.23412,0.41402
0.107,-0.60667,0.21466,0.42644
0.1071,-0.60222,0.19493,0.43837
0.1072,-0.59698,0.17498,0.44982
0.1073,-0.59093,0.15487,0.46074
0.1074,-0.58408,0.13466,0.47111
0.1075,-0.57642,0.11439,0.4809
0.1076,-0.56793,0.094144,0.49005
0.1077,-0.55858,0.073958,0.49854
0.1078,-0.54834,0.053885,0.50632
0.1079,-0.53719,0.033964,0.51336
0.108,-0.52509,0.014222,0.51966
0.1081,-0.51202,-0.005321,0.52519
0.1082,-0.49796,-0.024658,0.52995
0.1083,-0.48292,-0.043789,0.53395
0.1084,-0.46691,-0.062722,0.53722
0.1085,-0.44996,-0.081469,0.53977
0.1086,-0.4321,-0.10004,0.54164
0.1087,-0.4134,-0.11845,0.54287
0.1088,-0.3939,-0.13669,0.54347
0.1089,-0.37367,-0.15476,0.54348
0.109,-0.35279,-0.17265,0.54292
0.1091,-0.33133,-0.19034,0.54179
0.1092,-0.30936,-0.20778,0.54011
0.1093,-0.28696,-0.22493,0.53787
0.1094,-0.26418,-0.24175,0.53505
0.1095,-0.24109,-0.25818,0.53163
0.1096,-0.21775,-0.27417,0.52759
0.1097,-0.19422,-0.28966,0.5229
0.1098,-0.17053,-0.30464,0.51753
0.1099,-0.14853,-0.31886,0.51302
0.11,-0.12922,-0.33238,0.51042
0.1101,-0.10987,-0.34546,0.5072
0.1102,-0.090439,-0.35786,0.50306
0.1103,-0.070968,-0.36962,0.49805
0.1104,-0.051461,-0.38084,0.49223
0.1105,-0.031891,-0.39148,0.4855
0.1106,-0.012276,-0.40153,0.47784
0.1107,0.0073396,-0.41106,0.46931
0.1108,0.02694,-0.42007,0.45992
0.1109,0.046505,-0.4286,0.44968
0.111,0.065995,-0.43671,0.4387
0.1111,0.08538,-0.44439,0.42697
0.1112,0.10463,-0.45156,0.41446
0.1113,0.12367,-0.45821,0.40121
0.1114,0.14246,-0.46435,0.38731
0.1115,0.16097,-0.46994,0.37276
0.1116,0.17917,-0.47493,0.35756
0.1117,0.19702,-0.47932,0.34181
0.1118,0.21447,-0.48305,0.32552
0.1119,0.23153,-0.48613,0.30872
0.112,0.24818,-0.48855,0.29149
0.1121,0.26441,-0.49028,0.27381
0.1122,0.28024,-0.49124,0.25562
0.1123,0.29566,-0.49145,0.23701
0.1124,0.31066,-0.49096,0.21805
0.1125,0.32527,-0.48978,0.19876
0.1126,0.33949,-0.48787,0.17916
0.1127,0.3533,-0.4853,0.15936
0.1128,0.36671,-0.48211,0.13944
0.1129,0.3797,-0.47828,0.11942
0.113,0.39224,-0.47384,0.099383
0.1131,0.40431,-0.46878,0.079402
0.1132,0.41589,-0.46303,0.059461
0.1133,0.42695,-0.45655,0.039594
0.1134,0.43745,-0.44935,0.019898
0.1135,0.44736,-0.44138,0.00037918
0.1136,0.45669,-0.43255,-0.018998
0.1137,0.46539,-0.42286,-0.038179
0.1138,0.47345,-0.41231,-0.057125
0.1139,0.48087,-0.40085,-0.075903
0.114,0.48766,-0.38844,-0.094549
0.1141,0.49382,-0.37514,-0.11304
0.1142,0.49935,-0.36094,-0.13139
0.1143,0.5043,-0.34588,-0.14965
0.1144,0.50865,-0.33004,-0.16776
0.1145,0.51242,-0.31351,-0.18566
0.1146,0.51562,-0.29636,-0.20337
0.1147,0.51828,-0.27867,-0.22084
0.1148,0.52038,-0.26055,-0.23799
0.1149,0.52193,-0.2421,-0.25476
0.115,0.52294,-0.22334,-0.27116
0.1151,0.52337,-0.20436,-0.28711
0.1152,0.52321,-0.18522,-0.30255
0.1153,0.52244,-0.16596,-0.31749
0.1154,0.52102,-0.14664,-0.33188
0.1155,0.51892,-0.1273,-0.34568
0.1156,0.5161,-0.10793,-0.3589
0.1157,0.51253,-0.088545,-0.37153
0.1158,0.50817,-0.069155,-0.38356
0.1159,0.50301,-0.04973,-0.39504
0.116,0.49702,-0.030238,-0.40601
0.1161,0.49017,-0.01069,-0.41648
0.1162,0.48245,0.0089089,-0.42646
0.1163,0.47384,0.028571,-0.43598
0.1164,0.46435,0.048263,-0.44505
0.1165,0.45397,0.067925,-0.45363
0.1166,0.44274,0.087537,-0.46173
0.1167,0.43068,0.10707,-0.46937
0.1168,0.41781,0.12644,-0.47648
0.1169,0.40417,0.1456,-0.48304
0.117,0.38981,0.16452,-0.48907
0.1171,0.37476,0.18316,-0.49452
0.1172,0.35908,0.20144,-0.49933
0.1173,0.3428,0.21932,-0.50346
0.1174,0.32599,0.23679,-0.50691
0.1175,0.30867,0.2538,-0.50964
0.1176,0.29089,0.27034,-0.51162
0.1177,0.27269,0.28643,-0.51288
0.1178,0.25413,0.30207,-0.51345
0.1179,0.23523,0.31728,-0.51332
0.118,0.21604,0.33206,-0.51253
0.1181,0.19661,0.34647,-0.51112
0.1182,0.17697,0.3605,-0.50907
0.1183,0.15717,0.37416,-0.50639
0.1184,0.13726,0.38744,-0.5031
0.1185,0.11728,0.40032,-0.49921
0.1186,0.097269,0.41278,-0.49468
0.1187,0.077284,0.4248,-0.4895
0.1188,0.057356,0.43635,-0.48365
0.1189,0.037514,0.44738,-0.47706
0.119,0.017788,0.45787,-0.46969
0.1191,-0.0017997,0.46779,-0.46148
0.1192,-0.021239,0.47707,-0.45237
0.1193,-0.040519,0.48569,-0.44229
0.1194,-0.059632,0.49364,-0.43125
0.1195,-0.078578,0.5009,-0.41923
0.1196,-0.097354,0.50746,-0.40623
0.1197,-0.11595,0.51336,-0.39231
0.1198,-0.13436,0.51862,-0.37753
0.1199,-0.15258,0.52324,-0.36194
0.12,-0.17059,0.52725,-0.34562
0.1201,-0.18837,0.53069,-0.32867
0.1202,-0.2059,0.53356,-0.31117
0.1203,-0.22314,0.53588,-0.29318
0.1204,-0.24004,0.53766,-0.27482
0.1205,-0.25657,0.53892,-0.25618
0.1206,-0.27268,0.53963,-0.2373
0.1207,-0.28834,0.5398,-0.21826
0.1208,-0.3035,0.5394,-0.19911
0.1209,-0.31816,0.53841,-0.17989
0.121,-0.33231,0.53677,-0.16059
0.1211,-0.34594,0.53445,-0.14124
0.1212,-0.35901,0.53139,-0.12182
0.1213,-0.37155,0.52754,-0.10233
0.1214,-0.38355,0.52287,-0.082745
0.1215,-0.395,0.51735,-0.063095
0.1216,-0.40592,0.51095,-0.043372
0.1217,-0.41631,0.50365,-0.023574
0.1218,-0.42617,0.49545,-0.0037321
0.1219,-0.43553,0.48635,0.016129
0.122,-0.44437,0.47634,0.035989
0.1221,-0.45271,0.46545,0.055806
0.1222,-0.46052,0.45371,0.075521
0.1223,-0.4678,0.44116,0.095089
0.1224,-0.47454,0.42784,0.11445
0.1225,-0.48071,0.41381,0.13355
