0.05,0.99308,-0.095151,-0.8719
0.0501,0.97486,-0.054595,-0.8954
0.0502,0.95509,-0.01389,-0.91785
0.0503,0.93384,0.026856,-0.93917
0.0504,0.91116,0.067533,-0.95931
0.0505,0.88714,0.10804,-0.97819
0.0506,0.86185,0.14827,-0.99576
0.0507,0.83537,0.18813,-1.012
0.0508,0.80777,0.22753,-1.0268
0.0509,0.77913,0.26641,-1.0401
0.051,0.74949,0.30471,-1.052
0.0511,0.71888,0.34239,-1.0623
0.0512,0.68735,0.37944,-1.0712
0.0513,0.6549,0.41588,-1.0784
0.0514,0.62157,0.45172,-1.0841
0.0515,0.58739,0.48699,-1.0883
0.0516,0.55239,0.52168,-1.0909
0.0517,0.51664,0.55579,-1.0921
0.0518,0.48018,0.58932,-1.0918
0.0519,0.44308,0.62222,-1.09
0.052,0.40541,0.65446,-1.0866
0.0521,0.36721,0.68598,-1.0818
0.0522,0.32857,0.71672,-1.0754
0.0523,0.28953,0.7466,-1.0674
0.0524,0.25018,0.77555,-1.0578
0.0525,0.21057,0.80348,-1.0465
0.0526,0.17079,0.83032,-1.0335
0.0527,0.13089,0.85598,-1.0189
0.0528,0.090947,0.8804,-1.0025
0.0529,0.050997,0.90351,-0.98447
0.053,0.011083,0.92527,-0.96477
0.0531,-0.028767,0.94566,-0.94344
0.0532,-0.068528,0.96466,-0.92053
0.0533,-0.10817,0.9823,-0.89611
0.0534,-0.14766,0.99859,-0.87029
0.0535,-0.18696,1.0136,-0.84315
0.0536,-0.22602,1.0272,-0.8148
0.0537,-0.26478,1.0396,-0.78536
0.0538,-0.3032,1.0507,-0.75491
0.0539,-0.34121,1.0606,-0.72355
0.054,-0.37878,1.0691,-0.69135
0.0541,-0.41585,1.0764,-0.65838
0.0542,-0.45237,1.0824,-0.6247
0.0543,-0.48827,1.0869,-0.59035
0.0544,-0.52349,1.0901,-0.5554
0.0545,-0.55794,1.0917,-0.51986
0.0546,-0.59157,1.0917,-0.48376
0.0547,-0.62432,1.0901,-0.44711
0.0548,-0.65613,1.0867,-0.40993
0.0549,-0.68698,1.0816,-0.37222
0.055,-0.71685,1.0746,-0.33398
0.0551,-0.74573,1.0658,-0.29523
0.0552,-0.7736,1.0552,-0.25601
0.0553,-0.80045,1.0427,-0.21636
0.0554,-0.82627,1.0285,-0.17635
0.0555,-0.85103,1.0126,-0.13607
0.0556,-0.87471,0.99499,-0.09558
0.0557,-0.89729,0.97588,-0.054984
0.0558,-0.91876,0.9553,-0.01437
0.0559,-0.93907,0.93336,0.026176
0.056,-0.95821,0.91013,0.066565
0.0561,-0.97614,0.88569,0.10671
0.0562,-0.99283,0.86012,0.14654
0.0563,-1.0082,0.83348,0.18598
0.0564,-1.0223,0.80579,0.22498
0.0565,-1.0349,0.7771,0.26349
0.0566,-1.0461,0.74741,0.30147
0.0567,-1.0558,0.71673,0.33892
0.0568,-1.064,0.68507,0.37585
0.0569,-1.0707,0.65244,0.41225
0.057,-1.0759,0.61886,0.44813
0.0571,-1.0794,0.58437,0.48347
0.0572,-1.0814,0.549,0.51824
0.0573,-1.0819,0.51282,0.5524
0.0574,-1.0807,0.4759,0.58591
0.0575,-1.078,0.4383,0.61872
0.0576,-1.0736,0.40012,0.65076
0.0577,-1.0677,0.36145,0.68198
0.0578,-1.0601,0.32238,0.7123
0.0579,-1.051,0.283,0.74166
0.058,-1.0402,0.2434,0.76999
0.0581,-1.0279,0.20367,0.79722
0.0582,-1.014,0.16387,0.82329
0.0583,-0.68684,0.13382,0.89453
0.0584,-0.44849,0.10116,0.95119
0.0585,-0.1906,0.069513,1.0092
0.0586,0.10989,0.038324,1.0732
0.0587,0.41682,0.005233,1.1386
0.0588,0.72875,-0.027377,1.203
0.0589,1.0869,-0.056934,1.2719
0.059,1.4998,-0.086133,1.3489
0.0591,1.9619,-0.116,1.4336
0.0592,2.4748,-0.14352,1.5243
0.0593,3.0264,-0.16864,1.6188
0.0594,3.5958,-0.19351,1.7151
0.0595,4.1827,-0.21741,1.8127
0.0596,4.7847,-0.24034,1.9111
0.0597,5.3942,-0.26378,2.0101
0.0598,6.0337,-0.28617,2.1122
0.0599,6.737,-0.30466,2.2213
0.06,7.5081,-0.32003,2.3384
0.0601,8.3391,-0.3334,2.4631
0.0602,9.2199,-0.34408,2.5931
0.0603,10.122,-0.35248,2.7243
0.0604,11.023,-0.36042,2.8539
0.0605,11.93,-0.3676,2.9829
0.0606,12.848,-0.37375,3.1118
0.0607,13.762,-0.38,3.2393
0.0608,14.672,-0.38625,3.365
0.0609,15.598,-0.39107,3.4916
0.061,16.548,-0.3952,3.6206
0.0611,17.516,-0.39892,3.7519
0.0612,18.5,-0.40047,3.8835
0.0613,19.496,-0.39966,4.0147
0.0614,20.491,-0.39893,4.1451
0.0615,21.485,-0.3984,4.2747
0.0616,22.484,-0.3966,4.4032
0.0617,23.494,-0.3939,4.532
0.0618,24.523,-0.39111,4.6629
0.0619,25.58,-0.38725,4.7963
0.062,26.653,-0.38325,4.9303
0.0621,27.725,-0.38207,5.0641
0.0622,28.798,-0.38616,5.1972
0.0623,29.866,-0.39953,5.3289
0.0624,30.921,-0.43347,5.4588
0.0625,31.969,-0.50859,5.5897
0.0626,33.032,-0.65038,5.7259
0.0627,34.127,-0.85644,5.8716
0.0628,35.257,-1.0793,6.0268
0.0629,36.41,-1.2726,6.187
0.063,37.557,-1.4175,6.3456
0.0631,38.655,-1.5173,6.4961
0.0632,39.686,-1.5852,6.6339
0.0633,40.656,-1.6407,6.7583
0.0634,41.582,-1.7014,6.8739
0.0635,42.495,-1.7719,6.9872
0.0636,43.421,-1.8495,7.1016
0.0637,44.361,-1.9312,7.2174
0.0638,45.292,-2.0079,7.3326
0.0639,46.186,-2.062,7.4416
0.064,47.004,-2.0818,7.5362
0.0641,47.706,-2.0669,7.6106
0.0642,48.289,-2.0246,7.6632
0.0643,48.776,-1.9714,7.6963
0.0644,49.202,-1.9279,7.717
0.0645,49.611,-1.8998,7.7369
0.0646,50.044,-1.8752,7.7649
0.0647,50.499,-1.8386,7.8021
0.0648,50.935,-1.7744,7.8432
0.0649,51.3,-1.6669,7.8784
0.065,51.544,-1.5104,7.897
0.0651,51.621,-1.3095,7.8913
0.0652,51.515,-1.0684,7.8598
0.0653,51.255,-0.79494,7.8058
0.0654,50.887,-0.51158,7.7376
0.0655,50.463,-0.24435,7.6657
0.0656,50.036,-0.0085273,7.5989
0.0657,49.629,0.19133,7.5398
0.0658,49.218,0.35984,7.4865
0.0659,48.76,0.5082,7.4323
0.066,48.213,0.64408,7.3676
0.0661,47.541,0.76739,7.2848
0.0662,46.733,0.8753,7.183
0.0663,45.824,0.96718,7.0666
0.0664,44.859,1.0445,6.9407
0.0665,43.876,1.1097,6.8074
0.0666,42.913,1.1656,6.6564
0.0667,41.999,1.2145,6.4506
0.0668,41.135,1.257,6.1491
0.0669,40.297,1.2933,5.7722
0.067,39.435,1.3228,5.3997
0.0671,38.473,1.3443,5.0928
0.0672,37.347,1.3564,4.8545
0.0673,36.052,1.3601,4.6604
0.0674,34.632,1.3605,4.4863
0.0675,33.15,1.3625,4.3096
0.0676,31.689,1.3668,4.1115
0.0677,30.325,1.3744,3.8878
0.0678,29.081,1.3875,3.6439
0.0679,27.926,1.4056,3.3851
0.068,26.82,1.4255,3.1247
0.0681,25.706,1.4451,2.8877
0.0682,24.516,1.4628,2.6935
0.0683,23.207,1.4782,2.5431
0.0684,21.799,1.4934,2.4231
0.0685,20.353,1.5115,2.309
0.0686,18.96,1.5333,2.1732
0.0687,17.714,1.5572,2.0062
0.0688,16.652,1.5811,1.8222
0.0689,15.735,1.6015,1.6435
0.069,14.877,1.6141,1.4907
0.0691,13.994,1.6179,1.385
0.0692,13.003,1.6139,1.3388
0.0693,11.855,1.6036,1.3521
0.0694,10.564,1.5895,1.4213
0.0695,9.2002,1.5755,1.5339
0.0696,7.8579,1.5642,1.6554
0.0697,6.641,1.5574,1.7459
0.0698,5.6305,1.5573,1.7882
0.0699,4.8376,1.5642,1.7867
0.07,4.2008,1.5737,1.7529
0.0701,3.6191,1.5818,1.7022
0.0702,2.9852,1.5881,1.6502
0.0703,2.2275,1.593,1.6043
0.0704,1.3489,1.5956,1.5671
0.0705,0.41588,1.5966,1.5412
0.0706,-0.48596,1.5965,1.523
0.0707,-1.2797,1.5931,1.4926
0.0708,-1.9168,1.5841,1.4318
0.0709,-2.4039,1.5707,1.3535
0.071,-2.7996,1.5525,1.2719
0.0711,-3.1852,1.5275,1.1872
0.0712,-3.643,1.4948,1.0936
0.0713,-4.2347,1.4547,0.98619
0.0714,-4.9631,1.4069,0.86463
0.0715,-5.7612,1.3529,0.73502
0.0716,-6.5338,1.2973,0.60791
0.0717,-7.2013,1.2441,0.49197
0.0718,-7.718,1.1957,0.39091
0.0719,-8.0824,1.154,0.30461
0.072,-8.3379,1.12,0.23002
0.0721,-8.5473,1.0936,0.16142
0.0722,-8.7654,1.0748,0.093784
0.0723,-9.0283,1.0623,0.024913
0.0724,-9.3474,1.0518,-0.046045
0.0725,-9.7077,1.0381,-0.1193
0.0726,-10.08,1.0182,-0.19257
0.0727,-10.437,0.99123,-0.26205
0.0728,-10.754,0.95722,-0.3252
0.0729,-11.028,0.91787,-0.38131
0.073,-11.277,0.87475,-0.43095
0.0731,-11.532,0.82794,-0.47626
0.0732,-11.81,0.77767,-0.51883
0.0733,-12.104,0.72527,-0.55701
0.0734,-12.386,0.6715,-0.58712
0.0735,-12.616,0.61643,-0.60666
0.0736,-12.765,0.56089,-0.61485
0.0737,-12.827,0.50583,-0.6126
0.0738,-12.811,0.45158,-0.60253
0.0739,-12.732,0.39972,-0.58744
0.074,-12.608,0.35331,-0.5684
0.0741,-12.456,0.31429,-0.5459
0.0742,-12.285,0.28259,-0.52061
0.0743,-12.093,0.2572,-0.49245
0.0744,-11.878,0.23593,-0.46058
0.0745,-11.634,0.21575,-0.42485
0.0746,-11.357,0.19491,-0.38527
0.0747,-11.055,0.173,-0.34149
0.0748,-10.746,0.14883,-0.29436
0.0749,-10.455,0.12067,-0.24631
0.075,-10.198,0.087829,-0.19853
0.0751,-9.9736,0.050327,-0.1498
0.0752,-9.7585,0.0084588,-0.097368
0.0753,-9.5111,-0.036406,-0.03771
0.0754,-9.1924,-0.082259,0.032762
0.0755,-8.7765,-0.12777,0.11551
0.0756,-8.254,-0.17175,0.20967
0.0757,-7.6344,-0.21219,0.31368
0.0758,-6.9408,-0.24716,0.42589
0.0759,-6.1998,-0.27563,0.5438
0.076,-5.4372,-0.29723,0.6647
0.0761,-4.6766,-0.31286,0.78626
0.0762,-3.9299,-0.32491,0.90626
0.0763,-3.1934,-0.33566,1.0231
0.0764,-2.4553,-0.34601,1.1372
0.0765,-1.7041,-0.35598,1.2495
0.0766,-0.93189,-0.3651,1.3609
0.0767,-0.14068,-0.3725,1.4725
0.0768,0.65738,-0.37802,1.5851
0.0769,1.4498,-0.38262,1.6993
0.077,2.232,-0.38723,1.8157
0.0771,3.0064,-0.39262,1.9358
0.0772,3.7813,-0.40009,2.0609
0.0773,4.5688,-0.41094,2.1905
0.0774,5.3789,-0.42533,2.3239
0.0775,6.2167,-0.44251,2.4604
0.0776,7.0864,-0.46094,2.5995
0.0777,7.9901,-0.4778,2.741
0.0778,8.9236,-0.49003,2.8856
0.0779,9.8781,-0.49608,3.0331
0.078,10.843,-0.49603,3.182
0.0781,11.806,-0.49066,3.3307
0.0782,12.756,-0.48145,3.4774
0.0783,13.684,-0.47012,3.62
0.0784,14.585,-0.45755,3.7572
0.0785,15.448,-0.44402,3.8883
0.0786,16.266,-0.43018,4.0133
0.0787,17.036,-0.41692,4.1328
0.0788,17.76,-0.40507,4.2487
0.0789,18.448,-0.39616,4.3637
0.079,19.114,-0.39328,4.4801
0.0791,19.772,-0.40202,4.6
0.0792,20.432,-0.43357,4.7252
0.0793,21.1,-0.50945,4.8576
0.0794,21.787,-0.65419,4.9999
0.0795,22.494,-0.84891,5.154
0.0796,23.2,-1.0241,5.3157
0.0797,23.852,-1.1308,5.4753
0.0798,24.401,-1.1664,5.6243
0.0799,24.825,-1.1562,5.7587
0.08,25.138,-1.1363,5.8765
0.0801,25.375,-1.1428,5.9815
0.0802,25.589,-1.1969,6.0836
0.0803,25.824,-1.2992,6.1918
0.0804,26.091,-1.4374,6.3078
0.0805,26.358,-1.5879,6.4282
0.0806,26.571,-1.7126,6.5464
0.0807,26.669,-1.7737,6.6516
0.0808,26.603,-1.7556,6.7333
0.0809,26.353,-1.6666,6.7867
0.081,25.951,-1.5348,6.8128
0.0811,25.467,-1.4034,6.8195
0.0812,24.988,-1.3096,6.8222
0.0813,24.588,-1.2621,6.8374
0.0814,24.295,-1.2437,6.8726
0.0815,24.069,-1.2257,6.9232
0.0816,23.829,-1.1729,6.9766
0.0817,23.49,-1.0551,7.0148
0.0818,22.985,-0.86438,7.0214
0.0819,22.29,-0.61265,6.9887
0.082,21.449,-0.32454,6.9205
0.0821,20.555,-0.042642,6.8296
0.0822,19.72,0.18924,6.7359
0.0823,19.037,0.36035,6.6586
0.0824,18.551,0.48763,6.606
0.0825,18.229,0.5907,6.5741
0.0826,17.981,0.68279,6.5516
0.0827,17.707,0.77068,6.5218
0.0828,17.336,0.85535,6.4675
0.0829,16.833,0.93395,6.3805
0.083,16.234,1.0034,6.2654
0.0831,15.619,1.0623,6.1327
0.0832,15.067,1.1119,5.9916
0.0833,14.635,1.1546,5.8393
0.0834,14.355,1.1923,5.644
0.0835,14.219,1.2264,5.3766
0.0836,14.17,1.2577,5.0498
0.0837,14.129,1.2837,4.7009
0.0838,14.012,1.3015,4.3927
0.0839,13.745,1.3097,4.156
0.084,13.306,1.309,3.9751
0.0841,12.749,1.3034,3.8189
0.0842,12.167,1.2998,3.6618
0.0843,11.648,1.3034,3.4833
0.0844,11.263,1.3153,3.2688
0.0845,11.043,1.3353,3.0174
0.0846,10.948,1.3625,2.7391
0.0847,10.895,1.3931,2.4495
0.0848,10.797,1.4211,2.1743
0.0849,10.573,1.4433,1.9481
0.085,10.158,1.4594,1.7896
0.0851,9.5481,1.4708,1.689
0.0852,8.8079,1.4815,1.6177
0.0853,8.0396,1.4957,1.5403
0.0854,7.3513,1.5142,1.4261
0.0855,6.8213,1.5341,1.268
0.0856,6.4502,1.5514,1.0866
0.0857,6.1596,1.5621,0.91223
0.0858,5.8418,1.5629,0.77423
0.0859,5.3991,1.554,0.70057
0.086,4.7606,1.5388,0.7071
0.0861,3.9135,1.5211,0.78726
0.0862,2.9218,1.5052,0.91643
0.0863,1.9008,1.4953,1.0534
0.0864,0.97847,1.4937,1.1493
0.0865,0.25944,1.5006,1.1858
0.0866,-0.22186,1.5151,1.1762
0.0867,-0.52587,1.5333,1.1342
0.0868,-0.7763,1.5486,1.0665
0.0869,-1.1064,1.5571,0.98329
0.087,-1.6154,1.5596,0.90031
0.0871,-2.3284,1.5579,0.83203
0.0872,-3.1799,1.5525,0.78788
0.0873,-4.0527,1.545,0.7655
0.0874,-4.8346,1.5351,0.73416
0.0875,-5.4501,1.5196,0.66766
0.0876,-5.8819,1.4983,0.5866
0.0877,-6.18,1.4724,0.50757
0.0878,-6.4416,1.4414,0.42937
0.0879,-6.7696,1.4043,0.34354
0.088,-7.2393,1.362,0.2431
0.0881,-7.871,1.3157,0.12747
0.0882,-8.6099,1.2663,0.0021381
0.0883,-9.35,1.216,-0.12287
0.0884,-9.9902,1.169,-0.23743
0.0885,-10.472,1.1276,-0.33632
0.0886,-10.788,1.0921,-0.42079
0.0887,-10.982,1.0629,-0.49507
0.0888,-11.134,1.0403,-0.56479
0.0889,-11.321,1.0233,-0.63546
0.089,-11.589,1.0107,-0.70953
0.0891,-11.948,1.0002,-0.78527
0.0892,-12.372,0.98679,-0.86015
0.0893,-12.814,0.96612,-0.93184
0.0894,-13.227,0.93647,-0.99739
0.0895,-13.581,0.89777,-1.0545
0.0896,-13.868,0.85076,-1.1038
0.0897,-14.105,0.79797,-1.1472
0.0898,-14.33,0.74238,-1.1863
0.0899,-14.572,0.68568,-1.2223
0.09,-14.83,0.62936,-1.2545
0.0901,-15.079,0.57519,-1.2788
0.0902,-15.281,0.52344,-1.2919
0.0903,-15.401,0.47335,-1.2931
0.0904,-15.422,0.4249,-1.2842
0.0905,-15.357,0.37814,-1.268
0.0906,-15.235,0.33277,-1.2492
0.0907,-15.084,0.29002,-1.2307
0.0908,-14.932,0.25247,-1.2128
0.0909,-14.792,0.22111,-1.1942
0.091,-14.655,0.19512,-1.173
0.0911,-14.502,0.1732,-1.1467
0.0912,-14.314,0.15312,-1.1132
0.0913,-14.078,0.13189,-1.0723
0.0914,-13.793,0.10781,-1.0252
0.0915,-13.48,0.080332,-0.973
0.0916,-13.166,0.048432,-0.91776
0.0917,-12.876,0.011291,-0.86169
0.0918,-12.618,-0.030306,-0.80459
0.0919,-12.376,-0.075089,-0.74366
0.092,-12.11,-0.12201,-0.67583
0.0921,-11.774,-0.16925,-0.59822
0.0922,-11.333,-0.21456,-0.50904
0.0923,-10.772,-0.25661,-0.40896
0.0924,-10.1,-0.29428,-0.30077
0.0925,-9.3481,-0.32588,-0.18715
0.0926,-8.5554,-0.35037,-0.070498
0.0927,-7.7589,-0.36795,0.046829
0.0928,-6.9837,-0.37948,0.16335
0.0929,-6.2402,-0.38682,0.27876
0.093,-5.5208,-0.39288,0.39266
0.0931,-4.8045,-0.39989,0.50498
0.0932,-4.0698,-0.40847,0.61657
0.0933,-3.3038,-0.41841,0.72846
0.0934,-2.504,-0.42898,0.84107
0.0935,-1.6797,-0.43895,0.95534
0.0936,-0.84773,-0.4477,1.0725
0.0937,-0.020559,-0.45575,1.1935
0.0938,0.80009,-0.46376,1.319
0.0939,1.621,-0.47243,1.4504
0.094,2.4548,-0.48311,1.5874
0.0941,3.3157,-0.49678,1.7283
0.0942,4.213,-0.51288,1.8713
0.0943,5.1478,-0.52992,2.015
0.0944,6.1174,-0.54586,2.1582
0.0945,7.1151,-0.55774,2.301
0.0946,8.1294,-0.56293,2.444
0.0947,9.149,-0.56072,2.5878
0.0948,10.165,-0.55196,2.7315
0.0949,11.171,-0.53812,2.8742
0.095,12.16,-0.52132,3.0143
0.0951,13.126,-0.50377,3.1501
0.0952,14.064,-0.4866,3.2801
0.0953,14.964,-0.47017,3.4045
0.0954,15.819,-0.45503,3.5238
0.0955,16.63,-0.44165,3.6398
0.0956,17.404,-0.43034,3.7551
0.0957,18.153,-0.42216,3.8724
0.0958,18.894,-0.41953,3.9933
0.0959,19.64,-0.42633,4.1186
0.096,20.397,-0.44934,4.2483
0.0961,21.166,-0.50008,4.3823
0.0962,21.948,-0.59143,4.5212
0.0963,22.734,-0.7168,4.6659
0.0964,23.501,-0.83359,4.8138
0.0965,24.209,-0.90093,4.9578
0.0966,24.82,-0.91452,5.0919
0.0967,25.323,-0.89713,5.2136
0.0968,25.736,-0.87983,5.3223
0.0969,26.096,-0.89177,5.4213
0.097,26.443,-0.95159,5.5184
0.0971,26.808,-1.0606,5.6208
0.0972,27.191,-1.2015,5.73
0.0973,27.553,-1.3409,5.8419
0.0974,27.832,-1.4346,5.9492
0.0975,27.968,-1.4457,6.0421
0.0976,27.916,-1.3645,6.1111
0.0977,27.668,-1.2105,6.1518
0.0978,27.263,-1.0228,6.1664
0.0979,26.778,-0.84921,6.1635
0.098,26.299,-0.72487,6.1574
0.0981,25.894,-0.65594,6.1627
0.0982,25.583,-0.62564,6.1855
0.0983,25.326,-0.60532,6.2216
0.0984,25.041,-0.55929,6.259
0.0985,24.644,-0.45651,6.281
0.0986,24.078,-0.28925,6.2729
0.0987,23.331,-0.077568,6.2291
0.0988,22.457,0.14031,6.1554
0.0989,21.556,0.32583,6.0667
0.099,20.738,0.46487,5.9823
0.0991,20.079,0.56922,5.918
0.0992,19.596,0.65593,5.8784
0.0993,19.237,0.73534,5.8572
0.0994,18.905,0.811,5.8407
0.0995,18.507,0.88234,5.8117
0.0996,17.979,0.94686,5.7549
0.0997,17.314,1.0021,5.6644
0.0998,16.559,1.0473,5.5448
0.0999,15.803,1.0836,5.4042
0.1,15.133,1.1139,5.2444
0.1001,14.606,1.1407,5.047
0.1002,14.247,1.1662,4.7949
0.1003,14.029,1.1926,4.5064
0.1004,13.886,1.2192,4.1925
0.1005,13.741,1.2423,3.8761
0.1006,13.515,1.2593,3.6018
0.1007,13.149,1.2692,3.3891
0.1008,12.637,1.2728,3.2223
0.1009,12.035,1.2733,3.0722
0.101,11.426,1.2763,2.9139
0.1011,10.886,1.286,2.7287
0.1012,10.47,1.3031,2.5053
0.1013,10.191,1.3263,2.2444
0.1014,10.004,1.3532,1.9588
0.1015,9.8288,1.3797,1.6705
0.1016,9.583,1.4008,1.4114
0.1017,9.1977,1.4145,1.2138
0.1018,8.6326,1.4219,1.0908
0.1019,7.9034,1.4258,1.0276
0.102,7.0818,1.4307,0.99194
0.1021,6.2662,1.4405,0.94638
0.1022,5.5524,1.4554,0.86271
0.1023,5.0015,1.4725,0.73592
0.1024,4.604,1.4879,0.58382
0.1025,4.2806,1.4978,0.43416
0.1026,3.924,1.4995,0.31711
0.1027,3.4375,1.4933,0.26056
0.1028,2.759,1.482,0.27657
0.1029,1.8873,1.4689,0.351
0.103,0.89457,1.4578,0.44775
0.1031,-0.099628,1.4522,0.52415
0.1032,-0.97436,1.4536,0.56187
0.1033,-1.6514,1.4618,0.56953
0.1034,-2.1274,1.4745,0.55583
0.1035,-2.4765,1.4869,0.5219
0.1036,-2.8161,1.4938,0.46786
0.1037,-3.2584,1.4934,0.39948
0.1038,-3.871,1.4868,0.32916
0.1039,-4.6497,1.4755,0.26921
0.104,-5.5173,1.4607,0.21868
0.1041,-6.3602,1.4432,0.15339
0.1042,-7.0805,1.4229,0.063664
0.1043,-7.6275,1.3999,-0.030437
0.1044,-8.0086,1.3738,-0.11729
0.1045,-8.2882,1.3449,-0.19823
0.1046,-8.565,1.3127,-0.28086
0.1047,-8.9322,1.2772,-0.37375
0.1048,-9.442,1.2391,-0.481
0.1049,-10.087,1.1987,-0.60027
0.105,-10.805,1.1565,-0.7243
0.1051,-11.503,1.1142,-0.84404
0.1052,-12.103,1.0738,-0.95194
0.1053,-12.565,1.0366,-1.0453
0.1054,-12.897,1.0027,-1.1262
0.1055,-13.145,0.97284,-1.1994
0.1056,-13.381,0.94702,-1.27
0.1057,-13.663,0.9249,-1.3411
0.1058,-14.016,0.90546,-1.4127
0.1059,-14.433,0.88636,-1.4819
0.106,-14.876,0.86422,-1.5452
0.1061,-15.297,0.83625,-1.6005
0.1062,-15.661,0.80085,-1.6473
0.1063,-15.954,0.75748,-1.6867
0.1064,-16.186,0.70729,-1.7211
0.1065,-16.383,0.65289,-1.7535
0.1066,-16.579,0.59694,-1.7854
0.1067,-16.792,0.54155,-1.8163
0.1068,-17.012,0.48855,-1.8435
0.1069,-17.212,0.43868,-1.863
0.107,-17.361,0.3915,-1.8721
0.1071,-17.432,0.34645,-1.8699
0.1072,-17.417,0.30318,-1.8582
0.1073,-17.334,0.26091,-1.8404
0.1074,-17.212,0.21933,-1.8203
0.1075,-17.079,0.17959,-1.8002
0.1076,-16.956,0.14314,-1.7798
0.1077,-16.843,0.11047,-1.757
0.1078,-16.722,0.081438,-1.7285
0.1079,-16.567,0.055323,-1.6917
0.108,-16.356,0.030321,-1.6452
0.1081,-16.08,0.0043505,-1.59
0.1082,-15.748,-0.023726,-1.5283
0.1083,-15.385,-0.054484,-1.4628
0.1084,-15.019,-0.088487,-1.3959
0.1085,-14.673,-0.12574,-1.329
0.1086,-14.348,-0.16553,-1.2617
0.1087,-14.03,-0.20713,-1.1915
0.1088,-13.681,-0.24967,-1.1157
0.1089,-13.262,-0.29171,-1.0319
0.109,-12.747,-0.33158,-0.9391
0.1091,-12.127,-0.3679,-0.83792
0.1092,-11.414,-0.39941,-0.73044
0.1093,-10.64,-0.42512,-0.61898
0.1094,-9.8413,-0.44463,-0.50543
0.1095,-9.0495,-0.45828,-0.39088
0.1096,-8.2806,-0.46728,-0.27538
0.1097,-7.5358,-0.47373,-0.15853
0.1098,-6.8014,-0.47999,-0.040193
0.1099,-6.0567,-0.4877,0.079429
0.11,-5.2849,-0.49759,0.20017
0.1101,-4.4778,-0.50935,0.32177
0.1102,-3.6363,-0.52167,0.44411
0.1103,-2.771,-0.53315,0.56756
0.1104,-1.8961,-0.54309,0.69297
0.1105,-1.8146,-0.57628,0.70194
0.1106,-1.7827,-0.61073,0.70642
0.1107,-1.7538,-0.64696,0.71374
0.1108,-1.7274,-0.68307,0.71813
0.1109,-1.6982,-0.7153,0.71428
0.111,-1.6641,-0.74798,0.70472
0.1111,-1.6246,-0.78542,0.69217
0.1112,-1.583,-0.81996,0.67158
0.1113,-1.5428,-0.84373,0.64014
0.1114,-1.5073,-0.86044,0.60439
0.1115,-1.4759,-0.87445,0.57016
0.1116,-1.4485,-0.88471,0.53737
0.1117,-1.4248,-0.89186,0.50572
0.1118,-1.4019,-0.89769,0.47387
0.1119,-1.3777,-0.90105,0.43963
0.112,-1.3527,-0.90322,0.40415
0.1121,-1.3266,-0.90853,0.37133
0.1122,-1.301,-0.91625,0.34181
0.1123,-1.2774,-0.92282,0.31399
0.1124,-1.2568,-0.92899,0.28938
0.1125,-1.2367,-0.9385,0.26901
0.1126,-1.2164,-0.95084,0.251
0.1127,-1.1942,-0.96509,0.23267
0.1128,-1.1691,-0.98051,0.2122
0.1129,-1.1391,-0.99434,0.18506
0.113,-1.1076,-1.0059,0.15391
0.1131,-1.0756,-1.0142,0.11816
0.1132,-1.0467,-1.0158,0.078405
0.1133,-1.0228,-1.0081,0.034322
0.1134,-1.0046,-0.99396,-0.010242
0.1135,-0.99013,-0.97846,-0.052049
0.1136,-0.97698,-0.96103,-0.093817
0.1137,-0.96306,-0.94011,-0.13908
0.1138,-0.94748,-0.91752,-0.18656
0.1139,-0.93001,-0.89451,-0.23486
0.114,-0.9126,-0.86942,-0.28359
0.1141,-0.8964,-0.84297,-0.33068
0.1142,-0.88331,-0.81602,-0.37323
0.1143,-0.87475,-0.78691,-0.41165
0.1144,-0.87081,-0.75578,-0.44605
0.1145,-0.86877,-0.72706,-0.47503
0.1146,-0.86644,-0.7025,-0.49945
0.1147,-0.8617,-0.68052,-0.5233
0.1148,-0.85314,-0.66085,-0.54846
0.1149,-0.84005,-0.64377,-0.57555
0.115,-0.82442,-0.62614,-0.60583
0.1151,-0.80846,-0.60523,-0.63972
0.1152,-0.7942,-0.58071,-0.67541
0.1153,-0.78274,-0.55206,-0.71221
0.1154,-0.7748,-0.51853,-0.75007
0.1155,-0.7691,-0.48178,-0.78853
0.1156,-0.76459,-0.44242,-0.82797
0.1157,-0.76084,-0.39906,-0.86998
0.1158,-0.75825,-0.3524,-0.91326
0.1159,-0.75665,-0.30549,-0.95481
0.116,-0.75683,-0.25863,-0.99342
0.1161,-0.75948,-0.211,-1.0292
0.1162,-0.76493,-0.16379,-1.0605
0.1163,-0.77253,-0.11852,-1.0867
0.1164,-0.78163,-0.07514,-1.1087
0.1165,-0.79062,-0.034912,-1.127
0.1166,-0.79831,0.001009,-1.142
0.1167,-0.80428,0.034091,-1.1557
0.1168,-0.80928,0.066331,-1.1695
0.1169,-0.8139,0.097676,-1.1828
0.117,-0.8194,0.12883,-1.1952
0.1171,-0.82653,0.16116,-1.2071
0.1172,-0.83517,0.19427,-1.2183
0.1173,-0.84401,0.22728,-1.2291
0.1174,-0.85222,0.26139,-1.2414
0.1175,-0.85893,0.29729,-1.2566
0.1176,-0.86411,0.33469,-1.2746
0.1177,-0.86866,0.37443,-1.295
0.1178,-0.87454,0.41757,-1.3171
0.1179,-0.88308,0.46273,-1.3382
0.118,-0.89553,0.50888,-1.356
0.1181,-0.91249,0.5565,-1.3705
0.1182,-0.93357,0.60423,-1.3807
0.1183,-0.95684,0.64857,-1.3853
0.1184,-0.98041,0.68813,-1.3846
0.1185,-1.0025,0.72307,-1.3805
0.1186,-1.0221,0.7528,-1.3733
0.1187,-1.039,0.7776,-1.3633
0.1188,-1.0545,0.79986,-1.3511
0.1189,-1.0699,0.82066,-1.3367
0.119,-1.0862,0.83969,-1.3189
0.1191,-1.1038,0.85772,-1.2985
0.1192,-1.1226,0.87602,-1.277
0.1193,-1.1416,0.89429,-1.2556
0.1194,-1.1598,0.91258,-1.2351
0.1195,-1.1769,0.93198,-1.2169
0.1196,-1.1931,0.95273,-1.2009
0.1197,-1.2087,0.97431,-1.1861
0.1198,-1.2249,0.9973,-1.1717
0.1199,-1.2425,1.0219,-1.157
0.12,-1.2622,1.0473,-1.1405
0.1201,-1.2839,1.0726,-1.1218
0.1202,-1.3075,1.0973,-1.1007
0.1203,-1.3318,1.1195,-1.0765
0.1204,-1.3561,1.138,-1.049
0.1205,-1.3797,1.1531,-1.019
0.1206,-1.403,1.1649,-0.9866
0.1207,-1.4259,1.1727,-0.95084
0.1208,-1.4488,1.1767,-0.91153
0.1209,-1.4716,1.1771,-0.86913
0.121,-1.4936,1.173,-0.82371
0.1211,-1.514,1.165,-0.77652
0.1212,-1.5322,1.1546,-0.73
0.1213,-1.5474,1.1422,-0.6855
0.1214,-1.5599,1.1284,-0.64342
0.1215,-1.5708,1.1151,-0.60447
0.1216,-1.5814,1.1037,-0.56887
0.1217,-1.5925,1.0941,-0.53535
0.1218,-1.605,1.086,-0.5028
0.1219,-1.6198,1.0802,-0.47082
0.122,-1.6366,1.0757,-0.43873
0.1221,-1.6541,1.0701,-0.40569
0.1222,-1.6712,1.0627,-0.37189
0.1223,-1.6873,1.0531,-0.33764
0.1224,-1.702,1.0405,-0.30257
0.1225,-1.7155,1.0245,-0.26641
