0.05,0.28931,-0.61801,0.30973
0.0501,0.30999,-0.61661,0.29068
0.0502,0.33026,-0.61434,0.27131
0.0503,0.35012,-0.61123,0.25163
0.0504,0.36954,-0.60728,0.23166
0.0505,0.3885,-0.60253,0.2114
0.0506,0.40698,-0.59697,0.19083
0.0507,0.42496,-0.59064,0.16994
0.0508,0.44243,-0.58353,0.14873
0.0509,0.45936,-0.57568,0.12722
0.051,0.47571,-0.5671,0.10541
0.0511,0.49146,-0.55781,0.083343
0.0512,0.50653,-0.54784,0.061043
0.0513,0.52087,-0.5372,0.038553
0.0514,0.53443,-0.52592,0.015915
0.0515,0.54714,-0.51402,-0.0068213
0.0516,0.55892,-0.50151,-0.029603
0.0517,0.56972,-0.48841,-0.052379
0.0518,0.57948,-0.47474,-0.075103
0.0519,0.58815,-0.46051,-0.097726
0.052,0.59569,-0.44572,-0.12021
0.0521,0.60209,-0.43039,-0.14251
0.0522,0.60733,-0.41453,-0.16461
0.0523,0.61143,-0.39814,-0.18648
0.0524,0.6144,-0.38123,-0.20811
0.0525,0.6163,-0.36382,-0.22949
0.0526,0.61714,-0.34592,-0.25061
0.0527,0.617,-0.32754,-0.27148
0.0528,0.61592,-0.30871,-0.29208
0.0529,0.61396,-0.28945,-0.3124
0.053,0.61116,-0.26978,-0.33245
0.0531,0.60758,-0.24974,-0.3522
0.0532,0.60326,-0.22936,-0.37163
0.0533,0.59822,-0.20867,-0.3907
0.0534,0.59249,-0.18769,-0.40937
0.0535,0.58608,-0.16643,-0.4276
0.0536,0.579,-0.14493,-0.44532
0.0537,0.57124,-0.12321,-0.46246
0.0538,0.5628,-0.1013,-0.47897
0.0539,0.55367,-0.079238,-0.49476
0.054,0.54384,-0.057041,-0.50976
0.0541,0.5333,-0.034737,-0.52391
0.0542,0.52205,-0.01235,-0.53715
0.0543,0.51009,0.010095,-0.54941
0.0544,0.49742,0.032577,-0.56065
0.0545,0.48407,0.05507,-0.57083
0.0546,0.47006,0.077551,-0.57994
0.0547,0.45542,0.099991,-0.58795
0.0548,0.44017,0.12237,-0.59488
0.0549,0.42437,0.14465,-0.60074
0.055,0.40805,0.16681,-0.60556
0.0551,0.39124,0.18881,-0.60936
0.0552,0.37398,0.21063,-0.61219
0.0553,0.35632,0.23222,-0.61408
0.0554,0.33826,0.25358,-0.61505
0.0555,0.31983,0.27465,-0.61513
0.0556,0.30105,0.29541,-0.61436
0.0557,0.28192,0.31583,-0.61273
0.0558,0.26246,0.33589,-0.61027
0.0559,0.24265,0.35555,-0.60698
0.056,0.22252,0.37479,-0.60285
0.0561,0.20205,0.39357,-0.5979
0.0562,0.18123,0.41187,-0.59213
0.0563,0.16007,0.42965,-0.58554
0.0564,0.13856,0.44687,-0.57816
0.0565,0.11675,0.4635,-0.56999
0.0566,0.094659,0.47949,-0.56107
0.0567,0.072336,0.49479,-0.55141
0.0568,0.049824,0.50935,-0.54105
0.0569,0.027178,0.52312,-0.53002
0.057,0.0044477,0.53606,-0.51836
0.0571,-0.018313,0.5481,-0.50609
0.0572,-0.041054,0.55921,-0.49324
0.0573,-0.063727,0.56934,-0.47985
0.0574,-0.086295,0.57846,-0.46592
0.0575,-0.10872,0.58652,-0.45147
0.0576,-0.13098,0.59351,-0.43651
0.0577,-0.15306,0.59943,-0.42104
0.0578,-0.17493,0.60428,-0.40506
0.0579,-0.1966,0.60807,-0.38857
0.058,-0.21806,0.61081,-0.37157
0.0581,-0.23931,0.61253,-0.35406
0.0582,-0.26033,0.61327,-0.33604
0.0583,-0.28112,0.61305,-0.31753
0.0584,-0.30167,0.61192,-0.29854
0.0585,-0.32196,0.60991,-0.27909
0.0586,-0.34196,0.60705,-0.2592
0.0587,-0.36164,0.60338,-0.23892
0.0588,-0.38095,0.59893,-0.21829
0.0589,-0.39985,0.59372,-0.19734
0.059,-0.41828,0.58777,-0.1761
0.0591,-0.43618,0.5811,-0.15459
0.0592,-0.45349,0.57372,-0.13286
0.0593,-0.47015,0.56563,-0.11097
0.0594,-0.48609,0.55684,-0.08893
0.0595,-0.50125,0.54735,-0.066787
0.0596,-0.51559,0.53717,-0.044565
0.0597,-0.52903,0.5263,-0.022287
0.0598,-0.54157,0.51475,3.1572e-05
0.0599,-0.55314,0.50253,0.022377
0.06,-0.56374,0.48965,0.044735
0.0601,-0.57333,0.47612,0.067096
0.0602,-0.58191,0.46196,0.089448
0.0603,-0.58947,0.4472,0.11177
0.0604,-0.59602,0.43186,0.13406
0.0605,-0.60157,0.41596,0.15627
0.0606,-0.60613,0.39954,0.17839
0.0607,-0.60973,0.38262,0.20039
0.0608,-0.61237,0.36522,0.22222
0.0609,-0.61409,0.34738,0.24385
0.061,-0.61488,0.32911,0.26524
0.0611,-0.61477,0.31044,0.28634
0.0612,-0.61377,0.29139,0.30711
0.0613,-0.61188,0.27196,0.32751
0.0614,-0.60911,0.25219,0.34751
0.0615,-0.60547,0.23208,0.36705
0.0616,-0.60097,0.21164,0.38612
0.0617,-0.59562,0.19089,0.40468
0.0618,-0.58943,0.16982,0.42269
0.0619,-0.58244,0.14843,0.44014
0.062,-0.57467,0.12677,0.45699
0.0621,-0.56614,0.10485,0.47321
0.0622,-0.55688,0.082711,0.48877
0.0623,-0.54694,0.060382,0.50364
0.0624,-0.53634,0.037905,0.51776
0.0625,-0.52511,0.015317,0.53111
0.0626,-0.51328,-0.0073407,0.54364
0.0627,-0.50088,-0.03003,0.5553
0.0628,-0.48791,-0.05271,0.56603
0.0629,-0.4744,-0.075348,0.5758
0.063,-0.46034,-0.097909,0.58456
0.0631,-0.44573,-0.12036,0.59226
0.0632,-0.43059,-0.14268,0.5989
0.0633,-0.41489,-0.16485,0.60445
0.0634,-0.39865,-0.18684,0.60891
0.0635,-0.38187,-0.20863,0.61228
0.0636,-0.36454,-0.23021,0.61459
0.0637,-0.34668,-0.25157,0.61585
0.0638,-0.2987,-1.3496,0.58404
0.0639,-0.26484,-1.9519,0.56767
0.064,-0.2346,-2.446,0.55338
0.0641,-0.20244,-2.8889,0.5362
0.0642,-0.16635,-3.263,0.51686
0.0643,-0.13398,-3.56,0.50108
0.0644,-0.1074,-3.8271,0.48797
0.0645,-0.076511,-4.1101,0.47117
0.0646,-0.038681,-4.4173,0.44956
0.0647,-0.0035482,-4.7316,0.42886
0.0648,0.025625,-5.0216,0.41158
0.0649,0.054672,-5.2935,0.39498
0.065,0.081124,-5.5133,0.37977
0.0651,0.10692,-5.6971,0.36488
0.0652,0.13275,-5.8207,0.35022
0.0653,0.15756,-5.8965,0.3368
0.0654,0.17975,-5.9609,0.32454
0.0655,0.20202,-6.0401,0.31187
0.0656,0.22648,-6.1389,0.29741
0.0657,0.25098,-6.246,0.28263
0.0658,0.2727,-6.332,0.26864
0.0659,0.29259,-6.3719,0.25558
0.066,0.31205,-6.3628,0.24259
0.0661,0.3315,-6.3005,0.22956
0.0662,0.35015,-6.1597,0.2166
0.0663,0.36704,-5.926,0.20492
0.0664,0.38229,-5.6217,0.19428
0.0665,0.39897,-5.2849,0.18288
0.0666,0.41712,-4.9375,0.17032
0.0667,0.43217,-4.5893,0.15974
0.0668,0.44246,-4.25,0.15166
0.0669,0.45241,-3.9261,0.14354
0.067,0.46318,-3.6092,0.13449
0.0671,0.47183,-3.28,0.1267
0.0672,0.47787,-2.9238,0.12025
0.0673,0.48325,-2.5399,0.11426
0.0674,0.48699,-2.13,0.10897
0.0675,0.48829,-1.6882,0.10483
0.0676,0.48852,-1.2102,0.10071
0.0677,0.48775,-0.70502,0.096867
0.0678,0.48417,-0.18286,0.093993
0.0679,0.47889,0.35397,0.091543
0.068,0.47373,0.90551,0.088351
0.0681,0.46816,1.4745,0.085044
0.0682,0.46123,2.075,0.081926
0.0683,0.45398,2.7194,0.078879
0.0684,0.4463,3.4016,0.076051
0.0685,0.43713,4.1068,0.074127
0.0686,0.42588,4.831,0.072982
0.0687,0.41222,5.5719,0.073084
0.0688,0.39581,6.3167,0.074481
0.0689,0.37847,7.0508,0.07613
0.069,0.3614,7.7695,0.077186
0.0691,0.34305,8.4737,0.078994
0.0692,0.32216,9.1648,0.082092
0.0693,0.30034,9.8462,0.085563
0.0694,0.27792,10.527,0.088985
0.0695,0.25349,11.217,0.093331
0.0696,0.22693,11.926,0.098373
0.0697,0.19951,12.651,0.1035
0.0698,0.17103,13.384,0.10857
0.0699,0.14158,14.127,0.11358
0.07,0.11255,14.883,0.11758
0.0701,0.084542,15.648,0.12055
0.0702,0.056729,16.418,0.12283
0.0703,0.029197,17.192,0.1245
0.0704,0.0019773,17.964,0.12547
0.0705,-0.026388,18.728,0.1266
0.0706,-0.056228,19.481,0.12776
0.0707,-0.086246,20.224,0.12834
0.0708,-0.11651,20.952,0.12833
0.0709,-0.14747,21.654,0.12798
0.071,-0.17859,22.33,0.12682
0.0711,-0.20988,22.982,0.12512
0.0712,-0.24248,23.61,0.12364
0.0713,-0.27592,24.218,0.12265
0.0714,-0.30925,24.811,0.12236
0.0715,-0.34333,25.391,0.12455
0.0716,-0.37903,25.957,0.1309
0.0717,-0.41489,26.507,0.14181
0.0718,-0.4499,27.041,0.15698
0.0719,-0.4844,27.56,0.17618
0.072,-0.51806,28.067,0.19806
0.0721,-0.54993,28.56,0.22086
0.0722,-0.58065,29.038,0.2439
0.0723,-0.61113,29.497,0.26722
0.0724,-0.64116,29.94,0.29039
0.0725,-0.67058,30.362,0.31333
0.0726,-0.6997,30.76,0.33613
0.0727,-0.72811,31.128,0.35861
0.0728,-0.75564,31.459,0.38059
0.0729,-0.7829,31.747,0.40235
0.073,-0.81021,31.989,0.42374
0.0731,-0.83729,32.189,0.44449
0.0732,-0.86461,32.353,0.46474
0.0733,-0.89251,32.485,0.48462
0.0734,-0.92058,32.59,0.50383
0.0735,-0.94884,32.676,0.52257
0.0736,-0.9777,32.742,0.54109
0.0737,-1.0062,32.791,0.55891
0.0738,-1.0331,32.824,0.57543
0.0739,-1.0588,32.838,0.59102
0.074,-1.0836,32.83,0.60589
0.0741,-1.1069,32.794,0.61975
0.0742,-1.1289,32.728,0.63267
0.0743,-1.1504,32.631,0.64519
0.0744,-1.1712,32.505,0.65712
0.0745,-1.1904,32.353,0.66821
0.0746,-1.2086,32.174,0.67884
0.0747,-1.2263,31.965,0.68934
0.0748,-1.2436,31.727,0.6995
0.0749,-1.2606,31.456,0.70953
0.075,-1.2786,31.151,0.71968
0.0751,-1.2977,30.811,0.7298
0.0752,-1.3182,30.437,0.73969
0.0753,-1.341,30.027,0.74963
0.0754,-1.3667,29.584,0.75948
0.0755,-1.3947,29.113,0.76887
0.0756,-1.4248,28.622,0.77771
0.0757,-1.4568,28.117,0.78605
0.0758,-1.4894,27.604,0.79363
0.0759,-1.5215,27.084,0.80051
0.076,-1.5521,26.556,0.80701
0.0761,-1.5792,26.017,0.813
0.0762,-1.6003,25.463,0.81806
0.0763,-1.6141,24.889,0.82219
0.0764,-1.6196,24.293,0.82533
0.0765,-1.6156,23.67,0.8272
0.0766,-1.6025,23.018,0.82781
0.0767,-1.581,22.337,0.82749
0.0768,-1.5519,21.632,0.82622
0.0769,-1.5165,20.907,0.82404
0.077,-1.477,20.165,0.82126
0.0771,-1.4347,19.407,0.81805
0.0772,-1.3907,18.637,0.81429
0.0773,-1.3461,17.852,0.81009
0.0774,-1.3018,17.053,0.80549
0.0775,-1.258,16.242,0.80019
0.0776,-1.2149,15.424,0.79409
0.0777,-1.1732,14.599,0.78755
0.0778,-1.1333,13.773,0.78068
0.0779,-1.0948,12.951,0.77347
0.078,-1.058,12.136,0.76618
0.0781,-1.0228,11.333,0.75901
0.0782,-0.98853,10.543,0.75162
0.0783,-0.95454,9.7657,0.74396
0.0784,-0.92095,8.9971,0.73622
0.0785,-0.88745,8.2332,0.72835
0.0786,-0.85354,7.4704,0.72006
0.0787,-0.81937,6.7067,0.71147
0.0788,-0.78526,5.9419,0.7027
0.0789,-0.751,5.1779,0.69353
0.079,-0.71661,4.4166,0.68393
0.0791,-0.68253,3.6607,0.67407
0.0792,-0.64878,2.9145,0.66385
0.0793,-0.61499,2.1827,0.65304
0.0794,-0.58115,1.4684,0.64165
0.0795,-0.54733,0.77412,0.62975
0.0796,-0.51339,0.10185,0.61729
0.0797,-0.47947,-0.54875,0.60443
0.0798,-0.4459,-1.1785,0.59137
0.0799,-0.41261,-1.7864,0.57808
0.08,-0.37945,-2.3712,0.56448
0.0801,-0.34644,-2.9323,0.5507
0.0802,-0.31346,-3.469,0.53666
0.0803,-0.28028,-3.9804,0.52229
0.0804,-0.24707,-4.4664,0.50776
0.0805,-0.21399,-4.9272,0.4932
0.0806,-0.18089,-5.3627,0.4785
0.0807,-0.14785,-5.7732,0.46373
0.0808,-0.11528,-6.1605,0.4491
0.0809,-0.083207,-6.5265,0.43457
0.081,-0.051552,-6.8723,0.41998
0.0811,-0.020528,-7.1988,0.4054
0.0812,0.0098108,-7.5045,0.39078
0.0813,0.039772,-7.7868,0.37587
0.0814,0.06933,-8.0428,0.3607
0.0815,0.098108,-8.2703,0.34548
0.0816,0.12603,-8.4664,0.33026
0.0817,0.15315,-8.629,0.31504
0.0818,0.17929,-8.7572,0.30001
0.0819,0.20444,-8.8507,0.28522
0.082,0.22896,-8.91,0.27055
0.0821,0.25294,-8.9375,0.25608
0.0822,0.27622,-8.9362,0.24196
0.0823,0.29891,-8.9081,0.22819
0.0824,0.32109,-8.8542,0.21475
0.0825,0.34251,-8.7754,0.20185
0.0826,0.36305,-8.6716,0.18951
0.0827,0.38274,-8.5424,0.17771
0.0828,0.40143,-8.3878,0.1665
0.0829,0.4189,-8.2082,0.15595
0.083,0.43531,-8.0032,0.14587
0.0831,0.45079,-7.7726,0.13613
0.0832,0.46524,-7.5165,0.12676
0.0833,0.47863,-7.2352,0.1177
0.0834,0.49096,-6.9292,0.10888
0.0835,0.502,-6.5991,0.1004
0.0836,0.51158,-6.2449,0.092299
0.0837,0.51979,-5.8657,0.08449
0.0838,0.5267,-5.4608,0.076948
0.0839,0.53228,-5.0303,0.069747
0.084,0.53666,-4.574,0.062856
0.0841,0.53996,-4.0927,0.056299
0.0842,0.54205,-3.5879,0.05024
0.0843,0.54291,-3.061,0.044778
0.0844,0.54261,-2.5133,0.039925
0.0845,0.54101,-1.9471,0.03582
0.0846,0.53791,-1.365,0.032569
0.0847,0.53334,-0.76932,0.0301
0.0848,0.52733,-0.16156,0.02834
0.0849,0.51972,0.45726,0.027292
0.085,0.51062,1.0872,0.02681
0.0851,0.50017,1.7292,0.026727
0.0852,0.48828,2.3835,0.027064
0.0853,0.47475,3.0505,0.027868
0.0854,0.45968,3.7304,0.029035
0.0855,0.44311,4.4228,0.030515
0.0856,0.42499,5.1271,0.032327
0.0857,0.40548,5.8419,0.034378
0.0858,0.38489,6.5654,0.036529
0.0859,0.36328,7.2952,0.038806
0.086,0.34069,8.0293,0.041247
0.0861,0.3173,8.7664,0.043806
0.0862,0.29321,9.5056,0.046504
0.0863,0.26838,10.246,0.049449
0.0864,0.24282,10.987,0.052657
0.0865,0.21663,11.728,0.056113
0.0866,0.18975,12.468,0.059842
0.0867,0.1622,13.203,0.06378
0.0868,0.13414,13.933,0.067748
0.0869,0.10561,14.655,0.07161
0.087,0.076601,15.368,0.075245
0.0871,0.047113,16.071,0.07848
0.0872,0.017108,16.761,0.081187
0.0873,-0.013562,17.438,0.083319
0.0874,-0.044905,18.102,0.084791
0.0875,-0.076816,18.754,0.085546
0.0876,-0.10925,19.393,0.08569
0.0877,-0.14215,20.02,0.085449
0.0878,-0.17533,20.633,0.085118
0.0879,-0.20868,21.23,0.08518
0.088,-0.24217,21.81,0.086266
0.0881,-0.27569,22.369,0.089004
0.0882,-0.30907,22.906,0.093946
0.0883,-0.34234,23.417,0.1016
0.0884,-0.37548,23.901,0.11227
0.0885,-0.40836,24.354,0.12594
0.0886,-0.4409,24.777,0.14243
0.0887,-0.4731,25.167,0.16137
0.0888,-0.50484,25.525,0.18226
0.0889,-0.53608,25.849,0.20457
0.089,-0.56695,26.139,0.22793
0.0891,-0.59755,26.393,0.25195
0.0892,-0.62783,26.611,0.27628
0.0893,-0.65787,26.792,0.3006
0.0894,-0.68769,26.933,0.32466
0.0895,-0.71725,27.035,0.34816
0.0896,-0.74645,27.096,0.37087
0.0897,-0.77536,27.116,0.39266
0.0898,-0.80394,27.096,0.41346
0.0899,-0.83213,27.035,0.43317
0.09,-0.85991,26.934,0.45186
0.0901,-0.88731,26.793,0.4696
0.0902,-0.91424,26.611,0.48647
0.0903,-0.94064,26.386,0.50257
0.0904,-0.96648,26.117,0.51803
0.0905,-0.99165,25.803,0.53293
0.0906,-1.016,25.444,0.54732
0.0907,-1.0396,25.038,0.56128
0.0908,-1.0623,24.587,0.57491
0.0909,-1.0841,24.092,0.58827
0.091,-1.1053,23.554,0.60142
0.0911,-1.1258,22.977,0.61441
0.0912,-1.1458,22.362,0.62719
0.0913,-1.1653,21.714,0.63971
0.0914,-1.1844,21.034,0.6519
0.0915,-1.2032,20.326,0.66368
0.0916,-1.222,19.59,0.67493
0.0917,-1.2409,18.83,0.6856
0.0918,-1.2603,18.049,0.69566
0.0919,-1.2804,17.248,0.70505
0.092,-1.3018,16.432,0.71379
0.0921,-1.3249,15.604,0.72193
0.0922,-1.3502,14.767,0.72954
0.0923,-1.3781,13.923,0.73666
0.0924,-1.4085,13.077,0.74336
0.0925,-1.4412,12.23,0.74975
0.0926,-1.4747,11.385,0.75584
0.0927,-1.5069,10.544,0.76165
0.0928,-1.5349,9.7078,0.76718
0.0929,-1.5555,8.8768,0.77232
0.093,-1.5662,8.0518,0.77692
0.0931,-1.566,7.2332,0.78085
0.0932,-1.5552,6.4222,0.78395
0.0933,-1.5352,5.6199,0.78608
0.0934,-1.5078,4.8281,0.78716
0.0935,-1.4749,4.0485,0.78718
0.0936,-1.4381,3.283,0.78612
0.0937,-1.3986,2.5331,0.78397
0.0938,-1.3574,1.7997,0.78078
0.0939,-1.3153,1.0831,0.77657
0.094,-1.2729,0.38309,0.77137
0.0941,-1.2307,-0.30069,0.76526
0.0942,-1.1891,-0.9685,0.75835
0.0943,-1.1485,-1.62,0.75077
0.0944,-1.109,-2.2546,0.74274
0.0945,-1.0706,-2.8713,0.73453
0.0946,-1.0333,-3.4692,0.72637
0.0947,-0.99712,-4.0477,0.71848
0.0948,-0.96191,-4.6068,0.71097
0.0949,-0.92756,-5.1473,0.70388
0.095,-0.89387,-5.6705,0.69712
0.0951,-0.86067,-6.1779,0.69057
0.0952,-0.82782,-6.6717,0.68409
0.0953,-0.79518,-7.153,0.67751
0.0954,-0.76258,-7.6224,0.67067
0.0955,-0.72996,-8.0798,0.6634
0.0956,-0.69722,-8.5239,0.65557
0.0957,-0.66427,-8.9532,0.64701
0.0958,-0.63106,-9.3662,0.63759
0.0959,-0.59758,-9.7618,0.62724
0.096,-0.56379,-10.14,0.6159
0.0961,-0.52967,-10.5,0.60358
0.0962,-0.49528,-10.843,0.5904
0.0963,-0.46067,-11.17,0.57648
0.0964,-0.42591,-11.482,0.56204
0.0965,-0.39114,-11.78,0.54731
0.0966,-0.3565,-12.064,0.53251
0.0967,-0.32211,-12.334,0.51779
0.0968,-0.28803,-12.587,0.50325
0.0969,-0.25435,-12.825,0.48897
0.097,-0.2211,-13.045,0.47498
0.0971,-0.18827,-13.248,0.46126
0.0972,-0.15587,-13.434,0.44781
0.0973,-0.12389,-13.602,0.43457
0.0974,-0.0923,-13.754,0.42147
0.0975,-0.061068,-13.89,0.40837
0.0976,-0.030189,-14.008,0.39515
0.0977,0.00034063,-14.109,0.38164
0.0978,0.030558,-14.191,0.3677
0.0979,0.060469,-14.253,0.35324
0.098,0.090051,-14.294,0.33819
0.0981,0.11928,-14.311,0.32258
0.0982,0.1481,-14.304,0.30649
0.0983,0.17642,-14.274,0.29009
0.0984,0.20418,-14.222,0.27356
0.0985,0.23127,-14.148,0.2571
0.0986,0.25762,-14.055,0.2409
0.0987,0.28313,-13.942,0.22512
0.0988,0.30778,-13.812,0.2099
0.0989,0.33149,-13.663,0.19538
0.099,0.35418,-13.497,0.18168
0.0991,0.37582,-13.311,0.16886
0.0992,0.39639,-13.105,0.15697
0.0993,0.41586,-12.879,0.14597
0.0994,0.43424,-12.63,0.13578
0.0995,0.45159,-12.358,0.12623
0.0996,0.46795,-12.064,0.11715
0.0997,0.48336,-11.748,0.10833
0.0998,0.49789,-11.409,0.09959
0.0999,0.51156,-11.047,0.090774
0.1,0.52436,-10.664,0.081821
0.1001,0.53627,-10.259,0.072719
0.1002,0.54723,-9.8325,0.063516
0.1003,0.55715,-9.3847,0.054321
0.1004,0.56593,-8.9162,0.045262
0.1005,0.57349,-8.4278,0.03646
0.1006,0.57978,-7.9208,0.028054
0.1007,0.58471,-7.3963,0.020174
0.1008,0.58824,-6.8558,0.01295
0.1009,0.59034,-6.3007,0.0065301
0.101,0.59094,-5.7321,0.0010654
0.1011,0.59002,-5.1508,-0.0033391
0.1012,0.58757,-4.5571,-0.0066372
0.1013,0.58356,-3.9507,-0.008843
0.1014,0.578,-3.3316,-0.010031
0.1015,0.57087,-2.6992,-0.01035
0.1016,0.56221,-2.0533,-0.0099872
0.1017,0.55203,-1.3938,-0.0091422
0.1018,0.54037,-0.72077,-0.0080118
0.1019,0.52729,-0.034919,-0.0067694
0.102,0.51283,0.66274,-0.0055271
0.1021,0.49706,1.3708,-0.0043564
0.1022,0.48005,2.0877,-0.0032914
0.1023,0.46188,2.8115,-0.0023289
0.1024,0.44261,3.5407,-0.0014254
0.1025,0.42232,4.2733,-0.00052271
0.1026,0.40107,5.0079,0.00047361
0.1027,0.37888,5.7428,0.0016909
0.1028,0.35577,6.4765,0.0032693
0.1029,0.33178,7.2078,0.0053286
0.103,0.3069,7.9354,0.0079744
0.1031,0.28115,8.6582,0.011264
0.1032,0.25457,9.3751,0.015187
0.1033,0.22719,10.085,0.019665
0.1034,0.19907,10.787,0.024574
0.1035,0.17025,11.481,0.029724
0.1036,0.1408,12.165,0.034888
0.1037,0.1108,12.839,0.039826
0.1038,0.080277,13.502,0.044311
0.1039,0.049301,14.153,0.048125
0.104,0.017922,14.793,0.051097
0.1041,-0.013832,15.419,0.05312
0.1042,-0.045908,16.03,0.054183
0.1043,-0.07825,16.625,0.054391
0.1044,-0.1108,17.201,0.054027
0.1045,-0.14351,17.756,0.053548
0.1046,-0.17633,18.288,0.053567
0.1047,-0.2092,18.794,0.054773
0.1048,-0.2421,19.273,0.057873
0.1049,-0.275,19.721,0.063421
0.105,-0.30786,20.137,0.071791
0.1051,-0.34066,20.519,0.083138
0.1052,-0.37336,20.868,0.097415
0.1053,-0.40594,21.181,0.11441
0.1054,-0.43834,21.458,0.13379
0.1055,-0.47051,21.699,0.15515
0.1056,-0.50244,21.904,0.17807
0.1057,-0.53406,22.07,0.20206
0.1058,-0.56533,22.199,0.22666
0.1059,-0.59621,22.289,0.25142
0.106,-0.62666,22.341,0.27591
0.1061,-0.65666,22.353,0.29978
0.1062,-0.68622,22.326,0.32274
0.1063,-0.71531,22.26,0.34457
0.1064,-0.74393,22.154,0.36517
0.1065,-0.77211,22.01,0.38454
0.1066,-0.79984,21.825,0.40272
0.1067,-0.82713,21.601,0.41984
0.1068,-0.85397,21.337,0.43605
0.1069,-0.88036,21.033,0.45154
0.107,-0.90626,20.69,0.46648
0.1071,-0.93165,20.307,0.48104
0.1072,-0.95649,19.886,0.49535
0.1073,-0.98074,19.428,0.50953
0.1074,-1.0044,18.937,0.52365
0.1075,-1.0273,18.414,0.53776
0.1076,-1.0496,17.864,0.55187
0.1077,-1.0711,17.287,0.56594
0.1078,-1.0919,16.689,0.57988
0.1079,-1.112,16.071,0.59357
0.108,-1.1315,15.436,0.60685
0.1081,-1.1505,14.786,0.61956
0.1082,-1.169,14.124,0.63153
0.1083,-1.1874,13.451,0.64266
0.1084,-1.2057,12.77,0.65287
0.1085,-1.2245,12.081,0.66215
0.1086,-1.244,11.388,0.67056
0.1087,-1.2648,10.691,0.67818
0.1088,-1.2875,9.9929,0.68516
0.1089,-1.3127,9.2948,0.69166
0.109,-1.3407,8.5983,0.69784
0.1091,-1.3717,7.9048,0.70385
0.1092,-1.4049,7.2154,0.70983
0.1093,-1.4385,6.5312,0.71582
0.1094,-1.4694,5.8528,0.72181
0.1095,-1.4941,5.1807,0.72771
0.1096,-1.5092,4.5152,0.73334
0.1097,-1.5133,3.8563,0.73849
0.1098,-1.5061,3.2044,0.74297
0.1099,-1.4893,2.5599,0.74655
0.11,-1.4649,1.9237,0.74909
0.1101,-1.4351,1.2967,0.75047
0.1102,-1.4016,0.67962,0.75063
0.1103,-1.3656,0.07309,0.74953
0.1104,-1.328,-0.52285,0.74716
0.1105,-1.2892,-1.1085,0.74351
0.1106,-1.2497,-1.6846,0.73863
0.1107,-1.2098,-2.2515,0.73259
0.1108,-1.17,-2.8097,0.72552
0.1109,-1.1305,-3.3589,0.71764
0.111,-1.0918,-3.8984,0.70921
0.1111,-1.0538,-4.427,0.70059
0.1112,-1.0169,-4.9434,0.69211
0.1113,-0.98087,-5.4467,0.68406
0.1114,-0.94578,-5.9364,0.67663
0.1115,-0.91153,-6.4128,0.66987
0.1116,-0.87797,-6.8769,0.6637
0.1117,-0.84498,-7.3299,0.65797
0.1118,-0.81238,-7.7733,0.65246
0.1119,-0.78004,-8.2078,0.64697
0.112,-0.74781,-8.6338,0.64125
0.1121,-0.71558,-9.0506,0.6351
0.1122,-0.6832,-9.4568,0.6283
0.1123,-0.65058,-9.8509,0.62067
0.1124,-0.61762,-10.231,0.61204
0.1125,-0.58426,-10.597,0.60227
0.1126,-0.55048,-10.947,0.59131
0.1127,-0.5163,-11.283,0.57915
0.1128,-0.48178,-11.605,0.5659
0.1129,-0.447,-11.915,0.55176
0.113,-0.4121,-12.214,0.53697
0.1131,-0.37721,-12.502,0.52184
0.1132,-0.34245,-12.78,0.50665
0.1133,-0.30795,-13.045,0.49163
0.1134,-0.2738,-13.297,0.47695
0.1135,-0.24006,-13.534,0.46271
0.1136,-0.20676,-13.755,0.44893
0.1137,-0.17392,-13.959,0.43563
0.1138,-0.14153,-14.146,0.42275
0.1139,-0.10957,-14.317,0.41022
0.114,-0.07798,-14.473,0.39792
0.1141,-0.04673,-14.613,0.38566
0.1142,-0.01576,-14.737,0.37326
0.1143,0.014964,-14.844,0.36048
0.1144,0.045463,-14.934,0.34714
0.1145,0.075765,-15.004,0.33307
0.1146,0.10585,-15.053,0.3182
0.1147,0.13563,-15.079,0.30253
0.1148,0.16505,-15.081,0.28617
0.1149,0.19399,-15.06,0.26929
0.115,0.22238,-15.018,0.25214
0.1151,0.2501,-14.956,0.23496
0.1152,0.27708,-14.875,0.218
0.1153,0.30323,-14.777,0.20147
0.1154,0.32849,-14.663,0.18556
0.1155,0.35278,-14.532,0.17044
0.1156,0.37604,-14.383,0.15626
0.1157,0.39822,-14.215,0.14314
0.1158,0.41928,-14.027,0.13113
0.1159,0.43924,-13.816,0.12019
0.116,0.45813,-13.583,0.11022
0.1161,0.47602,-13.326,0.10103
0.1162,0.49298,-13.045,0.092384
0.1163,0.50911,-12.742,0.083992
0.1164,0.52444,-12.416,0.075604
0.1165,0.53899,-12.068,0.067011
0.1166,0.55276,-11.698,0.058087
0.1167,0.56567,-11.306,0.048796
0.1168,0.57766,-10.892,0.039193
0.1169,0.58863,-10.457,0.029395
0.117,0.59847,-10.001,0.019563
0.1171,0.60709,-9.5243,0.009873
0.1172,0.61442,-9.0286,0.00051509
0.1173,0.62037,-8.5154,-0.0083216
0.1174,0.6249,-7.9862,-0.016461
0.1175,0.62795,-7.4427,-0.023719
0.1176,0.62948,-6.8858,-0.029913
0.1177,0.62946,-6.3163,-0.034903
0.1178,0.6279,-5.7343,-0.038609
0.1179,0.6248,-5.1391,-0.041036
0.118,0.62017,-4.5301,-0.042277
0.1181,0.61405,-3.9065,-0.042503
0.1182,0.60643,-3.2676,-0.041941
0.1183,0.59735,-2.6132,-0.040851
0.1184,0.59994,-2.4139,-0.054072
0.1185,0.60577,-2.3702,-0.071386
0.1186,0.60952,-2.3252,-0.088526
0.1187,0.61312,-2.2809,-0.10787
0.1188,0.61905,-2.2372,-0.13041
0.1189,0.62548,-2.1933,-0.15433
0.119,0.62938,-2.1484,-0.17813
0.1191,0.63286,-2.1038,-0.20299
0.1192,0.639,-2.0606,-0.23049
0.1193,0.64577,-2.0182,-0.25927
0.1194,0.65013,-1.975,-0.28701
0.1195,0.65191,-1.9311,-0.31282
0.1196,0.65131,-1.8868,-0.3369
0.1197,0.64891,-1.8425,-0.3596
0.1198,0.64614,-1.7988,-0.38146
0.1199,0.6428,-1.7558,-0.40198
0.12,0.63692,-1.7129,-0.42016
0.1201,0.62873,-1.6704,-0.4361
0.1202,0.62024,-1.6286,-0.45099
0.1203,0.61119,-1.5875,-0.46489
0.1204,0.60012,-1.5461,-0.47732
0.1205,0.58717,-1.5045,-0.48848
0.1206,0.57317,-1.463,-0.49902
0.1207,0.559,-1.4217,-0.50958
0.1208,0.54552,-1.3806,-0.52092
0.1209,0.53271,-1.3397,-0.533
0.121,0.52002,-1.299,-0.54552
0.1211,0.5085,-1.2591,-0.559
0.1212,0.49917,-1.2205,-0.57389
0.1213,0.49026,-1.1827,-0.58879
0.1214,0.47935,-1.1449,-0.60206
0.1215,0.46702,-1.1077,-0.61369
0.1216,0.45446,-1.0715,-0.62407
0.1217,0.44104,-1.0364,-0.63252
0.1218,0.42621,-1.002,-0.63865
0.1219,0.41023,-0.96865,-0.64245
0.122,0.39245,-0.93597,-0.64361
0.1221,0.37261,-0.90383,-0.64214
0.1222,0.35179,-0.8725,-0.639
0.1223,0.33032,-0.84225,-0.63441
0.1224,0.30714,-0.81259,-0.62797
0.1225,0.28259,-0.78359,-0.61998
