0.05,0.83553,-1.3871,0.52963
0.0501,0.87732,-1.3784,0.4815
0.0502,0.91788,-1.3677,0.43286
0.0503,0.95712,-1.355,0.38377
0.0504,0.99499,-1.3405,0.33431
0.0505,1.0314,-1.3241,0.28453
0.0506,1.0664,-1.3059,0.23444
0.0507,1.0999,-1.2858,0.1841
0.0508,1.1318,-1.2639,0.13351
0.0509,1.1621,-1.2403,0.082676
0.051,1.1909,-1.2149,0.031622
0.0511,1.218,-1.1878,-0.01961
0.0512,1.2435,-1.1591,-0.070981
0.0513,1.2674,-1.1287,-0.12244
0.0514,1.2894,-1.0969,-0.17391
0.0515,1.3098,-1.0635,-0.22531
0.0516,1.3282,-1.0287,-0.27655
0.0517,1.3448,-0.9926,-0.32753
0.0518,1.3594,-0.9552,-0.37813
0.0519,1.3719,-0.91659,-0.42825
0.052,1.3823,-0.87683,-0.47776
0.0521,1.3906,-0.83598,-0.52657
0.0522,1.3966,-0.79409,-0.57457
0.0523,1.4003,-0.75121,-0.62169
0.0524,1.4018,-0.70737,-0.66783
0.0525,1.401,-0.66263,-0.71295
0.0526,1.3979,-0.61702,-0.757
0.0527,1.3925,-0.57059,-0.79994
0.0528,1.385,-0.52337,-0.84176
0.0529,1.3754,-0.47541,-0.88242
0.053,1.3637,-0.42676,-0.92193
0.0531,1.35,-0.37748,-0.96027
0.0532,1.3345,-0.32762,-0.99742
0.0533,1.3171,-0.27727,-1.0334
0.0534,1.298,-0.2265,-1.0681
0.0535,1.2772,-0.17538,-1.1015
0.0536,1.2548,-0.12399,-1.1336
0.0537,1.2308,-0.072394,-1.1642
0.0538,1.2053,-0.020669,-1.1934
0.0539,1.1782,0.031095,-1.2209
0.054,1.1496,0.082816,-1.2467
0.0541,1.1194,0.13441,-1.2707
0.0542,1.0878,0.18581,-1.2929
0.0543,1.0547,0.23694,-1.313
0.0544,1.02,0.28772,-1.331
0.0545,0.98396,0.33811,-1.3469
0.0546,0.94646,0.38803,-1.3606
0.0547,0.9076,0.43743,-1.3721
0.0548,0.86741,0.48625,-1.3813
0.0549,0.82598,0.53445,-1.3883
0.055,0.78338,0.58197,-1.393
0.0551,0.73971,0.62874,-1.3956
0.0552,0.69505,0.67472,-1.396
0.0553,0.64951,0.71984,-1.3943
0.0554,0.60317,0.76405,-1.3907
0.0555,0.55613,0.80727,-1.385
0.0556,0.50846,0.84944,-1.3775
0.0557,0.46023,0.8905,-1.368
0.0558,0.4115,0.93037,-1.3567
0.0559,0.36232,0.969,-1.3435
0.056,0.31272,1.0063,-1.3285
0.0561,0.26275,1.0423,-1.3117
0.0562,0.21242,1.0768,-1.2929
0.0563,0.16177,1.1098,-1.2724
0.0564,0.11083,1.1412,-1.25
0.0565,0.059594,1.1711,-1.2257
0.0566,0.0081238,1.1993,-1.1997
0.0567,-0.043523,1.2258,-1.1719
0.0568,-0.095274,1.2506,-1.1424
0.0569,-0.71283,1.1704,-0.44232
0.057,-1.1209,1.134,0.0042714
0.0571,-1.5088,1.1017,0.42606
0.0572,-1.8848,1.06,0.84512
0.0573,-2.2448,1.0073,1.2589
0.0574,-2.5881,0.95994,1.6503
0.0575,-2.9206,0.92044,2.0226
0.0576,-3.2524,0.86963,2.4054
0.0577,-3.5906,0.80091,2.8123
0.0578,-3.937,0.7317,3.2275
0.0579,-4.2858,0.67037,3.6371
0.058,-4.634,0.61278,4.0422
0.0581,-4.9794,0.55688,4.4425
0.0582,-5.3145,0.50079,4.8326
0.0583,-5.6293,0.44147,5.2054
0.0584,-5.9239,0.38497,5.5551
0.0585,-6.2103,0.33321,5.8919
0.0586,-6.491,0.28056,6.2237
0.0587,-6.7707,0.22014,6.5623
0.0588,-7.0531,0.16062,6.9026
0.0589,-7.3339,0.10631,7.2361
0.059,-7.6086,0.05374,7.5617
0.0591,-7.8781,0.00039022,7.8829
0.0592,-8.1394,-0.054655,8.1976
0.0593,-8.3768,-0.11333,8.492
0.0594,-8.5794,-0.17261,8.7524
0.0595,-8.7476,-0.23097,8.9778
0.0596,-8.8869,-0.29368,9.1787
0.0597,-9.0024,-0.36105,9.3607
0.0598,-9.1042,-0.42258,9.5234
0.0599,-9.2003,-0.47499,9.6714
0.06,-9.2952,-0.52648,9.8175
0.0601,-9.3923,-0.58096,9.9688
0.0602,-9.4921,-0.63406,10.122
0.0603,-9.5879,-0.68563,10.269
0.0604,-9.6747,-0.73745,10.408
0.0605,-9.7497,-0.7874,10.533
0.0606,-9.8067,-0.83462,10.637
0.0607,-9.8374,-0.8808,10.715
0.0608,-9.8429,-0.92265,10.763
0.0609,-9.8291,-0.95742,10.785
0.061,-9.8001,-0.98934,10.789
0.0611,-9.759,-1.0234,10.783
0.0612,-9.7107,-1.058,10.77
0.0613,-9.6519,-1.0934,10.748
0.0614,-9.5771,-1.1322,10.714
0.0615,-9.486,-1.173,10.665
0.0616,-9.3793,-1.2118,10.599
0.0617,-9.2512,-1.2482,10.509
0.0618,-9.0981,-1.2804,10.39
0.0619,-8.9222,-1.3067,10.242
0.062,-8.727,-1.3295,10.071
0.0621,-8.5161,-1.3527,9.8848
0.0622,-8.2988,-1.3742,9.6904
0.0623,-8.0824,-1.3917,9.4928
0.0624,-7.869,-1.4078,9.2968
0.0625,-7.6584,-1.4236,9.1032
0.0626,-7.45,-1.4357,8.908
0.0627,-7.2376,-1.4433,8.7044
0.0628,-7.0147,-1.4473,8.4865
0.0629,-6.778,-1.447,8.2503
0.063,-6.5239,-1.4431,7.993
0.0631,-6.2466,-1.4396,7.7126
0.0632,-5.946,-1.4366,7.4092
0.0633,-5.6266,-1.4326,7.0856
0.0634,-5.2939,-1.4284,6.7481
0.0635,-4.9534,-1.4247,6.4031
0.0636,-4.6118,-1.4183,6.0539
0.0637,-4.2701,-1.4085,5.7011
0.0638,-3.9256,-1.3975,5.3441
0.0639,-3.5765,-1.3854,4.9813
0.064,-3.2227,-1.3708,4.6109
0.0641,-2.8609,-1.3551,4.2313
0.0642,-2.4902,-1.3381,3.8412
0.0643,-2.1128,-1.3172,3.4404
0.0644,-1.7312,-1.2922,3.0312
0.0645,-1.3476,-1.2652,2.618
0.0646,-0.9686,-1.2343,2.2053
0.0647,-0.59927,-1.1979,1.7969
0.0648,-0.24049,-1.1588,1.3964
0.0649,0.10965,-1.1194,1.0044
0.065,0.45381,-1.0792,0.61765
0.0651,0.79878,-1.0393,0.23055
0.0652,1.1511,-1.0009,-0.16225
0.0653,1.5132,-0.9622,-0.56493
0.0654,1.885,-0.92091,-0.97984
0.0655,2.2677,-0.87807,-1.4069
0.0656,2.6583,-0.83383,-1.8431
0.0657,3.0514,-0.78727,-2.2838
0.0658,3.4417,-0.73964,-2.7226
0.0659,3.8243,-0.69306,-3.1524
0.066,4.193,-0.64654,-3.5678
0.0661,4.5454,-0.59927,-3.9673
0.0662,4.8835,-0.55186,-4.3524
0.0663,5.2101,-0.50351,-4.7265
0.0664,5.5265,-0.45196,-5.0934
0.0665,5.8356,-0.39732,-5.4559
0.0666,6.1389,-0.33982,-5.8152
0.0667,6.4353,-0.27888,-6.1709
0.0668,6.7235,-0.21572,-6.5205
0.0669,7.0032,-0.15342,-6.8607
0.067,7.2719,-0.092444,-7.1885
0.0671,7.5269,-0.032227,-7.5016
0.0672,7.7674,0.026517,-7.799
0.0673,7.9946,0.083608,-8.0813
0.0674,8.2098,0.14071,-8.3517
0.0675,8.4175,0.1976,-8.6145
0.0676,8.6222,0.25306,-8.8728
0.0677,8.8251,0.30755,-9.1286
0.0678,9.0252,0.36176,-9.3812
0.0679,9.2207,0.4144,-9.6278
0.068,9.4074,0.46548,-9.8641
0.0681,9.5794,0.51638,-10.086
0.0682,9.7322,0.56716,-10.288
0.0683,9.8624,0.61721,-10.467
0.0684,9.9661,0.66797,-10.621
0.0685,10.043,0.72007,-10.749
0.0686,10.096,0.77212,-10.854
0.0687,10.13,0.82329,-10.939
0.0688,10.149,0.874,-11.009
0.0689,10.159,0.92321,-11.069
0.069,10.162,0.97026,-11.119
0.0691,10.157,1.0163,-11.161
0.0692,10.144,1.0618,-11.194
0.0693,10.12,1.1054,-11.214
0.0694,10.084,1.1467,-11.221
0.0695,10.033,1.186,-11.21
0.0696,9.9662,1.2222,-11.181
0.0697,9.8853,1.2543,-11.134
0.0698,9.79,1.2834,-11.069
0.0699,9.6827,1.3098,-10.99
0.07,9.566,1.3335,-10.898
0.0701,9.4406,1.3557,-10.797
0.0702,9.3051,1.3781,-10.685
0.0703,9.1574,1.4003,-10.562
0.0704,8.9943,1.4223,-10.422
0.0705,8.8122,1.4442,-10.264
0.0706,8.6092,1.4651,-10.084
0.0707,8.3855,1.4833,-9.8799
0.0708,8.1415,1.4988,-9.653
0.0709,7.8794,1.5122,-9.4057
0.071,7.6035,1.5231,-9.142
0.0711,7.3184,1.5319,-8.8667
0.0712,7.0281,1.5394,-8.5848
0.0713,6.7369,1.545,-8.3
0.0714,6.4469,1.5479,-8.0134
0.0715,6.1573,1.548,-7.7243
0.0716,5.8657,1.5452,-7.4301
0.0717,5.5698,1.5384,-7.1275
0.0718,5.2666,1.5278,-6.8135
0.0719,4.9536,1.5142,-6.4865
0.072,4.6299,1.4979,-6.1459
0.0721,4.2956,1.4793,-5.7921
0.0722,3.9511,1.4598,-5.4269
0.0723,3.5979,1.4399,-5.0524
0.0724,3.2386,1.4192,-4.6707
0.0725,2.8751,1.3974,-4.2836
0.0726,2.5077,1.3749,-3.8917
0.0727,2.1366,1.351,-3.4946
0.0728,1.7608,1.3255,-3.0909
0.0729,1.3783,1.2989,-2.6795
0.073,0.98869,1.2714,-2.26
0.0731,0.59326,1.2422,-1.8328
0.0732,0.19379,1.211,-1.3997
0.0733,-0.20682,1.1778,-0.96356
0.0734,-0.60459,1.142,-0.52768
0.0735,-0.99578,1.1031,-0.09543
0.0736,-1.378,1.0616,0.33025
0.0737,-1.7491,1.0174,0.7473
0.0738,-2.1088,0.97058,1.1553
0.0739,-2.459,0.92195,1.5553
0.074,-2.8033,0.87235,1.9502
0.0741,-3.145,0.82173,2.3431
0.0742,-3.4872,0.7703,2.7371
0.0743,-3.832,0.71836,3.1341
0.0744,-4.1795,0.66557,3.5343
0.0745,-4.528,0.61156,3.9365
0.0746,-4.8757,0.55703,4.3382
0.0747,-5.2199,0.50251,4.7362
0.0748,-5.5575,0.4481,5.1273
0.0749,-5.8861,0.39415,5.5087
0.075,-6.2043,0.34109,5.8788
0.0751,-6.5111,0.28828,6.237
0.0752,-6.8066,0.23503,6.5843
0.0753,-7.0916,0.18112,6.9217
0.0754,-7.3666,0.12612,7.2501
0.0755,-7.6307,0.069213,7.5696
0.0756,-7.8831,0.010535,7.879
0.0757,-8.1221,-0.049319,8.1763
0.0758,-8.3458,-0.11002,8.4592
0.0759,-8.5526,-0.17101,8.7255
0.076,-8.7426,-0.23123,8.9743
0.0761,-8.9158,-0.29035,9.2054
0.0762,-9.0733,-0.34859,9.4201
0.0763,-9.2176,-0.40583,9.6206
0.0764,-9.3516,-0.46183,9.8098
0.0765,-9.4776,-0.51686,9.9902
0.0766,-9.5978,-0.57076,10.164
0.0767,-9.7129,-0.62298,10.331
0.0768,-9.8218,-0.67338,10.49
0.0769,-9.9217,-0.72222,10.638
0.077,-10.01,-0.76928,10.773
0.0771,-10.082,-0.81464,10.891
0.0772,-10.136,-0.85882,10.989
0.0773,-10.169,-0.9022,11.066
0.0774,-10.181,-0.94479,11.122
0.0775,-10.172,-0.98699,11.156
0.0776,-10.144,-1.029,11.171
0.0777,-10.099,-1.0705,11.168
0.0778,-10.038,-1.111,11.149
0.0779,-9.9635,-1.1506,11.115
0.078,-9.8763,-1.1889,11.068
0.0781,-9.7763,-1.2257,11.006
0.0782,-9.6628,-1.2608,10.929
0.0783,-9.5354,-1.2942,10.837
0.0784,-9.3946,-1.325,10.729
0.0785,-9.241,-1.3529,10.605
0.0786,-9.076,-1.3779,10.466
0.0787,-8.901,-1.3997,10.315
0.0788,-8.718,-1.4182,10.152
0.0789,-8.5276,-1.4339,9.9785
0.079,-8.3304,-1.4473,9.7961
0.0791,-8.126,-1.4586,9.6042
0.0792,-7.9125,-1.4681,9.4016
0.0793,-7.6875,-1.4765,9.1861
0.0794,-7.4483,-1.4836,8.9551
0.0795,-7.193,-1.4893,8.7063
0.0796,-6.9203,-1.4936,8.4386
0.0797,-6.6304,-1.4963,8.1519
0.0798,-6.3251,-1.4971,7.8475
0.0799,-6.0065,-1.4961,7.5278
0.08,-5.6775,-1.4936,7.1958
0.0801,-5.3411,-1.4895,6.8547
0.0802,-5.0002,-1.4837,6.5071
0.0803,-4.6566,-1.476,6.1547
0.0804,-4.3113,-1.4662,5.7982
0.0805,-3.9648,-1.4535,5.4375
0.0806,-3.6163,-1.4378,5.0715
0.0807,-3.265,-1.419,4.6994
0.0808,-2.9104,-1.3969,4.3207
0.0809,-2.5525,-1.3717,3.9354
0.081,-2.1915,-1.344,3.5442
0.0811,-1.8279,-1.3142,3.1484
0.0812,-1.4623,-1.2823,2.7484
0.0813,-1.0956,-1.2497,2.3464
0.0814,-0.72752,-1.216,1.9421
0.0815,-0.35776,-1.1812,1.535
0.0816,0.014282,-1.1455,1.1247
0.0817,0.38961,-1.109,0.71048
0.0818,0.76909,-1.0715,0.29125
0.0819,1.1532,-1.0331,-0.13353
0.082,1.5416,-0.99373,-0.56319
0.0821,1.9324,-0.95343,-0.99607
0.0822,2.3229,-0.91181,-1.4298
0.0823,2.7103,-0.86869,-1.8616
0.0824,3.0913,-0.82382,-2.2884
0.0825,3.4633,-0.77694,-2.7079
0.0826,3.8241,-0.72792,-3.1181
0.0827,4.1732,-0.67693,-3.5181
0.0828,4.5104,-0.62403,-3.9079
0.0829,4.8368,-0.56934,-4.2884
0.083,5.1544,-0.51317,-4.6612
0.0831,5.4647,-0.45594,-5.0276
0.0832,5.7691,-0.39783,-5.3888
0.0833,6.0684,-0.33908,-5.7453
0.0834,6.3625,-0.27993,-6.0969
0.0835,6.6509,-0.22064,-6.4428
0.0836,6.9324,-0.16153,-6.7815
0.0837,7.2062,-0.10307,-7.1118
0.0838,7.4714,-0.045536,-7.4326
0.0839,7.7275,0.010963,-7.7433
0.084,7.9742,0.066425,-8.0435
0.0841,8.2112,0.12097,-8.3331
0.0842,8.4382,0.17501,-8.6122
0.0843,8.6545,0.22896,-8.8805
0.0844,8.8591,0.28312,-9.1376
0.0845,9.0505,0.33769,-9.3819
0.0846,9.2266,0.39277,-9.6116
0.0847,9.3857,0.44819,-9.8247
0.0848,9.5262,0.50372,-10.02
0.0849,9.6474,0.55905,-10.195
0.085,9.7494,0.61387,-10.351
0.0851,9.8333,0.66787,-10.488
0.0852,9.901,0.72094,-10.609
0.0853,9.9544,0.773,-10.714
0.0854,9.996,0.82387,-10.807
0.0855,10.028,0.87332,-10.888
0.0856,10.05,0.92114,-10.959
0.0857,10.065,0.967,-11.019
0.0858,10.069,1.0106,-11.068
0.0859,10.064,1.0519,-11.105
0.086,10.046,1.0909,-11.126
0.0861,10.013,1.1276,-11.132
0.0862,9.9659,1.1624,-11.12
0.0863,9.9022,1.1954,-11.091
0.0864,9.8219,1.2271,-11.044
0.0865,9.7252,1.2576,-10.979
0.0866,9.6123,1.2872,-10.898
0.0867,9.4837,1.3158,-10.799
0.0868,9.3397,1.3434,-10.685
0.0869,9.1805,1.3699,-10.554
0.087,9.0061,1.3951,-10.406
0.0871,8.8167,1.4188,-10.242
0.0872,8.6125,1.4408,-10.062
0.0873,8.3944,1.4608,-9.8656
0.0874,8.1637,1.4786,-9.6542
0.0875,7.9221,1.4937,-9.4293
0.0876,7.6718,1.506,-9.1926
0.0877,7.4145,1.5154,-8.9459
0.0878,7.1517,1.5217,-8.6906
0.0879,6.8843,1.5251,-8.4275
0.088,6.6122,1.5258,-8.1569
0.0881,6.3347,1.5239,-7.8782
0.0882,6.0505,1.5197,-7.5903
0.0883,5.7579,1.5134,-7.2916
0.0884,5.4552,1.5053,-6.9808
0.0885,5.1412,1.4954,-6.6566
0.0886,4.8155,1.4838,-6.3187
0.0887,4.4781,1.4707,-5.9675
0.0888,4.1302,1.4562,-5.604
0.0889,3.7732,1.4403,-5.2297
0.089,3.4086,1.4232,-4.8464
0.0891,3.0381,1.405,-4.4558
0.0892,2.6632,1.3853,-4.0593
0.0893,2.2852,1.3641,-3.658
0.0894,1.905,1.3411,-3.2525
0.0895,1.5233,1.316,-2.8432
0.0896,1.1409,1.2883,-2.4307
0.0897,0.75845,1.258,-2.0155
0.0898,0.37674,1.225,-1.5984
0.0899,-0.0031532,1.1894,-1.1805
0.09,-0.3803,1.1513,-0.76307
0.0901,-0.75395,1.1111,-0.34706
0.0902,-1.1237,1.069,0.066795
0.0903,-1.4898,1.0254,0.47829
0.0904,-1.8526,0.98036,0.88776
0.0905,-2.2134,0.93423,1.296
0.0906,-2.573,0.88712,1.7039
0.0907,-2.9326,0.83917,2.1123
0.0908,-3.2927,0.79055,2.5217
0.0909,-3.6535,0.74137,2.932
0.091,-4.0141,0.6917,3.3425
0.0911,-4.3732,0.64157,3.7516
0.0912,-4.7286,0.59094,4.1573
0.0913,-5.078,0.53966,4.5574
0.0914,-5.4192,0.4876,4.9499
0.0915,-5.7502,0.43461,5.3328
0.0916,-6.0696,0.38057,5.7051
0.0917,-6.3765,0.32538,6.0659
0.0918,-6.6708,0.26903,6.4151
0.0919,-6.9524,0.21155,6.7528
0.092,-7.2219,0.15307,7.0792
0.0921,-7.4797,0.09377,7.3946
0.0922,-7.726,0.033891,7.6993
0.0923,-7.961,-0.02631,7.993
0.0924,-8.1849,-0.086511,8.2755
0.0925,-8.3976,-0.14637,8.5466
0.0926,-8.5993,-0.20557,8.806
0.0927,-8.7901,-0.26379,9.0537
0.0928,-8.9704,-0.32077,9.2899
0.0929,-9.1408,-0.37634,9.5147
0.093,-9.3013,-0.43051,9.7284
0.0931,-9.452,-0.48333,9.9311
0.0932,-9.5924,-0.53496,10.122
0.0933,-9.7216,-0.58562,10.302
0.0934,-9.838,-0.63551,10.468
0.0935,-9.9401,-0.68478,10.619
0.0936,-10.026,-0.7335,10.753
0.0937,-10.094,-0.78174,10.87
0.0938,-10.144,-0.82944,10.967
0.0939,-10.174,-0.87654,11.045
0.094,-10.185,-0.92293,11.102
0.0941,-10.177,-0.96851,11.142
0.0942,-10.153,-1.0132,11.163
0.0943,-10.114,-1.0567,11.169
0.0944,-10.061,-1.0989,11.159
0.0945,-9.9963,-1.1395,11.136
0.0946,-9.9199,-1.1783,11.1
0.0947,-9.8326,-1.2149,11.05
0.0948,-9.7346,-1.249,10.988
0.0949,-9.6257,-1.2805,10.912
0.095,-9.5055,-1.3094,10.823
0.0951,-9.3737,-1.3356,10.719
0.0952,-9.2301,-1.3594,10.6
0.0953,-9.0742,-1.3809,10.468
0.0954,-8.9061,-1.4004,10.321
0.0955,-8.7253,-1.4182,10.159
0.0956,-8.5316,-1.4343,9.9831
0.0957,-8.3246,-1.4491,9.7922
0.0958,-8.1037,-1.4624,9.5861
0.0959,-7.8686,-1.4744,9.3642
0.096,-7.6191,-1.485,9.1263
0.0961,-7.3553,-1.4941,8.8725
0.0962,-7.0779,-1.5015,8.6033
0.0963,-6.788,-1.5072,8.3195
0.0964,-6.4873,-1.5108,8.0226
0.0965,-6.1775,-1.5123,7.7143
0.0966,-5.8606,-1.5113,7.3962
0.0967,-5.5386,-1.5077,7.0701
0.0968,-5.2126,-1.5014,6.7372
0.0969,-4.8836,-1.4923,6.3982
0.097,-4.552,-1.4805,6.0536
0.0971,-4.2173,-1.466,5.7031
0.0972,-3.8792,-1.4489,5.3464
0.0973,-3.5368,-1.4295,4.9828
0.0974,-3.1894,-1.4078,4.6117
0.0975,-2.8364,-1.3842,4.233
0.0976,-2.4775,-1.3588,3.8465
0.0977,-2.1129,-1.3319,3.4525
0.0978,-1.7428,-1.3037,3.0517
0.0979,-1.3677,-1.2743,2.6446
0.098,-0.98826,-1.244,2.2322
0.0981,-0.60515,-1.2127,1.8151
0.0982,-0.21911,-1.1803,1.3941
0.0983,0.16906,-1.1469,0.96995
0.0984,0.55841,-1.1121,0.54332
0.0985,0.94784,-1.0757,0.11516
0.0986,1.3361,-1.0374,-0.31342
0.0987,1.7216,-0.99723,-0.74113
0.0988,2.103,-0.9549,-1.1665
0.0989,2.4789,-0.91044,-1.5883
0.099,2.8479,-0.86387,-2.005
0.0991,3.2093,-0.81531,-2.4157
0.0992,3.5627,-0.76492,-2.8199
0.0993,3.9082,-0.7129,-3.2176
0.0994,4.2463,-0.65949,-3.609
0.0995,4.5781,-0.60493,-3.9948
0.0996,4.9043,-0.54947,-4.3758
0.0997,5.2259,-0.49338,-4.7524
0.0998,5.5432,-0.43691,-5.125
0.0999,5.8564,-0.38031,-5.4934
0.1,6.165,-0.32377,-5.857
0.1001,6.4682,-0.26742,-6.2148
0.1002,6.7647,-0.21136,-6.5656
0.1003,7.0532,-0.15555,-6.908
0.1004,7.3323,-0.099924,-7.2407
0.1005,7.6005,-0.044367,-7.5626
0.1006,7.8569,0.011256,-7.8726
0.1007,8.1005,0.067083,-8.17
0.1008,8.3306,0.12322,-8.4543
0.1009,8.5465,0.17973,-8.7248
0.101,8.7479,0.2366,-8.9812
0.1011,8.9343,0.29376,-9.2231
0.1012,9.1056,0.35107,-9.4501
0.1013,9.2616,0.40833,-9.662
0.1014,9.4025,0.46529,-9.8586
0.1015,9.5287,0.52167,-10.04
0.1016,9.6409,0.57718,-10.207
0.1017,9.7399,0.63154,-10.36
0.1018,9.8265,0.68449,-10.499
0.1019,9.9017,0.73586,-10.625
0.102,9.966,0.78551,-10.739
0.1021,10.02,0.83339,-10.84
0.1022,10.062,0.87952,-10.929
0.1023,10.093,0.92395,-11.005
0.1024,10.112,0.96678,-11.067
0.1025,10.116,1.0081,-11.113
0.1026,10.106,1.048,-11.143
0.1027,10.079,1.0867,-11.156
0.1028,10.034,1.1242,-11.15
0.1029,9.9726,1.1605,-11.126
0.103,9.8932,1.1957,-11.083
0.1031,9.7967,1.2299,-11.022
0.1032,9.6839,1.2629,-10.944
0.1033,9.5556,1.2946,-10.849
0.1034,9.4128,1.325,-10.739
0.1035,9.2565,1.3537,-10.613
0.1036,9.0876,1.3805,-10.473
0.1037,8.907,1.4052,-10.318
0.1038,8.7153,1.4275,-10.151
0.1039,8.5132,1.4471,-9.97
0.104,8.3015,1.4641,-9.7768
0.1041,8.0804,1.4783,-9.5716
0.1042,7.8505,1.4898,-9.3547
0.1043,7.6119,1.4987,-9.1264
0.1044,7.3647,1.5052,-8.8869
0.1045,7.1086,1.5094,-8.636
0.1046,6.843,1.5114,-8.3735
0.1047,6.5674,1.5116,-8.0989
0.1048,6.2812,1.51,-7.8116
0.1049,5.9837,1.5067,-7.5113
0.105,5.6748,1.5019,-7.1976
0.1051,5.3545,1.4956,-6.8708
0.1052,5.0233,1.4878,-6.5313
0.1053,4.6822,1.4784,-6.1801
0.1054,4.3325,1.4673,-5.8183
0.1055,3.9757,1.4545,-5.4474
0.1056,3.6135,1.4398,-5.0689
0.1057,3.2474,1.4229,-4.6843
0.1058,2.8787,1.4039,-4.2946
0.1059,2.5084,1.3824,-3.9008
0.106,2.1373,1.3586,-3.5037
0.1061,1.7658,1.3323,-3.1036
0.1062,1.3941,1.3035,-2.7008
0.1063,1.0223,1.2724,-2.2956
0.1064,0.65041,1.2391,-1.8879
0.1065,0.27829,1.2037,-1.4781
0.1066,-0.094108,1.1665,-1.0662
0.1067,-0.46683,1.1277,-0.65252
0.1068,-0.83992,1.0876,-0.2372
0.1069,-1.2134,1.0463,0.17955
0.107,-1.5874,1.004,0.5975
0.1071,-1.9616,0.96086,1.0164
0.1072,-2.3358,0.91691,1.436
0.1073,-2.7097,0.87214,1.8557
0.1074,-3.0822,0.82648,2.2748
0.1075,-3.4525,0.77982,2.6924
0.1076,-3.8192,0.73205,3.1072
0.1077,-4.1807,0.68306,3.5177
0.1078,-4.5354,0.63275,3.9226
0.1079,-4.882,0.58107,4.3204
0.108,-5.219,0.52802,4.7098
0.1081,-5.5456,0.47362,5.0899
0.1082,-5.8612,0.41795,5.4601
0.1083,-6.1657,0.36113,5.8201
0.1084,-6.4593,0.30333,6.1702
0.1085,-6.7425,0.24475,6.5104
0.1086,-7.0157,0.18563,6.8412
0.1087,-7.2795,0.12623,7.1629
0.1088,-7.5344,0.066833,7.4756
0.1089,-7.7806,0.0076989,7.7794
0.109,-8.018,-0.050927,8.0738
0.1091,-8.2464,-0.10885,8.3587
0.1092,-8.4654,-0.16594,8.6333
0.1093,-8.6744,-0.22213,8.8971
0.1094,-8.8728,-0.27744,9.1494
0.1095,-9.0598,-0.33191,9.3896
0.1096,-9.2345,-0.38565,9.617
0.1097,-9.3961,-0.43878,9.8308
0.1098,-9.5437,-0.49142,10.03
0.1099,-9.6765,-0.54366,10.215
0.11,-9.7935,-0.59556,10.383
0.1101,-9.8942,-0.64712,10.535
0.1102,-9.9779,-0.6983,10.67
0.1103,-10.045,-0.74901,10.787
0.1104,-10.094,-0.79908,10.887
0.1105,-10.128,-0.84834,10.97
0.1106,-10.145,-0.89656,11.036
0.1107,-10.148,-0.94352,11.087
0.1108,-10.137,-0.98898,11.122
0.1109,-10.113,-1.0327,11.143
0.111,-10.078,-1.0746,11.15
0.1111,-10.03,-1.1144,11.144
0.1112,-9.972,-1.1521,11.125
0.1113,-9.9021,-1.1876,11.091
0.1114,-9.8203,-1.221,11.044
0.1115,-9.726,-1.2522,10.983
0.1116,-9.6185,-1.2813,10.906
0.1117,-9.4971,-1.3086,10.814
0.1118,-9.3613,-1.3341,10.705
0.1119,-9.2108,-1.358,10.58
0.112,-9.0453,-1.3804,10.438
0.1121,-8.8648,-1.4013,10.281
0.1122,-8.6696,-1.4208,10.106
0.1123,-8.4602,-1.4389,9.9165
0.1124,-8.2369,-1.4554,9.7112
0.1125,-8.0005,-1.4704,9.491
0.1126,-7.7519,-1.4834,9.2566
0.1127,-7.492,-1.4945,9.0087
0.1128,-7.2218,-1.5033,8.7481
0.1129,-6.9423,-1.5098,8.4757
0.113,-6.6548,-1.5137,8.1925
0.1131,-6.3601,-1.515,7.8993
0.1132,-6.0592,-1.5136,7.5969
0.1133,-5.7525,-1.5095,7.2859
0.1134,-5.4403,-1.5029,6.9666
0.1135,-5.1227,-1.4937,6.6392
0.1136,-4.7994,-1.4823,6.3035
0.1137,-4.4701,-1.4686,5.9593
0.1138,-4.1341,-1.453,5.6064
0.1139,-3.7912,-1.4355,5.2443
0.114,-3.441,-1.4163,4.8732
0.1141,-3.0836,-1.3956,4.493
0.1142,-2.7192,-1.3735,4.1042
0.1143,-2.3484,-1.35,3.7076
0.1144,-1.9721,-1.3252,3.3038
0.1145,-1.5912,-1.299,2.8941
0.1146,-1.2069,-1.2714,2.4795
0.1147,-0.82052,-1.2422,2.0612
0.1148,-0.43315,-1.2113,1.6402
0.1149,-0.1116,-1.1913,1.2961
0.115,-0.052443,-1.2161,1.2591
0.1151,-0.00063363,-1.2353,1.224
0.1152,0.047415,-1.2504,1.1886
0.1153,0.096661,-1.2678,1.1543
0.1154,0.14683,-1.2891,1.1232
0.1155,0.19543,-1.3076,1.091
0.1156,0.244,-1.321,1.054
0.1157,0.29479,-1.3367,1.0175
0.1158,0.34903,-1.3581,0.98357
0.1159,0.40463,-1.3784,0.94752
0.116,0.45806,-1.3927,0.90795
0.1161,0.50603,-1.401,0.86844
0.1162,0.55023,-1.4047,0.82844
0.1163,0.59404,-1.4063,0.78708
0.1164,0.63838,-1.4083,0.7459
0.1165,0.68192,-1.4079,0.70355
0.1166,0.72563,-1.4021,0.65592
0.1167,0.77045,-1.3931,0.6043
0.1168,0.8163,-1.3839,0.55171
0.1169,0.86141,-1.3723,0.49773
0.117,0.90286,-1.3552,0.44204
0.1171,0.93799,-1.3327,0.38732
0.1172,0.96898,-1.3067,0.33335
0.1173,0.99954,-1.2796,0.2787
0.1174,1.0304,-1.2534,0.22448
0.1175,1.0606,-1.2275,0.17125
0.1176,1.0914,-1.2016,0.11732
0.1177,1.1239,-1.1785,0.064633
0.1178,1.1565,-1.1592,0.015571
0.1179,1.1864,-1.1382,-0.032483
0.118,1.2125,-1.1121,-0.0818
0.1181,1.2336,-1.0831,-0.12898
0.1182,1.2506,-1.0534,-0.17321
0.1183,1.2662,-1.0214,-0.21846
0.1184,1.2812,-0.98716,-0.2659
0.1185,1.2946,-0.95113,-0.31398
0.1186,1.3071,-0.91222,-0.36469
0.1187,1.3198,-0.87061,-0.4188
0.1188,1.3309,-0.82843,-0.47236
0.1189,1.3377,-0.78483,-0.52347
0.119,1.3401,-0.73708,-0.57468
0.1191,1.3385,-0.68586,-0.62558
0.1192,1.3334,-0.63397,-0.67389
0.1193,1.3265,-0.58202,-0.72082
0.1194,1.3197,-0.53032,-0.76798
0.1195,1.3124,-0.48009,-0.81333
0.1196,1.3036,-0.43133,-0.85609
0.1197,1.2941,-0.38315,-0.8976
0.1198,1.2832,-0.33571,-0.93721
0.1199,1.2688,-0.28833,-0.97326
0.12,1.2503,-0.23972,-1.0065
0.1201,1.2292,-0.19113,-1.0372
0.1202,1.2067,-0.14472,-1.0642
0.1203,1.1833,-0.099306,-1.0893
0.1204,1.1595,-0.052746,-1.1152
0.1205,1.1351,-0.0052946,-1.1413
0.1206,1.1095,0.042696,-1.1668
0.1207,1.0821,0.092644,-1.1923
0.1208,1.052,0.14508,-1.2173
0.1209,1.018,0.19972,-1.2404
0.121,0.98086,0.257,-1.2624
0.1211,0.94195,0.31627,-1.2843
0.1212,0.90247,0.37466,-1.3044
0.1213,0.86318,0.43053,-1.3217
0.1214,0.82499,0.48412,-1.3375
0.1215,0.78716,0.53531,-1.351
0.1216,0.74824,0.58396,-1.3607
0.1217,0.70773,0.63129,-1.3671
0.1218,0.66555,0.67785,-1.3707
0.1219,0.62053,0.72298,-1.3697
0.122,0.57281,0.76663,-1.3641
0.1221,0.52431,0.80893,-1.3561
0.1222,0.47641,0.84875,-1.3458
0.1223,0.42883,0.88593,-1.333
0.1224,0.38184,0.92194,-1.3194
0.1225,0.33552,0.95704,-1.3053
