0.1,0.11001,-0.30138,0.20013
0.1001,0.097094,-0.24293,0.15638
0.1002,0.090469,-0.2068,0.12717
0.1003,0.076966,-0.15272,0.086782
0.1004,0.054396,-0.086389,0.043284
0.1005,0.036882,-0.037287,0.012004
0.1006,0.023616,-0.002724,-0.0090609
0.1007,0.00040916,0.059607,-0.048014
0.1008,-0.043104,0.16301,-0.10764
0.1009,-0.093035,0.27298,-0.16725
0.101,-0.13844,0.36077,-0.20919
0.1011,-0.17693,0.42682,-0.2364
0.1012,-0.21397,0.48238,-0.25466
0.1013,-0.25179,0.53747,-0.27172
0.1014,-0.28945,0.58592,-0.2823
0.1015,-0.32628,0.62844,-0.2878
0.1016,-0.36611,0.67685,-0.29621
0.1017,-0.41489,0.74502,-0.3154
0.1018,-0.4749,0.83457,-0.34467
0.1019,-0.5406,0.93044,-0.37447
0.102,-0.60385,1.0116,-0.39197
0.1021,-0.66055,1.0711,-0.3945
0.1022,-0.71414,1.1188,-0.38838
0.1023,-0.76823,1.1647,-0.37992
0.1024,-0.82209,1.2053,-0.36651
0.1025,-0.8735,1.2374,-0.3471
0.1026,-0.92728,1.2743,-0.33001
0.1027,-0.9907,1.3337,-0.32591
0.1028,-1.0638,1.4113,-0.3302
0.1029,-1.1379,1.4843,-0.32897
0.103,-1.2072,1.54,-0.31515
0.1031,-1.2731,1.5844,-0.29362
0.1032,-1.3382,1.6233,-0.26735
0.1033,-1.4002,1.6515,-0.23355
0.1034,-1.4579,1.667,-0.19136
0.1035,-1.515,1.6816,-0.14898
0.1036,-1.5774,1.7091,-0.11415
0.1037,-1.6461,1.7506,-0.086974
0.1038,-1.7186,1.7977,-0.061616
0.1039,-1.7913,1.8424,-0.033567
0.104,-1.8621,1.8788,0.00071343
0.1041,-1.9288,1.9032,0.043058
0.1042,-1.9912,1.9151,0.093423
0.1043,-2.0496,1.9172,0.14958
0.1044,-2.1055,1.9134,0.20907
0.1045,-2.1608,1.9096,0.26799
0.1046,-2.2185,1.913,0.32209
0.1047,-2.2805,1.9277,0.36909
0.1048,-2.3455,1.9488,0.41284
0.1049,-2.4092,1.965,0.46008
0.105,-2.4692,1.9713,0.51351
0.1051,-2.5256,1.9693,0.57161
0.1052,-2.5782,1.9582,0.63495
0.1053,-2.6254,1.935,0.7049
0.1054,-2.6683,1.9039,0.77833
0.1055,-2.7109,1.8762,0.84812
0.1056,-2.7564,1.8584,0.91083
0.1057,-2.8038,1.8471,0.96894
0.1058,-2.851,1.8363,1.0262
0.1059,-2.8968,1.8237,1.0839
0.106,-2.9403,1.8064,1.1438
0.1061,-2.979,1.7791,1.209
0.1062,-3.0116,1.7391,1.2806
0.1063,-3.039,1.6905,1.3556
0.1064,-3.0637,1.6397,1.43
0.1065,-3.0874,1.5909,1.5011
0.1066,-3.1113,1.5473,1.5674
0.1067,-3.1363,1.5102,1.628
0.1068,-3.1613,1.4768,1.6849
0.1069,-3.1846,1.4407,1.7425
0.107,-3.2037,1.3974,1.803
0.1071,-3.2178,1.3459,1.8666
0.1072,-3.2271,1.2863,1.9333
0.1073,-3.2312,1.2189,2.0025
0.1074,-3.2314,1.1476,2.0715
0.1075,-3.2305,1.0801,2.1355
0.1076,-3.2304,1.02,2.1927
0.1077,-3.2304,0.96454,2.2451
0.1078,-3.2291,0.90988,2.2953
0.1079,-3.2257,0.85431,2.3439
0.108,-3.2192,0.79524,2.3929
0.1081,-3.2078,0.72826,2.4446
0.1082,-3.1906,0.65187,2.4997
0.1083,-3.1687,0.57037,2.555
0.1084,-3.1444,0.48942,2.6072
0.1085,-3.1191,0.41184,2.6547
0.1086,-3.0931,0.33865,2.697
0.1087,-3.0671,0.27078,2.7337
0.1088,-3.0408,0.20674,2.766
0.1089,-3.0124,0.14192,2.7968
0.109,-2.9803,0.072099,2.8286
0.1091,-2.9436,-0.0036609,2.8617
0.1092,-2.9027,-0.084515,2.8954
0.1093,-2.8581,-0.16901,2.9289
0.1094,-2.8107,-0.25385,2.9598
0.1095,-2.7625,-0.33427,2.9853
0.1096,-2.7147,-0.40788,3.0043
0.1097,-2.6672,-0.47629,3.0182
0.1098,-2.6188,-0.5423,3.0287
0.1099,-2.5687,-0.60776,3.0369
0.11,-2.5163,-0.675,3.0445
0.1101,-2.4602,-0.7469,3.0531
0.1102,-2.4001,-0.82377,3.0627
0.1103,-2.3371,-0.90197,3.0708
0.1104,-2.273,-0.97728,3.075
0.1105,-2.2088,-1.0477,3.0743
0.1106,-2.1448,-1.1127,3.0685
0.1107,-2.0814,-1.1715,3.0574
0.1108,-2.0185,-1.2255,3.042
0.1109,-1.9547,-1.2782,3.0248
0.111,-1.8887,-1.3332,3.0077
0.1111,-1.82,-1.3907,2.991
0.1112,-1.7491,-1.4498,2.9739
0.1113,-1.6766,-1.5087,2.9554
0.1114,-1.6033,-1.565,2.934
0.1115,-1.5305,-1.6157,2.9078
0.1116,-1.4594,-1.6588,2.8762
0.1117,-1.3897,-1.6957,2.8402
0.1118,-1.3206,-1.7286,2.8013
0.1119,-1.2514,-1.7594,2.7606
0.112,-1.1816,-1.7899,2.7194
0.1121,-1.1104,-1.8219,2.6788
0.1122,-1.0376,-1.8553,2.6387
0.1123,-0.96423,-1.8874,2.5971
0.1124,-0.89166,-1.915,2.5524
0.1125,-0.82067,-1.9368,2.5038
0.1126,-0.75156,-1.9523,2.4514
0.1127,-0.68454,-1.9616,2.3952
0.1128,-0.61942,-1.9657,2.3362
0.1129,-0.55522,-1.9677,2.2763
0.113,-0.49088,-1.9701,2.2171
0.1131,-0.42614,-1.9733,2.1587
0.1132,-0.36147,-1.9762,2.1004
0.1133,-0.29742,-1.9774,2.0414
0.1134,-0.23468,-1.9752,1.9807
0.1135,-0.17423,-1.9675,1.9169
0.1136,-0.11681,-1.9532,1.8497
0.1137,-0.062287,-1.9332,1.78
0.1138,-0.0099517,-1.9097,1.7091
0.1139,0.040819,-1.8845,1.6381
0.114,0.090475,-1.8588,1.5679
0.1141,0.13946,-1.8339,1.4992
0.1142,0.18779,-1.8095,1.4317
0.1143,0.23474,-1.7836,1.3643
0.1144,0.27926,-1.7539,1.2955
0.1145,0.32076,-1.7195,1.2249
0.1146,0.35904,-1.6801,1.1526
0.1147,0.39405,-1.6362,1.0788
0.1148,0.42607,-1.5887,1.0045
0.1149,0.45588,-1.5402,0.93118
0.115,0.48429,-1.4925,0.85995
0.1151,0.51133,-1.4456,0.79084
0.1152,0.53683,-1.3988,0.72329
0.1153,0.56032,-1.3509,0.65649
0.1154,0.58115,-1.3007,0.58983
0.1155,0.59873,-1.2467,0.52257
0.1156,0.61269,-1.1885,0.45442
0.1157,0.6232,-1.1267,0.38602
0.1158,0.63075,-1.0629,0.31849
0.1159,0.63583,-0.99877,0.2528
0.116,0.63901,-0.93543,0.18967
0.1161,0.64061,-0.87353,0.1294
0.1162,0.64045,-0.81256,0.071629
0.1163,0.638,-0.75106,0.015463
0.1164,0.63272,-0.6877,-0.03993
0.1165,0.62426,-0.62171,-0.094931
0.1166,0.6124,-0.55293,-0.14952
0.1167,0.59719,-0.4817,-0.20338
0.1168,0.57905,-0.40927,-0.25569
0.1169,0.55867,-0.33744,-0.30532
0.117,0.53657,-0.26746,-0.35158
0.1171,0.51284,-0.19935,-0.3945
0.1172,0.48737,-0.1325,-0.4346
0.1173,0.45987,-0.066065,-0.47241
0.1174,0.42991,0.00095807,-0.50853
0.1175,0.39704,0.069498,-0.54342
0.1176,0.36062,0.14037,-0.57728
0.1177,0.32217,0.21188,-0.60992
0.1178,0.2813,0.28309,-0.64002
0.1179,0.23845,0.35288,-0.66692
0.118,0.19419,0.42054,-0.69044
0.1181,0.14883,0.48566,-0.71053
0.1182,0.10227,0.54834,-0.72716
0.1183,0.054024,0.60975,-0.74103
0.1184,0.0037423,0.67117,-0.75307
0.1185,-0.048619,0.73307,-0.76371
0.1186,-0.10305,0.79514,-0.77266
0.1187,-0.15947,0.85695,-0.7796
0.1188,-0.21753,0.91774,-0.78411
0.1189,-0.2767,0.97631,-0.78552
0.119,-0.33651,1.0315,-0.7832
0.1191,-0.3968,1.0833,-0.77723
0.1192,-0.45768,1.1324,-0.76819
0.1193,-0.5194,1.1795,-0.75666
0.1194,-0.58219,1.2253,-0.74297
0.1195,-0.64622,1.2702,-0.7276
0.1196,-0.71144,1.3147,-0.71078
0.1197,-0.77763,1.3579,-0.69216
0.1198,-0.84446,1.3988,-0.67091
0.1199,-0.91149,1.4364,-0.6466
0.12,-0.9783,1.4703,-0.61918
0.1201,-1.0447,1.5004,-0.58868
0.1202,-1.1108,1.5267,-0.55525
0.1203,-1.1768,1.5502,-0.5195
0.1204,-1.243,1.5718,-0.4822
0.1205,-1.3093,1.5916,-0.4436
0.1206,-1.3757,1.6098,-0.40371
0.1207,-1.4421,1.6258,-0.36218
0.1208,-1.5082,1.6388,-0.31871
0.1209,-1.5734,1.648,-0.2729
0.121,-1.6374,1.6527,-0.22452
0.1211,-1.7003,1.6531,-0.17364
0.1212,-1.762,1.6494,-0.12068
0.1213,-1.8226,1.6422,-0.066152
0.1214,-1.8822,1.6322,-0.010585
0.1215,-1.9412,1.6199,0.045704
0.1216,-1.9993,1.6051,0.10266
0.1217,-2.0564,1.5873,0.16051
0.1218,-2.1121,1.5658,0.21962
0.1219,-2.1662,1.5401,0.28027
0.122,-2.2183,1.5096,0.34256
0.1221,-2.2683,1.4743,0.40639
0.1222,-2.3163,1.4345,0.47143
0.1223,-2.3625,1.391,0.53714
0.1224,-2.407,1.3442,0.603
0.1225,-2.4499,1.2946,0.66875
0.1226,-2.4912,1.2419,0.73439
0.1227,-2.5307,1.186,0.80008
0.1228,-2.5681,1.1262,0.86607
0.1229,-2.6026,1.0612,0.93276
0.123,-2.6353,0.99241,0.9999
0.1231,-2.6653,0.91882,1.0676
0.1232,-2.6926,0.84082,1.1354
0.1233,-2.7173,0.75916,1.2029
0.1234,-2.74,0.67466,1.2696
0.1235,-2.7607,0.5876,1.3354
0.1236,-2.779,0.4978,1.4001
0.1237,-2.7949,0.40509,1.464
0.1238,-2.8085,0.30938,1.5272
0.1239,-2.8195,0.21042,1.59
0.124,-2.8277,0.10794,1.6524
0.1241,-2.8329,0.0021267,1.7142
0.1242,-2.8352,-0.10631,1.7752
0.1243,-2.8351,-0.21654,1.8349
0.1244,-2.8324,-0.3279,1.893
0.1245,-2.8273,-0.4399,1.9491
0.1246,-2.82,-0.55224,2.0035
0.1247,-2.8102,-0.66486,2.0562
0.1248,-2.7979,-0.77783,2.1074
0.1249,-2.7829,-0.89115,2.1572
0.125,-2.7652,-1.0046,2.2057
0.1251,-2.7448,-1.1178,2.2529
0.1252,-2.7215,-1.2301,2.2983
0.1253,-2.6958,-1.3404,2.3416
0.1254,-2.6678,-1.448,2.3826
0.1255,-2.6378,-1.5524,2.4212
0.1256,-2.6055,-1.6533,2.4572
0.1257,-2.571,-1.7506,2.4909
0.1258,-2.5343,-1.8441,2.5224
0.1259,-2.4954,-1.934,2.552
0.126,-2.4541,-2.0202,2.5797
0.1261,-2.4103,-2.1023,2.6053
0.1262,-2.3644,-2.1797,2.6287
0.1263,-2.3166,-2.2517,2.6495
0.1264,-2.2669,-2.3181,2.6675
0.1265,-2.2155,-2.3784,2.6826
0.1266,-2.1626,-2.4327,2.6949
0.1267,-2.1082,-2.4812,2.7045
0.1268,-2.0521,-2.5241,2.7117
0.1269,-1.9943,-2.562,2.7165
0.127,-1.9349,-2.5948,2.7192
0.1271,-1.8739,-2.6227,2.7195
0.1272,-1.8115,-2.6455,2.7174
0.1273,-1.7478,-2.663,2.7125
0.1274,-1.683,-2.6751,2.7047
0.1275,-1.6175,-2.682,2.6941
0.1276,-1.5511,-2.6839,2.6806
0.1277,-1.484,-2.6814,2.6644
0.1278,-1.4161,-2.6748,2.6459
0.1279,-1.3475,-2.6649,2.6251
0.128,-1.2781,-2.6519,2.6021
0.1281,-1.208,-2.636,2.5769
0.1282,-1.1374,-2.6172,2.5494
0.1283,-1.0666,-2.5955,2.5193
0.1284,-0.99566,-2.5708,2.4867
0.1285,-0.92473,-2.5435,2.4515
0.1286,-0.85399,-2.5136,2.4137
0.1287,-0.78349,-2.4817,2.3738
0.1288,-0.71316,-2.4482,2.3318
0.1289,-0.64297,-2.4136,2.2879
0.129,-0.57304,-2.3781,2.2423
0.1291,-0.50349,-2.3417,2.1949
0.1292,-0.43442,-2.3043,2.1457
0.1293,-0.36599,-2.266,2.0945
0.1294,-0.29846,-2.2264,2.0413
0.1295,-0.23196,-2.1857,1.9862
0.1296,-0.16655,-2.1441,1.9293
0.1297,-0.10222,-2.1017,1.8707
0.1298,-0.039047,-2.059,1.8108
0.1299,0.022972,-2.016,1.7498
0.13,0.083842,-1.9731,1.6878
0.1301,0.14347,-1.9299,1.6246
0.1302,0.20168,-1.8864,1.5604
0.1303,0.25829,-1.8424,1.4951
0.1304,0.31319,-1.7977,1.4286
0.1305,0.36629,-1.7522,1.3611
0.1306,0.41747,-1.706,1.2926
0.1307,0.46671,-1.6592,1.2235
0.1308,0.51407,-1.6121,1.1539
0.1309,0.55955,-1.5649,1.084
0.131,0.60311,-1.5174,1.0139
0.1311,0.64464,-1.4696,0.94378
0.1312,0.68408,-1.4213,0.87347
0.1313,0.72131,-1.3724,0.80297
0.1314,0.75619,-1.3225,0.7323
0.1315,0.78862,-1.2717,0.66156
0.1316,0.8186,-1.22,0.59091
0.1317,0.84614,-1.1675,0.52055
0.1318,0.87128,-1.1145,0.45071
0.1319,0.89402,-1.061,0.38157
0.132,0.9144,-1.0072,0.31322
0.1321,0.93237,-0.95277,0.24568
0.1322,0.94783,-0.8977,0.17894
0.1323,0.96068,-0.84178,0.11301
0.1324,0.97089,-0.78491,0.047886
0.1325,0.97843,-0.72709,-0.016348
0.1326,0.98327,-0.66838,-0.079529
0.1327,0.98546,-0.60896,-0.14146
0.1328,0.98507,-0.54904,-0.20195
0.1329,0.98218,-0.48876,-0.26088
0.133,0.97679,-0.42816,-0.31815
0.1331,0.96887,-0.36721,-0.37373
0.1332,0.95843,-0.30581,-0.42765
0.1333,0.94543,-0.24388,-0.47995
0.1334,0.92982,-0.18134,-0.5306
0.1335,0.9116,-0.11824,-0.57951
0.1336,0.89084,-0.054719,-0.62656
0.1337,0.86761,0.0090082,-0.67165
0.1338,0.84199,0.072748,-0.71456
0.1339,0.81405,0.13633,-0.7552
0.134,0.78387,0.19967,-0.79352
0.1341,0.75149,0.26274,-0.82954
0.1342,0.71689,0.32561,-0.86328
0.1343,0.68007,0.38834,-0.89477
0.1344,0.64105,0.4509,-0.92403
0.1345,0.5999,0.51323,-0.95102
0.1346,0.55666,0.57517,-0.97564
0.1347,0.51144,0.6365,-0.99777
0.1348,0.46436,0.69701,-1.0173
0.1349,0.41554,0.75651,-1.0342
0.135,0.36505,0.81493,-1.0484
0.1351,0.31293,0.87223,-1.06
0.1352,0.25925,0.92844,-1.069
0.1353,0.20403,0.98356,-1.0755
0.1354,0.14732,1.0376,-1.0795
0.1355,0.089171,1.0904,-1.081
0.1356,0.029706,1.1419,-1.08
0.1357,-0.030945,1.1919,-1.0763
0.1358,-0.092667,1.24,-1.07
0.1359,-0.15535,1.2863,-1.061
0.136,-0.21887,1.3305,-1.0494
0.1361,-0.28315,1.3727,-1.0351
0.1362,-0.34814,1.4129,-1.0183
0.1363,-0.41379,1.4512,-0.99909
0.1364,-0.48003,1.4873,-0.97751
0.1365,-0.54676,1.5214,-0.95361
0.1366,-0.61387,1.5532,-0.92735
0.1367,-0.68125,1.5825,-0.8987
0.1368,-0.74874,1.6092,-0.86767
0.1369,-0.81622,1.6332,-0.83426
0.137,-0.88359,1.6543,-0.79854
0.1371,-0.95077,1.6727,-0.76061
0.1372,-1.0177,1.6882,-0.72058
0.1373,-1.0843,1.7009,-0.67857
0.1374,-1.1505,1.7108,-0.63466
0.1375,-1.2162,1.7178,-0.58891
0.1376,-1.2813,1.7219,-0.54133
0.1377,-1.3456,1.7227,-0.49194
0.1378,-1.4092,1.7203,-0.44076
0.1379,-1.4717,1.7146,-0.38784
0.138,-1.5332,1.7054,-0.33328
0.1381,-1.5936,1.6929,-0.27719
0.1382,-1.6527,1.677,-0.21972
0.1383,-1.7106,1.6578,-0.16099
0.1384,-1.7673,1.6353,-0.10111
0.1385,-1.8225,1.6096,-0.040144
0.1386,-1.8762,1.5804,0.021852
0.1387,-1.9283,1.5478,0.084843
0.1388,-1.9787,1.5117,0.14878
0.1389,-2.0273,1.472,0.21358
0.139,-2.074,1.4288,0.27914
0.1391,-2.1188,1.3822,0.34533
0.1392,-2.1617,1.3323,0.412
0.1393,-2.2025,1.2792,0.47901
0.1394,-2.2414,1.223,0.54626
0.1395,-2.2781,1.1638,0.61366
0.1396,-2.3126,1.1015,0.68116
0.1397,-2.3449,1.0363,0.74869
0.1398,-2.3749,0.96824,0.8162
0.1399,-2.4025,0.89737,0.8836
0.14,-2.4277,0.82388,0.95077
0.1401,-2.4505,0.74798,1.0176
0.1402,-2.4708,0.66993,1.0839
0.1403,-2.4886,0.58997,1.1496
0.1404,-2.504,0.50834,1.2146
0.1405,-2.5168,0.42524,1.2788
0.1406,-2.5272,0.34088,1.3421
0.1407,-2.535,0.25543,1.4044
0.1408,-2.5401,0.16912,1.4658
0.1409,-2.5427,0.082184,1.5262
0.141,-2.5426,-0.0050685,1.5853
0.1411,-2.5399,-0.092309,1.6432
0.1412,-2.5345,-0.17919,1.6997
0.1413,-2.5267,-0.26539,1.7547
0.1414,-2.5162,-0.35059,1.8081
0.1415,-2.5032,-0.43452,1.8598
0.1416,-2.4877,-0.51696,1.9098
0.1417,-2.4697,-0.5977,1.958
0.1418,-2.4491,-0.6765,2.0045
0.1419,-2.426,-0.75316,2.0491
0.142,-2.4005,-0.82744,2.0918
0.1421,-2.3724,-0.89908,2.1324
0.1422,-2.3421,-0.96784,2.171
0.1423,-2.3094,-1.0335,2.2073
0.1424,-2.2744,-1.096,2.2414
0.1425,-2.2372,-1.1551,2.2732
0.1426,-2.1978,-1.2108,2.3027
0.1427,-2.1563,-1.263,2.3299
0.1428,-2.1127,-1.3118,2.3547
0.1429,-2.067,-1.3572,2.3771
0.143,-2.0194,-1.3991,2.3971
0.1431,-1.9698,-1.4375,2.4147
0.1432,-1.9184,-1.4725,2.4297
0.1433,-1.8653,-1.504,2.4421
0.1434,-1.8105,-1.5323,2.4519
0.1435,-1.7541,-1.5573,2.4591
0.1436,-1.6962,-1.5793,2.4638
0.1437,-1.6368,-1.5984,2.4658
0.1438,-1.5761,-1.6148,2.4653
0.1439,-1.5141,-1.6287,2.4623
0.144,-1.4508,-1.6402,2.4566
0.1441,-1.3864,-1.6493,2.4484
0.1442,-1.3211,-1.6562,2.4376
0.1443,-1.2547,-1.661,2.4242
0.1444,-1.1876,-1.6638,2.4082
0.1445,-1.1198,-1.6647,2.3896
0.1446,-1.0513,-1.664,2.3685
0.1447,-0.98229,-1.6618,2.345
0.1448,-0.91278,-1.6582,2.319
0.1449,-0.84289,-1.6533,2.2907
0.145,-0.77273,-1.6473,2.2601
0.1451,-0.70239,-1.6401,2.2271
0.1452,-0.63199,-1.6319,2.1918
0.1453,-0.56163,-1.6226,2.1542
0.1454,-0.49142,-1.6123,2.1144
0.1455,-0.42146,-1.6011,2.0725
0.1456,-0.35183,-1.5889,2.0284
0.1457,-0.28261,-1.576,1.9824
0.1458,-0.2139,-1.5623,1.9345
0.1459,-0.14579,-1.5479,1.8847
0.146,-0.078369,-1.5328,1.8331
0.1461,-0.011741,-1.5169,1.7798
0.1462,0.053986,-1.5002,1.7248
0.1463,0.11871,-1.4827,1.6682
0.1464,0.18235,-1.4644,1.61
0.1465,0.2448,-1.4453,1.5504
0.1466,0.306,-1.4254,1.4894
0.1467,0.36586,-1.4046,1.4272
0.1468,0.42432,-1.3831,1.3638
0.1469,0.48129,-1.3607,1.2994
0.147,0.5367,-1.3374,1.234
0.1471,0.59046,-1.3132,1.1676
0.1472,0.64247,-1.288,1.1005
0.1473,0.69268,-1.2618,1.0325
0.1474,0.741,-1.2344,0.96398
0.1475,0.78736,-1.206,0.89487
0.1476,0.83172,-1.1764,0.82532
0.1477,0.87402,-1.1458,0.75545
0.1478,0.9142,-1.114,0.68536
0.1479,0.95221,-1.0811,0.61516
0.148,0.98801,-1.047,0.54492
0.1481,1.0216,-1.0117,0.47474
0.1482,1.0528,-0.97511,0.40469
0.1483,1.0816,-0.93723,0.33487
0.1484,1.108,-0.89806,0.26538
0.1485,1.132,-0.8576,0.19632
0.1486,1.1535,-0.81587,0.1278
0.1487,1.1725,-0.7729,0.059943
0.1488,1.1889,-0.72871,-0.0071625
0.1489,1.2029,-0.68331,-0.073422
0.149,1.2143,-0.63672,-0.13875
0.1491,1.2231,-0.58892,-0.20307
0.1492,1.2293,-0.53993,-0.26631
0.1493,1.2329,-0.48978,-0.32837
0.1494,1.2339,-0.4385,-0.38918
0.1495,1.2322,-0.38615,-0.44864
0.1496,1.228,-0.33278,-0.50665
0.1497,1.2212,-0.27848,-0.56312
0.1498,1.2118,-0.22332,-0.61796
0.1499,1.1999,-0.16734,-0.67111
0.15,1.1855,-0.1106,-0.7225
0.1501,1.1685,-0.053156,-0.77206
0.1502,1.149,0.0049412,-0.81973
0.1503,1.127,0.063625,-0.86546
0.1504,1.1026,0.12282,-0.90921
0.1505,1.0758,0.18242,-0.95087
0.1506,1.0467,0.24233,-0.99038
0.1507,1.0152,0.30245,-1.0277
0.1508,0.98146,0.36269,-1.0627
0.1509,0.94507,0.4229,-1.095
0.151,0.90716,0.48311,-1.1255
0.1511,0.86705,0.54317,-1.1537
0.1512,0.82473,0.60299,-1.1792
0.1513,0.78045,0.66248,-1.2023
0.1514,0.73432,0.72158,-1.2231
0.1515,0.68633,0.78016,-1.2413
0.1516,0.63641,0.83809,-1.2568
0.1517,0.58474,0.89526,-1.2698
0.1518,0.53154,0.95159,-1.2802
0.1519,0.49449,1.0021,-1.301
0.152,0.47173,1.046,-1.3292
0.1521,0.45833,1.0841,-1.3607
0.1522,0.44956,1.1182,-1.3925
0.1523,0.4574,1.1455,-1.4342
0.1524,0.47491,1.1645,-1.4771
0.1525,0.48051,1.1861,-1.5107
0.1526,0.48604,1.2053,-1.5418
0.1527,0.50501,1.2164,-1.5785
0.1528,0.52405,1.2227,-1.6103
0.1529,0.53402,1.2319,-1.636
0.153,0.5503,1.2362,-1.6632
0.1531,0.572,1.2365,-1.6916
0.1532,0.58976,1.2366,-1.7158
0.1533,0.60761,1.2369,-1.7402
0.1534,0.62644,1.2329,-1.7611
0.1535,0.62881,1.2328,-1.7693
0.1536,0.61398,1.2372,-1.7647
0.1537,0.59371,1.242,-1.755
0.1538,0.56889,1.2447,-1.7384
0.1539,0.53802,1.2493,-1.7175
0.154,0.5144,1.2489,-1.6987
0.1541,0.498,1.243,-1.6814
0.1542,0.47856,1.2359,-1.6597
0.1543,0.45869,1.2303,-1.6388
0.1544,0.44512,1.2208,-1.6202
0.1545,0.42916,1.2107,-1.5985
0.1546,0.41416,1.1983,-1.5754
0.1547,0.41314,1.179,-1.5591
0.1548,0.4212,1.1513,-1.5434
0.1549,0.4256,1.1227,-1.5228
0.155,0.43703,1.0889,-1.5038
0.1551,0.46091,1.0473,-1.4892
0.1552,0.48064,1.0037,-1.4681
0.1553,0.48743,0.96447,-1.4382
0.1554,0.48983,0.92504,-1.4035
0.1555,0.48138,0.88826,-1.3604
0.1556,0.45494,0.85801,-1.3057
0.1557,0.42414,0.83061,-1.2495
0.1558,0.40094,0.79812,-1.1956
0.1559,0.37597,0.76477,-1.1389
0.156,0.34809,0.73136,-1.0791
0.1561,0.32532,0.6947,-1.0211
0.1562,0.30338,0.65472,-0.96037
0.1563,0.27429,0.6172,-0.89487
0.1564,0.2472,0.57813,-0.82972
0.1565,0.22737,0.53468,-0.76731
0.1566,0.20993,0.48838,-0.7043
0.1567,0.19679,0.44094,-0.64433
0.1568,0.19519,0.38834,-0.59055
0.1569,0.19643,0.34869,-0.55246
0.157,0.1981,0.32311,-0.5287
0.1571,0.20643,0.30566,-0.51947
0.1572,0.21549,0.29164,-0.51413
0.1573,0.20922,0.29925,-0.515
0.1574,0.19658,0.31957,-0.52228
0.1575,0.18207,0.33206,-0.51998
0.1576,0.16077,0.34567,-0.51234
0.1577,0.13285,0.37392,-0.51329
0.1578,0.10983,0.39942,-0.51692
0.1579,0.082643,0.41724,-0.50911
0.158,0.045444,0.44238,-0.499
0.1581,0.0049085,0.47403,-0.49233
0.1582,-0.033638,0.49982,-0.48186
0.1583,-0.078463,0.52687,-0.4664
0.1584,-0.12008,0.55244,-0.45272
0.1585,-0.14871,0.55794,-0.43189
0.1586,-0.16799,0.54168,-0.39848
0.1587,-0.18359,0.51846,-0.36167
0.1588,-0.18502,0.48554,-0.32916
0.1589,-0.17625,0.4434,-0.2974
0.159,-0.16778,0.40743,-0.27132
0.1591,-0.16046,0.3812,-0.25373
0.1592,-0.14991,0.3533,-0.23752
0.1593,-0.14754,0.33051,-0.21811
0.1594,-0.15341,0.31876,-0.20146
0.1595,-0.15777,0.30708,-0.18642
0.1596,-0.15942,0.29411,-0.17284
0.1597,-0.16865,0.29523,-0.16593
0.1598,-0.18123,0.30475,-0.16426
0.1599,-0.19557,0.31081,-0.1574
0.16,-0.21767,0.32334,-0.14919
0.1601,-0.24902,0.35013,-0.14581
0.1602,-0.27906,0.37261,-0.13906
0.1603,-0.30836,0.38277,-0.12014
0.1604,-0.3375,0.38773,-0.095631
0.1605,-0.3606,0.38152,-0.065521
0.1606,-0.37287,0.35445,-0.025102
0.1607,-0.38023,0.32056,0.017166
0.1608,-0.38008,0.28965,0.048691
0.1609,-0.37038,0.25389,0.075349
0.161,-0.35635,0.2131,0.10256
0.1611,-0.34353,0.17811,0.12507
0.1612,-0.32636,0.14376,0.14272
0.1613,-0.30692,0.10412,0.16354
0.1614,-0.28922,0.067737,0.18296
0.1615,-0.27131,0.039578,0.1942
0.1616,-0.25091,0.013331,0.20136
0.1617,-0.23804,-0.0057559,0.20908
0.1618,-0.23492,-0.010474,0.21236
0.1619,-0.23686,-0.0058674,0.21175
0.162,-0.24354,0.0029956,0.21206
0.1621,-0.25855,0.020036,0.21309
0.1622,-0.27389,0.037062,0.21549
0.1623,-0.28493,0.041756,0.22712
0.1624,-0.29383,0.035609,0.24818
0.1625,-0.29996,0.023406,0.27264
0.1626,-0.29708,0.00034586,0.29801
0.1627,-0.289,-0.030305,0.32282
0.1628,-0.2793,-0.060847,0.34185
0.1629,-0.26569,-0.09477,0.35681
0.163,-0.24672,-0.13761,0.37243
0.1631,-0.22751,-0.18173,0.38752
0.1632,-0.20497,-0.22465,0.39858
0.1633,-0.17562,-0.27123,0.40798
0.1634,-0.14305,-0.31654,0.41452
0.1635,-0.11223,-0.35108,0.41353
0.1636,-0.081412,-0.37869,0.40667
0.1637,-0.054806,-0.40076,0.39874
0.1638,-0.03738,-0.40975,0.38629
0.1639,-0.027356,-0.40726,0.36826
0.164,-0.0204,-0.40543,0.35134
0.1641,-0.019437,-0.40632,0.33867
0.1642,-0.02244,-0.4121,0.32688
0.1643,-0.023513,-0.43773,0.31836
0.1644,-0.021219,-0.49815,0.31485
0.1645,-0.017542,-0.60234,0.30968
0.1646,-0.0074571,-0.7539,0.29866
0.1647,0.0098812,-0.90918,0.28829
0.1648,0.029757,-1.0135,0.28175
0.1649,0.051318,-1.0656,0.27663
0.165,0.079256,-1.0875,0.27449
0.1651,0.11066,-1.088,0.2787
0.1652,0.14282,-1.0807,0.28431
0.1653,0.17859,-1.0802,0.28656
0.1654,0.21804,-1.0813,0.28686
0.1655,0.25359,-1.0731,0.28524
0.1656,0.28443,-1.0588,0.27709
0.1657,0.31276,-1.0362,0.26272
0.1658,0.33555,-0.99636,0.24498
0.1659,0.34997,-0.94451,0.22363
0.166,0.36028,-0.89692,0.20111
0.1661,0.36712,-0.85903,0.18168
0.1662,0.36776,-0.83283,0.16505
0.1663,0.36578,-0.82827,0.14847
0.1664,0.36759,-0.85027,0.13134
0.1665,0.37187,-0.88358,0.11354
0.1666,0.37774,-0.90964,0.093994
0.1667,0.38894,-0.91365,0.075778
0.1668,0.40616,-0.87434,0.062984
0.1669,0.42658,-0.78989,0.054913
0.167,0.45457,-0.69477,0.048907
0.1671,0.49445,-0.62246,0.045015
0.1672,0.54449,-0.58127,0.041316
0.1673,0.60271,-0.56268,0.033921
0.1674,0.67018,-0.5596,0.022531
0.1675,0.74488,-0.56354,0.0085847
0.1676,0.82329,-0.56372,-0.0098083
0.1677,0.90048,-0.55704,-0.032731
0.1678,0.96907,-0.54648,-0.055949
0.1679,1.0202,-0.5297,-0.07761
0.168,1.0452,-0.50508,-0.099285
0.1681,1.0374,-0.47628,-0.11999
0.1682,0.99979,-0.44445,-0.13939
0.1683,0.94315,-0.40751,-0.16122
0.1684,0.88248,-0.36907,-0.18711
0.1685,0.83029,-0.33391,-0.21306
0.1686,0.7917,-0.30202,-0.23651
0.1687,0.76752,-0.27429,-0.25741
0.1688,0.75786,-0.25519,-0.2736
0.1689,0.76006,-0.24461,-0.28352
0.169,0.77417,-0.2402,-0.29041
0.1691,0.80104,-0.24299,-0.29696
0.1692,0.83505,-0.25256,-0.30316
0.1693,0.86407,-0.26356,-0.31039
0.1694,0.87874,-0.27401,-0.32108
0.1695,0.87512,-0.28367,-0.33499
0.1696,0.85678,-0.28883,-0.35096
0.1697,0.83253,-0.28647,-0.36894
0.1698,0.8107,-0.27882,-0.38793
0.1699,0.79148,-0.26593,-0.40637
0.17,0.77119,-0.24445,-0.42517
0.1701,0.74949,-0.21473,-0.44576
0.1702,0.72776,-0.18018,-0.46785
0.1703,0.70426,-0.14047,-0.49129
0.1704,0.67895,-0.096654,-0.51569
0.1705,0.65333,-0.053722,-0.53808
0.1706,0.62722,-0.014363,-0.55589
0.1707,0.60039,0.021633,-0.56934
0.1708,0.57609,0.05098,-0.57857
0.1709,0.5565,0.070664,-0.58297
0.171,0.54175,0.08237,-0.58442
0.1711,0.53249,0.088186,-0.58549
0.1712,0.52958,0.086964,-0.58587
0.1713,0.53081,0.080959,-0.5855
0.1714,0.53418,0.074452,-0.58647
0.1715,0.53862,0.068709,-0.58882
0.1716,0.54186,0.064236,-0.59067
0.1717,0.54181,0.063583,-0.59215
0.1718,0.53889,0.06808,-0.59468
0.1719,0.53269,0.07828,-0.59826
0.172,0.5219,0.095742,-0.60316
0.1721,0.50701,0.12132,-0.61094
0.1722,0.48932,0.15308,-0.62141
0.1723,0.46712,0.18977,-0.63221
0.1724,0.43955,0.23043,-0.64191
0.1725,0.40857,0.27175,-0.64946
