0.05,-0.2023,0.19245,0.03228
0.0501,-0.20489,0.18805,0.042977
0.0502,-0.20685,0.18322,0.053562
0.0503,-0.20816,0.17794,0.064031
0.0504,-0.20882,0.17215,0.074392
0.0505,-0.20888,0.16584,0.084655
0.0506,-0.20839,0.15901,0.09485
0.0507,-0.20748,0.1517,0.105
0.0508,-0.20625,0.14399,0.11513
0.0509,-0.20484,0.13597,0.12523
0.051,-0.20336,0.12773,0.1353
0.0511,-0.2019,0.11935,0.14529
0.0512,-0.20055,0.11092,0.15517
0.0513,-0.19933,0.1025,0.16486
0.0514,-0.19825,0.094103,0.17432
0.0515,-0.19728,0.085748,0.18344
0.0516,-0.19638,0.077426,0.19214
0.0517,-0.19545,0.069107,0.20036
0.0518,-0.1944,0.060744,0.20798
0.0519,-0.19311,0.052285,0.21493
0.052,-0.19145,0.043666,0.22115
0.0521,-0.18933,0.034819,0.2266
0.0522,-0.18664,0.025683,0.23128
0.0523,-0.18331,0.01621,0.23519
0.0524,-0.17933,0.0063691,0.23841
0.0525,-0.1747,-0.0038485,0.24099
0.0526,-0.16947,-0.014423,0.24302
0.0527,-0.16373,-0.025307,0.2446
0.0528,-0.15757,-0.036438,0.24583
0.0529,-0.15111,-0.047736,0.24678
0.053,-0.14448,-0.059116,0.24755
0.0531,-0.13779,-0.070497,0.24819
0.0532,-0.13113,-0.081806,0.24876
0.0533,-0.12455,-0.092977,0.24927
0.0534,-0.11809,-0.10396,0.24975
0.0535,-0.11175,-0.11471,0.25018
0.0536,-0.10551,-0.12519,0.25052
0.0537,-0.099312,-0.13539,0.25073
0.0538,-0.093081,-0.1453,0.25074
0.0539,-0.086703,-0.15491,0.2505
0.054,-0.080065,-0.16421,0.24993
0.0541,-0.073058,-0.17319,0.249
0.0542,-0.065585,-0.18182,0.24766
0.0543,-0.057575,-0.19008,0.24591
0.0544,-0.048996,-0.19793,0.24374
0.0545,-0.039852,-0.20535,0.24117
0.0546,-0.030176,-0.21229,0.23824
0.0547,-0.020042,-0.21873,0.23496
0.0548,-0.0095417,-0.22465,0.2314
0.0549,0.0012159,-0.23005,0.22759
0.055,0.012116,-0.23494,0.22358
0.0551,0.023039,-0.23932,0.21943
0.0552,0.03388,-0.24319,0.21517
0.0553,0.044549,-0.24654,0.21083
0.0554,0.05498,-0.24938,0.20641
0.0555,0.065137,-0.25169,0.20192
0.0556,0.075024,-0.2535,0.19733
0.0557,0.084672,-0.25481,0.19259
0.0558,0.094143,-0.25565,0.18766
0.0559,0.10352,-0.25607,0.18247
0.056,0.1129,-0.25614,0.17699
0.0561,0.12236,-0.25591,0.17113
0.0562,0.13198,-0.25547,0.16486
0.0563,0.14181,-0.25488,0.15816
0.0564,0.15186,-0.2542,0.15101
0.0565,0.1621,-0.25348,0.14344
0.0566,0.17249,-0.25274,0.13548
0.0567,0.18293,-0.252,0.12717
0.0568,0.19332,-0.25125,0.11858
0.0569,0.20351,-0.25045,0.10976
0.057,0.21336,-0.24957,0.10078
0.0571,0.22274,-0.24855,0.091711
0.0572,0.23151,-0.2473,0.082599
0.0573,0.23956,-0.24576,0.073486
0.0574,0.24679,-0.24386,0.064389
0.0575,0.25315,-0.24152,0.055316
0.0576,0.25863,-0.23872,0.04625
0.0577,0.26324,-0.23541,0.037163
0.0578,0.26705,-0.23162,0.028017
0.0579,0.27015,-0.22735,0.018772
0.058,0.27264,-0.22265,0.0093859
0.0581,0.27466,-0.21759,-0.00018141
0.0582,0.27632,-0.21222,-0.0099584
0.0583,0.27775,-0.20662,-0.019967
0.0584,0.27907,-0.20086,-0.030218
0.0585,0.28037,-0.19499,-0.040705
0.0586,0.2817,-0.18906,-0.051406
0.0587,0.28311,-0.1831,-0.062283
0.0588,0.28459,-0.17714,-0.073282
0.0589,0.2861,-0.17115,-0.084331
0.059,0.28758,-0.1651,-0.09535
0.0591,0.28893,-0.15893,-0.10626
0.0592,0.29004,-0.15259,-0.11696
0.0593,0.2908,-0.14602,-0.12738
0.0594,0.29113,-0.13915,-0.13745
0.0595,0.29093,-0.13192,-0.14711
0.0596,0.29015,-0.12429,-0.15629
0.0597,0.28267,-0.064013,-1.1774
0.0598,0.2808,-0.049662,-1.3068
0.0599,0.27877,-0.047045,-1.2115
0.06,0.27432,-0.040218,-1.1611
0.0601,0.2705,-0.037773,-0.97026
0.0602,0.26843,-0.042411,-0.68002
0.0603,0.26557,-0.042819,-0.52792
0.0604,0.26146,-0.034195,-0.49075
0.0605,0.25759,-0.025924,-0.40312
0.0606,0.2545,-0.022076,-0.29077
0.0607,0.25291,-0.026451,-0.058761
0.0608,0.2527,-0.037936,0.32937
0.0609,0.2527,-0.053227,0.7852
0.061,0.2528,-0.070413,1.2829
0.0611,0.25303,-0.088553,1.8343
0.0612,0.25326,-0.10411,2.3271
0.0613,0.25295,-0.11469,2.6789
0.0614,0.25246,-0.12242,2.9831
0.0615,0.25177,-0.13145,3.3345
0.0616,0.25121,-0.14695,3.794
0.0617,0.25066,-0.17299,4.4445
0.0618,0.25002,-0.20556,5.2534
0.0619,0.24859,-0.23753,6.0659
0.062,0.24659,-0.26833,6.8578
0.0621,0.244,-0.30134,7.7038
0.0622,0.24117,-0.33439,8.5505
0.0623,0.2379,-0.36393,9.306
0.0624,0.23462,-0.39096,10.014
0.0625,0.23165,-0.4192,10.732
0.0626,0.22961,-0.44954,11.437
0.0627,0.22773,-0.48117,12.139
0.0628,0.22568,-0.51292,12.878
0.0629,0.22349,-0.54489,13.629
0.063,0.22158,-0.57665,14.346
0.0631,0.21915,-0.60679,15.024
0.0632,0.21631,-0.63416,15.654
0.0633,0.21321,-0.66189,16.254
0.0634,0.21,-0.69323,16.901
0.0635,0.20595,-0.72757,17.618
0.0636,0.20134,-0.76254,18.353
0.0637,0.19602,-0.79846,19.092
0.0638,0.1898,-0.83434,19.852
0.0639,0.18209,-0.86778,20.59
0.064,0.17329,-0.89881,21.281
0.0641,0.16328,-0.9297,21.962
0.0642,0.15218,-0.95878,22.614
0.0643,0.13965,-0.98407,23.173
0.0644,0.12589,-1.0074,23.667
0.0645,0.11041,-1.0315,24.162
0.0646,0.092819,-1.0549,24.643
0.0647,0.072091,-1.0762,25.079
0.0648,0.047732,-1.0959,25.498
0.0649,0.018753,-1.1147,25.899
0.065,-0.015469,-1.1316,26.243
0.0651,-0.055129,-1.1476,26.546
0.0652,-0.098434,-1.1638,26.846
0.0653,-0.14278,-1.181,27.142
0.0654,-0.18401,-1.1986,27.422
0.0655,-0.21857,-1.2151,27.689
0.0656,-0.24401,-1.2293,27.925
0.0657,-0.25918,-1.2418,28.122
0.0658,-0.26382,-1.2525,28.297
0.0659,-0.26075,-1.2605,28.444
0.066,-0.25225,-1.2652,28.527
0.0661,-0.23907,-1.2674,28.543
0.0662,-0.22183,-1.267,28.507
0.0663,-0.20209,-1.2634,28.395
0.0664,-0.18012,-1.2569,28.211
0.0665,-0.15689,-1.2488,27.997
0.0666,-0.13423,-1.2385,27.754
0.0667,-0.11347,-1.2253,27.452
0.0668,-0.094633,-1.2106,27.111
0.0669,-0.078078,-1.1958,26.762
0.067,-0.063839,-1.1809,26.393
0.0671,-0.051911,-1.1663,25.998
0.0672,-0.042013,-1.152,25.596
0.0673,-0.034141,-1.1374,25.176
0.0674,-0.027995,-1.1215,24.711
0.0675,-0.023665,-1.1042,24.21
0.0676,-0.020999,-1.0852,23.686
0.0677,-0.019899,-1.0648,23.133
0.0678,-0.020033,-1.0432,22.549
0.0679,-0.021392,-1.0203,21.94
0.068,-0.023607,-0.99548,21.286
0.0681,-0.026503,-0.96918,20.584
0.0682,-0.029826,-0.94173,19.854
0.0683,-0.033571,-0.91256,19.094
0.0684,-0.037388,-0.88113,18.295
0.0685,-0.041147,-0.84827,17.472
0.0686,-0.04458,-0.81418,16.636
0.0687,-0.047676,-0.77879,15.772
0.0688,-0.05027,-0.74295,14.888
0.0689,-0.052466,-0.70788,14.009
0.069,-0.05418,-0.67322,13.127
0.0691,-0.055623,-0.63831,12.221
0.0692,-0.056878,-0.60301,11.301
0.0693,-0.058142,-0.56732,10.372
0.0694,-0.059388,-0.53069,9.424
0.0695,-0.060872,-0.4933,8.4609
0.0696,-0.062565,-0.45537,7.5007
0.0697,-0.064434,-0.41698,6.5352
0.0698,-0.066352,-0.37796,5.5507
0.0699,-0.068547,-0.33836,4.5534
0.07,-0.070946,-0.2979,3.5456
0.0701,-0.073531,-0.25669,2.5227
0.0702,-0.076213,-0.21479,1.4957
0.0703,-0.079036,-0.17197,0.47495
0.0704,-0.08166,-0.128,-0.54428
0.0705,-0.083927,-0.083607,-1.5569
0.0706,-0.085681,-0.039248,-2.548
0.0707,-0.086916,0.0051912,-3.5205
0.0708,-0.087402,0.049726,-4.4832
0.0709,-0.087196,0.093977,-5.4313
0.071,-0.086323,0.13851,-6.3696
0.0711,-0.08494,0.18396,-7.3154
0.0712,-0.083069,0.23011,-8.2652
0.0713,-0.08091,0.27624,-9.2019
0.0714,-0.078486,0.32234,-10.126
0.0715,-0.075923,0.36818,-11.039
0.0716,-0.073193,0.41316,-11.932
0.0717,-0.070381,0.45701,-12.803
0.0718,-0.06746,0.50006,-13.664
0.0719,-0.064574,0.54226,-14.511
0.072,-0.061644,0.58362,-15.337
0.0721,-0.058611,0.62424,-16.145
0.0722,-0.055298,0.66427,-16.934
0.0723,-0.051632,0.70348,-17.695
0.0724,-0.047293,0.74158,-18.424
0.0725,-0.04209,0.77809,-19.122
0.0726,-0.035816,0.81274,-19.781
0.0727,-0.028368,0.8456,-20.402
0.0728,-0.01948,0.87698,-20.996
0.0729,-0.0091066,0.90693,-21.568
0.073,0.0028153,0.9358,-22.115
0.0731,0.016264,0.96388,-22.644
0.0732,0.031315,0.99097,-23.154
0.0733,0.047832,1.0166,-23.633
0.0734,0.065703,1.0408,-24.08
0.0735,0.084674,1.0636,-24.502
0.0736,0.10452,1.0846,-24.895
0.0737,0.12477,1.1036,-25.252
0.0738,0.1449,1.1209,-25.577
0.0739,0.16418,1.1365,-25.87
0.074,0.18187,1.1504,-26.122
0.0741,0.19697,1.1626,-26.33
0.0742,0.20857,1.1732,-26.496
0.0743,0.216,1.1818,-26.615
0.0744,0.21894,1.1881,-26.68
0.0745,0.21732,1.1921,-26.698
0.0746,0.2117,1.1941,-26.672
0.0747,0.20292,1.1941,-26.606
0.0748,0.1921,1.1924,-26.506
0.0749,0.18039,1.1893,-26.377
0.075,0.16885,1.1847,-26.216
0.0751,0.15818,1.1786,-26.02
0.0752,0.14893,1.1711,-25.791
0.0753,0.14132,1.1618,-25.526
0.0754,0.13541,1.1507,-25.224
0.0755,0.13109,1.138,-24.891
0.0756,0.12818,1.1237,-24.529
0.0757,0.12638,1.1079,-24.134
0.0758,0.12549,1.0907,-23.707
0.0759,0.12525,1.0724,-23.252
0.076,0.1255,1.0529,-22.763
0.0761,0.12607,1.032,-22.236
0.0762,0.12689,1.0098,-21.672
0.0763,0.12788,0.98604,-21.07
0.0764,0.12899,0.96072,-20.429
0.0765,0.13023,0.93405,-19.753
0.0766,0.13166,0.90635,-19.054
0.0767,0.13323,0.87776,-18.332
0.0768,0.135,0.84848,-17.59
0.0769,0.13703,0.81857,-16.832
0.077,0.13935,0.78794,-16.058
0.0771,0.14192,0.75645,-15.263
0.0772,0.14479,0.72407,-14.45
0.0773,0.14792,0.69063,-13.621
0.0774,0.15121,0.65606,-12.773
0.0775,0.15453,0.62047,-11.907
0.0776,0.15785,0.58401,-11.026
0.0777,0.16102,0.54669,-10.128
0.0778,0.16398,0.50872,-9.2123
0.0779,0.16666,0.47021,-8.2827
0.078,0.16904,0.43112,-7.3384
0.0781,0.17107,0.3913,-6.3769
0.0782,0.17276,0.35086,-5.4012
0.0783,0.17409,0.30986,-4.4162
0.0784,0.17511,0.26835,-3.4237
0.0785,0.17579,0.22645,-2.4275
0.0786,0.1762,0.18437,-1.4334
0.0787,0.17632,0.14213,-0.44171
0.0788,0.17635,0.099654,0.54785
0.0789,0.17627,0.056928,1.5343
0.079,0.17621,0.013994,2.5156
0.0791,0.17616,-0.029298,3.4926
0.0792,0.17621,-0.072918,4.4644
0.0793,0.17627,-0.11683,5.4274
0.0794,0.17633,-0.16092,6.3813
0.0795,0.17626,-0.20515,7.3269
0.0796,0.17604,-0.24934,8.2621
0.0797,0.17554,-0.29345,9.1865
0.0798,0.1747,-0.3374,10.102
0.0799,0.17339,-0.38114,11.01
0.08,0.17159,-0.42459,11.907
0.0801,0.16918,-0.46769,12.793
0.0802,0.16613,-0.51014,13.666
0.0803,0.16238,-0.5517,14.519
0.0804,0.15795,-0.59216,15.35
0.0805,0.15279,-0.63137,16.157
0.0806,0.14695,-0.66913,16.937
0.0807,0.14043,-0.7055,17.689
0.0808,0.13325,-0.74054,18.415
0.0809,0.12536,-0.77432,19.116
0.081,0.11674,-0.80684,19.788
0.0811,0.10727,-0.83824,20.433
0.0812,0.096848,-0.86854,21.051
0.0813,0.085212,-0.89765,21.639
0.0814,0.072178,-0.92549,22.195
0.0815,0.057449,-0.95208,22.72
0.0816,0.040789,-0.97735,23.213
0.0817,0.021953,-1.0013,23.674
0.0818,0.00092818,-1.0239,24.104
0.0819,-0.02212,-1.0453,24.504
0.082,-0.046546,-1.0654,24.872
0.0821,-0.071255,-1.0839,25.204
0.0822,-0.094666,-1.1009,25.502
0.0823,-0.1151,-1.1161,25.763
0.0824,-0.131,-1.1293,25.983
0.0825,-0.14145,-1.1403,26.16
0.0826,-0.14631,-1.1491,26.295
0.0827,-0.14609,-1.1557,26.386
0.0828,-0.14168,-1.1602,26.435
0.0829,-0.1342,-1.1627,26.442
0.083,-0.12466,-1.1632,26.406
0.0831,-0.11394,-1.1617,26.327
0.0832,-0.1027,-1.1584,26.205
0.0833,-0.091488,-1.1534,26.041
0.0834,-0.08069,-1.1466,25.835
0.0835,-0.070607,-1.1382,25.589
0.0836,-0.061446,-1.1283,25.306
0.0837,-0.053393,-1.1171,24.987
0.0838,-0.046524,-1.1046,24.633
0.0839,-0.040919,-1.091,24.248
0.084,-0.036581,-1.0763,23.833
0.0841,-0.033498,-1.0604,23.385
0.0842,-0.031596,-1.0433,22.904
0.0843,-0.030823,-1.0249,22.392
0.0844,-0.031053,-1.005,21.846
0.0845,-0.032175,-0.98372,21.267
0.0846,-0.034049,-0.96104,20.658
0.0847,-0.036554,-0.937,20.02
0.0848,-0.039519,-0.91162,19.351
0.0849,-0.0428,-0.88502,18.656
0.085,-0.046231,-0.8572,17.933
0.0851,-0.049668,-0.82818,17.185
0.0852,-0.052941,-0.79803,16.41
0.0853,-0.055946,-0.76683,15.612
0.0854,-0.058592,-0.73461,14.791
0.0855,-0.060849,-0.7015,13.947
0.0856,-0.062715,-0.66765,13.084
0.0857,-0.06427,-0.63317,12.203
0.0858,-0.065596,-0.59811,11.306
0.0859,-0.066815,-0.56255,10.394
0.086,-0.068026,-0.52649,9.4693
0.0861,-0.069342,-0.48989,8.532
0.0862,-0.070822,-0.45275,7.5834
0.0863,-0.072522,-0.41507,6.626
0.0864,-0.074442,-0.37684,5.6609
0.0865,-0.076584,-0.33805,4.6888
0.0866,-0.078905,-0.29872,3.7117
0.0867,-0.081366,-0.25885,2.731
0.0868,-0.083878,-0.2184,1.7468
0.0869,-0.086333,-0.17736,0.76059
0.087,-0.088605,-0.13572,-0.22542
0.0871,-0.09059,-0.093456,-1.2105
0.0872,-0.092172,-0.050576,-2.1934
0.0873,-0.09328,-0.0071396,-3.1716
0.0874,-0.093844,0.036811,-4.1437
0.0875,-0.093839,0.081189,-5.1087
0.0876,-0.09326,0.12588,-6.0653
0.0877,-0.092161,0.1708,-7.0124
0.0878,-0.090592,0.21587,-7.9506
0.0879,-0.088636,0.26095,-8.8797
0.088,-0.086374,0.30591,-9.7981
0.0881,-0.083903,0.35064,-10.705
0.0882,-0.081287,0.395,-11.599
0.0883,-0.078592,0.4388,-12.478
0.0884,-0.07585,0.48194,-13.341
0.0885,-0.073079,0.52433,-14.185
0.0886,-0.070235,0.56588,-15.009
0.0887,-0.067256,0.6065,-15.812
0.0888,-0.064024,0.64619,-16.592
0.0889,-0.060395,0.68489,-17.35
0.089,-0.05618,0.72255,-18.084
0.0891,-0.051199,0.75911,-18.793
0.0892,-0.045254,0.7945,-19.477
0.0893,-0.038177,0.82862,-20.134
0.0894,-0.029805,0.86141,-20.764
0.0895,-0.020018,0.8928,-21.366
0.0896,-0.0087065,0.92278,-21.94
0.0897,0.0041961,0.95134,-22.485
0.0898,0.01874,0.97849,-23.003
0.0899,0.034913,1.0042,-23.493
0.09,0.05266,1.0286,-23.954
0.0901,0.071814,1.0514,-24.386
0.0902,0.0921,1.0729,-24.786
0.0903,0.11311,1.0928,-25.156
0.0904,0.13427,1.1111,-25.491
0.0905,0.15486,1.1278,-25.791
0.0906,0.17402,1.1427,-26.055
0.0907,0.19086,1.156,-26.28
0.0908,0.20449,1.1674,-26.465
0.0909,0.21416,1.177,-26.609
0.091,0.21936,1.1847,-26.711
0.0911,0.21994,1.1905,-26.77
0.0912,0.21616,1.1942,-26.786
0.0913,0.2087,1.1961,-26.761
0.0914,0.19856,1.1959,-26.694
0.0915,0.18686,1.1939,-26.588
0.0916,0.17471,1.19,-26.444
0.0917,0.16306,1.1843,-26.264
0.0918,0.15255,1.1769,-26.049
0.0919,0.14357,1.1679,-25.8
0.092,0.13627,1.1574,-25.517
0.0921,0.1306,1.1453,-25.2
0.0922,0.12641,1.1317,-24.85
0.0923,0.1235,1.1167,-24.467
0.0924,0.12163,1.1003,-24.052
0.0925,0.12058,1.0827,-23.605
0.0926,0.12017,1.0638,-23.126
0.0927,0.12024,1.0437,-22.615
0.0928,0.12069,1.0224,-22.072
0.0929,0.12144,0.99989,-21.497
0.093,0.12243,0.97614,-20.89
0.0931,0.12365,0.95113,-20.251
0.0932,0.12509,0.9249,-19.583
0.0933,0.12673,0.89746,-18.886
0.0934,0.12861,0.86889,-18.163
0.0935,0.13071,0.83925,-17.416
0.0936,0.13305,0.8086,-16.647
0.0937,0.13562,0.777,-15.859
0.0938,0.1384,0.74448,-15.052
0.0939,0.14135,0.71107,-14.227
0.094,0.14443,0.67677,-13.385
0.0941,0.14757,0.64161,-12.526
0.0942,0.1507,0.60563,-11.649
0.0943,0.15374,0.56885,-10.755
0.0944,0.15661,0.53136,-9.8458
0.0945,0.15926,0.49319,-8.9209
0.0946,0.16164,0.45445,-7.9819
0.0947,0.16372,0.41517,-7.0304
0.0948,0.16549,0.3754,-6.0676
0.0949,0.16695,0.33516,-5.0953
0.095,0.16812,0.29447,-4.1153
0.0951,0.16903,0.25335,-3.1294
0.0952,0.16971,0.2118,-2.1394
0.0953,0.17018,0.16984,-1.1476
0.0954,0.17051,0.12747,-0.15582
0.0955,0.17073,0.084713,0.83444
0.0956,0.17092,0.041592,1.8215
0.0957,0.17109,-0.001865,2.8041
0.0958,0.17125,-0.045627,3.7811
0.0959,0.17138,-0.089652,4.7516
0.096,0.17146,-0.13388,5.7147
0.0961,0.17141,-0.17825,6.6698
0.0962,0.17118,-0.22268,7.6164
0.0963,0.17069,-0.26707,8.5536
0.0964,0.16986,-0.31132,9.4807
0.0965,0.16863,-0.35533,10.397
0.0966,0.16695,-0.39896,11.302
0.0967,0.16474,-0.44209,12.193
0.0968,0.16197,-0.48458,13.069
0.0969,0.1586,-0.5263,13.929
0.097,0.15462,-0.56709,14.771
0.0971,0.15,-0.60686,15.591
0.0972,0.14475,-0.64549,16.389
0.0973,0.13887,-0.68292,17.163
0.0974,0.13236,-0.71909,17.91
0.0975,0.12518,-0.754,18.631
0.0976,0.11732,-0.78766,19.323
0.0977,0.10868,-0.82006,19.988
0.0978,0.099145,-0.85124,20.623
0.0979,0.088555,-0.88122,21.229
0.098,0.0767,-0.90998,21.806
0.0981,0.063335,-0.93752,22.353
0.0982,0.04821,-0.96382,22.869
0.0983,0.031097,-0.98884,23.355
0.0984,0.011867,-1.0125,23.808
0.0985,-0.0094197,-1.0348,24.23
0.0986,-0.032398,-1.0557,24.619
0.0987,-0.056307,-1.0751,24.974
0.0988,-0.079955,-1.0928,25.295
0.0989,-0.10186,-1.1089,25.58
0.099,-0.12048,-1.1231,25.826
0.0991,-0.13462,-1.1353,26.033
0.0992,-0.14359,-1.1456,26.198
0.0993,-0.14735,-1.1537,26.321
0.0994,-0.14639,-1.1598,26.4
0.0995,-0.14155,-1.1638,26.436
0.0996,-0.13381,-1.1657,26.429
0.0997,-0.12412,-1.1657,26.378
0.0998,-0.1133,-1.1638,26.285
0.0999,-0.10207,-1.16,26.15
0.1,-0.090974,-1.1545,25.973
0.1001,-0.080431,-1.1473,25.756
0.1002,-0.070745,-1.1386,25.5
0.1003,-0.062125,-1.1285,25.206
0.1004,-0.054695,-1.1169,24.878
0.1005,-0.048522,-1.1042,24.516
0.1006,-0.043624,-1.0902,24.122
0.1007,-0.039983,-1.075,23.697
0.1008,-0.037547,-1.0586,23.241
0.1009,-0.036246,-1.0409,22.754
0.101,-0.035979,-1.0219,22.234
0.1011,-0.036634,-1.0016,21.682
0.1012,-0.038078,-0.9798,21.097
0.1013,-0.040175,-0.95663,20.48
0.1014,-0.042774,-0.93208,19.833
0.1015,-0.045728,-0.90622,19.155
0.1016,-0.048884,-0.87911,18.45
0.1017,-0.052098,-0.85083,17.717
0.1018,-0.055236,-0.82143,16.96
0.1019,-0.058185,-0.791,16.178
0.102,-0.060864,-0.7596,15.373
0.1021,-0.063229,-0.72729,14.546
0.1022,-0.065274,-0.69415,13.698
0.1023,-0.067035,-0.66025,12.832
0.1024,-0.068574,-0.62568,11.948
0.1025,-0.069983,-0.59049,11.048
0.1026,-0.071352,-0.55472,10.134
0.1027,-0.072771,-0.51841,9.2077
0.1028,-0.074309,-0.48158,8.2698
0.1029,-0.076014,-0.44421,7.3217
0.103,-0.077904,-0.40631,6.3644
0.1031,-0.079977,-0.36786,5.3988
0.1032,-0.082208,-0.32884,4.4259
0.1033,-0.084557,-0.28925,3.447
0.1034,-0.086961,-0.24908,2.4634
0.1035,-0.089334,-0.20832,1.4765
0.1036,-0.091559,-0.16697,0.48814
0.1037,-0.093532,-0.12503,-0.50005
0.1038,-0.095159,-0.082521,-1.4864
0.1039,-0.096364,-0.039459,-2.4691
0.104,-0.097086,0.0041115,-3.4465
0.1041,-0.09729,0.048135,-4.4173
0.1042,-0.096968,0.092537,-5.3803
0.1043,-0.096147,0.13723,-6.3346
0.1044,-0.094874,0.18212,-7.2795
0.1045,-0.093217,0.22709,-8.2146
0.1046,-0.091254,0.27202,-9.1393
0.1047,-0.089062,0.3168,-10.053
0.1048,-0.086708,0.36131,-10.955
0.1049,-0.084244,0.40542,-11.843
0.105,-0.081703,0.44901,-12.717
0.1051,-0.07909,0.49197,-13.575
0.1052,-0.07638,0.53419,-14.414
0.1053,-0.073516,0.57557,-15.234
0.1054,-0.070406,0.61604,-16.033
0.1055,-0.066928,0.65552,-16.809
0.1056,-0.062935,0.69394,-17.562
0.1057,-0.058265,0.73124,-18.29
0.1058,-0.052745,0.76735,-18.993
0.1059,-0.046213,0.80222,-19.67
0.106,-0.038514,0.83578,-20.32
0.1061,-0.029512,0.868,-20.942
0.1062,-0.01909,0.89883,-21.537
0.1063,-0.0071564,0.92827,-22.103
0.1064,0.0063557,0.95629,-22.641
0.1065,0.02148,0.9829,-23.15
0.1066,0.038205,1.0081,-23.63
0.1067,0.056451,1.0319,-24.08
0.1068,0.076048,1.0542,-24.501
0.1069,0.096695,1.0751,-24.891
0.107,0.11796,1.0946,-25.248
0.1071,0.13921,1.1124,-25.573
0.1072,0.15969,1.1287,-25.862
0.1073,0.17844,1.1433,-26.114
0.1074,0.19449,1.1561,-26.327
0.1075,0.20689,1.167,-26.5
0.1076,0.21493,1.1761,-26.631
0.1077,0.21822,1.1832,-26.72
0.1078,0.21684,1.1883,-26.766
0.1079,0.21131,1.1913,-26.769
0.108,0.20254,1.1924,-26.73
0.1081,0.19163,1.1915,-26.651
0.1082,0.17972,1.1888,-26.534
0.1083,0.16782,1.1842,-26.378
0.1084,0.15669,1.1779,-26.187
0.1085,0.14682,1.1699,-25.96
0.1086,0.13848,1.1603,-25.698
0.1087,0.13172,1.1491,-25.402
0.1088,0.12647,1.1365,-25.073
0.1089,0.12259,1.1224,-24.711
0.109,0.11987,1.107,-24.317
0.1091,0.11813,1.0904,-23.891
0.1092,0.11716,1.0725,-23.433
0.1093,0.11681,1.0533,-22.943
0.1094,0.11695,1.033,-22.422
0.1095,0.11748,1.0114,-21.868
0.1096,0.11833,0.98855,-21.283
0.1097,0.11946,0.96445,-20.666
0.1098,0.12086,0.93909,-20.018
0.1099,0.1225,0.91249,-19.341
0.11,0.12439,0.88469,-18.636
0.1101,0.12652,0.85575,-17.906
0.1102,0.12888,0.82574,-17.153
0.1103,0.13145,0.79472,-16.378
0.1104,0.13421,0.76273,-15.583
0.1105,0.13711,0.72982,-14.77
0.1106,0.14011,0.69603,-13.938
0.1107,0.14315,0.66138,-13.089
0.1108,0.14616,0.62592,-12.223
0.1109,0.14909,0.58969,-11.34
0.111,0.15189,0.55273,-10.44
0.1111,0.15449,0.51511,-9.5245
0.1112,0.15686,0.47687,-8.5945
0.1113,0.15899,0.43807,-7.651
0.1114,0.16085,0.39874,-6.6956
0.1115,0.16245,0.35893,-5.7298
0.1116,0.1638,0.31864,-4.7554
0.1117,0.16492,0.2779,-3.7741
0.1118,0.16584,0.23671,-2.7877
0.1119,0.16658,0.19508,-1.7981
0.112,0.16715,0.15301,-0.80706
0.1121,0.16467,0.1327,-0.2447
0.1122,0.15935,0.14053,-0.23848
0.1123,0.15426,0.14742,-0.23163
0.1124,0.14834,0.15367,-0.22585
0.1125,0.1409,0.1612,-0.22246
0.1126,0.13258,0.17016,-0.22045
0.1127,0.12416,0.17791,-0.21839
0.1128,0.11536,0.18438,-0.21665
0.1129,0.10537,0.19248,-0.2177
0.113,0.094247,0.20219,-0.22109
0.1131,0.082815,0.21067,-0.22413
0.1132,0.071689,0.21718,-0.22513
0.1133,0.060789,0.22238,-0.22468
0.1134,0.049746,0.22643,-0.22292
0.1135,0.038348,0.23015,-0.22026
0.1136,0.026779,0.23413,-0.21708
0.1137,0.015552,0.2371,-0.21301
0.1138,0.0048334,0.23822,-0.20736
0.1139,-0.005552,0.23889,-0.20113
0.114,-0.015627,0.23992,-0.19478
0.1141,-0.025236,0.24012,-0.1874
0.1142,-0.03445,0.23886,-0.17839
0.1143,-0.043308,0.23701,-0.16888
0.1144,-0.051934,0.23519,-0.15935
0.1145,-0.060694,0.23366,-0.1497
0.1146,-0.069907,0.23256,-0.14004
0.1147,-0.079424,0.23167,-0.13089
0.1148,-0.089308,0.23121,-0.12274
0.1149,-0.099845,0.2323,-0.1165
0.115,-0.11084,0.23452,-0.11178
0.1151,-0.12158,0.23585,-0.10702
0.1152,-0.13191,0.23586,-0.10158
0.1153,-0.14199,0.23606,-0.096435
0.1154,-0.15172,0.23657,-0.091453
0.1155,-0.16075,0.23643,-0.085625
0.1156,-0.16902,0.23554,-0.078658
0.1157,-0.17637,0.234,-0.070684
0.1158,-0.18279,0.23113,-0.061047
0.1159,-0.18851,0.22712,-0.049894
0.116,-0.19377,0.22275,-0.038056
0.1161,-0.19837,0.21766,-0.025635
0.1162,-0.20221,0.21126,-0.012252
0.1163,-0.2054,0.20447,0.0012366
0.1164,-0.20801,0.19807,0.014064
0.1165,-0.21003,0.19179,0.026392
0.1166,-0.21165,0.18568,0.038304
0.1167,-0.21296,0.18029,0.049178
0.1168,-0.21396,0.17541,0.059116
0.1169,-0.2148,0.17062,0.0686
0.117,-0.21576,0.16583,0.07789
0.1171,-0.21677,0.16075,0.087135
0.1172,-0.21785,0.15526,0.09649
0.1173,-0.21916,0.1502,0.10538
0.1174,-0.22063,0.14589,0.11363
0.1175,-0.22181,0.14135,0.12195
0.1176,-0.22251,0.13595,0.1309
0.1177,-0.2227,0.13004,0.14009
0.1178,-0.22235,0.12339,0.14955
0.1179,-0.22139,0.11546,0.15955
0.118,-0.21993,0.10635,0.16983
0.1181,-0.21794,0.096249,0.18003
0.1182,-0.2155,0.08489,0.19037
0.1183,-0.21286,0.072767,0.20057
0.1184,-0.21018,0.060825,0.20997
0.1185,-0.20738,0.049287,0.21842
0.1186,-0.2044,0.038061,0.22607
0.1187,-0.20121,0.027562,0.23252
0.1188,-0.19766,0.017764,0.23768
0.1189,-0.19369,0.0081611,0.24189
0.119,-0.18949,-0.0011927,0.24518
0.1191,-0.18516,-0.0099216,0.24723
0.1192,-0.18065,-0.018257,0.24822
0.1193,-0.17607,-0.02635,0.2484
0.1194,-0.17157,-0.034131,0.24787
0.1195,-0.16698,-0.042099,0.2471
0.1196,-0.16218,-0.050891,0.24669
0.1197,-0.15724,-0.060186,0.24652
0.1198,-0.15209,-0.069717,0.24637
0.1199,-0.14642,-0.080038,0.24661
0.12,-0.14014,-0.091427,0.24747
0.1201,-0.1333,-0.10338,0.24854
0.1202,-0.12594,-0.11572,0.24973
0.1203,-0.11813,-0.1285,0.25118
0.1204,-0.11006,-0.14121,0.25262
0.1205,-0.10177,-0.15347,0.25372
0.1206,-0.093272,-0.16549,0.25471
0.1207,-0.084651,-0.1772,0.25563
0.1208,-0.076033,-0.1881,0.25607
0.1209,-0.067394,-0.19798,0.25573
0.121,-0.058778,-0.20672,0.25452
0.1211,-0.050201,-0.21388,0.25199
0.1212,-0.041548,-0.21946,0.24802
0.1213,-0.032691,-0.22384,0.24292
0.1214,-0.023681,-0.22726,0.23707
0.1215,-0.0145,-0.22987,0.23067
0.1216,-0.0050829,-0.23213,0.22417
0.1217,0.0045286,-0.23429,0.2179
0.1218,0.014248,-0.23636,0.21196
0.1219,0.024157,-0.23868,0.20657
0.122,0.03427,-0.2416,0.20202
0.1221,0.044479,-0.24476,0.19802
0.1222,0.054752,-0.24783,0.19419
0.1223,0.065209,-0.25096,0.19049
0.1224,0.075877,-0.25415,0.18687
0.1225,0.08677,-0.25716,0.18297
