0.05,0.17854,0.17953,-0.2649
0.0501,0.1683,0.19043,-0.26559
0.0502,0.15755,0.20109,-0.26602
0.0503,0.14636,0.21144,-0.26617
0.0504,0.1348,0.22135,-0.26602
0.0505,0.12294,0.23074,-0.26552
0.0506,0.11089,0.23952,-0.26464
0.0507,0.098698,0.24764,-0.26337
0.0508,0.086422,0.25509,-0.26167
0.0509,0.074093,0.26187,-0.25954
0.051,0.061737,0.26804,-0.25697
0.0511,0.04935,0.27369,-0.25401
0.0512,0.036931,0.27888,-0.25066
0.0513,0.024474,0.28371,-0.24698
0.0514,0.011977,0.28828,-0.24302
0.0515,-0.00056963,0.29268,-0.23882
0.0516,-0.013157,0.29699,-0.2344
0.0517,-0.025779,0.30124,-0.2298
0.0518,-0.038412,0.30544,-0.22503
0.0519,-0.05103,0.30958,-0.22009
0.052,-0.06358,0.31364,-0.21494
0.0521,-0.076004,0.31755,-0.20954
0.0522,-0.088225,0.32124,-0.20385
0.0523,-0.10017,0.32462,-0.19779
0.0524,-0.11176,0.32758,-0.19128
0.0525,-0.12293,0.33005,-0.18423
0.0526,-0.13366,0.33193,-0.17656
0.0527,-0.14391,0.33319,-0.16819
0.0528,-0.15371,0.3338,-0.1591
0.0529,-0.16306,0.33378,-0.14926
0.053,-0.17201,0.33314,-0.1387
0.0531,-0.1806,0.33196,-0.12747
0.0532,-0.18887,0.33031,-0.11564
0.0533,-0.19687,0.32827,-0.10331
0.0534,-0.20461,0.32593,-0.090578
0.0535,-0.21216,0.32341,-0.07756
0.0536,-0.21952,0.32076,-0.06435
0.0537,-0.22671,0.31806,-0.051052
0.0538,-0.23375,0.31537,-0.037756
0.0539,-0.24061,0.31272,-0.02454
0.054,-0.24726,0.31009,-0.011464
0.0541,-0.25365,0.30746,0.0014219
0.0542,-0.25972,0.30474,0.014091
0.0543,-0.26543,0.30185,0.026538
0.0544,-0.27071,0.29868,0.038771
0.0545,-0.27553,0.29513,0.050807
0.0546,-0.27984,0.29109,0.062681
0.0547,-0.28361,0.28647,0.074422
0.0548,-0.28684,0.28122,0.086053
0.0549,-0.28953,0.27529,0.097592
0.055,-0.29171,0.26865,0.10905
0.0551,-0.2934,0.2613,0.12043
0.0552,-0.29466,0.25327,0.13171
0.0553,-0.29553,0.2446,0.14286
0.0554,-0.29608,0.23533,0.15386
0.0555,-0.29637,0.22555,0.16467
0.0556,-0.29644,0.21532,0.17524
0.0557,-0.29635,0.20471,0.18551
0.0558,-0.29612,0.19381,0.19544
0.0559,-0.29576,0.18269,0.20496
0.056,-0.29526,0.17138,0.21405
0.0561,-0.29458,0.15994,0.22268
0.0562,-0.29368,0.14838,0.23083
0.0563,-0.29253,0.13671,0.23851
0.0564,-0.29105,0.12491,0.24574
0.0565,-0.28922,0.11298,0.25255
0.0566,-0.287,0.10087,0.25898
0.0567,-0.28434,0.088575,0.26506
0.0568,-0.28125,0.076069,0.27082
0.0569,-0.2777,0.063353,0.2763
0.057,-0.2737,0.050427,0.2815
0.0571,-0.26927,0.037323,0.28648
0.0572,-0.26445,0.02409,0.29123
0.0573,-0.25927,0.010804,0.29575
0.0574,-0.25377,-0.0024518,0.30003
0.0575,-0.248,-0.015568,0.30404
0.0576,-0.24198,-0.028439,0.30772
0.0577,-0.23572,-0.040963,0.31106
0.0578,-0.22919,-0.053059,0.31401
0.0579,-0.22236,-0.064658,0.31653
0.058,-0.21517,-0.075731,0.31859
0.0581,-0.20756,-0.08627,0.32017
0.0582,-0.19948,-0.096296,0.32127
0.0583,-0.19088,-0.10585,0.3219
0.0584,-0.18173,-0.11499,0.32207
0.0585,-0.172,-0.12378,0.32181
0.0586,-0.1617,-0.13231,0.32116
0.0587,-0.15083,-0.14064,0.32015
0.0588,-0.13942,-0.14884,0.31884
0.0589,-0.1275,-0.15697,0.31725
0.059,-0.11513,-0.16505,0.31545
0.0591,-0.10237,-0.17308,0.31345
0.0592,-0.089294,-0.18106,0.31129
0.0593,-0.076004,-0.18892,0.30898
0.0594,-0.06259,-0.19661,0.30653
0.0595,-0.049153,-0.20402,0.30391
0.0596,-0.035781,-0.21107,0.30111
0.0597,-0.022557,-0.21766,0.29807
0.0598,-0.0095461,-0.22373,0.29475
0.0599,0.0031995,-0.22922,0.29111
0.06,0.015649,-0.23411,0.28708
0.0601,0.027784,-0.23836,0.28262
0.0602,0.039609,-0.24198,0.2777
0.0603,0.051138,-0.24499,0.27227
0.0604,0.062403,-0.24745,0.26632
0.0605,0.073443,-0.24941,0.25982
0.0606,0.084306,-0.25095,0.25278
0.0607,0.095035,-0.25217,0.2452
0.0608,0.10567,-0.25314,0.23709
0.0609,0.11624,-0.25394,0.2285
0.061,0.12675,-0.25463,0.21943
0.0611,0.13719,-0.25525,0.20994
0.0612,0.14753,-0.25581,0.20005
0.0613,0.15771,-0.2563,0.18978
0.0614,0.16769,-0.25668,0.17918
0.0615,0.1774,-0.2569,0.16825
0.0616,0.18677,-0.25689,0.15702
0.0617,0.19574,-0.25657,0.1455
0.0618,0.20427,-0.25588,0.13372
0.0619,0.2123,-0.25475,0.12169
0.062,0.21982,-0.25313,0.10943
0.0621,0.22681,-0.25097,0.096957
0.0622,0.23326,-0.24826,0.084298
0.0623,0.2392,-0.24501,0.071478
0.0624,0.24466,-0.24124,0.058529
0.0625,0.24966,-0.237,0.045488
0.0626,0.2543,-0.23237,0.032404
0.0627,0.25863,-0.22741,0.019326
0.0628,0.26271,-0.2222,0.0063167
0.0629,0.26657,-0.2168,-0.0065624
0.063,0.27024,-0.21126,-0.019249
0.0631,0.27373,-0.20562,-0.031688
0.0632,0.27703,-0.19985,-0.043829
0.0633,0.28012,-0.1939,-0.055638
0.0634,0.28298,-0.18774,-0.067092
0.0635,0.28556,-0.18126,-0.078183
0.0636,0.28783,-0.17439,-0.088912
0.0637,0.28973,-0.16702,-0.099296
0.0638,0.29122,-0.15908,-0.10935
0.0639,0.29226,-0.15048,-0.11912
0.064,0.29282,-0.14117,-0.12861
0.0641,0.29287,-0.13113,-0.13787
0.0642,0.29243,-0.12037,-0.14693
0.0643,0.2915,-0.1089,-0.15579
0.0644,0.29012,-0.096793,-0.16448
0.0645,0.28834,-0.084128,-0.17299
0.0646,0.28622,-0.071015,-0.1813
0.0647,0.28381,-0.057573,-0.1894
0.0648,0.28117,-0.043931,-0.19723
0.0649,0.27837,-0.030217,-0.20475
0.065,0.27543,-0.016556,-0.21191
0.0651,0.27237,-0.0030518,-0.21866
0.0652,0.31457,0.037504,-0.22029
0.0653,0.33773,0.06874,-0.22295
0.0654,0.35718,0.0997,-0.22488
0.0655,0.3734,0.13043,-0.22607
0.0656,0.3864,0.16076,-0.2267
0.0657,0.39625,0.19084,-0.22678
0.0658,0.40319,0.22075,-0.22621
0.0659,0.40768,0.2505,-0.22513
0.066,0.40981,0.28,-0.22367
0.0661,0.4096,0.30939,-0.22181
0.0662,0.40699,0.33861,-0.21962
0.0663,0.40213,0.36758,-0.21724
0.0664,0.39505,0.39623,-0.21465
0.0665,0.38584,0.42446,-0.21184
0.0666,0.37452,0.45218,-0.20889
0.0667,0.36119,0.47943,-0.2058
0.0668,0.34591,0.50623,-0.20244
0.0669,0.32891,0.53252,-0.19884
0.067,0.3103,0.55819,-0.195
0.0671,0.29012,0.58318,-0.19089
0.0672,0.26837,0.60741,-0.18643
0.0673,0.2452,0.63079,-0.18168
0.0674,0.2207,0.65317,-0.17658
0.0675,0.195,0.67447,-0.17113
0.0676,0.16817,0.69462,-0.16536
0.0677,0.14033,0.71367,-0.15931
0.0678,0.11161,0.73162,-0.15295
0.0679,0.082281,0.74849,-0.14638
0.068,0.052525,0.76437,-0.13968
0.0681,0.022401,0.77938,-0.13286
0.0682,-0.0080238,0.79354,-0.12593
0.0683,-0.03854,0.80684,-0.11901
0.0684,-0.069082,0.81923,-0.11213
0.0685,-0.099681,0.83067,-0.10527
0.0686,-0.13033,0.84113,-0.098414
0.0687,-0.16095,0.85056,-0.091597
0.0688,-0.1916,0.85892,-0.084695
0.0689,-0.22223,0.86617,-0.07763
0.069,-0.25277,0.87226,-0.070349
0.0691,-0.28316,0.87722,-0.062767
0.0692,-0.31339,0.88102,-0.054709
0.0693,-0.34334,0.88363,-0.046138
0.0694,-0.37293,0.88501,-0.037021
0.0695,-0.40211,0.88514,-0.027316
0.0696,-0.43087,0.88399,-0.017006
0.0697,-0.45914,0.88159,-0.0062022
0.0698,-0.48687,0.87795,0.0050466
0.0699,-0.51402,0.87312,0.016672
0.07,-0.54054,0.86714,0.028573
0.0701,-0.56638,0.86011,0.040612
0.0702,-0.59149,0.85209,0.052728
0.0703,-0.61576,0.84309,0.064796
0.0704,-0.63911,0.83317,0.0767
0.0705,-0.66151,0.82237,0.088353
0.0706,-0.68298,0.81072,0.099716
0.0707,-0.70345,0.79819,0.11069
0.0708,-0.7229,0.78476,0.12124
0.0709,-0.74135,0.77044,0.13138
0.071,-0.75884,0.75518,0.14111
0.0711,-0.77533,0.73897,0.15043
0.0712,-0.79084,0.7218,0.15942
0.0713,-0.80537,0.70364,0.16812
0.0714,-0.81885,0.68447,0.17655
0.0715,-0.83127,0.66431,0.18474
0.0716,-0.84263,0.64315,0.19274
0.0717,-0.85288,0.621,0.20052
0.0718,-0.86199,0.59786,0.20806
0.0719,-0.86995,0.57375,0.21536
0.072,-0.87673,0.54867,0.22241
0.0721,-0.88229,0.52263,0.22912
0.0722,-0.88661,0.49567,0.23548
0.0723,-0.88969,0.46783,0.24145
0.0724,-0.8915,0.43917,0.24698
0.0725,-0.89205,0.40977,0.252
0.0726,-0.89138,0.37971,0.25652
0.0727,-0.88951,0.34904,0.26051
0.0728,-0.8864,0.31784,0.26392
0.0729,-0.88213,0.28618,0.26677
0.073,-0.87672,0.25411,0.26911
0.0731,-0.87017,0.22169,0.27094
0.0732,-0.8625,0.18895,0.2723
0.0733,-0.85374,0.15596,0.27327
0.0734,-0.84391,0.12277,0.27389
0.0735,-0.83301,0.08944,0.27417
0.0736,-0.82108,0.056039,0.27418
0.0737,-0.80815,0.022632,0.27394
0.0738,-0.79419,-0.010727,0.2735
0.0739,-0.77921,-0.043976,0.27285
0.074,-0.76322,-0.077061,0.27198
0.0741,-0.74619,-0.10992,0.27085
0.0742,-0.72808,-0.1425,0.26943
0.0743,-0.70888,-0.17472,0.26768
0.0744,-0.68855,-0.2065,0.26557
0.0745,-0.66707,-0.23779,0.26305
0.0746,-0.64441,-0.26851,0.26011
0.0747,-0.62059,-0.29862,0.25675
0.0748,-0.59561,-0.32807,0.25296
0.0749,-0.5695,-0.35685,0.24875
0.075,-0.54234,-0.38494,0.24416
0.0751,-0.51419,-0.41234,0.23923
0.0752,-0.48511,-0.43906,0.23399
0.0753,-0.4552,-0.4651,0.22848
0.0754,-0.42454,-0.49045,0.22278
0.0755,-0.3932,-0.5151,0.2169
0.0756,-0.36122,-0.53902,0.21092
0.0757,-0.3287,-0.56219,0.20488
0.0758,-0.29566,-0.58457,0.19882
0.0759,-0.26214,-0.60612,0.19274
0.076,-0.22821,-0.62678,0.18667
0.0761,-0.19395,-0.64652,0.18061
0.0762,-0.15939,-0.66526,0.17453
0.0763,-0.1246,-0.68295,0.16839
0.0764,-0.089657,-0.69953,0.16216
0.0765,-0.054617,-0.71499,0.15579
0.0766,-0.019521,-0.7293,0.14921
0.0767,0.015562,-0.74245,0.14241
0.0768,0.05058,-0.75442,0.13533
0.0769,0.085493,-0.7652,0.12794
0.077,0.12023,-0.77481,0.12022
0.0771,0.15473,-0.78323,0.11217
0.0772,0.18893,-0.79051,0.10378
0.0773,0.22277,-0.79665,0.095057
0.0774,0.25617,-0.80166,0.086035
0.0775,0.28907,-0.80558,0.076736
0.0776,0.32145,-0.80842,0.067181
0.0777,0.35327,-0.8102,0.057401
0.0778,0.38449,-0.81093,0.047432
0.0779,0.41511,-0.8106,0.037283
0.078,0.44512,-0.80921,0.026977
0.0781,0.47449,-0.80673,0.016539
0.0782,0.5032,-0.80314,0.0059795
0.0783,0.53123,-0.79843,-0.0046982
0.0784,0.55852,-0.79257,-0.015468
0.0785,0.58505,-0.78557,-0.026318
0.0786,0.61076,-0.77743,-0.037238
0.0787,0.63562,-0.76815,-0.048205
0.0788,0.65956,-0.75777,-0.059186
0.0789,0.68256,-0.74631,-0.070167
0.079,0.70459,-0.7338,-0.081122
0.0791,0.72559,-0.72027,-0.092004
0.0792,0.74553,-0.70576,-0.10277
0.0793,0.76442,-0.6903,-0.11337
0.0794,0.78224,-0.67392,-0.12375
0.0795,0.79895,-0.65665,-0.13382
0.0796,0.81453,-0.63854,-0.14355
0.0797,0.82896,-0.61958,-0.15287
0.0798,0.8422,-0.59978,-0.16173
0.0799,0.85423,-0.57914,-0.17009
0.08,0.86507,-0.55763,-0.17793
0.0801,0.87469,-0.53522,-0.18526
0.0802,0.88309,-0.51188,-0.19207
0.0803,0.89031,-0.48759,-0.19841
0.0804,0.89636,-0.46232,-0.20429
0.0805,0.90124,-0.43608,-0.20976
0.0806,0.90496,-0.40887,-0.21486
0.0807,0.90754,-0.38074,-0.21962
0.0808,0.90897,-0.35171,-0.22409
0.0809,0.90923,-0.32186,-0.22829
0.081,0.90833,-0.29124,-0.23223
0.0811,0.90624,-0.25995,-0.23593
0.0812,0.90296,-0.22806,-0.23937
0.0813,0.89847,-0.19567,-0.24252
0.0814,0.89279,-0.16287,-0.24536
0.0815,0.88592,-0.12977,-0.24784
0.0816,0.87787,-0.096468,-0.24993
0.0817,0.86868,-0.063043,-0.25157
0.0818,0.85834,-0.029579,-0.25273
0.0819,0.84688,0.0038523,-0.25337
0.082,0.8343,0.037185,-0.25349
0.0821,0.82063,0.070365,-0.2531
0.0822,0.80586,0.10335,-0.25221
0.0823,0.79,0.1361,-0.25084
0.0824,0.77309,0.16858,-0.24903
0.0825,0.75511,0.20078,-0.24681
0.0826,0.73609,0.23266,-0.24423
0.0827,0.71604,0.2642,-0.24135
0.0828,0.69497,0.29539,-0.23822
0.0829,0.67287,0.32619,-0.23488
0.083,0.64977,0.35658,-0.23136
0.0831,0.62564,0.38652,-0.22769
0.0832,0.60048,0.41597,-0.22388
0.0833,0.57428,0.44486,-0.21993
0.0834,0.54704,0.47315,-0.21583
0.0835,0.51877,0.50077,-0.21156
0.0836,0.48947,0.52766,-0.20709
0.0837,0.4592,0.55377,-0.2024
0.0838,0.42801,0.57904,-0.19747
0.0839,0.39596,0.60344,-0.19228
0.084,0.36317,0.62693,-0.1868
0.0841,0.32973,0.64946,-0.18105
0.0842,0.29576,0.67103,-0.17501
0.0843,0.26137,0.69162,-0.16871
0.0844,0.22666,0.71122,-0.16217
0.0845,0.19171,0.72981,-0.15541
0.0846,0.15662,0.74741,-0.14849
0.0847,0.12144,0.76399,-0.14144
0.0848,0.08623,0.77958,-0.13432
0.0849,0.051043,0.79418,-0.12717
0.085,0.015924,0.80779,-0.12001
0.0851,-0.019083,0.8204,-0.11286
0.0852,-0.053933,0.83196,-0.10574
0.0853,-0.088588,0.84247,-0.098623
0.0854,-0.12301,0.85187,-0.091463
0.0855,-0.15715,0.86014,-0.084205
0.0856,-0.19099,0.86726,-0.076769
0.0857,-0.2245,0.87319,-0.06907
0.0858,-0.25763,0.87791,-0.061024
0.0859,-0.29036,0.88142,-0.052547
0.086,-0.32264,0.88371,-0.043571
0.0861,-0.35443,0.88477,-0.034058
0.0862,-0.38569,0.88461,-0.023994
0.0863,-0.41636,0.88325,-0.013392
0.0864,-0.44638,0.8807,-0.0023018
0.0865,-0.47571,0.87701,0.0092015
0.0866,-0.5043,0.87219,0.02103
0.0867,-0.53209,0.86629,0.033084
0.0868,-0.55904,0.85935,0.045252
0.0869,-0.58513,0.85139,0.05743
0.087,-0.6103,0.84244,0.069524
0.0871,-0.63455,0.83253,0.081444
0.0872,-0.65783,0.82165,0.093112
0.0873,-0.68014,0.80983,0.10447
0.0874,-0.70144,0.79705,0.11548
0.0875,-0.72171,0.78333,0.12612
0.0876,-0.74093,0.76865,0.13636
0.0877,-0.75913,0.75301,0.14623
0.0878,-0.77626,0.7364,0.15572
0.0879,-0.79232,0.71882,0.16488
0.088,-0.80728,0.70025,0.17373
0.0881,-0.82112,0.6807,0.18231
0.0882,-0.83382,0.66018,0.19063
0.0883,-0.84538,0.63869,0.19871
0.0884,-0.85577,0.61622,0.20656
0.0885,-0.86498,0.59281,0.21417
0.0886,-0.873,0.56846,0.22152
0.0887,-0.8798,0.54317,0.22858
0.0888,-0.88538,0.51698,0.23531
0.0889,-0.88971,0.4899,0.24167
0.089,-0.89279,0.46198,0.2476
0.0891,-0.89461,0.43324,0.25308
0.0892,-0.89517,0.40374,0.25806
0.0893,-0.89448,0.37353,0.26253
0.0894,-0.89256,0.34269,0.26646
0.0895,-0.88943,0.31127,0.26987
0.0896,-0.88512,0.27936,0.27276
0.0897,-0.87964,0.24703,0.27515
0.0898,-0.87303,0.21433,0.27708
0.0899,-0.86531,0.18135,0.27857
0.09,-0.85648,0.14813,0.27966
0.0901,-0.84657,0.11475,0.2804
0.0902,-0.83559,0.081265,0.28081
0.0903,-0.82352,0.047733,0.28091
0.0904,-0.8104,0.01422,0.28074
0.0905,-0.7962,-0.01921,0.28034
0.0906,-0.78094,-0.052493,0.27969
0.0907,-0.76461,-0.085563,0.27879
0.0908,-0.74721,-0.11836,0.27762
0.0909,-0.72873,-0.15081,0.27614
0.091,-0.70916,-0.18287,0.27433
0.0911,-0.68847,-0.21448,0.27215
0.0912,-0.66667,-0.24559,0.26958
0.0913,-0.64373,-0.27615,0.2666
0.0914,-0.61965,-0.30614,0.26321
0.0915,-0.59446,-0.33551,0.25941
0.0916,-0.56817,-0.36425,0.25521
0.0917,-0.54083,-0.39235,0.25063
0.0918,-0.51251,-0.41979,0.24572
0.0919,-0.48326,-0.44655,0.24053
0.092,-0.45317,-0.47262,0.23508
0.0921,-0.4223,-0.498,0.22945
0.0922,-0.39074,-0.52264,0.22366
0.0923,-0.35856,-0.54653,0.21777
0.0924,-0.32581,-0.56964,0.2118
0.0925,-0.29256,-0.59191,0.20579
0.0926,-0.25886,-0.6133,0.19974
0.0927,-0.22476,-0.63377,0.19366
0.0928,-0.19033,-0.65327,0.18754
0.0929,-0.15561,-0.67174,0.18136
0.093,-0.12067,-0.68914,0.1751
0.0931,-0.085573,-0.70542,0.16872
0.0932,-0.050385,-0.72056,0.16218
0.0933,-0.015174,-0.73458,0.15545
0.0934,0.019997,-0.74744,0.14849
0.0935,0.055062,-0.75914,0.14127
0.0936,0.089965,-0.76969,0.13376
0.0937,0.12465,-0.77908,0.12594
0.0938,0.15906,-0.78734,0.1178
0.0939,0.19315,-0.79447,0.10934
0.094,0.22687,-0.80048,0.10056
0.0941,0.26019,-0.80539,0.091494
0.0942,0.29305,-0.80921,0.082147
0.0943,0.32541,-0.81194,0.072542
0.0944,0.35724,-0.81357,0.062702
0.0945,0.3885,-0.8141,0.05265
0.0946,0.41915,-0.81354,0.042406
0.0947,0.44918,-0.81186,0.03199
0.0948,0.47854,-0.80906,0.021418
0.0949,0.5072,-0.80512,0.010708
0.095,0.53514,-0.80005,-0.00012308
0.0951,0.56232,-0.79384,-0.011058
0.0952,0.58871,-0.78648,-0.022078
0.0953,0.61427,-0.778,-0.03316
0.0954,0.63896,-0.76841,-0.04428
0.0955,0.66275,-0.75772,-0.055407
0.0956,0.68558,-0.74597,-0.066509
0.0957,0.70742,-0.73319,-0.077547
0.0958,0.72822,-0.71942,-0.08848
0.0959,0.74796,-0.70469,-0.09926
0.096,0.76663,-0.68903,-0.10984
0.0961,0.7842,-0.67248,-0.12016
0.0962,0.80067,-0.65505,-0.13017
0.0963,0.81599,-0.63677,-0.13983
0.0964,0.83016,-0.61763,-0.14908
0.0965,0.84316,-0.59762,-0.15789
0.0966,0.85498,-0.57674,-0.16622
0.0967,0.86562,-0.55495,-0.17407
0.0968,0.87507,-0.53222,-0.18142
0.0969,0.88332,-0.50854,-0.18829
0.097,0.89038,-0.48387,-0.1947
0.0971,0.89625,-0.45823,-0.20067
0.0972,0.90093,-0.4316,-0.20625
0.0973,0.90441,-0.40403,-0.21146
0.0974,0.90671,-0.37555,-0.21635
0.0975,0.90783,-0.3462,-0.22095
0.0976,0.90776,-0.31607,-0.22526
0.0977,0.90651,-0.28521,-0.22931
0.0978,0.90407,-0.25373,-0.23309
0.0979,0.90046,-0.22169,-0.23658
0.098,0.89566,-0.18919,-0.23977
0.0981,0.88968,-0.15632,-0.24261
0.0982,0.88253,-0.12318,-0.24508
0.0983,0.8742,-0.089849,-0.24712
0.0984,0.86472,-0.05641,-0.24872
0.0985,0.85409,-0.022939,-0.24982
0.0986,0.84233,0.010495,-0.25042
0.0987,0.82946,0.043834,-0.25052
0.0988,0.81549,0.07703,-0.25014
0.0989,0.80044,0.11004,-0.24929
0.099,0.78432,0.14283,-0.24799
0.0991,0.76715,0.17538,-0.24627
0.0992,0.74894,0.20764,-0.24416
0.0993,0.72969,0.2396,-0.24172
0.0994,0.70939,0.27123,-0.23897
0.0995,0.68806,0.30249,-0.23596
0.0996,0.66568,0.33334,-0.23273
0.0997,0.64225,0.36375,-0.2293
0.0998,0.61775,0.39367,-0.2257
0.0999,0.5922,0.42305,-0.22193
0.1,0.56559,0.45183,-0.218
0.1001,0.53794,0.47998,-0.2139
0.1002,0.50927,0.50743,-0.20961
0.1003,0.47962,0.53413,-0.20511
0.1004,0.44903,0.56004,-0.20039
0.1005,0.41757,0.58511,-0.19541
0.1006,0.38533,0.60931,-0.19017
0.1007,0.35238,0.63261,-0.18466
0.1008,0.31882,0.65497,-0.17887
0.1009,0.28476,0.67639,-0.17281
0.101,0.25028,0.69685,-0.16651
0.1011,0.21549,0.71632,-0.15999
0.1012,0.18048,0.73482,-0.15328
0.1013,0.14531,0.75231,-0.14642
0.1014,0.11006,0.7688,-0.13946
0.1015,0.074796,0.78429,-0.13242
0.1016,0.039561,0.79877,-0.12535
0.1017,0.0044022,0.81224,-0.11826
0.1018,-0.03064,0.82467,-0.11116
0.1019,-0.065526,0.83604,-0.10405
0.102,-0.10022,0.84631,-0.096897
0.1021,-0.13468,0.85545,-0.089656
0.1022,-0.16888,0.86344,-0.082267
0.1023,-0.20276,0.87024,-0.074656
0.1024,-0.2363,0.87585,-0.066746
0.1025,-0.26944,0.88024,-0.058458
0.1026,-0.30215,0.88342,-0.049728
0.1027,-0.33437,0.88539,-0.040505
0.1028,-0.36607,0.88614,-0.030762
0.1029,-0.3972,0.88571,-0.020499
0.103,-0.42772,0.88409,-0.0097413
0.1031,-0.45758,0.88133,0.0014605
0.1032,-0.48675,0.87744,0.013036
0.1033,-0.51517,0.87245,0.024899
0.1034,-0.54281,0.86639,0.036953
0.1035,-0.56963,0.85928,0.049099
0.1036,-0.59558,0.85115,0.06124
0.1037,-0.62064,0.84201,0.073283
0.1038,-0.64475,0.83188,0.085148
0.1039,-0.6679,0.82077,0.096768
0.104,-0.69006,0.80869,0.10809
0.1041,-0.71119,0.79564,0.11908
0.1042,-0.73128,0.78161,0.12971
0.1043,-0.75031,0.76662,0.13998
0.1044,-0.7683,0.75065,0.1499
0.1045,-0.78523,0.7337,0.15948
0.1046,-0.80106,0.71577,0.16873
0.1047,-0.81579,0.69686,0.17768
0.1048,-0.8294,0.67699,0.18636
0.1049,-0.84186,0.65615,0.19477
0.105,-0.85315,0.63436,0.20292
0.1051,-0.86326,0.61162,0.21082
0.1052,-0.87218,0.58794,0.21846
0.1053,-0.87988,0.56334,0.22581
0.1054,-0.88636,0.53782,0.23284
0.1055,-0.89161,0.5114,0.23953
0.1056,-0.89563,0.48411,0.24584
0.1057,-0.8984,0.45598,0.25172
0.1058,-0.89993,0.42704,0.25715
0.1059,-0.90022,0.39734,0.26209
0.106,-0.89929,0.36694,0.26653
0.1061,-0.89713,0.33589,0.27046
0.1062,-0.89377,0.30428,0.27388
0.1063,-0.88921,0.27217,0.2768
0.1064,-0.88349,0.23963,0.27924
0.1065,-0.87661,0.20675,0.28123
0.1066,-0.8686,0.17359,0.2828
0.1067,-0.85947,0.14022,0.28399
0.1068,-0.84924,0.1067,0.28482
0.1069,-0.83792,0.073111,0.28532
0.107,-0.82553,0.039503,0.28551
0.1071,-0.81207,0.0059443,0.28541
0.1072,-0.79754,-0.027502,0.28506
0.1073,-0.78194,-0.060772,0.28444
0.1074,-0.76527,-0.093803,0.28355
0.1075,-0.74752,-0.12654,0.28235
0.1076,-0.72868,-0.15891,0.28083
0.1077,-0.70874,-0.19088,0.27896
0.1078,-0.68768,-0.22238,0.27672
0.1079,-0.66551,-0.25339,0.2741
0.108,-0.64221,-0.28386,0.27108
0.1081,-0.6178,-0.31376,0.26766
0.1082,-0.59229,-0.34307,0.26386
0.1083,-0.56572,-0.37176,0.25967
0.1084,-0.53813,-0.39982,0.25514
0.1085,-0.50957,-0.42724,0.25029
0.1086,-0.4801,-0.45399,0.24516
0.1087,-0.4498,-0.48004,0.2398
0.1088,-0.41872,-0.50539,0.23424
0.1089,-0.38694,-0.52999,0.22853
0.109,-0.35452,-0.5538,0.22271
0.1091,-0.32153,-0.5768,0.2168
0.1092,-0.28803,-0.59893,0.21082
0.1093,-0.2541,-0.62015,0.20478
0.1094,-0.21979,-0.64041,0.19869
0.1095,-0.18517,-0.65967,0.19253
0.1096,-0.15029,-0.67788,0.18629
0.1097,-0.11523,-0.69501,0.17994
0.1098,-0.080039,-0.71101,0.17346
0.1099,-0.044785,-0.7259,0.1668
0.11,-0.0095263,-0.73966,0.15994
0.1101,0.025676,-0.75229,0.15284
0.1102,0.060763,-0.76378,0.1455
0.1103,0.095677,-0.77413,0.13787
0.1104,0.13036,-0.78334,0.12995
0.1105,0.16477,-0.79143,0.12172
0.1106,0.19885,-0.79839,0.11319
0.1107,0.23255,-0.80425,0.10437
0.1108,0.26583,-0.809,0.095255
0.1109,0.29865,-0.81265,0.085866
0.111,0.33098,-0.8152,0.076215
0.1111,0.36277,-0.81663,0.06632
0.1112,0.394,-0.81695,0.056194
0.1113,0.42463,-0.81613,0.045857
0.1114,0.45463,-0.81418,0.035326
0.1115,0.48395,-0.81109,0.024621
0.1116,0.51257,-0.80684,0.013764
0.1117,0.54045,-0.80144,0.0027772
0.1118,0.56754,-0.7949,-0.0083141
0.1119,0.59382,-0.78722,-0.019484
0.112,0.61924,-0.77842,-0.030704
0.1121,0.64377,-0.76853,-0.041945
0.1122,0.66736,-0.75757,-0.053174
0.1123,0.68999,-0.74556,-0.064357
0.1124,0.71161,-0.73255,-0.075453
0.1125,0.7322,-0.71857,-0.08642
0.1126,0.75173,-0.70364,-0.097211
0.1127,0.77019,-0.6878,-0.10778
0.1128,0.78757,-0.67106,-0.11807
0.1129,0.80383,-0.65344,-0.12804
0.113,0.81896,-0.63494,-0.13764
0.1131,0.83293,-0.61558,-0.14684
0.1132,0.84572,-0.59532,-0.1556
0.1133,0.85733,-0.57416,-0.16391
0.1134,0.86776,-0.55206,-0.17175
0.1135,0.87698,-0.52902,-0.17912
0.1136,0.88502,-0.505,-0.18603
0.1137,0.89185,-0.47999,-0.19252
0.1138,0.89749,-0.454,-0.19859
0.1139,0.90194,-0.42704,-0.20428
0.114,0.90518,-0.39914,-0.20962
0.1141,0.90723,-0.37035,-0.21464
0.1142,0.90807,-0.34073,-0.21936
0.1143,0.90772,-0.31035,-0.22378
0.1144,0.90617,-0.27928,-0.22792
0.1145,0.90343,-0.24762,-0.23176
0.1146,0.89949,-0.21543,-0.2353
0.1147,0.89437,-0.18283,-0.23851
0.1148,0.88807,-0.14989,-0.24136
0.1149,0.8806,-0.11669,-0.24381
0.115,0.87198,-0.083324,-0.24583
0.1151,0.86221,-0.049859,-0.2474
0.1152,0.85131,-0.016366,-0.24848
0.1153,0.83928,0.017095,-0.24907
0.1154,0.82615,0.050469,-0.24917
0.1155,0.81192,0.083709,-0.24881
0.1156,0.79661,0.11677,-0.248
0.1157,0.78022,0.14963,-0.24676
0.1158,0.76278,0.18223,-0.24512
0.1159,0.74415,0.20451,-0.24538
0.116,0.72473,0.21335,-0.24843
0.1161,0.70455,0.22204,-0.25124
0.1162,0.68331,0.23053,-0.25369
0.1163,0.66103,0.23878,-0.25583
0.1164,0.63779,0.24678,-0.25769
0.1165,0.61349,0.25455,-0.25929
0.1166,0.58808,0.26201,-0.26061
0.1167,0.56158,0.26905,-0.26164
0.1168,0.53401,0.27564,-0.26239
0.1169,0.50542,0.28176,-0.26287
0.117,0.47586,0.28741,-0.2631
0.1171,0.4454,0.29255,-0.26306
0.1172,0.41405,0.29716,-0.26267
0.1173,0.3819,0.30119,-0.26193
0.1174,0.34907,0.30466,-0.26082
0.1175,0.31563,0.3076,-0.25936
0.1176,0.28161,0.31004,-0.25754
0.1177,0.24715,0.31201,-0.25537
0.1178,0.21232,0.31354,-0.25284
0.1179,0.17723,0.3147,-0.25
0.118,0.14198,0.31556,-0.24691
0.1181,0.10663,0.31612,-0.24356
0.1182,0.071233,0.31645,-0.2399
0.1183,0.035854,0.31656,-0.23596
0.1184,0.00058085,0.31647,-0.23179
0.1185,-0.034578,0.31614,-0.22737
0.1186,-0.058082,0.31814,-0.22244
0.1187,-0.070977,0.32234,-0.21713
0.1188,-0.083649,0.32615,-0.21147
0.1189,-0.095999,0.32958,-0.20539
0.119,-0.10797,0.33258,-0.19888
0.1191,-0.11957,0.33512,-0.19188
0.1192,-0.13082,0.33717,-0.18427
0.1193,-0.14172,0.33876,-0.17601
0.1194,-0.1522,0.33985,-0.16712
0.1195,-0.16228,0.34044,-0.15755
0.1196,-0.17208,0.34062,-0.14733
0.1197,-0.18163,0.34043,-0.13652
0.1198,-0.19092,0.33986,-0.12516
0.1199,-0.19997,0.33895,-0.11328
0.12,-0.20882,0.33775,-0.10095
0.1201,-0.21744,0.33627,-0.088267
0.1202,-0.22585,0.33456,-0.075276
0.1203,-0.23409,0.33267,-0.062044
0.1204,-0.24207,0.33058,-0.04868
0.1205,-0.24976,0.32828,-0.035263
0.1206,-0.25715,0.32579,-0.021844
0.1207,-0.26423,0.32313,-0.0084889
0.1208,-0.2709,0.32023,0.0047491
0.1209,-0.27711,0.31703,0.017855
0.121,-0.2829,0.3135,0.030824
0.1211,-0.28825,0.30959,0.043661
0.1212,-0.29312,0.30522,0.05638
0.1213,-0.29748,0.30037,0.068977
0.1214,-0.30133,0.29503,0.081424
0.1215,-0.30467,0.28917,0.093725
0.1216,-0.30757,0.28279,0.10589
0.1217,-0.31006,0.27591,0.11789
0.1218,-0.31214,0.26849,0.12972
0.1219,-0.31388,0.26052,0.14138
0.122,-0.31534,0.25204,0.15288
0.1221,-0.31654,0.24308,0.16416
0.1222,-0.31751,0.23364,0.17522
0.1223,-0.31827,0.22373,0.18605
0.1224,-0.31881,0.21341,0.19659
0.1225,-0.31908,0.20269,0.2068
