0.05,0.41371,0.11177,-0.45577
0.0501,0.40075,0.13134,-0.46288
0.0502,0.38698,0.15075,-0.46946
0.0503,0.37247,0.16988,-0.47545
0.0504,0.35729,0.18863,-0.48082
0.0505,0.34153,0.20687,-0.48549
0.0506,0.32528,0.2245,-0.48941
0.0507,0.30861,0.24147,-0.49257
0.0508,0.29156,0.25774,-0.49492
0.0509,0.27418,0.27331,-0.49647
0.051,0.2565,0.28824,-0.49722
0.0511,0.23852,0.30259,-0.49722
0.0512,0.22025,0.31644,-0.49652
0.0513,0.20171,0.3299,-0.49518
0.0514,0.18292,0.34306,-0.49328
0.0515,0.16389,0.35601,-0.49087
0.0516,0.14466,0.36878,-0.48798
0.0517,0.12523,0.3814,-0.48462
0.0518,0.10565,0.39385,-0.4808
0.0519,0.085936,0.4061,-0.47648
0.052,0.066145,0.41811,-0.47162
0.0521,0.046329,0.42979,-0.46617
0.0522,0.026554,0.44107,-0.46006
0.0523,0.0068914,0.45184,-0.45318
0.0524,-0.012587,0.46198,-0.44547
0.0525,-0.031831,0.47141,-0.43683
0.0526,-0.050798,0.48002,-0.42719
0.0527,-0.069471,0.48776,-0.41647
0.0528,-0.087846,0.49461,-0.40466
0.0529,-0.10594,0.50057,-0.39175
0.053,-0.12376,0.50567,-0.37779
0.0531,-0.14133,0.50997,-0.36285
0.0532,-0.15865,0.51356,-0.34704
0.0533,-0.17573,0.5165,-0.33049
0.0534,-0.19257,0.5189,-0.31332
0.0535,-0.20917,0.52083,-0.29567
0.0536,-0.22554,0.52236,-0.27765
0.0537,-0.24166,0.52355,-0.25936
0.0538,-0.25752,0.52444,-0.2409
0.0539,-0.2731,0.52505,-0.22234
0.054,-0.28836,0.52535,-0.20373
0.0541,-0.30323,0.52531,-0.18513
0.0542,-0.31769,0.52484,-0.16653
0.0543,-0.33168,0.52384,-0.14794
0.0544,-0.34515,0.52219,-0.12932
0.0545,-0.35803,0.51978,-0.11064
0.0546,-0.37031,0.51649,-0.091865
0.0547,-0.38196,0.51224,-0.072945
0.0548,-0.39297,0.50696,-0.053863
0.0549,-0.40336,0.50062,-0.034606
0.055,-0.41313,0.49319,-0.015189
0.0551,-0.42228,0.4847,0.0043582
0.0552,-0.43086,0.47517,0.023984
0.0553,-0.43887,0.46465,0.043638
0.0554,-0.44635,0.45321,0.06325
0.0555,-0.45332,0.44095,0.082748
0.0556,-0.45982,0.42795,0.10206
0.0557,-0.46586,0.4143,0.1211
0.0558,-0.47145,0.40011,0.1398
0.0559,-0.47659,0.38546,0.15809
0.056,-0.48126,0.3704,0.17591
0.0561,-0.48541,0.35499,0.19324
0.0562,-0.48902,0.33922,0.21006
0.0563,-0.49204,0.32311,0.22639
0.0564,-0.49444,0.30662,0.24225
0.0565,-0.49618,0.28974,0.2577
0.0566,-0.49723,0.27242,0.27276
0.0567,-0.49759,0.25464,0.2875
0.0568,-0.49722,0.23639,0.30194
0.0569,-0.49613,0.21766,0.31609
0.057,-0.4943,0.19848,0.32998
0.0571,-0.49174,0.17888,0.34361
0.0572,-0.48846,0.15892,0.35696
0.0573,-0.48448,0.13869,0.36998
0.0574,-0.47981,0.11829,0.38263
0.0575,-0.47449,0.097838,0.39485
0.0576,-0.46852,0.07745,0.40656
0.0577,-0.46189,0.057244,0.4177
0.0578,-0.4546,0.037315,0.42821
0.0579,-0.4466,0.01774,0.43802
0.058,-0.43785,-0.0014366,0.4471
0.0581,-0.42832,-0.020203,0.45543
0.0582,-0.41797,-0.038573,0.463
0.0583,-0.40677,-0.05658,0.46983
0.0584,-0.39473,-0.074277,0.47597
0.0585,-0.38183,-0.091728,0.48144
0.0586,-0.36811,-0.10899,0.48631
0.0587,-0.35359,-0.12614,0.49063
0.0588,-0.33831,-0.14321,0.49443
0.0589,-0.32232,-0.16024,0.49776
0.059,-0.30566,-0.17725,0.50066
0.0591,-0.2884,-0.19422,0.50314
0.0592,-0.27063,-0.21113,0.5052
0.0593,-0.25242,-0.22791,0.50686
0.0594,-0.23386,-0.24446,0.50806
0.0595,-0.21504,-0.26069,0.50878
0.0596,-0.19604,-0.27648,0.50894
0.0597,-0.17693,-0.29171,0.5085
0.0598,-0.15777,-0.30634,0.50736
0.0599,-0.1386,-0.32027,0.50547
0.06,-0.11945,-0.33345,0.50276
0.0601,-0.10035,-0.34586,0.49918
0.0602,-0.081301,-0.35749,0.49471
0.0603,-0.062305,-0.36837,0.48933
0.0604,-0.043354,-0.37855,0.48304
0.0605,-0.024433,-0.38807,0.47584
0.0606,-0.005521,-0.39702,0.46775
0.0607,0.013398,-0.40548,0.45879
0.0608,0.032339,-0.41352,0.44901
0.0609,0.051302,-0.4212,0.43846
0.061,0.070276,-0.42858,0.42718
0.0611,0.089229,-0.43567,0.41522
0.0612,0.10812,-0.44248,0.40262
0.0613,0.12689,-0.44899,0.38943
0.0614,0.14547,-0.45512,0.37566
0.0615,0.16381,-0.46083,0.36134
0.0616,0.18183,-0.46601,0.34645
0.0617,0.19949,-0.4706,0.33102
0.0618,0.21674,-0.4745,0.31503
0.0619,0.23353,-0.47764,0.29849
0.062,0.24985,-0.47997,0.28141
0.0621,0.26565,-0.48144,0.26381
0.0622,0.28094,-0.48203,0.24571
0.0623,0.29572,-0.48175,0.22715
0.0624,0.30998,-0.48061,0.20818
0.0625,0.32377,-0.47866,0.18884
0.0626,0.33713,-0.47597,0.16922
0.0627,0.35009,-0.4726,0.14939
0.0628,0.36266,-0.46862,0.12942
0.0629,0.37486,-0.46409,0.10942
0.063,0.38668,-0.45908,0.089469
0.0631,0.39812,-0.45359,0.069632
0.0632,0.40916,-0.44761,0.049975
0.0633,0.41977,-0.44114,0.030539
0.0634,0.42991,-0.43408,0.011346
0.0635,0.43954,-0.42637,-0.0075991
0.0636,0.44864,-0.41792,-0.026307
0.0637,0.45715,-0.40867,-0.044798
0.0638,0.4656,-0.46056,-0.19311
0.0639,0.47335,-0.48974,-0.29619
0.064,0.4802,-0.51702,-0.39754
0.0641,0.48639,-0.54321,-0.49779
0.0642,0.49235,-0.56807,-0.59631
0.0643,0.49756,-0.59097,-0.69315
0.0644,0.50159,-0.61219,-0.78866
0.0645,0.50524,-0.63273,-0.88343
0.0646,0.50881,-0.6528,-0.9773
0.0647,0.51158,-0.67192,-1.0702
0.0648,0.51348,-0.68976,-1.1615
0.0649,0.51495,-0.70644,-1.2511
0.065,0.51582,-0.72201,-1.3385
0.0651,0.51609,-0.73659,-1.4234
0.0652,0.51606,-0.75026,-1.5052
0.0653,0.51555,-0.76288,-1.5842
0.0654,0.5141,-0.77449,-1.6606
0.0655,0.51201,-0.78553,-1.7347
0.0656,0.50949,-0.79616,-1.8067
0.0657,0.50624,-0.80607,-1.8765
0.0658,0.50199,-0.81494,-1.9437
0.0659,0.49697,-0.82267,-2.0084
0.066,0.4911,-0.82918,-2.0702
0.0661,0.4843,-0.8344,-2.1289
0.0662,0.47667,-0.83821,-2.184
0.0663,0.46818,-0.84029,-2.2352
0.0664,0.4586,-0.8406,-2.2823
0.0665,0.44823,-0.83952,-2.3258
0.0666,0.4372,-0.83723,-2.3659
0.0667,0.42512,-0.83341,-2.4027
0.0668,0.41175,-0.82807,-2.4362
0.0669,0.39765,-0.82164,-2.4667
0.067,0.38289,-0.81431,-2.4939
0.0671,0.36725,-0.8059,-2.5177
0.0672,0.35078,-0.79647,-2.5376
0.0673,0.33379,-0.78609,-2.5538
0.0674,0.31609,-0.77465,-2.566
0.0675,0.29773,-0.76214,-2.5741
0.0676,0.27903,-0.74873,-2.5779
0.0677,0.26005,-0.7343,-2.5779
0.0678,0.24049,-0.7187,-2.5739
0.0679,0.22059,-0.7021,-2.5663
0.068,0.2006,-0.68462,-2.5552
0.0681,0.18042,-0.66614,-2.5406
0.0682,0.15998,-0.64659,-2.5225
0.0683,0.13956,-0.62599,-2.5007
0.0684,0.11914,-0.60425,-2.4754
0.0685,0.09861,-0.58128,-2.4465
0.0686,0.07806,-0.55719,-2.414
0.0687,0.05759,-0.5319,-2.3778
0.0688,0.037057,-0.50541,-2.338
0.0689,0.016656,-0.47801,-2.2947
0.069,-0.0034195,-0.44998,-2.2479
0.0691,-0.023298,-0.42126,-2.1978
0.0692,-0.043165,-0.39188,-2.1443
0.0693,-0.062792,-0.36204,-2.0876
0.0694,-0.082151,-0.33184,-2.0278
0.0695,-0.10139,-0.30116,-1.9648
0.0696,-0.12048,-0.27006,-1.8986
0.0697,-0.1393,-0.23858,-1.8294
0.0698,-0.15803,-0.20667,-1.7573
0.0699,-0.17665,-0.17438,-1.6823
0.07,-0.19496,-0.14185,-1.6046
0.0701,-0.2129,-0.10902,-1.5243
0.0702,-0.23062,-0.075827,-1.4416
0.0703,-0.24795,-0.042311,-1.3567
0.0704,-0.2648,-0.0084729,-1.2699
0.0705,-0.28131,0.025784,-1.1815
0.0706,-0.29749,0.06037,-1.0915
0.0707,-0.31309,0.095171,-1.0002
0.0708,-0.32818,0.13015,-0.90753
0.0709,-0.34284,0.16518,-0.8137
0.071,-0.35696,0.20004,-0.71874
0.0711,-0.37049,0.23468,-0.62278
0.0712,-0.38362,0.2691,-0.52581
0.0713,-0.39625,0.30312,-0.42791
0.0714,-0.40819,0.33652,-0.3292
0.0715,-0.41955,0.36934,-0.22982
0.0716,-0.43051,0.40154,-0.12984
0.0717,-0.44091,0.43293,-0.029438
0.0718,-0.45073,0.46337,0.071178
0.0719,-0.46009,0.49289,0.17187
0.072,-0.46896,0.52137,0.27252
0.0721,-0.4772,0.54878,0.37287
0.0722,-0.48492,0.57519,0.47272
0.0723,-0.49218,0.60069,0.57193
0.0724,-0.49886,0.62523,0.67035
0.0725,-0.5049,0.64889,0.76781
0.0726,-0.51037,0.67172,0.86421
0.0727,-0.51517,0.69367,0.95943
0.0728,-0.51922,0.71472,1.0533
0.0729,-0.52263,0.73491,1.1456
0.073,-0.52541,0.75417,1.2363
0.0731,-0.52748,0.77246,1.3252
0.0732,-0.52891,0.78976,1.4122
0.0733,-0.52972,0.80607,1.4971
0.0734,-0.52987,0.82125,1.58
0.0735,-0.52935,0.83532,1.6608
0.0736,-0.5283,0.84829,1.7395
0.0737,-0.52666,0.8601,1.8161
0.0738,-0.5243,0.87066,1.8905
0.0739,-0.52131,0.88005,1.9627
0.074,-0.51772,0.88829,2.0324
0.0741,-0.51345,0.89535,2.0994
0.0742,-0.50848,0.90128,2.1636
0.0743,-0.50289,0.90614,2.2247
0.0744,-0.49658,0.90987,2.2825
0.0745,-0.48938,0.91245,2.3369
0.0746,-0.48132,0.91393,2.3879
0.0747,-0.47238,0.91432,2.4353
0.0748,-0.46242,0.91358,2.4792
0.0749,-0.45143,0.91177,2.5196
0.075,-0.4395,0.90892,2.5565
0.0751,-0.42655,0.905,2.59
0.0752,-0.41257,0.89995,2.6199
0.0753,-0.3977,0.89379,2.6462
0.0754,-0.38204,0.88644,2.669
0.0755,-0.36558,0.87779,2.6881
0.0756,-0.34844,0.8678,2.7036
0.0757,-0.33075,0.85649,2.7155
0.0758,-0.31253,0.84378,2.7237
0.0759,-0.29384,0.82974,2.7283
0.076,-0.27484,0.81448,2.7293
0.0761,-0.2556,0.7981,2.7268
0.0762,-0.2361,0.78061,2.7206
0.0763,-0.21641,0.76209,2.7109
0.0764,-0.1966,0.7426,2.6974
0.0765,-0.17663,0.72212,2.6802
0.0766,-0.15652,0.70069,2.6592
0.0767,-0.13637,0.67838,2.6343
0.0768,-0.11618,0.6552,2.6054
0.0769,-0.095898,0.63117,2.5727
0.077,-0.075599,0.60637,2.536
0.0771,-0.055302,0.58082,2.4956
0.0772,-0.03497,0.55454,2.4517
0.0773,-0.014643,0.52755,2.4042
0.0774,0.0056083,0.49988,2.3535
0.0775,0.025821,0.47148,2.2997
0.0776,0.045999,0.44232,2.2428
0.0777,0.066046,0.41245,2.1829
0.0778,0.085916,0.38185,2.1201
0.0779,0.10561,0.35053,2.0544
0.078,0.12504,0.31854,1.9858
0.0781,0.14411,0.28596,1.9144
0.0782,0.16287,0.25278,1.8402
0.0783,0.18132,0.21909,1.7634
0.0784,0.19937,0.18501,1.6842
0.0785,0.21701,0.15061,1.6026
0.0786,0.23431,0.11597,1.5188
0.0787,0.25121,0.081214,1.4328
0.0788,0.26769,0.046428,1.3449
0.0789,0.2838,0.011653,1.255
0.079,0.29954,-0.023066,1.1633
0.0791,0.31483,-0.057662,1.0698
0.0792,0.32969,-0.092136,0.97472
0.0793,0.34416,-0.12648,0.8782
0.0794,0.35821,-0.16066,0.78045
0.0795,0.37179,-0.19463,0.68172
0.0796,0.38493,-0.22835,0.58225
0.0797,0.3976,-0.26174,0.48225
0.0798,0.40971,-0.29469,0.38192
0.0799,0.42128,-0.32713,0.28143
0.08,0.4323,-0.35899,0.18092
0.0801,0.44273,-0.39017,0.080485
0.0802,0.45256,-0.42062,-0.019805
0.0803,0.46179,-0.45029,-0.11991
0.0804,0.4704,-0.4791,-0.21978
0.0805,0.47834,-0.50697,-0.31937
0.0806,0.48565,-0.53386,-0.41858
0.0807,0.49236,-0.5597,-0.51732
0.0808,0.49842,-0.58443,-0.61546
0.0809,0.50388,-0.608,-0.71283
0.081,0.50878,-0.63042,-0.80928
0.0811,0.5131,-0.65167,-0.90465
0.0812,0.51684,-0.67176,-0.99875
0.0813,0.52006,-0.69075,-1.0914
0.0814,0.52275,-0.70868,-1.1825
0.0815,0.52488,-0.72557,-1.2719
0.0816,0.52644,-0.74147,-1.3594
0.0817,0.52743,-0.75642,-1.4448
0.0818,0.52781,-0.77042,-1.528
0.0819,0.52754,-0.78349,-1.6089
0.082,0.52665,-0.79567,-1.6872
0.0821,0.5251,-0.80692,-1.7629
0.0822,0.52285,-0.81721,-1.8357
0.0823,0.51987,-0.82652,-1.9057
0.0824,0.51616,-0.83481,-1.9728
0.0825,0.51165,-0.842,-2.0369
0.0826,0.50633,-0.84806,-2.0981
0.0827,0.50018,-0.85296,-2.1564
0.0828,0.49317,-0.85663,-2.2117
0.0829,0.48524,-0.85904,-2.2642
0.083,0.47641,-0.86018,-2.3137
0.0831,0.46666,-0.86004,-2.3601
0.0832,0.45599,-0.8586,-2.4034
0.0833,0.44439,-0.85584,-2.4434
0.0834,0.4319,-0.85179,-2.4799
0.0835,0.41851,-0.84642,-2.5129
0.0836,0.40424,-0.83977,-2.5422
0.0837,0.38915,-0.83187,-2.5677
0.0838,0.37327,-0.82279,-2.5894
0.0839,0.35666,-0.81256,-2.6072
0.084,0.33939,-0.80127,-2.6211
0.0841,0.32152,-0.78895,-2.6312
0.0842,0.3031,-0.77564,-2.6373
0.0843,0.28418,-0.76134,-2.6396
0.0844,0.26484,-0.74608,-2.6381
0.0845,0.24514,-0.72981,-2.6327
0.0846,0.22513,-0.71252,-2.6236
0.0847,0.20487,-0.69416,-2.6107
0.0848,0.18443,-0.67472,-2.5942
0.0849,0.16385,-0.65417,-2.5741
0.085,0.14318,-0.63256,-2.5504
0.0851,0.12249,-0.6099,-2.5233
0.0852,0.10183,-0.58621,-2.4927
0.0853,0.081197,-0.56153,-2.4588
0.0854,0.060644,-0.53591,-2.4215
0.0855,0.040197,-0.50938,-2.3808
0.0856,0.019858,-0.482,-2.3368
0.0857,-0.000354,-0.45382,-2.2893
0.0858,-0.020397,-0.42492,-2.2383
0.0859,-0.040278,-0.39535,-2.1838
0.086,-0.060001,-0.36517,-2.1258
0.0861,-0.079551,-0.33446,-2.0644
0.0862,-0.098917,-0.30326,-1.9996
0.0863,-0.11812,-0.27161,-1.9317
0.0864,-0.13714,-0.23958,-1.8607
0.0865,-0.15596,-0.20718,-1.7869
0.0866,-0.17457,-0.17445,-1.7104
0.0867,-0.19297,-0.1414,-1.6315
0.0868,-0.2111,-0.10805,-1.5502
0.0869,-0.22893,-0.074406,-1.4668
0.087,-0.24642,-0.040472,-1.3814
0.0871,-0.26352,-0.0062623,-1.2941
0.0872,-0.28018,0.028198,-1.205
0.0873,-0.29637,0.062886,-1.1144
0.0874,-0.31206,0.097743,-1.0223
0.0875,-0.3272,0.13269,-0.9289
0.0876,-0.34181,0.16763,-0.83429
0.0877,-0.3559,0.20245,-0.73858
0.0878,-0.36944,0.23706,-0.64189
0.0879,-0.38245,0.27133,-0.54429
0.088,-0.39494,0.30516,-0.44586
0.0881,-0.40692,0.33846,-0.34669
0.0882,-0.41836,0.37111,-0.24687
0.0883,-0.4293,0.40306,-0.14648
0.0884,-0.43972,0.43422,-0.045678
0.0885,-0.44963,0.46452,0.0554
0.0886,-0.45902,0.49392,0.15656
0.0887,-0.46789,0.52237,0.25761
0.0888,-0.47622,0.54983,0.35834
0.0889,-0.48399,0.57628,0.45854
0.089,-0.49119,0.60173,0.55799
0.0891,-0.49781,0.62618,0.65651
0.0892,-0.50383,0.64965,0.75394
0.0893,-0.50922,0.67217,0.85015
0.0894,-0.51397,0.69376,0.94501
0.0895,-0.51805,0.71443,1.0384
0.0896,-0.52145,0.73417,1.1304
0.0897,-0.52416,0.75298,1.2207
0.0898,-0.52618,0.77085,1.3093
0.0899,-0.52751,0.78774,1.3962
0.09,-0.52817,0.80361,1.4812
0.0901,-0.52818,0.81842,1.5642
0.0902,-0.52755,0.83215,1.6451
0.0903,-0.52629,0.84474,1.7238
0.0904,-0.52441,0.85617,1.8003
0.0905,-0.52194,0.86644,1.8743
0.0906,-0.51885,0.87551,1.9459
0.0907,-0.51513,0.88341,2.0148
0.0908,-0.51076,0.89015,2.081
0.0909,-0.5057,0.89574,2.1443
0.091,-0.49991,0.90021,2.2046
0.0911,-0.49335,0.90357,2.2617
0.0912,-0.48595,0.90583,2.3156
0.0913,-0.47767,0.90699,2.366
0.0914,-0.46844,0.90706,2.4129
0.0915,-0.45822,0.90601,2.4563
0.0916,-0.447,0.90382,2.496
0.0917,-0.43477,0.90049,2.5322
0.0918,-0.42155,0.896,2.5648
0.0919,-0.40737,0.89034,2.5938
0.092,-0.39229,0.88347,2.6192
0.0921,-0.37639,0.87539,2.6411
0.0922,-0.35974,0.86609,2.6595
0.0923,-0.34242,0.85554,2.6744
0.0924,-0.32452,0.84374,2.6858
0.0925,-0.30614,0.83069,2.6935
0.0926,-0.28734,0.8164,2.6976
0.0927,-0.26821,0.8009,2.6981
0.0928,-0.24881,0.78423,2.6948
0.0929,-0.2292,0.76643,2.6877
0.093,-0.20942,0.74755,2.6768
0.0931,-0.18951,0.72763,2.6622
0.0932,-0.1695,0.70675,2.6437
0.0933,-0.14939,0.68494,2.6215
0.0934,-0.12919,0.66227,2.5954
0.0935,-0.10892,0.63878,2.5656
0.0936,-0.088591,0.61448,2.5321
0.0937,-0.0682,0.58941,2.4949
0.0938,-0.047767,0.56358,2.4541
0.0939,-0.027318,0.53699,2.4097
0.094,-0.0068697,0.50964,2.3618
0.0941,0.013546,0.48155,2.3106
0.0942,0.033892,0.45273,2.256
0.0943,0.054133,0.42317,2.1984
0.0944,0.074236,0.39291,2.1376
0.0945,0.094156,0.36197,2.074
0.0946,0.11385,0.33038,2.0075
0.0947,0.1333,0.29819,1.9383
0.0948,0.15244,0.26545,1.8664
0.0949,0.17126,0.23222,1.7918
0.095,0.18972,0.19855,1.7147
0.0951,0.2078,0.16451,1.635
0.0952,0.2255,0.13017,1.5529
0.0953,0.2428,0.095603,1.4685
0.0954,0.2597,0.060879,1.3819
0.0955,0.27619,0.026075,1.2933
0.0956,0.29228,-0.0087408,1.2027
0.0957,0.30796,-0.043509,1.1105
0.0958,0.32324,-0.078175,1.0166
0.0959,0.33811,-0.11269,0.92138
0.096,0.35259,-0.14702,0.82491
0.0961,0.36667,-0.18112,0.72739
0.0962,0.38031,-0.21496,0.62896
0.0963,0.39348,-0.2485,0.52981
0.0964,0.40615,-0.28168,0.43008
0.0965,0.4183,-0.31444,0.32993
0.0966,0.42988,-0.34669,0.22952
0.0967,0.44087,-0.37834,0.12899
0.0968,0.45126,-0.40931,0.028469
0.0969,0.46102,-0.43949,-0.071923
0.097,0.47015,-0.46881,-0.17208
0.0971,0.47865,-0.4972,-0.27192
0.0972,0.48651,-0.5246,-0.37135
0.0973,0.49374,-0.55095,-0.4703
0.0974,0.50034,-0.57622,-0.56868
0.0975,0.50634,-0.6004,-0.66639
0.0976,0.51174,-0.62347,-0.76332
0.0977,0.51655,-0.64542,-0.85932
0.0978,0.52079,-0.66627,-0.95424
0.0979,0.52446,-0.68602,-1.0479
0.098,0.52758,-0.70469,-1.1401
0.0981,0.53014,-0.7223,-1.2307
0.0982,0.53215,-0.73887,-1.3194
0.0983,0.5336,-0.75444,-1.4061
0.0984,0.53447,-0.76902,-1.4906
0.0985,0.53474,-0.78264,-1.5728
0.0986,0.53438,-0.79529,-1.6526
0.0987,0.53337,-0.807,-1.7298
0.0988,0.53168,-0.81775,-1.8045
0.0989,0.52927,-0.82752,-1.8764
0.099,0.52612,-0.8363,-1.9456
0.0991,0.52219,-0.84403,-2.012
0.0992,0.51746,-0.85067,-2.0755
0.0993,0.51189,-0.85618,-2.1361
0.0994,0.50547,-0.8605,-2.1938
0.0995,0.49817,-0.86359,-2.2484
0.0996,0.48998,-0.86541,-2.3
0.0997,0.48087,-0.86594,-2.3484
0.0998,0.47084,-0.86518,-2.3937
0.0999,0.45988,-0.8631,-2.4357
0.1,0.44799,-0.85974,-2.4744
0.1001,0.43519,-0.8551,-2.5096
0.1002,0.42151,-0.8492,-2.5413
0.1003,0.40698,-0.84208,-2.5694
0.1004,0.39162,-0.83376,-2.5937
0.1005,0.3755,-0.82428,-2.6143
0.1006,0.35867,-0.81366,-2.6309
0.1007,0.34118,-0.80193,-2.6437
0.1008,0.3231,-0.78913,-2.6525
0.1009,0.30449,-0.77528,-2.6574
0.101,0.28541,-0.76041,-2.6585
0.1011,0.26592,-0.74452,-2.6557
0.1012,0.24608,-0.72762,-2.6492
0.1013,0.22593,-0.7097,-2.6389
0.1014,0.20555,-0.69075,-2.6251
0.1015,0.18498,-0.67074,-2.6076
0.1016,0.16428,-0.64968,-2.5866
0.1017,0.14349,-0.62758,-2.5621
0.1018,0.12268,-0.60445,-2.534
0.1019,0.10188,-0.58031,-2.5025
0.102,0.081131,-0.5552,-2.4675
0.1021,0.060475,-0.52915,-2.429
0.1022,0.039935,-0.50222,-2.387
0.1023,0.019531,-0.47447,-2.3415
0.1024,-0.00072799,-0.44596,-2.2926
0.1025,-0.020835,-0.41674,-2.2403
0.1026,-0.040783,-0.38689,-2.1845
0.1027,-0.060575,-0.35646,-2.1254
0.1028,-0.08021,-0.32551,-2.063
0.1029,-0.099684,-0.29408,-1.9974
0.103,-0.11899,-0.26222,-1.9287
0.1031,-0.13812,-0.22995,-1.857
0.1032,-0.15706,-0.1973,-1.7825
0.1033,-0.17579,-0.1643,-1.7053
0.1034,-0.19427,-0.13096,-1.6256
0.1035,-0.21247,-0.097306,-1.5436
0.1036,-0.23036,-0.063363,-1.4595
0.1037,-0.2479,-0.029156,-1.3734
0.1038,-0.26503,0.0052861,-1.2856
0.1039,-0.28173,0.039923,-1.196
0.104,-0.29795,0.074709,-1.1049
0.1041,-0.31366,0.10959,-1.0124
0.1042,-0.32883,0.1445,-0.91859
0.1043,-0.34347,0.17935,-0.82352
0.1044,-0.35757,0.21406,-0.72732
0.1045,-0.37113,0.24853,-0.63008
0.1046,-0.38414,0.28266,-0.53191
0.1047,-0.39662,0.31635,-0.43292
0.1048,-0.40857,0.34948,-0.33324
0.1049,-0.42,0.38196,-0.23299
0.105,-0.43091,0.4137,-0.13232
0.1051,-0.44132,0.44462,-0.031372
0.1052,-0.45122,0.47466,0.069701
0.1053,-0.46061,0.50378,0.17074
0.1054,-0.46948,0.53194,0.27157
0.1055,-0.47781,0.55912,0.37204
0.1056,-0.48559,0.58531,0.47196
0.1057,-0.49279,0.61051,0.57116
0.1058,-0.49938,0.63472,0.66947
0.1059,-0.50536,0.65795,0.76673
0.106,-0.51069,0.68022,0.86279
0.1061,-0.51535,0.70152,0.95751
0.1062,-0.51934,0.72187,1.0508
0.1063,-0.52264,0.74125,1.1425
0.1064,-0.52526,0.75966,1.2325
0.1065,-0.52718,0.77709,1.3208
0.1066,-0.52842,0.79352,1.4073
0.1067,-0.52898,0.80891,1.4919
0.1068,-0.52888,0.82325,1.5744
0.1069,-0.52814,0.8365,1.6549
0.107,-0.52676,0.84864,1.7332
0.1071,-0.52476,0.85964,1.8091
0.1072,-0.52215,0.86949,1.8827
0.1073,-0.51891,0.87819,1.9536
0.1074,-0.51503,0.88571,2.0218
0.1075,-0.51049,0.89207,2.0872
0.1076,-0.50525,0.89728,2.1496
0.1077,-0.49927,0.90134,2.2089
0.1078,-0.49249,0.90427,2.265
0.1079,-0.48487,0.90608,2.3178
0.108,-0.47633,0.90678,2.3673
0.1081,-0.46684,0.90636,2.4133
0.1082,-0.45635,0.90482,2.4558
0.1083,-0.44485,0.90215,2.4949
0.1084,-0.43235,0.89832,2.5303
0.1085,-0.41886,0.89331,2.5622
0.1086,-0.40443,0.88711,2.5905
0.1087,-0.38911,0.87968,2.6152
0.1088,-0.37298,0.87102,2.6363
0.1089,-0.35612,0.86112,2.6539
0.109,-0.33862,0.84997,2.6678
0.1091,-0.32056,0.83759,2.6782
0.1092,-0.30203,0.82399,2.6849
0.1093,-0.28311,0.8092,2.6879
0.1094,-0.26386,0.79325,2.6873
0.1095,-0.24436,0.77617,2.683
0.1096,-0.22465,0.75801,2.6749
0.1097,-0.20477,0.73878,2.663
0.1098,-0.18476,0.71852,2.6473
0.1099,-0.16464,0.69729,2.6278
0.11,-0.14442,0.67512,2.6045
0.1101,-0.12413,0.65208,2.5774
0.1102,-0.10376,0.62819,2.5466
0.1103,-0.083324,0.60349,2.512
0.1104,-0.062833,0.57801,2.4739
0.1105,-0.0423,0.55176,2.4322
0.1106,-0.021744,0.52475,2.387
0.1107,-0.00119,0.49701,2.3384
0.1108,0.019333,0.46854,2.2865
0.1109,0.039787,0.43935,2.2314
0.111,0.060133,0.40945,2.1731
0.1111,0.080325,0.37886,2.1117
0.1112,0.10032,0.34762,2.0473
0.1113,0.12008,0.31576,1.98
0.1114,0.13957,0.28332,1.91
0.1115,0.15875,0.25036,1.8372
0.1116,0.17759,0.21694,1.7617
0.1117,0.19607,0.18313,1.6838
0.1118,0.21417,0.149,1.6033
0.1119,0.23189,0.1146,1.5206
0.112,0.24922,0.080007,1.4356
0.1121,0.26615,0.045286,1.3485
0.1122,0.28268,0.010495,1.2594
0.1123,0.29882,-0.024311,1.1685
0.1124,0.31454,-0.059077,1.0758
0.1125,0.32985,-0.093753,0.98167
0.1126,0.34477,-0.12829,0.88616
0.1127,0.35928,-0.16264,0.78947
0.1128,0.37338,-0.19675,0.69177
0.1129,0.38703,-0.23058,0.59325
0.113,0.40021,-0.26406,0.49404
0.1131,0.41288,-0.29713,0.39433
0.1132,0.42502,-0.32973,0.29423
0.1133,0.43658,-0.36176,0.19388
0.1134,0.44756,-0.39315,0.093413
0.1135,0.45792,-0.42381,-0.0070712
0.1136,0.46764,-0.45366,-0.10746
0.1137,0.47672,-0.48262,-0.20765
0.1138,0.48516,-0.51063,-0.30754
0.1139,0.49295,-0.53763,-0.40701
0.114,0.5001,-0.56358,-0.50596
0.1141,0.50663,-0.58844,-0.60428
0.1142,0.51255,-0.61219,-0.70183
0.1143,0.51788,-0.63484,-0.79849
0.1144,0.52263,-0.65637,-0.89411
0.1145,0.5268,-0.6768,-0.98855
0.1146,0.53042,-0.69615,-1.0816
0.1147,0.53347,-0.71444,-1.1732
0.1148,0.53597,-0.73168,-1.2631
0.1149,0.5379,-0.74791,-1.3511
0.115,0.53925,-0.76314,-1.4372
0.1151,0.54,-0.77738,-1.521
0.1152,0.54014,-0.79065,-1.6025
0.1153,0.53965,-0.80294,-1.6816
0.1154,0.53848,-0.81425,-1.7581
0.1155,0.53662,-0.82457,-1.832
0.1156,0.53403,-0.83387,-1.9033
0.1157,0.53069,-0.84212,-1.9717
0.1158,0.52655,-0.8493,-2.0374
0.1159,0.5216,-0.85536,-2.1001
0.116,0.5158,-0.86028,-2.16
0.1161,0.50914,-0.864,-2.2169
0.1162,0.50159,-0.86651,-2.2708
0.1163,0.49314,-0.86776,-2.3215
0.1164,0.48376,-0.86774,-2.3692
0.1165,0.47345,-0.86643,-2.4135
0.1166,0.4622,-0.86383,-2.4546
0.1167,0.45004,-0.85995,-2.4922
0.1168,0.43696,-0.8548,-2.5263
0.1169,0.42301,-0.8484,-2.5568
0.117,0.40821,-0.84077,-2.5836
0.1171,0.3926,-0.83196,-2.6067
0.1172,0.37624,-0.82199,-2.626
0.1173,0.35918,-0.81089,-2.6415
0.1174,0.34148,-0.79869,-2.6532
0.1175,0.3232,-0.78542,-2.6609
0.1176,0.3044,-0.77109,-2.6649
0.1177,0.28514,-0.75572,-2.665
0.1178,0.26548,-0.73931,-2.6613
0.1179,0.24547,-0.72189,-2.6538
0.118,0.22518,-0.70342,-2.6426
0.1181,0.20467,-0.6839,-2.6278
0.1182,0.18397,-0.66333,-2.6093
0.1183,0.16316,-0.64173,-2.5873
0.1184,0.14227,-0.61911,-2.5618
0.1185,0.12136,-0.59549,-2.5327
0.1186,0.10047,-0.57091,-2.5001
0.1187,0.079636,-0.54539,-2.4641
0.1188,0.05889,-0.51898,-2.4245
0.1189,0.038258,-0.49172,-2.3815
0.119,0.017759,-0.46367,-2.3349
0.1191,-0.0025967,-0.43487,-2.2849
0.1192,-0.022801,-0.40538,-2.2315
0.1193,-0.04285,-0.37527,-2.1746
0.1194,-0.062745,-0.34458,-2.1144
0.1195,-0.082483,-0.31337,-2.051
0.1196,-0.10206,-0.28168,-1.9845
0.1197,-0.12148,-0.24956,-1.9149
0.1198,-0.14072,-0.21705,-1.8425
0.1199,-0.15977,-0.18416,-1.7673
0.12,-0.17859,-0.15092,-1.6895
0.1201,-0.19717,-0.11737,-1.6093
0.1202,-0.21546,-0.083508,-1.5268
0.1203,-0.23343,-0.049371,-1.4422
0.1204,-0.25102,-0.014988,-1.3556
0.1205,-0.2682,0.019606,-1.2672
0.1206,-0.28493,0.054366,-1.1771
0.1207,-0.30117,0.089237,-1.0855
0.1208,-0.31688,0.12416,-0.99247
0.1209,-0.33205,0.15905,-0.89812
0.121,-0.34669,0.19384,-0.80257
0.1211,-0.3608,0.22843,-0.70593
0.1212,-0.37437,0.26275,-0.6083
0.1213,-0.3874,0.29668,-0.50978
0.1214,-0.39989,0.33014,-0.41049
0.1215,-0.41186,0.36304,-0.31055
0.1216,-0.4233,0.39527,-0.2101
0.1217,-0.43423,0.42676,-0.10927
0.1218,-0.44465,0.45743,-0.0082154
0.1219,-0.45425,0.46896,0.055216
0.122,-0.46318,0.45933,0.075442
0.1221,-0.47175,0.4491,0.095542
0.1222,-0.47975,0.43781,0.1154
0.1223,-0.48703,0.4254,0.13498
0.1224,-0.49361,0.41208,0.1543
0.1225,-0.49967,0.39805,0.17329
