0.05,0.031996,-0.20227,0.19248
0.0501,0.042705,-0.20486,0.18808
0.0502,0.053302,-0.20682,0.18326
0.0503,0.063784,-0.20813,0.17797
0.0504,0.074159,-0.20879,0.17218
0.0505,0.084436,-0.20885,0.16587
0.0506,0.094644,-0.20836,0.15904
0.0507,0.10481,-0.20745,0.15173
0.0508,0.11496,-0.20623,0.14402
0.0509,0.12507,-0.20481,0.136
0.051,0.13514,-0.20333,0.12775
0.0511,0.14515,-0.20187,0.11938
0.0512,0.15504,-0.20052,0.11095
0.0513,0.16475,-0.1993,0.10252
0.0514,0.17422,-0.19822,0.094124
0.0515,0.18335,-0.19725,0.085768
0.0516,0.19207,-0.19635,0.077445
0.0517,0.20029,-0.19542,0.069126
0.0518,0.20794,-0.19437,0.060763
0.0519,0.2149,-0.19308,0.052304
0.052,0.22113,-0.19142,0.043684
0.0521,0.2266,-0.1893,0.034836
0.0522,0.23129,-0.18661,0.025699
0.0523,0.23522,-0.18328,0.016226
0.0524,0.23845,-0.1793,0.0063843
0.0525,0.24104,-0.17467,-0.0038341
0.0526,0.24309,-0.16944,-0.014409
0.0527,0.24469,-0.1637,-0.025294
0.0528,0.24593,-0.15754,-0.036426
0.0529,0.2469,-0.15108,-0.047724
0.053,0.24768,-0.14445,-0.059105
0.0531,0.24834,-0.13776,-0.070487
0.0532,0.24892,-0.1311,-0.081797
0.0533,0.24944,-0.12452,-0.092968
0.0534,0.24994,-0.11805,-0.10395
0.0535,0.25038,-0.11171,-0.1147
0.0536,0.25073,-0.10547,-0.12518
0.0537,0.25094,-0.09928,-0.13539
0.0538,0.25097,-0.093048,-0.1453
0.0539,0.25073,-0.086671,-0.1549
0.054,0.25018,-0.080032,-0.1642
0.0541,0.24926,-0.073026,-0.17318
0.0542,0.22659,-0.070267,-0.19269
0.0543,0.21916,-0.063719,-0.20256
0.0544,0.2149,-0.055817,-0.20956
0.0545,0.21108,-0.047152,-0.21551
0.0546,0.20723,-0.037894,-0.22074
0.0547,0.2032,-0.028147,-0.22546
0.0548,0.19894,-0.018006,-0.22979
0.0549,0.19441,-0.0075902,-0.23369
0.055,0.18974,0.0029925,-0.23709
0.0551,0.18502,0.013611,-0.24006
0.0552,0.18037,0.024175,-0.24261
0.0553,0.17575,0.034594,-0.24469
0.0554,0.17112,0.044808,-0.24628
0.0555,0.16644,0.054785,-0.24737
0.0556,0.16174,0.064515,-0.24792
0.0557,0.15693,0.074018,-0.24796
0.0558,0.15196,0.083356,-0.24755
0.0559,0.14677,0.09261,-0.24669
0.056,0.14132,0.10187,-0.24536
0.0561,0.13558,0.11123,-0.24366
0.0562,0.12953,0.12073,-0.24168
0.0563,0.1231,0.13043,-0.23949
0.0564,0.11623,0.14038,-0.23716
0.0565,0.10895,0.15055,-0.23476
0.0566,0.10133,0.16086,-0.23234
0.0567,0.093404,0.17123,-0.22997
0.0568,0.085198,0.18156,-0.22769
0.0569,0.076768,0.19172,-0.22548
0.057,0.068222,0.20154,-0.2233
0.0571,0.059661,0.21089,-0.22112
0.0572,0.051163,0.21967,-0.21887
0.0573,0.042737,0.22776,-0.21643
0.0574,0.034386,0.23507,-0.21369
0.0575,0.026128,0.24156,-0.21059
0.0576,0.017968,0.24718,-0.20708
0.0577,0.0098525,0.25196,-0.20309
0.0578,0.0017266,0.25596,-0.19863
0.0579,-0.0064559,0.25926,-0.19371
0.058,-0.014741,0.26194,-0.18834
0.0581,-0.023192,0.26414,-0.18259
0.0582,-0.031842,0.26601,-0.17653
0.0583,-0.040716,0.26765,-0.17022
0.0584,-0.049837,0.26919,-0.16372
0.0585,-0.0592,0.27072,-0.15711
0.0586,-0.068759,0.27229,-0.15045
0.0587,-0.078473,0.27394,-0.14381
0.0588,-0.0883,0.27565,-0.13723
0.0589,-0.09817,0.27742,-0.13072
0.059,-0.10798,0.27915,-0.12426
0.0591,-0.11764,0.28075,-0.11782
0.0592,-0.12709,0.28214,-0.11136
0.0593,-0.13624,0.28322,-0.10482
0.0594,-0.14502,0.28388,-0.098104
0.0595,-0.15335,0.28404,-0.09115
0.0596,-0.16116,0.28365,-0.083911
0.0597,-0.16843,0.28267,-0.076323
0.0598,-0.17515,0.28111,-0.068346
0.0599,-0.18131,0.27901,-0.059982
0.06,-0.18692,0.27641,-0.051249
0.0601,-0.19204,0.27341,-0.042174
0.0602,-0.19671,0.27011,-0.032819
0.0603,-0.20099,0.2666,-0.023254
0.0604,-0.20492,0.26299,-0.013548
0.0605,-0.20853,0.25936,-0.0037831
0.0606,-0.21185,0.25579,0.0059482
0.0607,-0.21487,0.25229,0.015583
0.0608,-0.21761,0.24887,0.025072
0.0609,-0.22006,0.24553,0.034378
0.061,-0.22219,0.2422,0.043492
0.0611,-0.22397,0.23877,0.052445
0.0612,-0.2254,0.23518,0.061264
0.0613,-0.22644,0.23132,0.069988
0.0614,-0.22708,0.22709,0.078673
0.0615,-0.22729,0.22238,0.087369
0.0616,-0.22707,0.21714,0.096101
0.0617,-0.22643,0.21129,0.1049
0.0618,-0.2254,0.20483,0.11378
0.0619,-0.22402,0.19777,0.12274
0.062,-0.22234,0.19018,0.13172
0.0621,-0.22042,0.18214,0.1407
0.0622,-0.21832,0.17373,0.14959
0.0623,-0.2161,0.16507,0.15833
0.0624,-0.2138,0.15628,0.1668
0.0625,-0.21146,0.14744,0.17492
0.0626,-0.20909,0.13866,0.18259
0.0627,-0.20667,0.13,0.1897
0.0628,-0.2042,0.12148,0.19619
0.0629,-0.20163,0.11311,0.20201
0.063,-0.19893,0.10486,0.20712
0.0631,-0.19604,0.096668,0.21152
0.0632,-0.19292,0.088448,0.2152
0.0633,-0.1895,0.080112,0.21821
0.0634,-0.18574,0.07156,0.2206
0.0635,-0.1816,0.062696,0.22244
0.0636,-0.17706,0.053456,0.22383
0.0637,-0.17213,0.04379,0.22485
0.0638,-0.16682,0.033675,0.2256
0.0639,-0.16116,0.023123,0.22617
0.064,-0.15521,0.012186,0.22662
0.0641,-0.149,0.00092732,0.22698
0.0642,-0.14262,-0.010557,0.22729
0.0643,-0.1361,-0.02215,0.22754
0.0644,-0.12948,-0.033733,0.22768
0.0645,-0.1228,-0.045194,0.22767
0.0646,-0.11608,-0.056415,0.22746
0.0647,-0.10935,-0.067298,0.22696
0.0648,-0.10259,-0.077774,0.22614
0.0649,-0.095813,-0.087791,0.22493
0.065,-0.08898,-0.097309,0.2233
0.0651,-0.082047,-0.10632,0.22122
0.0652,-0.07496,-0.11484,0.21869
0.0653,-0.067669,-0.12289,0.21572
0.0654,-0.060128,-0.13048,0.21234
0.0655,-0.052295,-0.13766,0.20861
0.0656,-0.044148,-0.14446,0.20459
0.0657,-0.035684,-0.15091,0.20036
0.0658,-0.026912,-0.15705,0.19598
0.0659,-0.017857,-0.16289,0.19152
0.066,-0.008561,-0.16844,0.18705
0.0661,0.00092512,-0.17372,0.18259
0.0662,0.010544,-0.1787,0.17816
0.0663,0.020239,-0.18337,0.17376
0.0664,0.029955,-0.18769,0.16934
0.0665,0.039645,-0.1916,0.16486
0.0666,0.049263,-0.19506,0.16025
0.0667,0.058777,-0.19802,0.15546
0.0668,0.068174,-0.20044,0.15041
0.0669,0.077448,-0.20231,0.14504
0.067,0.086605,-0.20362,0.13931
0.0671,0.09567,-0.2044,0.13316
0.0672,0.10467,-0.20469,0.12656
0.0673,0.11362,-0.20455,0.11953
0.0674,0.12254,-0.20407,0.11208
0.0675,0.13143,-0.20334,0.10426
0.0676,0.1403,-0.20244,0.096141
0.0677,0.14911,-0.20145,0.087798
0.0678,0.15783,-0.20045,0.079304
0.0679,0.1664,-0.19949,0.070738
0.068,0.17474,-0.1986,0.062168
0.0681,0.18278,-0.19777,0.053644
0.0682,0.19042,-0.19697,0.045196
0.0683,0.19759,-0.19616,0.036846
0.0684,0.20419,-0.19525,0.028583
0.0685,0.21013,-0.19416,0.020381
0.0686,0.21537,-0.19279,0.012203
0.0687,0.21985,-0.19105,0.0039971
0.0688,0.22356,-0.18886,-0.0043044
0.0689,0.22652,-0.18615,-0.012764
0.069,0.22876,-0.18288,-0.021439
0.0691,0.23037,-0.17905,-0.030373
0.0692,0.23141,-0.17467,-0.039599
0.0693,0.23198,-0.16979,-0.049117
0.0694,0.23218,-0.16447,-0.058909
0.0695,0.2321,-0.1588,-0.068936
0.0696,0.23183,-0.15288,-0.079142
0.0697,0.23143,-0.1468,-0.089448
0.0698,0.23095,-0.14065,-0.09978
0.0699,0.23043,-0.1345,-0.11006
0.07,0.22987,-0.12837,-0.1202
0.0701,0.22927,-0.12228,-0.13015
0.0702,0.22859,-0.11622,-0.13985
0.0703,0.2278,-0.11016,-0.14924
0.0704,0.22685,-0.10405,-0.15829
0.0705,0.22568,-0.097812,-0.16697
0.0706,0.22423,-0.091372,-0.17525
0.0707,0.22247,-0.084646,-0.1831
0.0708,0.22036,-0.077554,-0.19051
0.0709,0.21788,-0.070035,-0.19745
0.071,0.21502,-0.062044,-0.20391
0.0711,0.21181,-0.053564,-0.20988
0.0712,0.20825,-0.044599,-0.21536
0.0713,0.2044,-0.03519,-0.22035
0.0714,0.2003,-0.025395,-0.22486
0.0715,0.196,-0.015293,-0.2289
0.0716,0.19156,-0.0049764,-0.23249
0.0717,0.18701,0.0054521,-0.23565
0.0718,0.1824,0.015903,-0.23837
0.0719,0.17775,0.026293,-0.24066
0.072,0.17308,0.036558,-0.2425
0.0721,0.16838,0.046654,-0.24387
0.0722,0.16361,0.056572,-0.24476
0.0723,0.15876,0.066319,-0.24517
0.0724,0.15377,0.075928,-0.24508
0.0725,0.14859,0.08545,-0.24452
0.0726,0.14317,0.094949,-0.24353
0.0727,0.13747,0.10449,-0.24215
0.0728,0.13142,0.11412,-0.24044
0.0729,0.12501,0.12389,-0.23847
0.073,0.11821,0.13382,-0.23632
0.0731,0.11105,0.14391,-0.23404
0.0732,0.10354,0.15411,-0.23169
0.0733,0.095728,0.16436,-0.22932
0.0734,0.087669,0.17458,-0.22696
0.0735,0.079421,0.18466,-0.2246
0.0736,0.071046,0.19448,-0.22225
0.0737,0.062607,0.20392,-0.21987
0.0738,0.054155,0.21285,-0.21741
0.0739,0.045732,0.22118,-0.21482
0.074,0.037365,0.22884,-0.21204
0.0741,0.029063,0.23574,-0.20899
0.0742,0.020815,0.24186,-0.20561
0.0743,0.0126,0.24719,-0.20186
0.0744,0.0043808,0.25176,-0.19769
0.0745,-0.0038848,0.25563,-0.19308
0.0746,-0.012245,0.25887,-0.18805
0.0747,-0.02074,0.26158,-0.1826
0.0748,-0.029412,0.26386,-0.1768
0.0749,-0.038285,0.26583,-0.17068
0.075,-0.047375,0.26759,-0.16434
0.0751,-0.056676,0.26923,-0.15782
0.0752,-0.066171,0.27082,-0.15121
0.0753,-0.075821,0.27241,-0.14455
0.0754,-0.085576,0.27401,-0.13791
0.0755,-0.09537,0.2756,-0.1313
0.0756,-0.10513,0.27714,-0.1247
0.0757,-0.11479,0.27859,-0.11811
0.0758,-0.12426,0.27986,-0.11149
0.0759,-0.13346,0.28086,-0.1048
0.076,-0.14234,0.28153,-0.097993
0.0761,-0.15082,0.28179,-0.091006
0.0762,-0.15887,0.28158,-0.083786
0.0763,-0.16644,0.28086,-0.076284
0.0764,-0.1735,0.27963,-0.068467
0.0765,-0.18005,0.27789,-0.060311
0.0766,-0.18609,0.27568,-0.051816
0.0767,-0.19163,0.27307,-0.042998
0.0768,-0.1967,0.27012,-0.033891
0.0769,-0.20134,0.2669,-0.024543
0.077,-0.20558,0.26351,-0.015016
0.0771,-0.20945,0.26002,-0.0053783
0.0772,-0.21298,0.25648,0.0043022
0.0773,-0.21619,0.25294,0.013961
0.0774,-0.21908,0.24942,0.02354
0.0775,-0.22167,0.2459,0.032999
0.0776,-0.22392,0.24237,0.042311
0.0777,-0.22583,0.23876,0.051469
0.0778,-0.22736,0.235,0.060482
0.0779,-0.22851,0.23103,0.069379
0.078,-0.22925,0.22675,0.078194
0.0781,-0.22957,0.22209,0.08697
0.0782,-0.22948,0.21698,0.095745
0.0783,-0.22899,0.21136,0.10455
0.0784,-0.22813,0.2052,0.11341
0.0785,-0.22693,0.19849,0.12232
0.0786,-0.22542,0.19128,0.13126
0.0787,-0.22367,0.18361,0.1402
0.0788,-0.22172,0.17556,0.14908
0.0789,-0.21962,0.16722,0.15783
0.079,-0.21741,0.15868,0.16637
0.0791,-0.21512,0.15003,0.17461
0.0792,-0.21277,0.14134,0.18245
0.0793,-0.21036,0.13268,0.18983
0.0794,-0.20788,0.12408,0.19664
0.0795,-0.2053,0.11556,0.20285
0.0796,-0.20259,0.10712,0.2084
0.0797,-0.19969,0.098708,0.21326
0.0798,-0.19657,0.090282,0.21743
0.0799,-0.19318,0.081772,0.22091
0.08,-0.18946,0.073104,0.22376
0.0801,-0.1854,0.064206,0.22601
0.0802,-0.18097,0.055014,0.22776
0.0803,-0.17617,0.045478,0.22906
0.0804,-0.171,0.03557,0.23002
0.0805,-0.16549,0.025288,0.2307
0.0806,-0.15967,0.014653,0.23119
0.0807,-0.1536,0.0037116,0.23154
0.0808,-0.14734,-0.0074652,0.23179
0.0809,-0.14092,-0.018793,0.23194
0.081,-0.13439,-0.030175,0.232
0.0811,-0.12777,-0.04151,0.23193
0.0812,-0.1211,-0.052699,0.23169
0.0813,-0.11438,-0.063654,0.23123
0.0814,-0.10762,-0.074297,0.23049
0.0815,-0.10082,-0.084568,0.22942
0.0816,-0.09394,-0.094423,0.22797
0.0817,-0.086958,-0.10384,0.22611
0.0818,-0.079831,-0.11279,0.22384
0.0819,-0.072519,-0.12129,0.22114
0.082,-0.064981,-0.12934,0.21804
0.0821,-0.057184,-0.13695,0.21458
0.0822,-0.049105,-0.14414,0.2108
0.0823,-0.040733,-0.15094,0.20676
0.0824,-0.032074,-0.15736,0.20252
0.0825,-0.023145,-0.16342,0.19814
0.0826,-0.01398,-0.16914,0.19367
0.0827,-0.004619,-0.17451,0.18915
0.0828,0.0048855,-0.17955,0.18461
0.0829,0.014482,-0.18425,0.18005
0.083,0.024118,-0.18858,0.17547
0.0831,0.033747,-0.19253,0.17084
0.0832,0.043329,-0.19606,0.16612
0.0833,0.052838,-0.19914,0.16126
0.0834,0.062255,-0.20174,0.1562
0.0835,0.071576,-0.20384,0.15088
0.0836,0.080806,-0.20544,0.14526
0.0837,0.089957,-0.20655,0.13929
0.0838,0.099048,-0.20719,0.13292
0.0839,0.1081,-0.20741,0.12614
0.084,0.11712,-0.20727,0.11896
0.0841,0.12612,-0.20684,0.1114
0.0842,0.13509,-0.20619,0.10351
0.0843,0.14402,-0.20539,0.095358
0.0844,0.15285,-0.2045,0.087001
0.0845,0.16155,-0.20358,0.078512
0.0846,0.17005,-0.20265,0.069955
0.0847,0.17826,-0.20173,0.061388
0.0848,0.1861,-0.2008,0.052853
0.0849,0.19348,-0.19983,0.044377
0.085,0.20033,-0.19876,0.035966
0.0851,0.20657,-0.19753,0.027613
0.0852,0.21214,-0.19607,0.01929
0.0853,0.21699,-0.1943,0.010959
0.0854,0.22109,-0.19214,0.0025708
0.0855,0.22446,-0.18956,-0.005925
0.0856,0.22713,-0.18649,-0.014579
0.0857,0.22914,-0.18292,-0.023435
0.0858,0.23056,-0.17885,-0.032524
0.0859,0.23147,-0.17432,-0.041863
0.086,0.23197,-0.16935,-0.051452
0.0861,0.23214,-0.16401,-0.061269
0.0862,0.23206,-0.15838,-0.071279
0.0863,0.23181,-0.15253,-0.08143
0.0864,0.23144,-0.14654,-0.091659
0.0865,0.23099,-0.14047,-0.1019
0.0866,0.23047,-0.13436,-0.11207
0.0867,0.22989,-0.12823,-0.12211
0.0868,0.22921,-0.12207,-0.13195
0.0869,0.22842,-0.11588,-0.14154
0.087,0.22748,-0.10962,-0.15083
0.0871,0.22632,-0.10325,-0.15977
0.0872,0.22492,-0.096696,-0.16834
0.0873,0.22323,-0.089906,-0.17651
0.0874,0.22121,-0.082811,-0.18424
0.0875,0.21885,-0.075357,-0.19151
0.0876,0.21613,-0.067501,-0.19831
0.0877,0.21307,-0.059219,-0.20461
0.0878,0.20967,-0.050509,-0.21043
0.0879,0.20597,-0.041392,-0.21573
0.088,0.20202,-0.031906,-0.22053
0.0881,0.19785,-0.022111,-0.22485
0.0882,0.19352,-0.012076,-0.22868
0.0883,0.18905,-0.0018802,-0.23206
0.0884,0.1845,0.0083992,-0.23499
0.0885,0.17988,0.01869,-0.23748
0.0886,0.17521,0.028931,-0.23952
0.0887,0.17049,0.03908,-0.24111
0.0888,0.1657,0.049111,-0.24225
0.0889,0.16081,0.059019,-0.24292
0.089,0.15579,0.068819,-0.24313
0.0891,0.1506,0.078541,-0.24289
0.0892,0.14519,0.088227,-0.24221
0.0893,0.13953,0.097922,-0.24114
0.0894,0.13357,0.10767,-0.23971
0.0895,0.12727,0.11751,-0.23798
0.0896,0.1206,0.12746,-0.23601
0.0897,0.11358,0.13752,-0.23385
0.0898,0.10622,0.14766,-0.23156
0.0899,0.098566,0.15784,-0.2292
0.09,0.090652,0.168,-0.22679
0.0901,0.082536,0.17804,-0.22436
0.0902,0.074271,0.18786,-0.22191
0.0903,0.065914,0.19736,-0.21943
0.0904,0.057513,0.20642,-0.21688
0.0905,0.049108,0.21497,-0.21423
0.0906,0.040727,0.22291,-0.21141
0.0907,0.032384,0.23017,-0.20838
0.0908,0.024079,0.23671,-0.20507
0.0909,0.015797,0.24251,-0.20144
0.091,0.0075118,0.24758,-0.19744
0.0911,-0.00081196,0.25196,-0.19305
0.0912,-0.0092135,0.25571,-0.18826
0.0913,-0.017732,0.25888,-0.18308
0.0914,-0.026402,0.26159,-0.17753
0.0915,-0.03525,0.2639,-0.17166
0.0916,-0.04429,0.26593,-0.16552
0.0917,-0.053522,0.26775,-0.15916
0.0918,-0.062933,0.26944,-0.15264
0.0919,-0.072494,0.27104,-0.14603
0.092,-0.082162,0.27259,-0.13936
0.0921,-0.091882,0.27409,-0.13269
0.0922,-0.10159,0.27552,-0.126
0.0923,-0.11123,0.27685,-0.11931
0.0924,-0.12072,0.27802,-0.11258
0.0925,-0.12999,0.27897,-0.10579
0.0926,-0.13898,0.27964,-0.098905
0.0927,-0.14763,0.27996,-0.091884
0.0928,-0.1559,0.27988,-0.084679
0.0929,-0.16373,0.27936,-0.077245
0.093,-0.17109,0.27838,-0.069541
0.0931,-0.17798,0.27694,-0.061542
0.0932,-0.18438,0.27506,-0.053234
0.0933,-0.19028,0.27277,-0.044619
0.0934,-0.19571,0.27013,-0.035718
0.0935,-0.2007,0.2672,-0.026565
0.0936,-0.20526,0.26404,-0.017208
0.0937,-0.20942,0.26071,-0.0077044
0.0938,-0.21319,0.25727,0.0018858
0.0939,-0.21661,0.25376,0.011502
0.094,-0.21968,0.25021,0.021091
0.0941,-0.22241,0.24662,0.030607
0.0942,-0.2248,0.24297,0.040017
0.0943,-0.22683,0.23924,0.049305
0.0944,-0.22849,0.23537,0.058467
0.0945,-0.22976,0.23131,0.067514
0.0946,-0.23064,0.22699,0.076468
0.0947,-0.23111,0.22234,0.085358
0.0948,-0.23118,0.21733,0.094214
0.0949,-0.23086,0.21188,0.10307
0.095,-0.23017,0.20596,0.11193
0.0951,-0.22914,0.19955,0.12082
0.0952,-0.2278,0.19266,0.12973
0.0953,-0.2262,0.18533,0.13863
0.0954,-0.22439,0.17761,0.14749
0.0955,-0.2224,0.16957,0.15625
0.0956,-0.22028,0.16129,0.16483
0.0957,-0.21805,0.15283,0.17317
0.0958,-0.21573,0.14427,0.18118
0.0959,-0.21334,0.13567,0.18877
0.096,-0.21086,0.12706,0.19587
0.0961,-0.20828,0.11848,0.20241
0.0962,-0.20556,0.10993,0.20834
0.0963,-0.20268,0.10139,0.21362
0.0964,-0.19958,0.09283,0.21822
0.0965,-0.19622,0.084202,0.22215
0.0966,-0.19257,0.07545,0.22543
0.0967,-0.1886,0.066517,0.22809
0.0968,-0.18428,0.057348,0.2302
0.0969,-0.17961,0.047898,0.23183
0.097,-0.17458,0.038138,0.23304
0.0971,-0.16922,0.028056,0.23392
0.0972,-0.16356,0.017661,0.23454
0.0973,-0.15764,0.0069825,0.23496
0.0974,-0.1515,-0.0039311,0.23521
0.0975,-0.14519,-0.015015,0.23535
0.0976,-0.13875,-0.026193,0.23536
0.0977,-0.13221,-0.037383,0.23524
0.0978,-0.12558,-0.048498,0.23496
0.0979,-0.11889,-0.05946,0.2345
0.098,-0.11213,-0.070193,0.2338
0.0981,-0.10531,-0.080634,0.23281
0.0982,-0.098417,-0.090734,0.2315
0.0983,-0.091417,-0.10045,0.22983
0.0984,-0.084282,-0.10976,0.22778
0.0985,-0.076976,-0.11865,0.22533
0.0986,-0.069465,-0.1271,0.22249
0.0987,-0.061717,-0.13511,0.21927
0.0988,-0.053711,-0.14268,0.21573
0.0989,-0.045434,-0.14983,0.21189
0.099,-0.036888,-0.15657,0.2078
0.0991,-0.028085,-0.1629,0.20353
0.0992,-0.019052,-0.16883,0.19912
0.0993,-0.0098226,-0.17438,0.19461
0.0994,-0.00044012,-0.17955,0.19003
0.0995,0.009049,-0.18435,0.18541
0.0996,0.018598,-0.18877,0.18074
0.0997,0.028163,-0.1928,0.17602
0.0998,0.037707,-0.19642,0.17121
0.0999,0.047201,-0.19961,0.16628
0.1,0.056628,-0.20236,0.16119
0.1001,0.065978,-0.20466,0.15589
0.1002,0.075254,-0.20649,0.15032
0.1003,0.084464,-0.20786,0.14447
0.1004,0.093621,-0.20879,0.13827
0.1005,0.10274,-0.20931,0.13171
0.1006,0.11184,-0.20948,0.12476
0.1007,0.12091,-0.20932,0.11745
0.1008,0.12996,-0.20892,0.1098
0.1009,0.13896,-0.20832,0.10186
0.101,0.14789,-0.20757,0.09368
0.1011,0.15669,-0.20673,0.08532
0.1012,0.16531,-0.20583,0.07684
0.1013,0.17368,-0.20488,0.068294
0.1014,0.1817,-0.20388,0.05973
0.1015,0.18931,-0.20281,0.051182
0.1016,0.19641,-0.20164,0.04267
0.1017,0.20294,-0.20033,0.034201
0.1018,0.20885,-0.19881,0.025762
0.1019,0.21405,-0.19702,0.01733
0.102,0.21855,-0.1949,0.0088697
0.1021,0.22232,-0.19241,0.00033813
0.1022,0.22539,-0.1895,-0.0083086
0.1023,0.2278,-0.18614,-0.017112
0.1024,0.2296,-0.18233,-0.026106
0.1025,0.23086,-0.17808,-0.035315
0.1026,0.23166,-0.17341,-0.044745
0.1027,0.23209,-0.16837,-0.054392
0.1028,0.23223,-0.16301,-0.064231
0.1029,0.23215,-0.1574,-0.074226
0.103,0.2319,-0.15159,-0.084326
0.1031,0.23153,-0.14565,-0.094475
0.1032,0.23106,-0.13962,-0.10461
0.1033,0.2305,-0.13351,-0.11466
0.1034,0.22984,-0.12734,-0.12458
0.1035,0.22906,-0.12109,-0.13429
0.1036,0.22812,-0.11475,-0.14375
0.1037,0.227,-0.1083,-0.15292
0.1038,0.22565,-0.10168,-0.16174
0.1039,0.22403,-0.094847,-0.17019
0.104,0.22211,-0.087756,-0.17823
0.1041,0.21986,-0.080358,-0.18583
0.1042,0.21728,-0.072613,-0.19297
0.1043,0.21437,-0.064496,-0.19961
0.1044,0.21113,-0.055997,-0.20575
0.1045,0.2076,-0.047125,-0.21139
0.1046,0.2038,-0.037905,-0.21651
0.1047,0.19977,-0.028378,-0.22112
0.1048,0.19554,-0.018597,-0.22522
0.1049,0.19117,-0.0086254,-0.22885
0.105,0.18669,0.0014732,-0.23201
0.1051,0.18211,0.011636,-0.23471
0.1052,0.17746,0.021807,-0.23697
0.1053,0.17244,0.03194,-0.23976
0.1054,0.1673,0.042048,-0.24252
0.1055,0.16206,0.05206,-0.24478
0.1056,0.15666,0.061982,-0.24658
0.1057,0.1511,0.071857,-0.24798
0.1058,0.14535,0.081699,-0.24897
0.1059,0.13935,0.091531,-0.24957
0.106,0.13305,0.10139,-0.24984
0.1061,0.12644,0.11132,-0.24982
0.1062,0.1195,0.12132,-0.24954
0.1063,0.11222,0.1314,-0.24906
0.1064,0.10462,0.14155,-0.24843
0.1065,0.096713,0.15173,-0.24765
0.1066,0.088537,0.16187,-0.24674
0.1067,0.080153,0.17192,-0.24572
0.1068,0.071623,0.18178,-0.24461
0.1069,0.062977,0.19136,-0.24336
0.107,0.054269,0.20056,-0.24197
0.1071,0.045552,0.20931,-0.24041
0.1072,0.036861,0.2175,-0.23864
0.1073,0.028209,0.2251,-0.23663
0.1074,0.019606,0.23204,-0.23433
0.1075,0.011023,0.23827,-0.23168
0.1076,0.0024378,0.2438,-0.22864
0.1077,-0.0061687,0.24866,-0.22523
0.1078,-0.014823,0.25287,-0.22142
0.1079,-0.023583,0.2565,-0.21721
0.108,-0.032473,0.25961,-0.21263
0.1081,-0.041506,0.26229,-0.20772
0.1082,-0.050699,0.26461,-0.20251
0.1083,-0.060071,0.26666,-0.19703
0.1084,-0.069599,0.26851,-0.19134
0.1085,-0.079265,0.2702,-0.18548
0.1086,-0.089039,0.27178,-0.17945
0.1087,-0.098867,0.27326,-0.1733
0.1088,-0.10868,0.27464,-0.16707
0.1089,-0.11842,0.27591,-0.16071
0.109,-0.12804,0.27701,-0.15421
0.1091,-0.13744,0.27793,-0.14757
0.1092,-0.14658,0.2786,-0.14076
0.1093,-0.1554,0.27897,-0.13372
0.1094,-0.16385,0.27899,-0.12643
0.1095,-0.1719,0.27862,-0.11886
0.1096,-0.17951,0.27784,-0.11098
0.1097,-0.18665,0.27663,-0.10277
0.1098,-0.19331,0.27502,-0.094248
0.1099,-0.19948,0.27301,-0.085407
0.11,-0.20517,0.27064,-0.076255
0.1101,-0.21039,0.26797,-0.066838
0.1102,-0.21516,0.26504,-0.057201
0.1103,-0.2195,0.26189,-0.047367
0.1104,-0.22344,0.25858,-0.037387
0.1105,-0.22698,0.25515,-0.027317
0.1106,-0.23014,0.25162,-0.017198
0.1107,-0.23293,0.248,-0.0070596
0.1108,-0.23534,0.2443,0.0030549
0.1109,-0.23872,0.24009,0.013139
0.111,-0.24178,0.2358,0.023215
0.1111,-0.24442,0.23131,0.033249
0.1112,-0.24664,0.22657,0.043256
0.1113,-0.24847,0.22155,0.053295
0.1114,-0.24992,0.21619,0.063371
0.1115,-0.25095,0.21045,0.073482
0.1116,-0.25161,0.20428,0.083649
0.1117,-0.25193,0.19767,0.093883
0.1118,-0.25192,0.19062,0.10414
0.1119,-0.25161,0.18316,0.11441
0.112,-0.25106,0.17532,0.12465
0.1121,-0.25028,0.16716,0.1348
0.1122,-0.24927,0.15872,0.14479
0.1123,-0.2481,0.15008,0.15455
0.1124,-0.24678,0.1413,0.16403
0.1125,-0.2453,0.13243,0.17313
0.1126,-0.24366,0.12351,0.18176
0.1127,-0.24185,0.11459,0.1899
0.1128,-0.23986,0.10568,0.19748
0.1129,-0.23765,0.096776,0.20445
0.113,-0.2352,0.087857,0.21081
0.1131,-0.23246,0.078875,0.21655
0.1132,-0.22938,0.069788,0.22168
0.1133,-0.22596,0.060558,0.22623
0.1134,-0.22219,0.051141,0.23025
0.1135,-0.21804,0.041489,0.23378
0.1136,-0.21351,0.031582,0.23688
0.1137,-0.20864,0.021409,0.23961
0.1138,-0.20342,0.010969,0.24202
0.1139,-0.19789,0.00027598,0.24417
0.114,-0.19208,-0.010627,0.24609
0.1141,-0.18605,-0.021699,0.24782
0.1142,-0.1798,-0.032883,0.24936
0.1143,-0.17337,-0.044103,0.25071
0.1144,-0.16678,-0.055275,0.25186
0.1145,-0.16004,-0.066335,0.25278
0.1146,-0.15313,-0.077212,0.25343
0.1147,-0.14609,-0.087835,0.25379
0.1148,-0.1389,-0.09815,0.25382
0.1149,-0.13153,-0.10813,0.2535
0.115,-0.12396,-0.11773,0.2528
0.1151,-0.11617,-0.12693,0.25174
0.1152,-0.10814,-0.13571,0.2503
0.1153,-0.099832,-0.14407,0.24849
0.1154,-0.091253,-0.15197,0.24634
0.1155,-0.082391,-0.15942,0.24389
0.1156,-0.07323,-0.16643,0.24116
0.1157,-0.063797,-0.173,0.23818
0.1158,-0.054118,-0.17912,0.235
0.1159,-0.04421,-0.18482,0.23165
0.116,-0.034102,-0.19009,0.22814
0.1161,-0.023849,-0.19495,0.22451
0.1162,-0.013485,-0.19939,0.22073
0.1163,-0.0030405,-0.20342,0.21681
0.1164,0.0074426,-0.20701,0.21272
0.1165,0.017936,-0.21017,0.20844
0.1166,0.028431,-0.21288,0.20392
0.1167,0.038915,-0.21512,0.19913
0.1168,0.049379,-0.21691,0.19404
0.1169,0.059836,-0.21825,0.18863
0.117,0.070296,-0.21916,0.18286
0.1171,0.080753,-0.21965,0.17671
0.1172,0.091213,-0.21977,0.17017
0.1173,0.10168,-0.21956,0.16325
0.1174,0.11214,-0.21906,0.15596
0.1175,0.12255,-0.21832,0.14834
0.1176,0.13291,-0.2174,0.14043
0.1177,0.14316,-0.21633,0.13229
0.1178,0.15323,-0.21515,0.12395
0.1179,0.16306,-0.21388,0.11547
0.118,0.17259,-0.21254,0.10687
0.1181,0.18172,-0.2111,0.098201
0.1182,0.19037,-0.20954,0.089467
0.1183,0.19849,-0.20783,0.080669
0.1184,0.20602,-0.20593,0.071798
0.1185,0.21289,-0.20376,0.062848
0.1186,0.21907,-0.2013,0.053787
0.1187,0.22456,-0.1985,0.044584
0.1188,0.22937,-0.19531,0.035213
0.1189,0.2335,-0.19172,0.025652
0.119,0.23703,-0.1877,0.015867
0.1191,0.23999,-0.18326,0.0058486
0.1192,0.24246,-0.17842,-0.0044026
0.1193,0.2445,-0.1732,-0.014881
0.1194,0.24619,-0.16765,-0.025572
0.1195,0.24759,-0.16182,-0.036434
0.1196,0.24876,-0.15577,-0.047424
0.1197,0.24973,-0.14954,-0.058498
0.1198,0.25055,-0.1432,-0.069604
0.1199,0.25121,-0.13675,-0.08068
0.12,0.25172,-0.13022,-0.091682
0.1201,0.25207,-0.12359,-0.10256
0.1202,0.25222,-0.11685,-0.11327
0.1203,0.25216,-0.10998,-0.12378
0.1204,0.25185,-0.10296,-0.13404
0.1205,0.25125,-0.095745,-0.14401
0.1206,0.25035,-0.088298,-0.15367
0.1207,0.24912,-0.080585,-0.16298
0.1208,0.24755,-0.072568,-0.17189
0.1209,0.24563,-0.064221,-0.18037
0.121,0.24336,-0.055534,-0.18839
0.1211,0.24078,-0.046507,-0.19592
0.1212,0.23788,-0.037153,-0.20295
0.1213,0.2347,-0.027505,-0.20944
0.1214,0.23128,-0.017608,-0.2154
0.1215,0.22764,-0.0075137,-0.22084
0.1216,0.22381,0.0027246,-0.22575
0.1217,0.21981,0.013046,-0.23016
0.1218,0.21567,0.023399,-0.23407
0.1219,0.21137,0.033744,-0.23751
0.122,0.20691,0.044049,-0.24048
0.1221,0.20228,0.054292,-0.24299
0.1222,0.19747,0.064472,-0.24507
0.1223,0.19243,0.074592,-0.24672
0.1224,0.18714,0.084667,-0.24796
0.1225,0.18158,0.094719,-0.24883
