0.05,0.84827,-1.3753,0.50434
0.0501,0.88935,-1.3658,0.45612
0.0502,0.92917,-1.3543,0.40742
0.0503,0.96767,-1.341,0.35831
0.0504,1.0048,-1.3258,0.30887
0.0505,1.0404,-1.3087,0.25913
0.0506,1.0746,-1.2898,0.20913
0.0507,1.1073,-1.2691,0.1589
0.0508,1.1384,-1.2466,0.10846
0.0509,1.1679,-1.2223,0.057798
0.051,1.1958,-1.1964,0.0069486
0.0511,1.2221,-1.1687,-0.044051
0.0512,1.2468,-1.1395,-0.095161
0.0513,1.2698,-1.1086,-0.14633
0.0514,1.291,-1.0763,-0.19749
0.0515,1.3105,-1.0425,-0.24854
0.0516,1.3281,-1.0073,-0.29942
0.0517,1.3438,-0.97077,-0.35
0.0518,1.3576,-0.93302,-0.40017
0.0519,1.3693,-0.89409,-0.44983
0.052,1.3788,-0.85404,-0.49887
0.0521,1.3862,-0.81292,-0.54716
0.0522,1.3914,-0.7708,-0.59463
0.0523,1.3943,-0.72772,-0.64117
0.0524,1.3949,-0.68372,-0.68672
0.0525,1.3932,-0.63884,-0.73122
0.0526,1.3892,-0.59313,-0.77461
0.0527,1.3831,-0.54662,-0.81689
0.0528,1.3747,-0.49936,-0.858
0.0529,1.3643,-0.4514,-0.89796
0.053,1.3518,-0.40277,-0.93674
0.0531,1.3374,-0.35354,-0.97433
0.0532,1.3211,-0.30377,-1.0107
0.0533,1.3029,-0.25354,-1.0459
0.0534,1.2831,-0.20291,-1.0798
0.0535,1.2616,-0.15197,-1.1125
0.0536,1.2386,-0.10079,-1.1437
0.0537,1.2139,-0.049428,-1.1736
0.0538,1.1878,0.0020256,-1.2019
0.0539,1.1601,0.053487,-1.2286
0.054,1.1309,0.10488,-1.2536
0.0541,1.1002,0.15611,-1.2768
0.0542,1.068,0.20711,-1.2981
0.0543,1.0344,0.25782,-1.3174
0.0544,0.99934,0.30815,-1.3346
0.0545,0.96282,0.35806,-1.3496
0.0546,0.92491,0.40747,-1.3624
0.0547,0.88566,0.45634,-1.373
0.0548,0.84512,0.50461,-1.3813
0.0549,0.80336,0.55223,-1.3874
0.055,0.76047,0.59914,-1.3912
0.0551,0.71653,0.6453,-1.3929
0.0552,0.67164,0.69063,-1.3925
0.0553,0.6259,0.73509,-1.39
0.0554,0.57941,0.77861,-1.3854
0.0555,0.53224,0.82113,-1.379
0.0556,0.48448,0.86259,-1.3706
0.0557,0.4362,0.90291,-1.3603
0.0558,0.38745,0.94203,-1.3482
0.0559,0.33829,0.97989,-1.3343
0.056,0.28874,1.0164,-1.3185
0.0561,0.23885,1.0516,-1.3009
0.0562,0.18865,1.0853,-1.2814
0.0563,0.13815,1.1175,-1.2602
0.0564,0.087378,1.1481,-1.2371
0.0565,0.036355,1.1771,-1.2122
0.0566,-0.014878,1.2045,-1.1855
0.0567,-0.066259,1.2301,-1.1571
0.0568,-0.11772,1.2541,-1.127
0.0569,-0.16916,1.2762,-1.0953
0.057,-0.22051,1.2964,-1.062
0.0571,-0.27165,1.3148,-1.0273
0.0572,-0.32247,1.3313,-0.99126
0.0573,-0.37287,1.3457,-0.95395
0.0574,-0.42274,1.3582,-0.91546
0.0575,-0.47196,1.3686,-0.87589
0.0576,-0.52046,1.3769,-0.83529
0.0577,-0.56815,1.3831,-0.79373
0.0578,-0.61497,1.3871,-0.75125
0.0579,-0.66084,1.389,-0.70789
0.058,-0.70573,1.3888,-0.66368
0.0581,-0.7496,1.3863,-0.61864
0.0582,-0.79242,1.3818,-0.57278
0.0583,-0.83418,1.3751,-0.52613
0.0584,-0.87484,1.3663,-0.47871
0.0585,-0.9144,1.3554,-0.43054
0.0586,-0.95283,1.3425,-0.38167
0.0587,-0.9901,1.3277,-0.33214
0.0588,-1.0262,1.311,-0.28203
0.0589,-1.061,1.2924,-0.23141
0.059,-1.0945,1.272,-0.18038
0.0591,-1.1266,1.25,-0.12903
0.0592,-1.1572,1.2262,-0.077452
0.0593,-1.1863,1.2008,-0.025742
0.0594,-1.2137,1.1738,0.025992
0.0595,-1.2394,1.1453,0.077641
0.0596,-1.2633,1.1153,0.12911
0.0597,-1.2852,1.0839,0.18031
0.0598,-1.3052,1.0509,0.23116
0.0599,-1.3231,1.0166,0.28161
0.06,-1.3389,0.98095,0.33159
0.0601,-1.3526,0.94392,0.38107
0.0602,-1.3642,0.9056,0.43
0.0603,-1.3736,0.86602,0.47836
0.0604,-1.3808,0.82523,0.52611
0.0605,-1.3859,0.78329,0.57323
0.0606,-1.3889,0.74025,0.61968
0.0607,-1.3899,0.69619,0.66542
0.0608,-1.3887,0.65117,0.7104
0.0609,-1.3856,0.60528,0.75456
0.061,-1.3805,0.55858,0.79782
0.0611,-1.3734,0.51116,0.84011
0.0612,-1.3644,0.46309,0.88135
0.0613,-1.3535,0.41444,0.92144
0.0614,-1.3407,0.36528,0.96029
0.0615,-1.326,0.31568,0.99783
0.0616,-1.3093,0.2657,1.034
0.0617,-1.2908,0.2154,1.0686
0.0618,-1.2704,0.16481,1.1017
0.0619,-1.2482,0.114,1.1332
0.062,-1.2241,0.062984,1.163
0.0621,-1.1982,0.011815,1.1911
0.0622,-1.1706,-0.039447,1.2175
0.0623,-1.1413,-0.090741,1.2421
0.0624,-1.1104,-0.142,1.2649
0.0625,-0.95089,-0.52703,1.4927
0.0626,-0.85919,-0.73834,1.6142
0.0627,-0.78486,-0.90096,1.7041
0.0628,-0.71649,-1.0329,1.7689
0.0629,-0.65138,-1.1409,1.8128
0.063,-0.59643,-1.2253,1.8428
0.0631,-0.55085,-1.2912,1.8633
0.0632,-0.50273,-1.3516,1.8756
0.0633,-0.44876,-1.4111,1.8809
0.0634,-0.3987,-1.4634,1.8825
0.0635,-0.35656,-1.5043,1.8805
0.0636,-0.3187,-1.537,1.8744
0.0637,-0.28336,-1.5623,1.8631
0.0638,-0.24944,-1.579,1.8443
0.0639,-0.21538,-1.5866,1.8161
0.064,-0.18381,-1.5856,1.7815
0.0641,-0.155,-1.5802,1.7449
0.0642,-0.12542,-1.5731,1.7059
0.0643,-0.091187,-1.5684,1.6644
0.0644,-0.057112,-1.5636,1.6228
0.0645,-0.025717,-1.5553,1.5804
0.0646,0.0052426,-1.5446,1.5358
0.0647,0.037251,-1.5327,1.489
0.0648,0.070096,-1.5182,1.4388
0.0649,0.10366,-1.4971,1.3812
0.065,0.13605,-1.4672,1.316
0.0651,0.1668,-1.4299,1.2453
0.0652,0.19937,-1.3904,1.1708
0.0653,0.23447,-1.3521,1.0952
0.0654,0.26728,-1.3146,1.0229
0.0655,0.29661,-1.2782,0.95554
0.0656,0.32708,-1.2464,0.89177
0.0657,0.36038,-1.2195,0.83041
0.0658,0.39336,-1.1937,0.77057
0.0659,0.42504,-1.1649,0.70938
0.066,0.45596,-1.1327,0.64584
0.0661,0.48469,-1.0954,0.57971
0.0662,0.51062,-1.0508,0.50952
0.0663,0.53517,-0.99922,0.43408
0.0664,0.55765,-0.94271,0.35625
0.0665,0.57706,-0.88279,0.27849
0.0666,0.59601,-0.82243,0.2011
0.0667,0.61728,-0.76467,0.12426
0.0668,0.63987,-0.70953,0.048964
0.0669,0.66292,-0.65447,-0.02654
0.067,0.68702,-0.59876,-0.10358
0.0671,0.71128,-0.54254,-0.18114
0.0672,0.73396,-0.48516,-0.25815
0.0673,0.75481,-0.4252,-0.33584
0.0674,0.77305,-0.36225,-0.41384
0.0675,0.78802,-0.29674,-0.49111
0.0676,0.80184,-0.23082,-0.56766
0.0677,0.81677,-0.16683,-0.64348
0.0678,0.8313,-0.10573,-0.7161
0.0679,0.84403,-0.047277,-0.78445
0.068,0.85629,0.0078539,-0.84921
0.0681,0.86833,0.059964,-0.91096
0.0682,0.87804,0.11124,-0.96978
0.0683,0.88488,0.16393,-1.0274
0.0684,0.88941,0.21843,-1.0849
0.0685,0.89113,0.27545,-1.1424
0.0686,0.89024,0.33577,-1.2009
0.0687,0.88861,0.3992,-1.2622
0.0688,0.88653,0.46458,-1.3253
0.0689,0.88319,0.53089,-1.3886
0.069,0.87927,0.5959,-1.4503
0.0691,0.87545,0.65722,-1.5088
0.0692,0.87055,0.71395,-1.5619
0.0693,0.86423,0.76677,-1.61
0.0694,0.85739,0.8161,-1.6544
0.0695,0.84982,0.86277,-1.6956
0.0696,0.84077,0.90794,-1.734
0.0697,0.83082,0.95242,-1.7711
0.0698,0.81958,0.99669,-1.8067
0.0699,0.80552,1.0416,-1.8404
0.07,0.78899,1.0866,-1.8718
0.0701,0.7715,1.1301,-1.9007
0.0702,0.7524,1.1707,-1.9252
0.0703,0.73099,1.2084,-1.9444
0.0704,0.70875,1.2424,-1.9591
0.0705,0.68683,1.2727,-1.9702
0.0706,0.66443,1.3008,-1.9785
0.0707,0.64155,1.3289,-1.9862
0.0708,0.61865,1.3576,-1.9943
0.0709,0.59482,1.3871,-2.002
0.071,0.56903,1.4178,-2.0087
0.0711,0.54205,1.4489,-2.0146
0.0712,0.51436,1.4789,-2.0183
0.0713,0.48588,1.5066,-2.0187
0.0714,0.45746,1.5305,-2.0152
0.0715,0.43017,1.5492,-2.0072
0.0716,0.40349,1.562,-1.9935
0.0717,0.3769,1.5694,-1.9742
0.0718,0.35039,1.5726,-1.9505
0.0719,0.32315,1.5731,-1.9228
0.072,0.29414,1.572,-1.8915
0.0721,0.26358,1.5701,-1.8576
0.0722,0.2316,1.5677,-1.8214
0.0723,0.19774,1.5651,-1.7829
0.0724,0.16277,1.562,-1.7427
0.0725,0.12835,1.5576,-1.7014
0.0726,0.094538,1.5513,-1.6588
0.0727,0.060889,1.5429,-1.6141
0.0728,0.02792,1.5316,-1.5671
0.0729,-0.0042355,1.5172,-1.5177
0.073,-0.036578,1.5003,-1.4656
0.0731,-0.069094,1.4818,-1.4118
0.0732,-0.10107,1.4621,-1.3573
0.0733,-0.13272,1.4412,-1.3022
0.0734,-0.16444,1.4195,-1.2461
0.0735,-0.19554,1.3965,-1.1895
0.0736,-0.22588,1.3711,-1.1315
0.0737,-0.25606,1.3431,-1.071
0.0738,-0.28602,1.3118,-1.0078
0.0739,-0.31529,1.2764,-0.94141
0.074,-0.34441,1.2364,-0.87086
0.0741,-0.37371,1.1924,-0.79647
0.0742,-0.40266,1.1451,-0.71955
0.0743,-0.43117,1.0958,-0.64138
0.0744,-0.45968,1.0459,-0.56305
0.0745,-0.48784,0.99658,-0.48605
0.0746,-0.5154,0.94817,-0.41086
0.0747,-0.54298,0.90073,-0.33693
0.0748,-0.57068,0.85396,-0.26382
0.0749,-0.5976,0.80695,-0.19151
0.075,-0.62345,0.75874,-0.11932
0.0751,-0.64818,0.70882,-0.046742
0.0752,-0.67116,0.65661,0.026164
0.0753,-0.69193,0.60175,0.099342
0.0754,-0.71105,0.54458,0.17303
0.0755,-0.72884,0.486,0.24667
0.0756,-0.74529,0.42666,0.31964
0.0757,-0.76092,0.3671,0.39197
0.0758,-0.77637,0.3076,0.46404
0.0759,-0.79141,0.24797,0.53586
0.076,-0.80587,0.18769,0.60782
0.0761,-0.81981,0.12651,0.68026
0.0762,-0.83276,0.064269,0.75289
0.0763,-0.84402,0.00085421,0.82515
0.0764,-0.8538,-0.0635,0.89705
0.0765,-0.86237,-0.12821,0.96832
0.0766,-0.86963,-0.19275,1.0383
0.0767,-0.87582,-0.25628,1.1065
0.0768,-0.88145,-0.31781,1.1725
0.0769,-0.88618,-0.37678,1.2352
0.077,-0.88946,-0.43325,1.2944
0.0771,-0.89135,-0.48735,1.3501
0.0772,-0.89173,-0.5395,1.4027
0.0773,-0.8899,-0.59058,1.4524
0.0774,-0.8858,-0.6414,1.4999
0.0775,-0.87983,-0.69221,1.5457
0.0776,-0.87196,-0.74336,1.5904
0.0777,-0.86216,-0.79523,1.6341
0.0778,-0.85108,-0.84764,1.6773
0.0779,-0.83908,-0.89992,1.7196
0.078,-0.82599,-0.95151,1.7604
0.0781,-0.81191,-1.0018,1.7991
0.0782,-0.7972,-1.0501,1.8352
0.0783,-0.78169,-1.0961,1.8683
0.0784,-0.76535,-1.1399,1.8985
0.0785,-0.74851,-1.1817,1.9263
0.0786,-0.73118,-1.2217,1.9517
0.0787,-0.71297,-1.26,1.9745
0.0788,-0.69386,-1.2967,1.9947
0.0789,-0.67382,-1.3317,2.0122
0.079,-0.65252,-1.3646,2.0263
0.0791,-0.62987,-1.3952,2.0366
0.0792,-0.6062,-1.4231,2.043
0.0793,-0.58152,-1.4478,2.0449
0.0794,-0.55574,-1.4694,2.0424
0.0795,-0.5292,-1.4881,2.036
0.0796,-0.50215,-1.5044,2.0264
0.0797,-0.47433,-1.5193,2.0142
0.0798,-0.44573,-1.5334,2.0001
0.0799,-0.4165,-1.547,1.9845
0.08,-0.38646,-1.5601,1.9674
0.0801,-0.35546,-1.5728,1.9486
0.0802,-0.32396,-1.5845,1.9279
0.0803,-0.29234,-1.5944,1.9052
0.0804,-0.26074,-1.6021,1.8799
0.0805,-0.22944,-1.6069,1.8517
0.0806,-0.19876,-1.6082,1.8205
0.0807,-0.16844,-1.6059,1.7858
0.0808,-0.13814,-1.6003,1.7476
0.0809,-0.10782,-1.5917,1.7062
0.081,-0.077251,-1.5804,1.6616
0.0811,-0.046012,-1.5668,1.614
0.0812,-0.014139,-1.5511,1.5637
0.0813,0.018156,-1.5334,1.5108
0.0814,0.050882,-1.5137,1.4555
0.0815,0.083915,-1.4921,1.3979
0.0816,0.11681,-1.4685,1.3386
0.0817,0.14946,-1.4427,1.2775
0.0818,0.18202,-1.415,1.2147
0.0819,0.21441,-1.3855,1.1504
0.082,0.24648,-1.3543,1.0848
0.0821,0.27834,-1.3218,1.0184
0.0822,0.30991,-1.2882,0.95156
0.0823,0.34086,-1.2538,0.88469
0.0824,0.37108,-1.2183,0.81784
0.0825,0.40064,-1.1817,0.75077
0.0826,0.42936,-1.1435,0.68331
0.0827,0.45715,-1.1033,0.61509
0.0828,0.48417,-1.0607,0.54557
0.0829,0.51044,-1.0152,0.4744
0.083,0.53588,-0.9668,0.40146
0.0831,0.56063,-0.91541,0.3266
0.0832,0.58482,-0.86137,0.25002
0.0833,0.60836,-0.80521,0.17228
0.0834,0.63126,-0.74757,0.094001
0.0835,0.6537,-0.68913,0.015627
0.0836,0.67566,-0.63039,-0.062375
0.0837,0.69708,-0.57158,-0.13973
0.0838,0.71803,-0.51283,-0.21644
0.0839,0.73847,-0.45417,-0.29245
0.084,0.75802,-0.39542,-0.3676
0.0841,0.77644,-0.33647,-0.4418
0.0842,0.79365,-0.27729,-0.51502
0.0843,0.8094,-0.21786,-0.58709
0.0844,0.82351,-0.1582,-0.65784
0.0845,0.83614,-0.098517,-0.72725
0.0846,0.84741,-0.039069,-0.79522
0.0847,0.85728,0.020077,-0.86166
0.0848,0.86581,0.078957,-0.92671
0.0849,0.87317,0.13764,-0.99067
0.085,0.87926,0.19635,-1.0537
0.0851,0.88392,0.25538,-1.1159
0.0852,0.88716,0.31483,-1.1774
0.0853,0.88895,0.37467,-1.2383
0.0854,0.88917,0.43478,-1.2982
0.0855,0.88793,0.49493,-1.3571
0.0856,0.88548,0.55466,-1.4147
0.0857,0.88189,0.61349,-1.4707
0.0858,0.8772,0.67096,-1.5246
0.0859,0.87155,0.72659,-1.576
0.086,0.86484,0.78006,-1.6244
0.0861,0.85688,0.83128,-1.6697
0.0862,0.84759,0.88031,-1.7116
0.0863,0.83694,0.92731,-1.7504
0.0864,0.82477,0.97254,-1.786
0.0865,0.81104,1.0162,-1.8187
0.0866,0.79587,1.0586,-1.8487
0.0867,0.77932,1.0998,-1.8762
0.0868,0.7614,1.14,-1.9014
0.0869,0.74232,1.179,-1.9243
0.087,0.72222,1.2169,-1.945
0.0871,0.70111,1.2534,-1.9632
0.0872,0.67909,1.2885,-1.979
0.0873,0.65633,1.322,-1.9924
0.0874,0.6329,1.3539,-2.0033
0.0875,0.60884,1.3843,-2.0119
0.0876,0.58429,1.413,-2.0182
0.0877,0.55931,1.4401,-2.0221
0.0878,0.53378,1.4654,-2.0235
0.0879,0.5077,1.4887,-2.0221
0.088,0.48109,1.5097,-2.0175
0.0881,0.45386,1.5281,-2.0094
0.0882,0.42598,1.5437,-1.9976
0.0883,0.39755,1.5563,-1.9818
0.0884,0.36859,1.5658,-1.962
0.0885,0.33904,1.5722,-1.9383
0.0886,0.30894,1.576,-1.911
0.0887,0.27836,1.5773,-1.8804
0.0888,0.24721,1.5767,-1.8471
0.0889,0.21546,1.5744,-1.8112
0.089,0.1832,1.5708,-1.7732
0.0891,0.15049,1.5658,-1.7333
0.0892,0.11739,1.5595,-1.6914
0.0893,0.084143,1.5517,-1.6479
0.0894,0.050999,1.5423,-1.6026
0.0895,0.018089,1.5309,-1.5556
0.0896,-0.014482,1.5175,-1.5068
0.0897,-0.046613,1.5018,-1.4561
0.0898,-0.078374,1.4838,-1.4035
0.0899,-0.10987,1.4634,-1.3488
0.09,-0.14115,1.4407,-1.2922
0.0901,-0.17224,1.4156,-1.2334
0.0902,-0.20324,1.3882,-1.1726
0.0903,-0.23412,1.3585,-1.1097
0.0904,-0.26483,1.3263,-1.0447
0.0905,-0.29533,1.2918,-0.97782
0.0906,-0.32561,1.2548,-0.90906
0.0907,-0.35558,1.2157,-0.83865
0.0908,-0.3852,1.1743,-0.76677
0.0909,-0.41453,1.1311,-0.69363
0.091,-0.44351,1.0862,-0.61955
0.0911,-0.47204,1.04,-0.5449
0.0912,-0.50009,0.99266,-0.47002
0.0913,-0.52754,0.9445,-0.39524
0.0914,-0.55423,0.89563,-0.32083
0.0915,-0.58005,0.84607,-0.24689
0.0916,-0.60497,0.79576,-0.17336
0.0917,-0.62889,0.74453,-0.10016
0.0918,-0.65174,0.69219,-0.027135
0.0919,-0.67353,0.63857,0.045924
0.092,-0.69427,0.58355,0.11917
0.0921,-0.71392,0.52703,0.19269
0.0922,-0.73251,0.46904,0.2665
0.0923,-0.75012,0.40975,0.34057
0.0924,-0.76676,0.34936,0.4147
0.0925,-0.78245,0.28813,0.48872
0.0926,-0.79727,0.22633,0.56249
0.0927,-0.81126,0.16419,0.63583
0.0928,-0.82437,0.1019,0.70858
0.0929,-0.83658,0.039584,0.78058
0.093,-0.84785,-0.022578,0.85164
0.0931,-0.858,-0.084452,0.9215
0.0932,-0.8669,-0.14589,0.9899
0.0933,-0.87446,-0.20674,1.0566
0.0934,-0.88059,-0.26682,1.1214
0.0935,-0.88518,-0.32598,1.1841
0.0936,-0.88825,-0.38411,1.2444
0.0937,-0.88981,-0.44111,1.3025
0.0938,-0.8898,-0.49699,1.3582
0.0939,-0.88823,-0.55184,1.4117
0.094,-0.88512,-0.60579,1.4631
0.0941,-0.88045,-0.65902,1.5125
0.0942,-0.87424,-0.71168,1.5601
0.0943,-0.86651,-0.76386,1.606
0.0944,-0.85735,-0.81558,1.6502
0.0945,-0.84685,-0.86677,1.6929
0.0946,-0.83514,-0.9173,1.7338
0.0947,-0.82237,-0.96694,1.773
0.0948,-0.80866,-1.0154,1.8103
0.0949,-0.79404,-1.0625,1.8453
0.095,-0.77859,-1.1079,1.8779
0.0951,-0.7623,-1.1513,1.9078
0.0952,-0.74511,-1.1927,1.9348
0.0953,-0.72698,-1.232,1.9587
0.0954,-0.70791,-1.269,1.9794
0.0955,-0.68783,-1.304,1.9969
0.0956,-0.66671,-1.3368,2.0111
0.0957,-0.64458,-1.3674,2.022
0.0958,-0.62144,-1.396,2.0297
0.0959,-0.5973,-1.4225,2.0341
0.096,-0.5722,-1.4471,2.0354
0.0961,-0.54622,-1.4697,2.0336
0.0962,-0.5194,-1.4904,2.0288
0.0963,-0.4918,-1.5093,2.0211
0.0964,-0.46355,-1.5264,2.0107
0.0965,-0.43473,-1.5419,1.9977
0.0966,-0.40543,-1.5558,1.9823
0.0967,-0.37573,-1.568,1.9646
0.0968,-0.34573,-1.5786,1.9445
0.0969,-0.31545,-1.5873,1.9221
0.097,-0.28492,-1.5941,1.8971
0.0971,-0.2542,-1.5986,1.8695
0.0972,-0.2233,-1.6007,1.8389
0.0973,-0.19224,-1.6002,1.8054
0.0974,-0.16105,-1.597,1.7688
0.0975,-0.12971,-1.591,1.7291
0.0976,-0.098218,-1.5823,1.6863
0.0977,-0.066538,-1.5709,1.6406
0.0978,-0.03467,-1.557,1.592
0.0979,-0.0025834,-1.5409,1.5409
0.098,0.02974,-1.5226,1.4875
0.0981,0.062272,-1.5024,1.4319
0.0982,0.094941,-1.4804,1.3743
0.0983,0.12766,-1.4566,1.3151
0.0984,0.16031,-1.4312,1.2543
0.0985,0.19273,-1.4041,1.1923
0.0986,0.22483,-1.3753,1.1291
0.0987,0.25652,-1.345,1.0648
0.0988,0.28772,-1.3129,0.99958
0.0989,0.31838,-1.2792,0.93345
0.099,0.3485,-1.2437,0.86641
0.0991,0.37804,-1.2064,0.79846
0.0992,0.40697,-1.1672,0.72958
0.0993,0.43528,-1.1261,0.65971
0.0994,0.46298,-1.0829,0.58879
0.0995,0.49003,-1.0376,0.51681
0.0996,0.51643,-0.99026,0.44374
0.0997,0.5422,-0.94082,0.3696
0.0998,0.56735,-0.88943,0.2945
0.0999,0.59188,-0.83623,0.21855
0.1,0.61581,-0.78146,0.14192
0.1001,0.63912,-0.72538,0.064861
0.1002,0.66177,-0.66827,-0.012347
0.1003,0.68371,-0.61039,-0.089417
0.1004,0.70488,-0.55199,-0.16608
0.1005,0.72519,-0.49327,-0.2421
0.1006,0.74455,-0.43434,-0.31729
0.1007,0.76291,-0.3753,-0.39154
0.1008,0.78019,-0.31615,-0.46479
0.1009,0.7963,-0.25691,-0.53701
0.101,0.8112,-0.19753,-0.60821
0.1011,0.82483,-0.13799,-0.6784
0.1012,0.83715,-0.078273,-0.74759
0.1013,0.84814,-0.018378,-0.81577
0.1014,0.85779,0.041669,-0.88296
0.1015,0.86609,0.10182,-0.94914
0.1016,0.87306,0.16202,-1.0143
0.1017,0.87871,0.22219,-1.0784
0.1018,0.88304,0.28225,-1.1414
0.1019,0.88608,0.3421,-1.2033
0.102,0.8878,0.40164,-1.2639
0.1021,0.88821,0.4607,-1.3231
0.1022,0.88727,0.51913,-1.3807
0.1023,0.88497,0.57672,-1.4364
0.1024,0.88131,0.63328,-1.4902
0.1025,0.87629,0.6886,-1.5417
0.1026,0.86991,0.74252,-1.5907
0.1027,0.86217,0.79488,-1.6371
0.1028,0.8531,0.8456,-1.6808
0.1029,0.84269,0.89464,-1.7217
0.103,0.83094,0.94202,-1.7598
0.1031,0.81787,0.98778,-1.7952
0.1032,0.8035,1.032,-1.8278
0.1033,0.78785,1.0748,-1.8577
0.1034,0.77096,1.1163,-1.8852
0.1035,0.75292,1.1564,-1.9102
0.1036,0.73381,1.1952,-1.9328
0.1037,0.7137,1.2327,-1.9531
0.1038,0.69272,1.2688,-1.9711
0.1039,0.67092,1.3035,-1.9867
0.104,0.64838,1.3366,-1.9999
0.1041,0.62515,1.3681,-2.0105
0.1042,0.60127,1.3977,-2.0185
0.1043,0.57674,1.4254,-2.0237
0.1044,0.55159,1.4511,-2.026
0.1045,0.52582,1.4745,-2.0252
0.1046,0.49943,1.4957,-2.0213
0.1047,0.47242,1.5146,-2.0141
0.1048,0.4448,1.531,-2.0035
0.1049,0.41655,1.545,-1.9895
0.105,0.38769,1.5566,-1.9721
0.1051,0.35822,1.5656,-1.9513
0.1052,0.32818,1.5724,-1.9272
0.1053,0.29759,1.5768,-1.8999
0.1054,0.26652,1.579,-1.8697
0.1055,0.23503,1.5792,-1.8367
0.1056,0.20318,1.5774,-1.8012
0.1057,0.17107,1.5738,-1.7633
0.1058,0.13876,1.5684,-1.7233
0.1059,0.10633,1.5612,-1.6812
0.106,0.073868,1.5522,-1.6372
0.1061,0.041425,1.5413,-1.5912
0.1062,0.0090723,1.5285,-1.5432
0.1063,-0.023139,1.5137,-1.4933
0.1064,-0.055188,1.4967,-1.4414
0.1065,-0.087063,1.4774,-1.3874
0.1066,-0.11875,1.4558,-1.3314
0.1067,-0.15025,1.4319,-1.2733
0.1068,-0.18158,1.4056,-1.2132
0.1069,-0.21274,1.377,-1.151
0.107,-0.24372,1.3461,-1.0869
0.1071,-0.27453,1.3131,-1.0211
0.1072,-0.30514,1.2779,-0.95354
0.1073,-0.33551,1.2407,-0.88451
0.1074,-0.36556,1.2015,-0.81418
0.1075,-0.39525,1.1606,-0.74274
0.1076,-0.42448,1.118,-0.67043
0.1077,-0.45318,1.0738,-0.59744
0.1078,-0.4813,1.0283,-0.52396
0.1079,-0.50875,0.98132,-0.45015
0.108,-0.53548,0.93314,-0.37615
0.1081,-0.56142,0.88377,-0.30207
0.1082,-0.58654,0.83327,-0.22796
0.1083,-0.61077,0.78162,-0.15387
0.1084,-0.63409,0.72884,-0.079795
0.1085,-0.65646,0.6749,-0.0057161
0.1086,-0.67789,0.61979,0.068388
0.1087,-0.69836,0.56353,0.14254
0.1088,-0.71789,0.50614,0.21675
0.1089,-0.73648,0.44768,0.291
0.109,-0.75416,0.38826,0.36522
0.1091,-0.77092,0.328,0.43932
0.1092,-0.78676,0.26707,0.51319
0.1093,-0.80165,0.20565,0.58667
0.1094,-0.81557,0.14393,0.65955
0.1095,-0.82847,0.0821,0.73165
0.1096,-0.8403,0.020347,0.80274
0.1097,-0.85098,-0.041171,0.87263
0.1098,-0.86045,-0.10231,0.94114
0.1099,-0.86864,-0.16295,1.0081
0.11,-0.87547,-0.223,1.0734
0.1101,-0.88087,-0.28238,1.1369
0.1102,-0.8848,-0.34104,1.1984
0.1103,-0.88721,-0.39894,1.258
0.1104,-0.88808,-0.45607,1.3157
0.1105,-0.8874,-0.51241,1.3713
0.1106,-0.8852,-0.56796,1.425
0.1107,-0.88148,-0.62273,1.4766
0.1108,-0.87632,-0.67672,1.5264
0.1109,-0.86976,-0.72992,1.5743
0.111,-0.86186,-0.78232,1.6203
0.1111,-0.85267,-0.83385,1.6645
0.1112,-0.84226,-0.88446,1.7067
0.1113,-0.83069,-0.93403,1.7469
0.1114,-0.818,-0.98243,1.785
0.1115,-0.80425,-1.0295,1.8208
0.1116,-0.78947,-1.0751,1.8543
0.1117,-0.77369,-1.1191,1.8852
0.1118,-0.75694,-1.1613,1.9134
0.1119,-0.73921,-1.2016,1.9388
0.112,-0.72052,-1.24,1.9612
0.1121,-0.70084,-1.2764,1.9806
0.1122,-0.68018,-1.3107,1.9968
0.1123,-0.65854,-1.343,2.01
0.1124,-0.63592,-1.3732,2.0199
0.1125,-0.61236,-1.4015,2.0268
0.1126,-0.58789,-1.4278,2.0306
0.1127,-0.56256,-1.4522,2.0314
0.1128,-0.53643,-1.4747,2.0293
0.1129,-0.50957,-1.4954,2.0244
0.113,-0.48206,-1.5142,2.0166
0.1131,-0.45395,-1.5312,2.0061
0.1132,-0.42532,-1.5464,1.9929
0.1133,-0.39622,-1.5596,1.977
0.1134,-0.36672,-1.5709,1.9585
0.1135,-0.33686,-1.5802,1.9372
0.1136,-0.30668,-1.5875,1.9133
0.1137,-0.27623,-1.5925,1.8865
0.1138,-0.24551,-1.5953,1.857
0.1139,-0.21455,-1.5957,1.8247
0.114,-0.18336,-1.5938,1.7895
0.1141,-0.15195,-1.5894,1.7514
0.1142,-0.12032,-1.5825,1.7105
0.1143,-0.088492,-1.5733,1.6668
0.1144,-0.056482,-1.5616,1.6204
0.1145,-0.024317,-1.5477,1.5715
0.1146,0.0079679,-1.5316,1.5202
0.1147,0.040344,-1.5133,1.4667
0.1148,0.072772,-1.493,1.4111
0.1149,0.10519,-1.4709,1.3537
0.115,0.13752,-1.4468,1.2946
0.1151,0.1697,-1.421,1.234
0.1152,0.20165,-1.3934,1.1719
0.1153,0.23329,-1.3641,1.1086
0.1154,0.26456,-1.333,1.0441
0.1155,0.30022,-1.3123,0.98586
0.1156,0.34914,-1.3264,0.94935
0.1157,0.39733,-1.3392,0.91272
0.1158,0.44481,-1.3501,0.87514
0.1159,0.49228,-1.3591,0.83603
0.116,0.5399,-1.3664,0.79552
0.1161,0.58682,-1.3715,0.75396
0.1162,0.63275,-1.3741,0.71123
0.1163,0.67857,-1.3747,0.66697
0.1164,0.72449,-1.3733,0.62103
0.1165,0.76962,-1.3697,0.57394
0.1166,0.81342,-1.3639,0.52635
0.1167,0.85589,-1.3564,0.47858
0.1168,0.897,-1.3469,0.43037
0.1169,0.93689,-1.3352,0.38144
0.117,0.97572,-1.3216,0.33184
0.1171,1.0131,-1.3061,0.28183
0.1172,1.0484,-1.288,0.23148
0.1173,1.0821,-1.2679,0.18076
0.1174,1.1143,-1.2458,0.12968
0.1175,1.1447,-1.222,0.078562
0.1176,1.1731,-1.1967,0.027848
0.1177,1.1995,-1.17,-0.022247
0.1178,1.2241,-1.1419,-0.072112
0.1179,1.247,-1.1121,-0.12212
0.118,1.2685,-1.0808,-0.17228
0.1181,1.2885,-1.0482,-0.22246
0.1182,1.3068,-1.014,-0.27282
0.1183,1.3239,-0.97861,-0.32341
0.1184,1.3397,-0.94229,-0.37399
0.1185,1.3536,-0.90484,-0.42413
0.1186,1.3652,-0.86617,-0.47352
0.1187,1.3747,-0.8267,-0.52205
0.1188,1.3823,-0.78631,-0.56989
0.1189,1.3875,-0.74458,-0.61719
0.119,1.3904,-0.70154,-0.6638
0.1191,1.3909,-0.65742,-0.70953
0.1192,1.3889,-0.61197,-0.75439
0.1193,1.3843,-0.56526,-0.79833
0.1194,1.3776,-0.51787,-0.84104
0.1195,1.3687,-0.47003,-0.88224
0.1196,1.3572,-0.42149,-0.92187
0.1197,1.3434,-0.37239,-0.95989
0.1198,1.3277,-0.32296,-0.99643
0.1199,1.31,-0.273,-1.0317
0.12,1.2906,-0.22248,-1.0659
0.1201,1.2696,-0.17177,-1.0988
0.1202,1.2473,-0.12095,-1.1305
0.1203,1.2235,-0.069929,-1.1608
0.1204,1.1983,-0.01891,-1.1898
0.1205,1.1719,0.031847,-1.2171
0.1206,1.144,0.082456,-1.2427
0.1207,1.1148,0.13293,-1.2667
0.1208,1.0845,0.18315,-1.2893
0.1209,1.0529,0.23327,-1.3102
0.121,1.0198,0.28347,-1.3295
0.1211,0.98513,0.33356,-1.3468
0.1212,0.94902,0.38336,-1.3621
0.1213,0.9113,0.43286,-1.3751
0.1214,0.87196,0.48186,-1.3857
0.1215,0.83109,0.53016,-1.3936
0.1216,0.78863,0.57789,-1.3989
0.1217,0.74471,0.62506,-1.4018
0.1218,0.69972,0.67143,-1.4025
0.1219,0.65393,0.71691,-1.4011
0.122,0.60737,0.76155,-1.3978
0.1221,0.56021,0.80507,-1.3925
0.1222,0.51262,0.84725,-1.3852
0.1223,0.46453,0.88818,-1.3759
0.1224,0.41599,0.92777,-1.3646
0.1225,0.36719,0.96577,-1.3512
