0.05,0.59019,-1.0347,0.42683
0.0501,0.62295,-1.0296,0.39173
0.0502,0.65471,-1.023,0.35622
0.0503,0.68538,-1.0148,0.32038
0.0504,0.71491,-1.005,0.28426
0.0505,0.74326,-0.99369,0.24788
0.0506,0.77039,-0.98088,0.21125
0.0507,0.79631,-0.96659,0.17439
0.0508,0.82105,-0.95087,0.13724
0.0509,0.84464,-0.93377,0.099825
0.051,0.8671,-0.91538,0.062137
0.0511,0.88849,-0.89578,0.0242
0.0512,0.90881,-0.87507,-0.013956
0.0513,0.92808,-0.85332,-0.05228
0.0514,0.94626,-0.83059,-0.090711
0.0515,0.9633,-0.80696,-0.12918
0.0516,0.97912,-0.78245,-0.16762
0.0517,0.9936,-0.75707,-0.20594
0.0518,1.0066,-0.73083,-0.24406
0.0519,1.0181,-0.70373,-0.28189
0.052,1.028,-0.67577,-0.31933
0.0521,1.036,-0.64694,-0.35629
0.0522,1.0423,-0.61724,-0.39269
0.0523,1.0466,-0.58667,-0.42846
0.0524,1.0489,-0.55523,-0.46354
0.0525,1.0493,-0.52292,-0.49789
0.0526,1.0477,-0.48975,-0.53148
0.0527,1.0443,-0.45577,-0.5643
0.0528,1.039,-0.42102,-0.59636
0.0529,1.0321,-0.38558,-0.62766
0.053,1.0236,-0.34953,-0.6582
0.0531,1.0137,-0.31297,-0.68797
0.0532,1.0025,-0.27602,-0.71696
0.0533,0.99017,-0.23877,-0.74515
0.0534,0.9767,-0.20131,-0.77251
0.0535,0.9622,-0.1637,-0.79901
0.0536,0.9467,-0.12597,-0.8246
0.0537,0.93021,-0.088168,-0.84921
0.0538,0.91273,-0.050326,-0.87276
0.0539,0.89421,-0.01248,-0.89516
0.054,0.87462,0.025353,-0.91631
0.0541,0.8539,0.063154,-0.93612
0.0542,0.832,0.10091,-0.95445
0.0543,0.80885,0.13862,-0.97123
0.0544,0.78444,0.17627,-0.98637
0.0545,0.75873,0.21385,-0.99979
0.0546,0.73175,0.25133,-1.0114
0.0547,0.70353,0.28867,-1.0213
0.0548,0.67416,0.3258,-1.0294
0.0549,0.64372,0.36266,-1.0358
0.055,0.61234,0.39914,-1.0404
0.0551,0.58013,0.43516,-1.0433
0.0552,0.54722,0.47063,-1.0446
0.0553,0.51373,0.50545,-1.0443
0.0554,0.47977,0.53955,-1.0425
0.0555,0.44542,0.57286,-1.0392
0.0556,0.41075,0.60532,-1.0346
0.0557,0.37582,0.63688,-1.0286
0.0558,0.34064,0.66749,-1.0212
0.0559,0.30522,0.69712,-1.0125
0.056,0.26953,0.72576,-1.0024
0.0561,0.23354,0.75339,-0.99093
0.0562,0.1972,0.78001,-0.97805
0.0563,0.16048,0.80563,-0.96375
0.0564,0.12331,0.83025,-0.94805
0.0565,0.085671,0.85386,-0.93096
0.0566,0.047592,0.87644,-0.9125
0.0567,0.0091168,0.89794,-0.89271
0.0568,-0.029685,0.9183,-0.87164
0.0569,-0.068716,0.93746,-0.84935
0.057,-0.10786,0.95533,-0.82591
0.0571,-0.14698,0.97182,-0.80139
0.0572,-0.18596,0.98684,-0.77586
0.0573,-0.22464,1.0003,-0.7494
0.0574,-0.26291,1.0122,-0.72208
0.0575,-0.30064,1.0223,-0.69396
0.0576,-0.33775,1.0307,-0.66509
0.0577,-0.37415,1.0373,-0.6355
0.0578,-0.40979,1.0421,-0.60521
0.0579,-0.44467,1.0451,-0.57422
0.058,-0.47877,1.0463,-0.54254
0.0581,-0.51212,1.0457,-0.51016
0.0582,-0.54477,1.0434,-0.47708
0.0583,-0.57674,1.0395,-0.4433
0.0584,-0.6081,1.034,-0.40883
0.0585,-0.63885,1.0271,-0.3737
0.0586,-0.66902,1.0188,-0.33793
0.0587,-0.69858,1.0092,-0.30157
0.0588,-0.72752,0.99825,-0.26468
0.0589,-0.75578,0.98611,-0.22732
0.059,-0.78327,0.97278,-0.18956
0.0591,-0.80989,0.95827,-0.15149
0.0592,-0.83553,0.94259,-0.11316
0.0593,-0.86007,0.92573,-0.074682
0.0594,-0.88336,0.90768,-0.036136
0.0595,-0.90527,0.88842,0.0023913
0.0596,-0.92568,0.86793,0.04083
0.0597,-0.98425,0.47824,0.49157
0.0598,-1.0193,0.21455,0.79104
0.0599,-1.042,-0.047342,1.0762
0.06,-1.0483,-0.31517,1.3508
0.0601,-1.0373,-0.58864,1.6137
0.0602,-1.015,-0.85976,1.8628
0.0603,-0.98319,-1.1275,2.099
0.0604,-0.93697,-1.4039,2.3294
0.0605,-0.87443,-1.6941,2.5575
0.0606,-0.8015,-1.9907,2.7815
0.0607,-0.7211,-2.2883,2.9991
0.0608,-0.63252,-2.5889,3.2114
0.0609,-0.53447,-2.8919,3.4167
0.061,-0.42511,-3.1957,3.6114
0.0611,-0.30256,-3.4984,3.7918
0.0612,-0.16732,-3.7971,3.9555
0.0613,-0.026151,-4.0918,4.1094
0.0614,0.12477,-4.3858,4.2528
0.0615,0.28715,-4.6838,4.3889
0.0616,0.45748,-4.9829,4.5182
0.0617,0.63408,-5.2798,4.639
0.0618,0.81797,-5.5757,4.7515
0.0619,1.0104,-5.8717,4.8554
0.062,1.212,-6.1665,4.9488
0.0621,1.4246,-6.4563,5.0262
0.0622,1.6476,-6.7366,5.0832
0.0623,1.8804,-7.0052,5.1185
0.0624,2.1238,-7.2651,5.1345
0.0625,2.3767,-7.5183,5.1339
0.0626,2.6341,-7.7623,5.1198
0.0627,2.8933,-7.9972,5.0947
0.0628,3.1553,-8.2284,5.0633
0.0629,3.4213,-8.4592,5.0277
0.063,3.6898,-8.6877,4.9872
0.0631,3.9611,-8.9116,4.9395
0.0632,4.2352,-9.1309,4.8844
0.0633,4.5116,-9.343,4.8197
0.0634,4.7906,-9.5448,4.742
0.0635,5.0733,-9.7347,4.6487
0.0636,5.3577,-9.9113,4.5404
0.0637,5.6421,-10.073,4.4176
0.0638,5.9268,-10.223,4.2822
0.0639,6.2126,-10.364,4.1367
0.064,6.4986,-10.497,3.9828
0.0641,6.7849,-10.62,3.8192
0.0642,7.072,-10.734,3.6456
0.0643,7.3592,-10.839,3.4625
0.0644,7.6451,-10.933,3.2698
0.0645,7.9299,-11.015,3.0656
0.0646,8.2121,-11.082,2.8493
0.0647,8.4909,-11.133,2.6203
0.0648,8.7667,-11.169,2.3798
0.0649,9.04,-11.193,2.1298
0.065,9.3084,-11.206,1.8734
0.0651,9.5701,-11.208,1.6131
0.0652,9.8247,-11.201,1.3516
0.0653,10.072,-11.188,1.0906
0.0654,10.31,-11.167,0.8301
0.0655,10.54,-11.136,0.56834
0.0656,10.762,-11.094,0.30434
0.0657,10.975,-11.04,0.03629
0.0658,11.181,-10.973,-0.23832
0.0659,11.381,-10.89,-0.52193
0.066,11.575,-10.793,-0.81506
0.0661,11.763,-10.679,-1.1173
0.0662,11.943,-10.552,-1.4265
0.0663,12.116,-10.413,-1.7395
0.0664,12.278,-10.263,-2.053
0.0665,12.429,-10.104,-2.3657
0.0666,12.571,-9.9361,-2.6766
0.0667,12.702,-9.7602,-2.9857
0.0668,12.823,-9.5756,-3.2931
0.0669,12.934,-9.382,-3.5998
0.067,13.034,-9.1788,-3.9059
0.0671,13.124,-8.9642,-4.2121
0.0672,13.201,-8.7383,-4.5178
0.0673,13.267,-8.503,-4.8215
0.0674,13.32,-8.259,-5.1207
0.0675,13.358,-8.0071,-5.4137
0.0676,13.382,-7.7496,-5.6985
0.0677,13.393,-7.4885,-5.9739
0.0678,13.391,-7.2232,-6.2409
0.0679,13.377,-6.9528,-6.5016
0.068,13.353,-6.6768,-6.7577
0.0681,13.319,-6.3936,-7.0103
0.0682,13.273,-6.1017,-7.2608
0.0683,13.218,-5.8007,-7.5104
0.0684,13.151,-5.491,-7.7585
0.0685,13.075,-5.1732,-8.0039
0.0686,12.987,-4.8495,-8.2449
0.0687,12.889,-4.5223,-8.4787
0.0688,12.778,-4.1938,-8.7021
0.0689,12.656,-3.8655,-8.9131
0.069,12.521,-3.5385,-9.111
0.0691,12.374,-3.2124,-9.2955
0.0692,12.214,-2.8866,-9.4671
0.0693,12.042,-2.561,-9.6268
0.0694,11.859,-2.2349,-9.7753
0.0695,11.664,-1.9073,-9.9139
0.0696,11.458,-1.5785,-10.043
0.0697,11.243,-1.2499,-10.163
0.0698,11.019,-0.92216,-10.273
0.0699,10.785,-0.59576,-10.372
0.07,10.543,-0.27245,-10.459
0.0701,10.291,0.046579,-10.533
0.0702,10.031,0.36154,-10.594
0.0703,9.7636,0.67271,-10.644
0.0704,9.4895,0.97995,-10.683
0.0705,9.2095,1.2839,-10.714
0.0706,8.9242,1.5853,-10.736
0.0707,8.6343,1.8837,-10.75
0.0708,8.3395,2.1785,-10.757
0.0709,8.0394,2.4692,-10.753
0.071,7.7337,2.7543,-10.739
0.0711,7.4221,3.0317,-10.71
0.0712,7.104,3.2998,-10.666
0.0713,6.7793,3.5573,-10.604
0.0714,6.449,3.8033,-10.525
0.0715,6.1138,4.0378,-10.429
0.0716,5.7748,4.2618,-10.318
0.0717,5.4336,4.4762,-10.196
0.0718,5.0909,4.6821,-10.063
0.0719,4.7471,4.8807,-9.922
0.072,4.4025,5.0725,-9.7732
0.0721,4.0582,5.2571,-9.6171
0.0722,3.7143,5.4335,-9.4532
0.0723,3.3713,5.601,-9.281
0.0724,3.0301,5.7579,-9.0997
0.0725,2.6913,5.9029,-8.9084
0.0726,2.3547,6.0355,-8.7069
0.0727,2.0212,6.1557,-8.4958
0.0728,1.6913,6.2639,-8.2759
0.0729,1.365,6.3607,-8.048
0.073,1.0425,6.4468,-7.813
0.0731,0.7239,6.5223,-7.571
0.0732,0.40929,6.5868,-7.3217
0.0733,0.098598,6.64,-7.0646
0.0734,-0.20778,6.6807,-6.7991
0.0735,-0.50935,6.7077,-6.5245
0.0736,-0.80615,6.7207,-6.2403
0.0737,-1.0979,6.7192,-5.9467
0.0738,-1.3841,6.7032,-5.6439
0.0739,-1.6643,6.6736,-5.3335
0.074,-1.9379,6.6318,-5.0174
0.0741,-2.2034,6.5789,-4.6982
0.0742,-2.4597,6.5159,-4.378
0.0743,-2.706,6.4439,-4.0584
0.0744,-2.9419,6.3633,-3.7405
0.0745,-3.1666,6.2735,-3.4242
0.0746,-3.3804,6.1738,-3.1088
0.0747,-3.5834,6.0638,-2.7937
0.0748,-3.7758,5.9426,-2.4778
0.0749,-3.9579,5.8092,-2.1598
0.075,-4.1301,5.6633,-1.8391
0.0751,-4.2925,5.5051,-1.516
0.0752,-4.4446,5.335,-1.191
0.0753,-4.5862,5.1538,-0.86542
0.0754,-4.717,4.9627,-0.54055
0.0755,-4.8368,4.7626,-0.21763
0.0756,-4.9455,4.554,0.10287
0.0757,-5.0435,4.3374,0.42079
0.0758,-5.1309,4.1127,0.73615
0.0759,-5.2075,3.8797,1.049
0.076,-5.2733,3.6385,1.3592
0.0761,-5.3276,3.3891,1.6663
0.0762,-5.3699,3.1316,1.9695
0.0763,-5.3995,2.8667,2.2674
0.0764,-5.4163,2.5959,2.5584
0.0765,-5.4194,2.3201,2.8409
0.0766,-5.4086,2.0406,3.1132
0.0767,-5.3842,1.7585,3.3746
0.0768,-5.3465,1.4742,3.6248
0.0769,-5.2959,1.1874,3.8647
0.077,-5.2331,0.89757,4.0954
0.0771,-5.1589,0.60419,4.3181
0.0772,-5.0737,0.30647,4.5339
0.0773,-4.9777,0.0038708,4.7438
0.0774,-4.8718,-0.30337,4.9481
0.0775,-4.7561,-0.6146,5.1466
0.0776,-4.6308,-0.92891,5.3385
0.0777,-4.4961,-1.2449,5.5224
0.0778,-4.3518,-1.5611,5.6969
0.0779,-4.1977,-1.8761,5.8603
0.078,-4.0337,-2.1893,6.0118
0.0781,-3.8597,-2.4999,6.1505
0.0782,-3.6758,-2.8078,6.2765
0.0783,-3.4821,-3.1131,6.3898
0.0784,-3.2788,-3.4156,6.4907
0.0785,-3.0662,-3.7153,6.5793
0.0786,-2.8447,-4.0118,6.6556
0.0787,-2.6145,-4.3047,6.7196
0.0788,-2.3761,-4.5933,6.7708
0.0789,-2.1298,-4.8767,6.8088
0.079,-1.8759,-5.1544,6.8333
0.0791,-1.6149,-5.4257,6.844
0.0792,-1.3475,-5.6903,6.8414
0.0793,-1.0744,-5.9483,6.8262
0.0794,-0.79668,-6.2,6.8
0.0795,-0.51537,-6.4456,6.7638
0.0796,-0.23119,-6.6855,6.7189
0.0797,0.055379,-6.9197,6.6658
0.0798,0.34394,-7.1479,6.6045
0.0799,0.63445,-7.3693,6.5344
0.08,0.92701,-7.583,6.4543
0.0801,1.2217,-7.7878,6.363
0.0802,1.5184,-7.9822,6.2591
0.0803,1.8174,-8.1653,6.1414
0.0804,2.1183,-8.3362,6.0094
0.0805,2.4206,-8.4947,5.8633
0.0806,2.724,-8.641,5.7037
0.0807,3.0277,-8.7756,5.5319
0.0808,3.3312,-8.8991,5.3491
0.0809,3.6338,-9.012,5.1565
0.081,3.9351,-9.1149,4.9548
0.0811,4.2345,-9.2077,4.7449
0.0812,4.5311,-9.2902,4.5271
0.0813,4.8245,-9.3619,4.3015
0.0814,5.1139,-9.4224,4.0685
0.0815,5.3985,-9.4711,3.8282
0.0816,5.6777,-9.5077,3.5809
0.0817,5.9511,-9.5323,3.3273
0.0818,6.2181,-9.5452,3.0681
0.0819,6.4782,-9.5467,2.8041
0.082,6.7309,-9.5371,2.5359
0.0821,6.9763,-9.5164,2.2638
0.0822,7.214,-9.4846,1.9878
0.0823,7.4441,-9.441,1.7074
0.0824,7.6667,-9.3853,1.422
0.0825,7.8816,-9.3168,1.131
0.0826,8.0889,-9.2351,0.83398
0.0827,8.2887,-9.1398,0.53061
0.0828,8.4808,-9.0312,0.22119
0.0829,8.6648,-8.9096,-0.093465
0.083,8.8403,-8.776,-0.41209
0.0831,9.0066,-8.6313,-0.73302
0.0832,9.1628,-8.4764,-1.0544
0.0833,9.3082,-8.3123,-1.3747
0.0834,9.4421,-8.1396,-1.6927
0.0835,9.5642,-7.9586,-2.0076
0.0836,9.6739,-7.7692,-2.319
0.0837,9.7711,-7.5713,-2.6269
0.0838,9.8559,-7.3647,-2.9315
0.0839,9.9281,-7.149,-3.2332
0.084,9.9877,-6.9242,-3.532
0.0841,10.035,-6.6903,-3.8279
0.0842,10.07,-6.4476,-4.1206
0.0843,10.092,-6.1966,-4.4096
0.0844,10.101,-5.9379,-4.6945
0.0845,10.099,-5.6721,-4.9747
0.0846,10.084,-5.3996,-5.2501
0.0847,10.058,-5.1207,-5.5208
0.0848,10.021,-4.8356,-5.7868
0.0849,9.9726,-4.5445,-6.0483
0.085,9.9131,-4.2473,-6.3051
0.0851,9.8424,-3.9444,-6.5568
0.0852,9.7603,-3.6363,-6.8028
0.0853,9.6665,-3.3236,-7.0419
0.0854,9.5606,-3.0075,-7.2727
0.0855,9.4424,-2.6889,-7.494
0.0856,9.3116,-2.3691,-7.7042
0.0857,9.1681,-2.0488,-7.9023
0.0858,9.012,-1.7288,-8.0879
0.0859,8.8437,-1.4093,-8.2608
0.086,8.6634,-1.0902,-8.4215
0.0861,8.4718,-0.77126,-8.5708
0.0862,8.2696,-0.45227,-8.7094
0.0863,8.0572,-0.13299,-8.8381
0.0864,7.8354,0.18661,-8.9576
0.0865,7.6048,0.50621,-9.0683
0.0866,7.3661,0.82526,-9.1699
0.0867,7.1196,1.143,-9.2623
0.0868,6.8658,1.4586,-9.3448
0.0869,6.605,1.7712,-9.4169
0.087,6.3373,2.0799,-9.4779
0.0871,6.0631,2.3843,-9.5274
0.0872,5.7827,2.6837,-9.5652
0.0873,5.4962,2.978,-9.5911
0.0874,5.2039,3.2668,-9.6051
0.0875,4.906,3.5498,-9.6068
0.0876,4.6027,3.8264,-9.5961
0.0877,4.2942,4.0962,-9.5724
0.0878,3.9808,4.3586,-9.5354
0.0879,3.6626,4.6129,-9.4847
0.088,3.34,4.8586,-9.4199
0.0881,3.0135,5.0953,-9.3412
0.0882,2.6837,5.3227,-9.2488
0.0883,2.3514,5.5409,-9.1436
0.0884,2.0174,5.7501,-9.0266
0.0885,1.6827,5.9505,-8.8992
0.0886,1.3482,6.1426,-8.7625
0.0887,1.0147,6.3264,-8.6174
0.0888,0.68276,6.5019,-8.4646
0.0889,0.35294,6.6687,-8.304
0.089,0.025593,6.8263,-8.1355
0.0891,-0.29905,6.9739,-7.9586
0.0892,-0.62078,7.1106,-7.7725
0.0893,-0.93944,7.2356,-7.5766
0.0894,-1.2549,7.3482,-7.3704
0.0895,-1.5669,7.4481,-7.1538
0.0896,-1.8754,7.5351,-6.9268
0.0897,-2.18,7.6093,-6.6899
0.0898,-2.4805,7.6709,-6.4436
0.0899,-2.7766,7.7204,-6.1885
0.09,-3.068,7.7578,-5.9252
0.0901,-3.3544,7.7834,-5.6542
0.0902,-3.6354,7.7971,-5.3761
0.0903,-3.9103,7.7989,-5.0913
0.0904,-4.1788,7.7887,-4.8004
0.0905,-4.4401,7.7665,-4.5041
0.0906,-4.6937,7.7323,-4.2029
0.0907,-4.9389,7.6864,-3.8979
0.0908,-5.1753,7.6292,-3.59
0.0909,-5.4022,7.5609,-3.2801
0.091,-5.6191,7.4819,-2.9689
0.0911,-5.8256,7.3923,-2.6572
0.0912,-6.0217,7.2923,-2.3451
0.0913,-6.2072,7.1815,-2.0325
0.0914,-6.3821,7.0598,-1.7192
0.0915,-6.5467,6.9267,-1.4047
0.0916,-6.7011,6.782,-1.0885
0.0917,-6.8456,6.6255,-0.77037
0.0918,-6.9803,6.4572,-0.45014
0.0919,-7.1053,6.2774,-0.12813
0.092,-7.2205,6.0867,0.19503
0.0921,-7.3257,5.8858,0.51841
0.0922,-7.4206,5.6755,0.84083
0.0923,-7.5048,5.4565,1.1611
0.0924,-7.578,5.2297,1.4781
0.0925,-7.6397,4.9955,1.7908
0.0926,-7.6897,4.7544,2.0986
0.0927,-7.7277,4.5066,2.4009
0.0928,-7.7534,4.2523,2.6972
0.0929,-7.7667,3.9917,2.9872
0.093,-7.7675,3.725,3.2706
0.0931,-7.7556,3.4523,3.5469
0.0932,-7.731,3.174,3.816
0.0933,-7.6938,2.8906,4.0774
0.0934,-7.6442,2.6024,4.3308
0.0935,-7.5825,2.3098,4.5761
0.0936,-7.5091,2.0133,4.8134
0.0937,-7.4244,1.7129,5.0429
0.0938,-7.329,1.409,5.2649
0.0939,-7.2233,1.1015,5.4796
0.094,-7.1076,0.79079,5.6872
0.0941,-6.9823,0.47707,5.8878
0.0942,-6.8475,0.16083,6.0808
0.0943,-6.7032,-0.15725,6.2658
0.0944,-6.5493,-0.47632,6.4417
0.0945,-6.3857,-0.79543,6.6076
0.0946,-6.2123,-1.1136,6.7622
0.0947,-6.029,-1.4299,6.9047
0.0948,-5.8357,-1.7435,7.0341
0.0949,-5.6326,-2.0541,7.1501
0.095,-5.4198,-2.3612,7.2525
0.0951,-5.1975,-2.6648,7.3414
0.0952,-4.9663,-2.9648,7.4173
0.0953,-4.7265,-3.2612,7.4807
0.0954,-4.4788,-3.554,7.532
0.0955,-4.2237,-3.8429,7.5718
0.0956,-3.9618,-4.1278,7.6002
0.0957,-3.6939,-4.4082,7.6176
0.0958,-3.4203,-4.6837,7.624
0.0959,-3.1418,-4.9536,7.6195
0.096,-2.8588,-5.2176,7.6042
0.0961,-2.5719,-5.4752,7.578
0.0962,-2.2814,-5.7259,7.541
0.0963,-1.9879,-5.9693,7.4932
0.0964,-1.6915,-6.2052,7.4346
0.0965,-1.3927,-6.4331,7.3651
0.0966,-1.0915,-6.6524,7.2844
0.0967,-0.78822,-6.8626,7.192
0.0968,-0.48287,-7.0632,7.0875
0.0969,-0.1756,-7.2536,6.9704
0.097,0.13339,-7.4333,6.8405
0.0971,0.44383,-7.6018,6.6976
0.0972,0.75535,-7.759,6.5419
0.0973,1.0674,-7.9049,6.3739
0.0974,1.3794,-8.0397,6.1944
0.0975,1.6906,-8.1635,6.0044
0.0976,2.0002,-8.2767,5.805
0.0977,2.3074,-8.3795,5.5971
0.0978,2.6116,-8.4721,5.3817
0.0979,2.912,-8.5546,5.1595
0.098,3.208,-8.6265,4.9307
0.0981,3.499,-8.6877,4.6957
0.0982,3.7846,-8.7377,4.4544
0.0983,4.0644,-8.776,4.2067
0.0984,4.338,-8.8022,3.9526
0.0985,4.6052,-8.8159,3.6919
0.0986,4.8657,-8.8169,3.4248
0.0987,5.1193,-8.8053,3.1513
0.0988,5.3659,-8.781,2.8716
0.0989,5.6053,-8.7441,2.5859
0.099,5.8375,-8.6949,2.2946
0.0991,6.0622,-8.6333,1.9977
0.0992,6.2792,-8.5595,1.6958
0.0993,6.4884,-8.4736,1.389
0.0994,6.6893,-8.3758,1.078
0.0995,6.8816,-8.2663,0.7633
0.0996,7.0647,-8.1453,0.44572
0.0997,7.2382,-8.0134,0.12619
0.0998,7.4014,-7.8709,-0.19427
0.0999,7.5538,-7.7184,-0.51457
0.1,7.6948,-7.5563,-0.83369
0.1001,7.8238,-7.3849,-1.1508
0.1002,7.9405,-7.2046,-1.4652
0.1003,8.0447,-7.0154,-1.7766
0.1004,8.1361,-6.8172,-2.0848
0.1005,8.2148,-6.6101,-2.39
0.1006,8.2809,-6.3939,-2.6924
0.1007,8.3345,-6.1685,-2.9922
0.1008,8.376,-5.9339,-3.2895
0.1009,8.4055,-5.6903,-3.5846
0.101,8.4231,-5.4381,-3.877
0.1011,8.4291,-5.1777,-4.1666
0.1012,8.4235,-4.9096,-4.4527
0.1013,8.4064,-4.6347,-4.7347
0.1014,8.3776,-4.3534,-5.0119
0.1015,8.3372,-4.0665,-5.2835
0.1016,8.2851,-3.7745,-5.549
0.1017,8.221,-3.4779,-5.8075
0.1018,8.1449,-3.1772,-6.0584
0.1019,8.0567,-2.8727,-6.3012
0.102,7.9561,-2.565,-6.5352
0.1021,7.8432,-2.2545,-6.7598
0.1022,7.7178,-1.9417,-6.9745
0.1023,7.58,-1.627,-7.1787
0.1024,7.4299,-1.3108,-7.3721
0.1025,7.268,-0.99369,-7.5546
0.1026,7.0945,-0.67584,-7.7262
0.1027,6.91,-0.35753,-7.887
0.1028,6.7151,-0.038918,-8.0376
0.1029,6.5105,0.27986,-8.1782
0.103,6.2967,0.59864,-8.3093
0.1031,6.0744,0.9172,-8.4312
0.1032,5.8441,1.2352,-8.5439
0.1033,5.6062,1.5521,-8.6474
0.1034,5.3612,1.8673,-8.7412
0.1035,5.1093,2.18,-8.8249
0.1036,4.8507,2.4894,-8.8977
0.1037,4.5855,2.7946,-8.9589
0.1038,4.3139,3.0949,-9.0077
0.1039,4.0361,3.3897,-9.0437
0.104,3.7522,3.6784,-9.0663
0.1041,3.4625,3.9607,-9.0755
0.1042,3.1672,4.2363,-9.0711
0.1043,2.8667,4.5051,-9.0533
0.1044,2.5614,4.7668,-9.0222
0.1045,2.2518,5.0213,-8.9783
0.1046,1.9384,5.2685,-8.9218
0.1047,1.6219,5.5081,-8.8531
0.1048,1.3029,5.7399,-8.7726
0.1049,0.98212,5.9637,-8.6807
0.105,0.66019,6.1792,-8.5779
0.1051,0.33783,6.3862,-8.4646
0.1052,0.015722,6.5845,-8.3414
0.1053,-0.3055,6.7739,-8.2085
0.1054,-0.62528,6.954,-8.0663
0.1055,-0.94315,7.1246,-7.915
0.1056,-1.2587,7.2852,-7.7545
0.1057,-1.5717,7.4354,-7.5846
0.1058,-1.882,7.5748,-7.4051
0.1059,-2.1893,7.7027,-7.2157
0.106,-2.4936,7.8187,-7.016
0.1061,-2.7948,7.9225,-6.8058
0.1062,-3.0927,8.0138,-6.5851
0.1063,-3.3871,8.0925,-6.354
0.1064,-3.6777,8.1586,-6.1131
0.1065,-3.9642,8.2124,-5.8629
0.1066,-4.2461,8.2541,-5.6041
0.1067,-4.523,8.284,-5.3378
0.1068,-4.7941,8.3025,-5.0648
0.1069,-5.0591,8.3096,-4.7859
0.107,-5.3173,8.3055,-4.5018
0.1071,-5.5681,8.2902,-4.2133
0.1072,-5.811,8.2636,-3.9208
0.1073,-6.0456,8.2257,-3.6248
0.1074,-6.2714,8.1762,-3.3255
0.1075,-6.488,8.115,-3.0234
0.1076,-6.6951,8.042,-2.7185
0.1077,-6.8926,7.9573,-2.4113
0.1078,-7.0804,7.8608,-2.1017
0.1079,-7.2584,7.7525,-1.79
0.108,-7.4266,7.6326,-1.4762
0.1081,-7.5851,7.5012,-1.1605
0.1082,-7.7341,7.3582,-0.84285
0.1083,-7.8735,7.204,-0.52347
0.1084,-8.0033,7.0387,-0.2026
0.1085,-8.1236,6.8626,0.11938
0.1086,-8.2343,6.676,0.44192
0.1087,-8.335,6.4796,0.7643
0.1088,-8.4255,6.2737,1.0856
0.1089,-8.5055,6.0591,1.4049
0.109,-8.5745,5.8363,1.7212
0.1091,-8.6322,5.6058,2.0335
0.1092,-8.6781,5.3681,2.3408
0.1093,-8.712,5.1236,2.6426
0.1094,-8.7336,4.8725,2.9383
0.1095,-8.7427,4.615,3.2276
0.1096,-8.7395,4.3512,3.5103
0.1097,-8.7238,4.0811,3.7865
0.1098,-8.696,3.805,4.0562
0.1099,-8.6562,3.5229,4.3194
0.11,-8.6048,3.2352,4.5761
0.1101,-8.5419,2.942,4.8264
0.1102,-8.468,2.6439,5.0701
0.1103,-8.3834,2.3414,5.307
0.1104,-8.2883,2.0348,5.5368
0.1105,-8.1829,1.7249,5.7592
0.1106,-8.0674,1.4121,5.9739
0.1107,-7.9421,1.097,6.1804
0.1108,-7.8068,0.78025,6.3781
0.1109,-7.6617,0.4623,6.5665
0.111,-7.5066,0.14379,6.7451
0.1111,-7.3416,-0.17468,6.913
0.1112,-7.1665,-0.49251,7.0697
0.1113,-6.9814,-0.80913,7.2146
0.1114,-6.7863,-1.124,7.3471
0.1115,-6.5813,-1.4366,7.467
0.1116,-6.3666,-1.7466,7.5741
0.1117,-6.1978,-1.7846,7.7243
0.1118,-6.0319,-1.7947,7.8656
0.1119,-5.8621,-1.801,7.9896
0.112,-5.6895,-1.8042,8.1006
0.1121,-5.517,-1.8046,8.1995
0.1122,-5.3424,-1.8014,8.2852
0.1123,-5.1609,-1.7951,8.3585
0.1124,-4.9745,-1.7849,8.4222
0.1125,-4.7869,-1.7714,8.4771
0.1126,-4.5959,-1.7549,8.5213
0.1127,-4.3988,-1.7351,8.5525
0.1128,-4.1966,-1.7103,8.5695
0.1129,-3.99,-1.6813,8.5718
0.113,-3.7791,-1.6494,8.5601
0.1131,-3.5644,-1.6149,8.5354
0.1132,-3.3443,-1.5771,8.4978
0.1133,-3.1153,-1.5366,8.4472
0.1134,-2.8769,-1.4936,8.385
0.1135,-2.6311,-1.4477,8.3121
0.1136,-2.3796,-1.3992,8.2271
0.1137,-2.1225,-1.3478,8.1286
0.1138,-1.8614,-1.292,8.016
0.1139,-1.5996,-1.2329,7.8887
0.114,-1.3398,-1.1724,7.7471
0.1141,-1.0832,-1.1108,7.5928
0.1142,-0.82904,-1.0468,7.4271
0.1143,-0.5761,-0.98098,7.2517
0.1144,-0.32503,-0.91331,7.0685
0.1145,-0.076035,-0.84267,6.8794
0.1146,0.17302,-0.76853,6.6838
0.1147,0.42375,-0.69137,6.4803
0.1148,0.67413,-0.61056,6.2684
0.1149,0.9217,-0.52659,6.0479
0.115,1.0254,-0.49682,5.841
0.1151,1.0064,-0.51153,5.6514
0.1152,0.98488,-0.52339,5.456
0.1153,0.96288,-0.53572,5.254
0.1154,0.94146,-0.55059,5.048
0.1155,0.91931,-0.56609,4.8395
0.1156,0.89577,-0.57939,4.6256
0.1157,0.87208,-0.59187,4.4055
0.1158,0.84824,-0.60543,4.182
0.1159,0.82306,-0.61932,3.9555
0.116,0.79555,-0.63151,3.7234
0.1161,0.76464,-0.64147,3.4853
0.1162,0.72917,-0.64856,3.2425
0.1163,0.68993,-0.65311,2.9954
0.1164,0.64799,-0.65617,2.7445
0.1165,0.60304,-0.65757,2.4902
0.1166,0.555,-0.65537,2.2312
0.1167,0.50505,-0.64945,1.9668
0.1168,0.45327,-0.64106,1.6989
0.1169,0.3993,-0.63073,1.4302
0.117,0.34348,-0.61785,1.1604
0.1171,0.28614,-0.60257,0.88861
0.1172,0.22736,-0.58538,0.61549
0.1173,0.16858,-0.56736,0.34243
0.1174,0.13845,-0.54931,0.14403
0.1175,0.16376,-0.53034,0.10115
0.1176,0.18814,-0.51125,0.058529
0.1177,0.2135,-0.493,0.015709
0.1178,0.24104,-0.47745,-0.026255
0.1179,0.26866,-0.46422,-0.066365
0.118,0.29397,-0.44998,-0.10543
0.1181,0.31688,-0.43404,-0.1437
0.1182,0.3382,-0.4181,-0.18006
0.1183,0.35814,-0.40191,-0.21519
0.1184,0.376,-0.38335,-0.25056
0.1185,0.39037,-0.36192,-0.28588
0.1186,0.4004,-0.3373,-0.32072
0.1187,0.40711,-0.30925,-0.35623
0.1188,0.41153,-0.27902,-0.39225
0.1189,0.41307,-0.24768,-0.42732
0.119,0.41101,-0.21389,-0.46194
0.1191,0.40627,-0.17718,-0.49748
0.1192,0.39985,-0.13922,-0.53326
0.1193,0.39203,-0.10109,-0.5686
0.1194,0.3832,-0.062451,-0.60415
0.1195,0.3737,-0.023897,-0.63962
0.1196,0.36327,0.013742,-0.67379
0.1197,0.35245,0.05037,-0.70712
0.1198,0.34222,0.085596,-0.74017
0.1199,0.3322,0.11887,-0.77191
0.12,0.32108,0.15117,-0.8018
0.1201,0.30916,0.183,-0.83049
0.1202,0.29732,0.21319,-0.85762
0.1203,0.28477,0.24188,-0.88253
0.1204,0.26978,0.27155,-0.90592
0.1205,0.25168,0.30319,-0.92814
0.1206,0.23047,0.33599,-0.9483
0.1207,0.20609,0.37018,-0.96647
0.1208,0.17854,0.40677,-0.98357
0.1209,0.14804,0.44545,-0.99941
0.121,0.11473,0.48598,-1.0138
0.1211,0.079415,0.52869,-1.028
0.1212,0.043138,0.57265,-1.0419
0.1213,0.006462,0.61608,-1.0545
0.1214,-0.030435,0.65858,-1.0656
0.1215,-0.067186,0.70017,-1.0757
0.1216,-0.10371,0.74004,-1.0841
0.1217,-0.14006,0.7776,-1.0902
0.1218,-0.17594,0.81318,-1.0945
0.1219,-0.21128,0.84664,-1.0969
0.122,-0.24657,0.87777,-1.0967
0.1221,-0.28177,0.90698,-1.0944
0.1222,-0.31644,0.9345,-1.0905
0.1223,-0.35108,0.96035,-1.0845
0.1224,-0.3869,0.98542,-1.0762
0.1225,-0.42412,1.0104,-1.0661
