0.05,0.57459,-1.0725,0.47063
0.0501,0.60935,-1.0686,0.43457
0.0502,0.64315,-1.0631,0.39806
0.0503,0.67588,-1.056,0.36118
0.0504,0.70747,-1.0472,0.32397
0.0505,0.73787,-1.0369,0.28647
0.0506,0.76705,-1.025,0.24872
0.0507,0.79499,-1.0116,0.21072
0.0508,0.82172,-0.99664,0.17245
0.0509,0.84727,-0.98028,0.13389
0.051,0.87167,-0.96255,0.09503
0.0511,0.89496,-0.94352,0.055891
0.0512,0.91718,-0.92328,0.016482
0.0513,0.93831,-0.9019,-0.02316
0.0514,0.95836,-0.87945,-0.062987
0.0515,0.97728,-0.85599,-0.10294
0.0516,0.99499,-0.83154,-0.14296
0.0517,1.0114,-0.80612,-0.18295
0.0518,1.0263,-0.77975,-0.22283
0.0519,1.0397,-0.75245,-0.26249
0.052,1.0515,-0.7242,-0.30183
0.0521,1.0614,-0.69503,-0.34075
0.0522,1.0695,-0.66494,-0.37914
0.0523,1.0756,-0.63393,-0.41692
0.0524,1.0796,-0.60201,-0.45401
0.0525,1.0817,-0.56918,-0.49035
0.0526,1.0817,-0.53546,-0.52593
0.0527,1.0797,-0.50087,-0.56071
0.0528,1.0758,-0.46546,-0.59469
0.0529,1.0701,-0.42931,-0.62786
0.053,1.0627,-0.39249,-0.66024
0.0531,1.0538,-0.35509,-0.69183
0.0532,1.0435,-0.31721,-0.72263
0.0533,1.0319,-0.27895,-0.75263
0.0534,1.0191,-0.24039,-0.78182
0.0535,1.0052,-0.20159,-0.81017
0.0536,0.99023,-0.16261,-0.83765
0.0537,0.97423,-0.12348,-0.8642
0.0538,0.95719,-0.084229,-0.88973
0.0539,0.93909,-0.044905,-0.91417
0.054,0.91988,-0.0055361,-0.9374
0.0541,0.8995,0.033849,-0.95931
0.0542,0.8779,0.073231,-0.97978
0.0543,0.85503,0.11259,-0.9987
0.0544,0.83083,0.15192,-1.016
0.0545,0.80528,0.19119,-1.0315
0.0546,0.77837,0.23037,-1.0452
0.0547,0.75015,0.26942,-1.0571
0.0548,0.72068,0.30828,-1.0671
0.0549,0.69004,0.34687,-1.0752
0.055,0.65834,0.3851,-1.0815
0.0551,0.62572,0.42289,-1.086
0.0552,0.5923,0.46015,-1.0888
0.0553,0.5582,0.4968,-1.0899
0.0554,0.52355,0.53277,-1.0895
0.0555,0.48843,0.56798,-1.0875
0.0556,0.45293,0.60237,-1.084
0.0557,0.4171,0.63589,-1.0792
0.0558,0.38098,0.6685,-1.0729
0.0559,0.34459,0.70015,-1.0653
0.056,0.3079,0.73082,-1.0562
0.0561,0.27088,0.76049,-1.0458
0.0562,0.2335,0.78916,-1.0339
0.0563,0.1957,0.81682,-1.0205
0.0564,0.15745,0.84346,-1.0056
0.0565,0.11869,0.86906,-0.9893
0.0566,0.079446,0.89361,-0.97151
0.0567,0.039738,0.91706,-0.95228
0.0568,-0.00036696,0.93934,-0.93165
0.0569,-0.040777,0.96039,-0.90968
0.057,-0.081377,0.98012,-0.88643
0.0571,-0.12204,0.99846,-0.86197
0.0572,-0.16262,1.0153,-0.83641
0.0573,-0.20298,1.0306,-0.80981
0.0574,-0.24299,1.0443,-0.78227
0.0575,-0.28251,1.0562,-0.75386
0.0576,-0.32144,1.0664,-0.72464
0.0577,-0.35969,1.0748,-0.69465
0.0578,-0.39721,1.0813,-0.66393
0.0579,-0.43395,1.086,-0.63249
0.058,-0.4699,1.0889,-0.60033
0.0581,-0.5051,1.0899,-0.56745
0.0582,-0.53957,1.0892,-0.53384
0.0583,-0.57335,1.0867,-0.49949
0.0584,-0.60648,1.0827,-0.4644
0.0585,-0.639,1.077,-0.42858
0.0586,-0.67093,1.0699,-0.39205
0.0587,-0.70226,1.0614,-0.35484
0.0588,-0.73298,1.0514,-0.31698
0.0589,-0.76302,1.0402,-0.27856
0.059,-0.79232,1.0276,-0.23963
0.0591,-0.82078,1.0137,-0.20029
0.0592,-0.84829,0.99863,-0.16062
0.0593,-0.87473,0.98227,-0.1207
0.0594,-0.89994,0.96465,-0.080639
0.0595,-0.92381,0.94577,-0.040531
0.0596,-0.94619,0.9256,-0.00046343
0.0597,-0.96697,0.90414,0.039489
0.0598,-0.98606,0.88138,0.079262
0.0599,-1.0034,0.85734,0.11881
0.06,-1.019,0.83204,0.15809
0.0601,-1.0327,0.80553,0.19709
0.0602,-1.0447,0.77787,0.23578
0.0603,-1.0549,0.74911,0.27415
0.0604,-1.0634,0.71934,0.31219
0.0605,-1.0703,0.68863,0.3499
0.0606,-1.0756,0.65705,0.38726
0.0607,-1.0794,0.62467,0.42426
0.0608,-1.0817,0.59157,0.46086
0.0609,-1.0826,0.55781,0.49702
0.061,-1.0821,0.52346,0.53268
0.0611,-1.0802,0.48854,0.56777
0.0612,-1.0769,0.4531,0.60221
0.0613,-1.0722,0.41716,0.63592
0.0614,-1.066,0.38074,0.66881
0.0615,-1.0582,0.34383,0.7008
0.0616,-1.0489,0.30645,0.73179
0.0617,-1.038,0.26858,0.76173
0.0618,-1.0254,0.23026,0.79053
0.0619,-1.0111,0.19148,0.81814
0.062,-0.99527,0.15228,0.8445
0.0621,-0.97781,0.11269,0.86959
0.0622,-0.95884,0.072784,0.89336
0.0623,-0.93844,0.032646,0.9158
0.0624,-0.91671,-0.0076418,0.9369
0.0625,-0.89377,-0.047988,0.95665
0.0626,-0.86972,-0.088295,0.97502
0.0627,-0.84468,-0.12847,0.992
0.0628,-0.81874,-0.16842,1.0076
0.0629,-0.79198,-0.20805,1.0217
0.063,-0.76446,-0.2473,1.0344
0.0631,-0.73622,-0.2861,1.0455
0.0632,-0.70725,-0.32441,1.055
0.0633,-0.67755,-0.36219,1.0629
0.0634,-0.64708,-0.39943,1.0692
0.0635,-0.6158,-0.43611,1.0736
0.0636,-0.58367,-0.47223,1.0764
0.0637,-0.55066,-0.50778,1.0773
0.0638,2.6065,-2.884,0.29359
0.0639,4.1731,-3.9543,-0.20517
0.064,5.4461,-4.7362,-0.69823
0.0641,6.5783,-5.3563,-1.2123
0.0642,7.204,-5.5105,-1.6855
0.0643,7.8635,-5.693,-2.164
0.0644,8.9755,-6.2569,-2.7137
0.0645,10.038,-6.7319,-3.3032
0.0646,11.11,-7.1579,-3.9514
0.0647,12.673,-7.9572,-4.7172
0.0648,14.346,-8.7888,-5.5609
0.0649,15.748,-9.3263,-6.4278
0.065,17.155,-9.8317,-7.3319
0.0651,18.335,-10.122,-8.2243
0.0652,18.995,-9.9579,-9.0497
0.0653,19.784,-9.9096,-9.8887
0.0654,21.099,-10.296,-10.819
0.0655,22.553,-10.745,-11.826
0.0656,24.199,-11.279,-12.94
0.0657,26.153,-11.994,-14.182
0.0658,27.824,-12.388,-15.46
0.0659,29.05,-12.351,-16.726
0.066,30.362,-12.358,-18.032
0.0661,31.59,-12.273,-19.347
0.0662,32.293,-11.745,-20.579
0.0663,32.829,-11.112,-21.75
0.0664,33.414,-10.546,-22.901
0.0665,33.778,-9.7776,-24.034
0.0666,34.248,-9.0755,-25.206
0.0667,35.198,-8.7566,-26.476
0.0668,36.181,-8.4247,-27.791
0.0669,36.956,-7.8819,-29.11
0.067,37.879,-7.4523,-30.463
0.0671,38.859,-7.0664,-31.83
0.0672,39.648,-6.5211,-33.164
0.0673,40.533,-6.0663,-34.505
0.0674,41.515,-5.6886,-35.865
0.0675,42.129,-4.9802,-37.188
0.0676,42.477,-4.0332,-38.483
0.0677,42.893,-3.1328,-39.799
0.0678,43.246,-2.1623,-41.123
0.0679,43.568,-1.1535,-42.453
0.068,44.088,-0.3184,-43.808
0.0681,44.51,0.58834,-45.137
0.0682,44.55,1.7961,-46.385
0.0683,44.483,3.0586,-47.581
0.0684,44.369,4.3273,-48.735
0.0685,43.973,5.8085,-49.819
0.0686,43.509,7.3196,-50.867
0.0687,43.183,8.6869,-51.907
0.0688,42.781,10.097,-52.914
0.0689,42.439,11.438,-53.913
0.069,42.557,12.376,-54.967
0.0691,42.928,13.092,-56.052
0.0692,43.186,13.893,-57.11
0.0693,43.357,14.747,-58.132
0.0694,43.295,15.772,-59.091
0.0695,42.719,17.2,-59.94
0.0696,41.883,18.809,-60.707
0.0697,41.09,20.334,-61.433
0.0698,40.208,21.892,-62.101
0.0699,39.255,23.468,-62.716
0.07,38.46,24.871,-63.311
0.0701,37.698,26.208,-63.872
0.0702,36.842,27.588,-64.379
0.0703,36.047,28.882,-64.856
0.0704,35.209,30.171,-65.281
0.0705,34.063,31.672,-65.604
0.0706,32.753,33.253,-65.835
0.0707,31.491,34.729,-66.003
0.0708,30.265,36.118,-66.109
0.0709,29.22,37.306,-66.184
0.071,28.511,38.172,-66.259
0.0711,27.887,38.941,-66.304
0.0712,27.138,39.793,-66.289
0.0713,26.348,40.654,-66.219
0.0714,25.44,41.582,-66.07
0.0715,24.248,42.706,-65.803
0.0716,22.909,43.895,-65.417
0.0717,21.485,45.081,-64.904
0.0718,19.83,46.389,-64.234
0.0719,18.078,47.709,-63.43
0.072,16.492,48.831,-62.535
0.0721,15.004,49.828,-61.55
0.0722,13.535,50.776,-60.467
0.0723,12.197,51.584,-59.299
0.0724,10.906,52.317,-58.026
0.0725,9.5144,53.09,-56.611
0.0726,8.1928,53.747,-55.067
0.0727,7.0155,54.226,-53.406
0.0728,5.8228,54.67,-51.613
0.0729,4.616,55.079,-49.696
0.073,3.4673,55.403,-47.684
0.0731,2.2632,55.752,-45.586
0.0732,1.0097,56.126,-43.421
0.0733,-0.14545,56.394,-41.219
0.0734,-1.2763,56.616,-38.986
0.0735,-2.5102,56.893,-36.713
0.0736,-3.7728,57.146,-34.415
0.0737,-5.0871,57.388,-32.1
0.0738,-6.5618,57.715,-29.776
0.0739,-8.0791,58.03,-27.479
0.074,-9.5177,58.237,-25.248
0.0741,-10.97,58.426,-23.089
0.0742,-12.398,58.568,-21.022
0.0743,-13.607,58.499,-19.077
0.0744,-14.601,58.231,-17.262
0.0745,-15.446,57.824,-15.566
0.0746,-16.079,57.223,-13.992
0.0747,-16.596,56.512,-12.52
0.0748,-17.222,55.884,-11.118
0.0749,-17.966,55.341,-9.7757
0.075,-18.753,54.823,-8.4985
0.0751,-19.629,54.373,-7.2799
0.0752,-20.542,53.943,-6.1217
0.0753,-21.356,53.42,-5.0352
0.0754,-22.107,52.836,-4.012
0.0755,-22.842,52.234,-3.04
0.0756,-23.48,51.542,-2.1231
0.0757,-24.048,50.786,-1.2535
0.0758,-24.67,50.072,-0.40925
0.0759,-25.32,49.371,0.41477
0.076,-25.954,48.649,1.2162
0.0761,-26.606,47.937,1.9995
0.0762,-27.149,47.128,2.7502
0.0763,-27.449,46.117,3.448
0.0764,-27.543,44.948,4.0909
0.0765,-27.467,43.657,4.6832
0.0766,-27.22,42.244,5.2274
0.0767,-26.93,40.823,5.7412
0.0768,-26.716,39.492,6.2434
0.0769,-26.539,38.213,6.7359
0.077,-26.409,36.99,7.2254
0.0771,-26.399,35.884,7.7241
0.0772,-26.437,34.83,8.2243
0.0773,-26.432,33.753,8.7133
0.0774,-26.409,32.68,9.1898
0.0775,-26.333,31.585,9.6439
0.0776,-26.116,30.4,10.059
0.0777,-25.809,29.172,10.44
0.0778,-25.48,27.959,10.798
0.0779,-25.075,26.712,11.127
0.078,-24.575,25.413,11.429
0.0781,-24.02,24.096,11.711
0.0782,-23.362,22.719,11.965
0.0783,-22.566,21.256,12.186
0.0784,-21.706,19.776,12.378
0.0785,-20.803,18.303,12.538
0.0786,-19.822,16.808,12.658
0.0787,-18.808,15.335,12.741
0.0788,-17.802,13.921,12.791
0.0789,-16.783,12.541,12.81
0.079,-15.791,11.222,12.81
0.0791,-14.893,10.02,12.804
0.0792,-14.053,8.8969,12.79
0.0793,-13.228,7.8187,12.761
0.0794,-12.442,6.8089,12.716
0.0795,-11.652,5.8361,12.642
0.0796,-10.773,4.8334,12.523
0.0797,-9.8055,3.8056,12.354
0.0798,-8.7428,2.748,12.132
0.0799,-7.5163,1.6014,11.849
0.08,-6.14,0.37657,11.508
0.0801,-4.7004,-0.85441,11.124
0.0802,-3.2229,-2.0716,10.701
0.0803,-1.7364,-3.2506,10.243
0.0804,-0.31579,-4.3265,9.7614
0.0805,1.0386,-5.2987,9.2536
0.0806,2.384,-6.2144,8.7101
0.0807,3.7144,-7.067,8.1296
0.0808,5.0204,-7.8502,7.5149
0.0809,6.3364,-8.5973,6.8651
0.081,7.6477,-9.2981,6.1844
0.0811,8.907,-9.9143,5.4812
0.0812,10.122,-10.455,4.7575
0.0813,11.291,-10.922,4.0148
0.0814,12.385,-11.288,3.2574
0.0815,13.439,-11.586,2.4813
0.0816,14.53,-11.882,1.6758
0.0817,15.687,-12.198,0.83394
0.0818,16.946,-12.559,-0.052024
0.0819,18.346,-12.998,-0.98961
0.082,19.844,-13.476,-1.9744
0.0821,21.357,-13.92,-2.9942
0.0822,22.853,-14.307,-4.0407
0.0823,24.29,-14.603,-5.1035
0.0824,25.601,-14.758,-6.1683
0.0825,26.791,-14.778,-7.2289
0.0826,27.892,-14.699,-8.2848
0.0827,28.897,-14.516,-9.3322
0.0828,29.823,-14.243,-10.371
0.0829,30.727,-13.931,-11.408
0.083,31.612,-13.581,-12.443
0.0831,32.454,-13.172,-13.472
0.0832,33.267,-12.719,-14.492
0.0833,34.053,-12.228,-15.499
0.0834,34.791,-11.683,-16.484
0.0835,35.509,-11.114,-17.445
0.0836,36.253,-10.559,-18.385
0.0837,37.018,-10.014,-19.303
0.0838,37.799,-9.474,-20.196
0.0839,38.606,-8.9444,-21.064
0.084,39.399,-8.3855,-21.903
0.0841,40.163,-7.7933,-22.701
0.0842,40.871,-7.1438,-23.452
0.0843,41.502,-6.4226,-24.145
0.0844,42.015,-5.5997,-24.769
0.0845,42.397,-4.6699,-25.312
0.0846,42.654,-3.6457,-25.769
0.0847,42.783,-2.5254,-26.137
0.0848,42.799,-1.3243,-26.415
0.0849,42.744,-0.078874,-26.611
0.085,42.638,1.1953,-26.729
0.0851,42.493,2.4869,-26.773
0.0852,42.354,3.7575,-26.751
0.0853,42.248,4.9834,-26.669
0.0854,42.163,6.1715,-26.526
0.0855,42.098,7.3209,-26.325
0.0856,42.046,8.4352,-26.066
0.0857,41.963,9.5503,-25.747
0.0858,41.815,10.692,-25.37
0.0859,41.606,11.859,-24.942
0.086,41.326,13.057,-24.469
0.0861,40.963,14.295,-23.96
0.0862,40.529,15.564,-23.424
0.0863,40.029,16.858,-22.869
0.0864,39.443,18.19,-22.296
0.0865,38.765,19.563,-21.711
0.0866,37.996,20.972,-21.118
0.0867,37.125,22.428,-20.522
0.0868,36.152,23.926,-19.926
0.0869,35.109,25.439,-19.34
0.087,34.026,26.942,-18.77
0.0871,32.941,28.402,-18.224
0.0872,31.904,29.779,-17.709
0.0873,30.939,31.051,-17.228
0.0874,30.035,32.23,-16.777
0.0875,29.175,33.328,-16.353
0.0876,28.33,34.371,-15.949
0.0877,27.449,35.399,-15.556
0.0878,26.501,36.439,-15.169
0.0879,25.477,37.495,-14.785
0.088,24.365,38.577,-14.401
0.0881,23.163,39.686,-14.017
0.0882,21.896,40.798,-13.635
0.0883,20.581,41.901,-13.257
0.0884,19.22,42.995,-12.883
0.0885,17.825,44.069,-12.515
0.0886,16.404,45.118,-12.154
0.0887,14.95,46.149,-11.797
0.0888,13.47,47.155,-11.443
0.0889,11.992,48.11,-11.092
0.089,10.538,48.995,-10.743
0.0891,9.1276,49.796,-10.397
0.0892,7.7859,50.491,-10.055
0.0893,6.5205,51.077,-9.7182
0.0894,5.3166,51.571,-9.385
0.0895,4.1603,51.988,-9.0541
0.0896,3.033,52.345,-8.7232
0.0897,1.9019,52.67,-8.3873
0.0898,0.74128,52.985,-8.0411
0.0899,-0.46292,53.299,-7.68
0.09,-1.7248,53.621,-7.3002
0.0901,-3.0459,53.953,-6.9006
0.0902,-4.4086,54.279,-6.4838
0.0903,-5.7979,54.589,-6.0535
0.0904,-7.1995,54.873,-5.614
0.0905,-8.586,55.113,-5.1704
0.0906,-9.9327,55.287,-4.7264
0.0907,-11.226,55.388,-4.2833
0.0908,-12.445,55.398,-3.8422
0.0909,-13.573,55.303,-3.403
0.091,-14.615,55.109,-2.9634
0.0911,-15.581,54.827,-2.5212
0.0912,-16.478,54.464,-2.0757
0.0913,-17.319,54.035,-1.6263
0.0914,-18.122,53.557,-1.1725
0.0915,-18.891,53.038,-0.715
0.0916,-19.63,52.483,-0.25444
0.0917,-20.355,51.907,0.21112
0.0918,-21.076,51.317,0.68376
0.0919,-21.797,50.719,1.165
0.092,-22.529,50.119,1.6568
0.0921,-23.279,49.527,2.1604
0.0922,-24.04,48.934,2.6745
0.0923,-24.8,48.334,3.1966
0.0924,-25.54,47.712,3.7228
0.0925,-26.225,47.04,4.2473
0.0926,-26.82,46.291,4.7642
0.0927,-27.3,45.449,5.2692
0.0928,-27.652,44.503,5.76
0.0929,-27.876,43.455,6.2362
0.093,-27.993,42.327,6.701
0.0931,-28.032,41.142,7.1579
0.0932,-28.014,39.922,7.6099
0.0933,-27.966,38.688,8.0599
0.0934,-27.906,37.459,8.5096
0.0935,-27.837,36.238,8.9582
0.0936,-27.759,35.027,9.4042
0.0937,-27.675,33.829,9.8465
0.0938,-27.578,32.642,10.283
0.0939,-27.463,31.461,10.71
0.094,-27.333,30.293,11.128
0.0941,-27.19,29.138,11.536
0.0942,-27.022,27.988,11.93
0.0943,-26.818,26.835,12.31
0.0944,-26.56,25.665,12.671
0.0945,-26.221,24.456,13.009
0.0946,-25.781,23.19,13.322
0.0947,-25.231,21.864,13.605
0.0948,-24.569,20.476,13.857
0.0949,-23.805,19.037,14.078
0.095,-22.96,17.567,14.269
0.0951,-22.058,16.086,14.434
0.0952,-21.122,14.615,14.574
0.0953,-20.178,13.175,14.692
0.0954,-19.246,11.783,14.793
0.0955,-18.334,10.446,14.875
0.0956,-17.444,9.1669,14.938
0.0957,-16.575,7.9454,14.981
0.0958,-15.715,6.7727,14.999
0.0959,-14.851,5.6393,14.987
0.096,-13.972,4.5394,14.943
0.0961,-13.062,3.4606,14.861
0.0962,-12.104,2.3867,14.739
0.0963,-11.085,1.3082,14.575
0.0964,-9.9974,0.21783,14.368
0.0965,-8.8351,-0.89114,14.118
0.0966,-7.6014,-2.0162,13.826
0.0967,-6.3076,-3.1471,13.491
0.0968,-4.9618,-4.2762,13.115
0.0969,-3.5739,-5.3941,12.698
0.097,-2.1616,-6.4855,12.241
0.0971,-0.74099,-7.5363,11.746
0.0972,0.67377,-8.5348,11.215
0.0973,2.0638,-9.4665,10.652
0.0974,3.4131,-10.319,10.06
0.0975,4.714,-11.087,9.4416
0.0976,5.9628,-11.769,8.7975
0.0977,7.1603,-12.365,8.1278
0.0978,8.3193,-12.886,7.4304
0.0979,9.4593,-13.349,6.7019
0.098,10.602,-13.772,5.9387
0.0981,11.773,-14.176,5.1374
0.0982,12.991,-14.58,4.2958
0.0983,14.263,-14.988,3.4137
0.0984,15.585,-15.399,2.4926
0.0985,16.947,-15.805,1.5356
0.0986,18.33,-16.191,0.54689
0.0987,19.711,-16.539,-0.46926
0.0988,21.077,-16.838,-1.509
0.0989,22.412,-17.077,-2.5684
0.099,23.702,-17.245,-3.6438
0.0991,24.939,-17.335,-4.7324
0.0992,26.119,-17.347,-5.8316
0.0993,27.234,-17.276,-6.938
0.0994,28.279,-17.118,-8.0484
0.0995,29.253,-16.874,-9.1602
0.0996,30.158,-16.549,-10.271
0.0997,30.998,-16.148,-11.378
0.0998,31.791,-15.687,-12.481
0.0999,32.557,-15.186,-13.58
0.1,33.317,-14.664,-14.676
0.1001,34.086,-14.137,-15.767
0.1002,34.878,-13.614,-16.853
0.1003,35.689,-13.095,-17.931
0.1004,36.509,-12.573,-18.994
0.1005,37.323,-12.036,-20.038
0.1006,38.11,-11.469,-21.054
0.1007,38.847,-10.854,-22.034
0.1008,39.515,-10.179,-22.97
0.1009,40.1,-9.4315,-23.855
0.101,40.59,-8.6058,-24.682
0.1011,40.982,-7.7013,-25.447
0.1012,41.28,-6.7214,-26.146
0.1013,41.486,-5.67,-26.776
0.1014,41.609,-4.5555,-27.332
0.1015,41.661,-3.3903,-27.814
0.1016,41.655,-2.1869,-28.221
0.1017,41.606,-0.95954,-28.55
0.1018,41.531,0.27485,-28.801
0.1019,41.442,1.5034,-28.972
0.102,41.346,2.7186,-29.064
0.1021,41.245,3.9155,-29.074
0.1022,41.139,5.093,-29.004
0.1023,41.019,6.2566,-28.852
0.1024,40.875,7.4137,-28.621
0.1025,40.695,8.573,-28.312
0.1026,40.463,9.7466,-27.929
0.1027,40.161,10.947,-27.475
0.1028,39.777,12.185,-26.955
0.1029,39.299,13.467,-26.376
0.103,38.72,14.799,-25.747
0.1031,38.041,16.179,-25.076
0.1032,37.269,17.6,-24.375
0.1033,36.418,19.051,-23.655
0.1034,35.505,20.515,-22.927
0.1035,34.556,21.973,-22.202
0.1036,33.59,23.406,-21.488
0.1037,32.626,24.798,-20.792
0.1038,31.673,26.138,-20.117
0.1039,30.734,27.422,-19.464
0.104,29.804,28.654,-18.834
0.1041,28.877,29.836,-18.225
0.1042,27.942,30.977,-17.637
0.1043,26.986,32.086,-17.068
0.1044,26.001,33.172,-16.516
0.1045,24.976,34.242,-15.98
0.1046,23.903,35.303,-15.46
0.1047,22.773,36.363,-14.953
0.1048,21.583,37.426,-14.459
0.1049,20.327,38.496,-13.977
0.105,19.006,39.572,-13.506
0.1051,17.626,40.651,-13.046
0.1052,16.2,41.722,-12.598
0.1053,14.746,42.769,-12.162
0.1054,13.286,43.776,-11.739
0.1055,11.843,44.722,-11.328
0.1056,10.435,45.592,-10.93
0.1057,9.0725,46.378,-10.543
0.1058,7.7614,47.076,-10.164
0.1059,6.4975,47.689,-9.7913
0.106,5.2707,48.226,-9.4207
0.1061,4.0679,48.699,-9.0489
0.1062,2.8742,49.121,-8.6726
0.1063,1.6751,49.504,-8.2889
0.1064,0.45964,49.858,-7.8959
0.1065,-0.77957,50.191,-7.4926
0.1066,-2.047,50.508,-7.079
0.1067,-3.3432,50.81,-6.6555
0.1068,-4.6645,51.096,-6.2235
0.1069,-6.0049,51.364,-5.7842
0.107,-7.3546,51.606,-5.3391
0.1071,-8.699,51.81,-4.8896
0.1072,-10.022,51.965,-4.437
0.1073,-11.306,52.057,-3.9823
0.1074,-12.537,52.074,-3.5262
0.1075,-13.7,52.005,-3.0693
0.1076,-14.791,51.847,-2.6115
0.1077,-15.805,51.601,-2.1526
0.1078,-16.748,51.269,-1.692
0.1079,-17.626,50.86,-1.2284
0.108,-18.452,50.388,-0.76
0.1081,-19.241,49.865,-0.28509
0.1082,-20.006,49.305,0.19812
0.1083,-20.763,48.72,0.69116
0.1084,-21.52,48.122,1.1947
0.1085,-22.284,47.517,1.7086
0.1086,-23.055,46.907,2.2318
0.1087,-23.828,46.29,2.7622
0.1088,-24.591,45.658,3.2971
0.1089,-25.33,45.002,3.8334
0.109,-26.027,44.307,4.3681
0.1091,-26.662,43.561,4.8986
0.1092,-27.223,42.752,5.4232
0.1093,-27.699,41.874,5.9409
0.1094,-28.084,40.922,6.4516
0.1095,-28.38,39.9,6.9557
0.1096,-28.592,38.811,7.4542
0.1097,-28.728,37.665,7.9478
0.1098,-28.798,36.471,8.4374
0.1099,-28.812,35.241,8.9238
0.11,-28.785,33.987,9.4076
0.1101,-28.727,32.722,9.889
0.1102,-28.65,31.455,10.368
0.1103,-28.563,30.198,10.844
0.1104,-28.472,28.958,11.317
0.1105,-28.377,27.738,11.784
0.1106,-28.275,26.536,12.242
0.1107,-28.154,25.346,12.69
0.1108,-28.001,24.156,13.122
0.1109,-27.796,22.954,13.535
0.111,-27.523,21.727,13.926
0.1111,-27.168,20.463,14.292
0.1112,-26.723,19.156,14.631
0.1113,-26.185,17.806,14.944
0.1114,-25.56,16.415,15.23
0.1115,-24.855,14.993,15.491
0.1116,-24.085,13.549,15.728
0.1117,-23.264,12.097,15.944
0.1118,-22.407,10.65,16.137
0.1119,-21.526,9.2209,16.311
0.112,-20.634,7.8203,16.463
0.1121,-19.739,6.4572,16.593
0.1122,-18.846,5.1386,16.701
0.1123,-17.96,3.8686,16.783
0.1124,-17.076,2.6474,16.837
0.1125,-16.19,1.4716,16.86
0.1126,-15.292,0.33461,16.85
0.1127,-14.37,-0.77374,16.802
0.1128,-13.41,-1.865,16.715
0.1129,-12.399,-2.9497,16.587
0.113,-11.328,-4.0366,16.415
0.1131,-10.191,-5.1314,16.199
0.1132,-8.9865,-6.2352,15.94
0.1133,-7.7202,-7.3444,15.637
0.1134,-6.4011,-8.4517,15.292
0.1135,-5.0427,-9.5464,14.908
0.1136,-3.6611,-10.615,14.486
0.1137,-2.2729,-11.645,14.03
0.1138,-0.89355,-12.622,13.54
0.1139,0.46385,-13.535,13.019
0.114,1.7899,-14.377,12.468
0.1141,3.08,-15.143,11.886
0.1142,4.3348,-15.833,11.271
0.1143,5.5593,-16.45,10.623
0.1144,6.763,-17.003,9.939
0.1145,7.9584,-17.491,9.2057
0.1146,9.1577,-17.95,8.4482
0.1147,10.372,-18.376,7.6504
0.1148,11.609,-18.779,6.8122
0.1149,12.876,-19.165,5.9355
0.115,14.172,-19.535,5.0204
0.1151,15.494,-19.889,4.069
0.1152,16.837,-20.223,3.085
0.1153,18.189,-20.529,2.0706
0.1154,19.067,-21.29,1.9811
0.1155,19.925,-22.044,1.9054
0.1156,20.746,-22.761,1.8311
0.1157,21.512,-23.424,1.7578
0.1158,22.228,-24.035,1.6874
0.1159,22.874,-24.577,1.6189
0.116,23.433,-25.029,1.5494
0.1161,23.916,-25.405,1.4811
0.1162,24.34,-25.723,1.4161
0.1163,24.7,-25.978,1.3528
0.1164,25.007,-26.179,1.2905
0.1165,25.286,-26.356,1.2322
0.1166,25.548,-26.518,1.1778
0.1167,25.793,-26.666,1.1265
0.1168,26.031,-26.811,1.08
0.1169,26.259,-26.948,1.0363
0.117,26.461,-27.062,0.99455
0.1171,26.631,-27.145,0.95404
0.1172,26.766,-27.197,0.9154
0.1173,26.858,-27.209,0.87871
0.1174,26.897,-27.171,0.84322
0.1175,26.88,-27.081,0.81032
0.1176,26.799,-26.93,0.77963
0.1177,26.645,-26.708,0.74996
0.1178,26.405,-26.403,0.72177
0.1179,26.114,-26.048,0.69437
0.118,25.749,-25.621,0.6674
0.1181,25.32,-25.134,0.6423
0.1182,24.847,-24.606,0.621
0.1183,24.333,-24.041,0.60319
0.1184,23.786,-23.447,0.58806
0.1185,23.229,-22.849,0.57828
0.1186,22.67,-22.254,0.57444
0.1187,22.099,-21.653,0.5742
0.1188,21.517,-21.043,0.57613
0.1189,20.926,-20.431,0.58118
0.119,20.315,-19.8,0.58796
0.1191,19.673,-19.142,0.59515
0.1192,19.001,-18.457,0.60353
0.1193,18.289,-17.736,0.61432
0.1194,17.522,-16.964,0.62626
0.1195,16.698,-16.138,0.6392
0.1196,15.82,-15.26,0.65367
0.1197,14.883,-14.327,0.66924
0.1198,13.891,-13.339,0.68456
0.1199,12.852,-12.309,0.70053
0.12,11.779,-11.247,0.71814
0.1201,10.682,-10.165,0.73773
0.1202,9.5738,-9.075,0.75948
0.1203,8.4672,-7.9912,0.7847
0.1204,7.3697,-6.9214,0.81392
0.1205,6.2848,-5.8689,0.84692
0.1206,5.2145,-4.835,0.88357
0.1207,4.1573,-3.8185,0.92361
0.1208,3.1088,-2.8137,0.9655
0.1209,2.0623,-1.8134,1.0085
0.121,1.011,-0.81042,1.0523
0.1211,0.6374,-0.47333,1.0828
0.1212,0.58222,-0.43725,1.0948
0.1213,0.53491,-0.3961,1.0929
0.1214,0.48927,-0.35026,1.0836
0.1215,0.44868,-0.29217,1.0559
0.1216,0.41512,-0.22674,1.0128
0.1217,0.37853,-0.16345,0.97383
0.1218,0.33805,-0.098077,0.93547
0.1219,0.30432,-0.028592,0.88525
0.122,0.2775,0.034837,0.83353
0.1221,0.24913,0.089802,0.79118
0.1222,0.22327,0.14179,0.74877
0.1223,0.20825,0.18443,0.70483
0.1224,0.19445,0.21897,0.66772
0.1225,0.17896,0.24965,0.63604
