0.05,0.16581,-0.46777,0.27431
0.0501,0.18476,-0.46944,0.26039
0.0502,0.20325,-0.47011,0.24609
0.0503,0.22121,-0.46974,0.23139
0.0504,0.23864,-0.46833,0.21629
0.0505,0.25551,-0.46592,0.2008
0.0506,0.27186,-0.46255,0.18489
0.0507,0.28775,-0.45832,0.16856
0.0508,0.30324,-0.45337,0.15183
0.0509,0.3184,-0.44782,0.13477
0.051,0.33329,-0.44183,0.1174
0.0511,0.34794,-0.43551,0.09979
0.0512,0.36236,-0.42895,0.081986
0.0513,0.37652,-0.42222,0.064022
0.0514,0.39038,-0.41532,0.045919
0.0515,0.40384,-0.40825,0.027702
0.0516,0.4168,-0.40096,0.0093901
0.0517,0.42914,-0.39339,-0.0090027
0.0518,0.4407,-0.38546,-0.027457
0.0519,0.45136,-0.37708,-0.045948
0.052,0.46096,-0.36814,-0.064461
0.0521,0.4694,-0.35856,-0.082988
0.0522,0.47657,-0.34823,-0.10152
0.0523,0.48244,-0.33709,-0.12005
0.0524,0.487,-0.32509,-0.13859
0.0525,0.49028,-0.31223,-0.15713
0.0526,0.49238,-0.29855,-0.17565
0.0527,0.4934,-0.28415,-0.19413
0.0528,0.49347,-0.26913,-0.21253
0.0529,0.49275,-0.25363,-0.23081
0.053,0.49136,-0.23779,-0.24893
0.0531,0.48946,-0.22173,-0.26686
0.0532,0.48714,-0.20556,-0.28456
0.0533,0.48449,-0.18938,-0.30199
0.0534,0.48158,-0.17324,-0.31915
0.0535,0.47844,-0.15714,-0.336
0.0536,0.47505,-0.14109,-0.35249
0.0537,0.47137,-0.12506,-0.36861
0.0538,0.46735,-0.10899,-0.3843
0.0539,0.46288,-0.092816,-0.39951
0.054,0.45786,-0.076433,-0.41418
0.0541,0.45218,-0.059742,-0.42827
0.0542,0.44576,-0.042653,-0.44171
0.0543,0.43852,-0.025093,-0.45444
0.0544,0.43041,-0.0070237,-0.46638
0.0545,0.42144,0.011548,-0.47747
0.0546,0.41163,0.030578,-0.48765
0.0547,0.40104,0.049989,-0.49686
0.0548,0.38973,0.069671,-0.50509
0.0549,0.37782,0.089505,-0.51233
0.055,0.3654,0.10936,-0.51859
0.0551,0.35259,0.12912,-0.52392
0.0552,0.33949,0.14866,-0.52835
0.0553,0.32619,0.16788,-0.53193
0.0554,0.31277,0.18669,-0.5347
0.0555,0.29927,0.20504,-0.53668
0.0556,0.28571,0.22289,-0.5379
0.0557,0.27205,0.24025,-0.53837
0.0558,0.25827,0.25715,-0.53812
0.0559,0.24427,0.27365,-0.53715
0.056,0.22998,0.28986,-0.53549
0.0561,0.21531,0.30584,-0.53316
0.0562,0.20017,0.32169,-0.5302
0.0563,0.18448,0.33747,-0.52664
0.0564,0.16818,0.35321,-0.52249
0.0565,0.15125,0.3689,-0.51779
0.0566,0.13373,0.38449,-0.51255
0.0567,0.11565,0.39991,-0.50678
0.0568,0.097086,0.41506,-0.5005
0.0569,0.078145,0.42979,-0.49373
0.057,0.058938,0.44397,-0.48646
0.0571,0.039585,0.45745,-0.4787
0.0572,0.020218,0.47008,-0.47046
0.0573,0.00095298,0.48173,-0.46174
0.0574,-0.018115,0.49227,-0.4525
0.0575,-0.036913,0.50161,-0.44276
0.0576,-0.055397,0.50969,-0.43248
0.0577,-0.073563,0.51652,-0.42166
0.0578,-0.091433,0.52213,-0.41029
0.0579,-0.10905,0.52658,-0.39839
0.058,-0.12649,0.52997,-0.38596
0.0581,-0.14381,0.53243,-0.37303
0.0582,-0.1611,0.53408,-0.35962
0.0583,-1.7932,-0.3193,2.1239
0.0584,-2.661,-0.86247,3.533
0.0585,-3.3488,-1.3936,4.7504
0.0586,-3.9582,-1.968,5.9329
0.0587,-4.4496,-2.5658,7.0208
0.0588,-4.8142,-3.1459,7.9646
0.0589,-5.139,-3.7326,8.8753
0.059,-5.5026,-4.3931,9.8985
0.0591,-5.9417,-5.1551,11.099
0.0592,-6.4407,-5.9847,12.427
0.0593,-6.9382,-6.8523,13.791
0.0594,-7.3868,-7.7566,15.143
0.0595,-7.7563,-8.6967,16.452
0.0596,-8.048,-9.6413,17.687
0.0597,-8.1663,-10.561,18.725
0.0598,-8.1561,-11.463,19.616
0.0599,-8.1429,-12.393,20.533
0.06,-8.1682,-13.382,21.547
0.0601,-8.2372,-14.444,22.678
0.0602,-8.3562,-15.581,23.934
0.0603,-8.4833,-16.774,25.255
0.0604,-8.5501,-18,26.547
0.0605,-8.5586,-19.263,27.819
0.0606,-8.4916,-20.554,29.042
0.0607,-8.2415,-21.816,30.054
0.0608,-7.7545,-23.007,30.759
0.0609,-7.1141,-24.148,31.261
0.061,-6.4198,-25.282,31.701
0.0611,-5.712,-26.421,32.134
0.0612,-5.0311,-27.566,32.599
0.0613,-4.4265,-28.741,33.17
0.0614,-3.8989,-29.97,33.871
0.0615,-3.4143,-31.245,34.663
0.0616,-2.9259,-32.535,35.465
0.0617,-2.3712,-33.81,36.186
0.0618,-1.721,-35.067,36.793
0.0619,-0.99016,-36.305,37.3
0.062,-0.16756,-37.506,37.679
0.0621,0.76339,-38.663,37.905
0.0622,1.7451,-39.8,38.06
0.0623,2.6955,-40.948,38.258
0.0624,3.6025,-42.116,38.518
0.0625,4.4877,-43.304,38.821
0.0626,5.3653,-44.505,39.144
0.0627,6.2895,-45.69,39.405
0.0628,7.3308,-46.822,39.495
0.0629,8.4885,-47.893,39.407
0.063,9.7306,-48.903,39.174
0.0631,11.059,-49.842,38.784
0.0632,12.459,-50.711,38.252
0.0633,13.854,-51.537,37.681
0.0634,15.181,-52.356,37.171
0.0635,16.416,-53.182,36.76
0.0636,17.547,-54.016,36.461
0.0637,18.584,-54.86,36.266
0.0638,19.574,-55.701,36.114
0.0639,20.578,-56.515,35.921
0.064,21.646,-57.266,35.601
0.0641,22.817,-57.937,35.098
0.0642,24.078,-58.532,34.429
0.0643,25.381,-59.068,33.658
0.0644,26.704,-59.549,32.811
0.0645,28.039,-59.982,31.905
0.0646,29.341,-60.386,31.001
0.0647,30.574,-60.772,30.149
0.0648,31.756,-61.132,29.32
0.0649,32.911,-61.455,28.48
0.065,34.051,-61.729,27.608
0.0651,35.213,-61.935,26.644
0.0652,36.438,-62.054,25.528
0.0653,37.703,-62.09,24.289
0.0654,38.951,-62.063,23.002
0.0655,40.154,-61.989,21.712
0.0656,41.279,-61.883,20.466
0.0657,42.286,-61.761,19.321
0.0658,43.169,-61.631,18.291
0.0659,43.956,-61.49,17.341
0.066,44.677,-61.323,16.431
0.0661,45.361,-61.117,15.515
0.0662,46.057,-60.858,14.531
0.0663,46.801,-60.529,13.425
0.0664,47.606,-60.117,12.171
0.0665,48.467,-59.62,10.771
0.0666,49.341,-59.052,9.2814
0.0667,50.164,-58.438,7.788
0.0668,50.899,-57.788,6.3409
0.0669,51.534,-57.109,4.9573
0.067,52.056,-56.41,3.6556
0.0671,52.472,-55.69,2.4283
0.0672,52.817,-54.936,1.2262
0.0673,53.114,-54.137,0.014346
0.0674,53.365,-53.293,-1.2127
0.0675,53.582,-52.4,-2.473
0.0676,53.772,-51.452,-3.7801
0.0677,53.905,-50.459,-5.096
0.0678,53.938,-49.441,-6.3618
0.0679,53.849,-48.414,-7.5403
0.068,53.623,-47.388,-8.6098
0.0681,53.26,-46.367,-9.5678
0.0682,52.793,-45.345,-10.456
0.0683,52.27,-44.307,-11.339
0.0684,51.72,-43.235,-12.268
0.0685,51.162,-42.114,-13.277
0.0686,50.601,-40.939,-14.38
0.0687,50.016,-39.713,-15.556
0.0688,49.376,-38.441,-16.769
0.0689,48.651,-37.136,-17.978
0.069,47.8,-35.818,-19.119
0.0691,46.78,-34.509,-20.126
0.0692,45.586,-33.221,-20.98
0.0693,44.241,-31.953,-21.7
0.0694,42.775,-30.7,-22.313
0.0695,41.226,-29.453,-22.864
0.0696,39.646,-28.194,-23.412
0.0697,38.058,-26.915,-23.986
0.0698,36.459,-25.622,-24.568
0.0699,34.846,-24.322,-25.141
0.07,33.22,-23.022,-25.688
0.0701,31.568,-21.735,-26.178
0.0702,29.885,-20.472,-26.583
0.0703,28.181,-19.239,-26.899
0.0704,26.477,-18.033,-27.14
0.0705,24.794,-16.847,-27.33
0.0706,23.168,-15.668,-27.513
0.0707,21.629,-14.483,-27.727
0.0708,20.185,-13.285,-27.99
0.0709,18.828,-12.075,-28.289
0.071,17.532,-10.865,-28.588
0.0711,16.257,-9.6724,-28.825
0.0712,14.972,-8.5156,-28.953
0.0713,13.664,-7.4055,-28.946
0.0714,12.329,-6.3511,-28.789
0.0715,10.968,-5.3559,-28.481
0.0716,9.6081,-4.4126,-28.058
0.0717,8.2834,-3.509,-27.571
0.0718,7.0181,-2.6347,-27.059
0.0719,5.8348,-1.7797,-26.559
0.072,4.7534,-0.93553,-26.105
0.0721,3.7661,-0.1036,-25.694
0.0722,2.8419,0.70463,-25.288
0.0723,1.9556,1.4767,-24.85
0.0724,1.0901,2.2035,-24.359
0.0725,0.22883,2.8787,-23.792
0.0726,-0.63051,3.5011,-23.148
0.0727,-1.4737,4.0753,-22.45
0.0728,-2.2884,4.6083,-21.718
0.0729,-3.0682,5.1065,-20.971
0.073,-3.8041,5.5752,-20.225
0.0731,-4.495,6.0152,-19.486
0.0732,-5.1548,6.4229,-18.738
0.0733,-5.8042,6.7902,-17.955
0.0734,-6.4666,7.1046,-17.103
0.0735,-7.1666,7.3524,-16.144
0.0736,-7.914,7.5262,-15.06
0.0737,-8.6951,7.6279,-13.869
0.0738,-9.4858,7.664,-12.602
0.0739,-10.258,7.6446,-11.299
0.074,-10.978,7.5842,-10.011
0.0741,-11.62,7.4948,-8.7778
0.0742,-12.178,7.3813,-7.6119
0.0743,-12.656,7.2443,-6.5122
0.0744,-13.064,7.0816,-5.4681
0.0745,-13.428,6.8852,-4.4472
0.0746,-13.778,6.6429,-3.4058
0.0747,-14.136,6.3449,-2.3123
0.0748,-14.512,5.9866,-1.1519
0.0749,-14.907,5.5683,0.075697
0.075,-15.307,5.0959,1.3499
0.0751,-15.687,4.5788,2.638
0.0752,-16.033,4.0251,3.9165
0.0753,-16.341,3.4393,5.1753
0.0754,-16.61,2.8212,6.4136
0.0755,-16.848,2.1662,7.6453
0.0756,-17.072,1.4678,8.892
0.0757,-17.289,0.72045,10.168
0.0758,-17.502,-0.080342,11.481
0.0759,-17.713,-0.93654,12.835
0.076,-17.907,-1.8434,14.211
0.0761,-18.059,-2.7899,15.572
0.0762,-18.143,-3.7636,16.881
0.0763,-18.141,-4.7523,18.106
0.0764,-18.04,-5.7462,19.225
0.0765,-17.844,-6.7415,20.239
0.0766,-17.578,-7.7431,21.175
0.0767,-17.269,-8.7597,22.074
0.0768,-16.943,-9.7999,22.967
0.0769,-16.621,-10.872,23.887
0.077,-16.318,-11.982,24.853
0.0771,-16.033,-13.13,25.867
0.0772,-15.752,-14.312,26.91
0.0773,-15.459,-15.519,27.958
0.0774,-15.131,-16.743,28.979
0.0775,-14.746,-17.973,29.942
0.0776,-14.296,-19.204,30.832
0.0777,-13.782,-20.434,31.65
0.0778,-13.213,-21.665,32.408
0.0779,-12.603,-22.904,33.125
0.078,-11.964,-24.153,33.817
0.0781,-11.297,-25.413,34.486
0.0782,-10.596,-26.679,35.122
0.0783,-9.854,-27.946,35.711
0.0784,-9.0583,-29.205,36.233
0.0785,-8.1971,-30.446,36.667
0.0786,-7.2682,-31.662,37.002
0.0787,-6.2788,-32.85,37.244
0.0788,-5.2411,-34.012,37.406
0.0789,-4.1766,-35.152,37.515
0.079,-3.1142,-36.28,37.609
0.0791,-2.0756,-37.407,37.721
0.0792,-1.0694,-38.534,37.862
0.0793,-0.094538,-39.664,38.033
0.0794,0.86148,-40.789,38.214
0.0795,1.8218,-41.901,38.373
0.0796,2.8096,-42.987,38.475
0.0797,3.8414,-44.037,38.493
0.0798,4.9282,-45.045,38.409
0.0799,6.0728,-46.007,38.217
0.08,7.2667,-46.923,37.925
0.0801,8.4943,-47.799,37.554
0.0802,9.7395,-48.639,37.126
0.0803,10.986,-49.449,36.66
0.0804,12.224,-50.231,36.169
0.0805,13.452,-50.981,35.65
0.0806,14.678,-51.694,35.092
0.0807,15.905,-52.363,34.481
0.0808,17.138,-52.983,33.81
0.0809,18.373,-53.552,33.077
0.081,19.6,-54.07,32.294
0.0811,20.804,-54.543,31.48
0.0812,21.969,-54.976,30.657
0.0813,23.083,-55.376,29.841
0.0814,24.136,-55.744,29.046
0.0815,25.128,-56.083,28.271
0.0816,26.069,-56.388,27.501
0.0817,26.975,-56.65,26.712
0.0818,27.867,-56.861,25.872
0.0819,28.763,-57.011,24.952
0.082,29.673,-57.094,23.936
0.0821,30.593,-57.109,22.824
0.0822,31.513,-57.06,21.629
0.0823,32.412,-56.953,20.377
0.0824,33.267,-56.795,19.095
0.0825,34.059,-56.592,17.809
0.0826,34.773,-56.35,16.537
0.0827,35.4,-56.07,15.288
0.0828,35.938,-55.75,14.061
0.0829,36.394,-55.387,12.846
0.083,36.776,-54.977,11.629
0.0831,37.088,-54.518,10.4
0.0832,37.332,-54.008,9.1588
0.0833,37.505,-53.45,7.9078
0.0834,37.597,-52.848,6.661
0.0835,37.6,-52.209,5.433
0.0836,37.51,-51.536,4.2309
0.0837,37.332,-50.83,3.0542
0.0838,37.073,-50.09,1.8947
0.0839,36.749,-49.313,0.736
0.084,36.376,-48.493,-0.44258
0.0841,35.971,-47.625,-1.6578
0.0842,35.54,-46.706,-2.9197
0.0843,35.088,-45.735,-4.2285
0.0844,34.607,-44.715,-5.5705
0.0845,34.082,-43.653,-6.9201
0.0846,33.498,-42.558,-8.2471
0.0847,32.841,-41.44,-9.5225
0.0848,32.103,-40.304,-10.725
0.0849,31.287,-39.157,-11.846
0.085,30.406,-37.999,-12.892
0.0851,29.478,-36.827,-13.876
0.0852,28.521,-35.638,-14.817
0.0853,27.556,-34.429,-15.733
0.0854,26.597,-33.198,-16.637
0.0855,25.65,-31.944,-17.533
0.0856,24.72,-30.672,-18.419
0.0857,23.803,-29.384,-19.288
0.0858,22.897,-28.087,-20.128
0.0859,22,-26.785,-20.931
0.086,21.114,-25.48,-21.695
0.0861,20.246,-24.173,-22.428
0.0862,19.402,-22.859,-23.138
0.0863,18.589,-21.538,-23.837
0.0864,17.809,-20.208,-24.528
0.0865,17.057,-18.868,-25.21
0.0866,16.323,-17.524,-25.867
0.0867,15.593,-16.182,-26.483
0.0868,14.852,-14.851,-27.033
0.0869,14.086,-13.538,-27.496
0.087,13.289,-12.25,-27.86
0.0871,12.461,-10.992,-28.122
0.0872,11.608,-9.7627,-28.289
0.0873,10.746,-8.5596,-28.381
0.0874,9.8922,-7.377,-28.424
0.0875,9.0617,-6.2098,-28.441
0.0876,8.2649,-5.0546,-28.45
0.0877,7.5063,-3.9106,-28.458
0.0878,6.7829,-2.7803,-28.464
0.0879,6.0864,-1.669,-28.456
0.088,5.4072,-0.58243,-28.42
0.0881,4.7365,0.47407,-28.344
0.0882,4.0666,1.4963,-28.217
0.0883,3.3939,2.482,-28.034
0.0884,2.7188,3.4316,-27.798
0.0885,2.0433,4.3461,-27.514
0.0886,1.3691,5.2271,-27.185
0.0887,0.69691,6.0749,-26.816
0.0888,0.023622,6.888,-26.403
0.0889,-0.65771,7.6627,-25.936
0.089,-1.3548,8.3942,-25.405
0.0891,-2.0736,9.0779,-24.799
0.0892,-2.8167,9.7103,-24.113
0.0893,-3.5812,10.291,-23.351
0.0894,-4.3574,10.821,-22.523
0.0895,-5.132,11.305,-21.65
0.0896,-5.8902,11.747,-20.752
0.0897,-6.6175,12.153,-19.851
0.0898,-7.3032,12.526,-18.962
0.0899,-7.9436,12.868,-18.092
0.09,-8.5419,13.175,-17.238
0.0901,-9.1071,13.444,-16.388
0.0902,-9.6523,13.67,-15.523
0.0903,-10.192,13.847,-14.624
0.0904,-10.735,13.97,-13.676
0.0905,-11.289,14.037,-12.674
0.0906,-11.853,14.05,-11.616
0.0907,-12.425,14.01,-10.508
0.0908,-12.997,13.92,-9.3602
0.0909,-13.565,13.783,-8.1821
0.091,-14.124,13.601,-6.9803
0.0911,-14.67,13.375,-5.7588
0.0912,-15.203,13.103,-4.5178
0.0913,-15.724,12.785,-3.2547
0.0914,-16.234,12.419,-1.9684
0.0915,-16.728,12.005,-0.66175
0.0916,-17.201,11.545,0.65781
0.0917,-17.643,11.041,1.9773
0.0918,-18.043,10.498,3.2804
0.0919,-18.392,9.9218,4.5526
0.092,-18.682,9.3156,5.7842
0.0921,-18.915,8.6814,6.9727
0.0922,-19.095,8.0188,8.1241
0.0923,-19.233,7.3254,9.2523
0.0924,-19.344,6.5975,10.375
0.0925,-19.439,5.831,11.51
0.0926,-19.531,5.0228,12.671
0.0927,-19.623,4.1717,13.866
0.0928,-19.715,3.279,15.092
0.0929,-19.799,2.3484,16.34
0.093,-19.864,1.3849,17.593
0.0931,-19.898,0.39434,18.834
0.0932,-19.891,-0.6184,20.049
0.0933,-19.835,-1.6499,21.226
0.0934,-19.727,-2.6982,22.361
0.0935,-19.567,-3.7629,23.455
0.0936,-19.356,-4.8437,24.508
0.0937,-19.096,-5.9406,25.525
0.0938,-18.788,-7.0522,26.503
0.0939,-18.431,-8.1763,27.441
0.094,-18.023,-9.3091,28.334
0.0941,-17.561,-10.447,29.175
0.0942,-17.045,-11.585,29.961
0.0943,-16.478,-12.722,30.693
0.0944,-15.867,-13.856,31.377
0.0945,-15.222,-14.989,32.024
0.0946,-14.553,-16.122,32.649
0.0947,-13.872,-17.258,33.265
0.0948,-13.184,-18.397,33.88
0.0949,-12.493,-19.539,34.495
0.095,-11.793,-20.682,35.105
0.0951,-11.076,-21.819,35.695
0.0952,-10.33,-22.944,36.249
0.0953,-9.542,-24.05,36.746
0.0954,-8.703,-25.132,37.171
0.0955,-7.8066,-26.184,37.514
0.0956,-6.8517,-27.204,37.771
0.0957,-5.8428,-28.192,37.948
0.0958,-4.7876,-29.15,38.054
0.0959,-3.6949,-30.077,38.098
0.096,-2.5734,-30.977,38.091
0.0961,-1.4297,-31.847,38.04
0.0962,-0.26812,-32.688,37.947
0.0963,0.90866,-33.495,37.813
0.0964,2.0983,-34.266,37.636
0.0965,3.2982,-35,37.419
0.0966,4.5048,-35.693,37.161
0.0967,5.7128,-36.347,36.869
0.0968,6.9165,-36.96,36.548
0.0969,8.1104,-37.534,36.203
0.097,9.2914,-38.069,35.839
0.0971,10.459,-38.565,35.455
0.0972,11.618,-39.019,35.042
0.0973,12.775,-39.427,34.591
0.0974,13.94,-39.785,34.085
0.0975,15.121,-40.089,33.513
0.0976,16.325,-40.337,32.863
0.0977,17.554,-40.526,32.131
0.0978,18.803,-40.659,31.321
0.0979,20.066,-40.738,30.442
0.098,21.33,-40.768,29.51
0.0981,22.582,-40.753,28.54
0.0982,23.81,-40.698,27.547
0.0983,25.003,-40.605,26.544
0.0984,26.156,-40.476,25.536
0.0985,27.264,-40.309,24.525
0.0986,28.329,-40.104,23.506
0.0987,29.351,-39.858,22.477
0.0988,30.332,-39.572,21.432
0.0989,31.272,-39.245,20.37
0.099,32.17,-38.878,19.29
0.0991,33.027,-38.473,18.193
0.0992,33.839,-38.032,17.082
0.0993,34.608,-37.557,15.953
0.0994,35.336,-37.047,14.806
0.0995,36.024,-36.503,13.635
0.0996,36.678,-35.925,12.434
0.0997,37.3,-35.311,11.196
0.0998,37.891,-34.661,9.9182
0.0999,38.449,-33.976,8.6024
0.1,38.967,-33.258,7.2558
0.1001,39.433,-32.511,5.8908
0.1002,39.836,-31.74,4.5238
0.1003,40.161,-30.948,3.1714
0.1004,40.397,-30.139,1.8479
0.1005,40.536,-29.317,0.56302
0.1006,40.576,-28.481,-0.67957
0.1007,40.518,-27.632,-1.8825
0.1008,40.368,-26.768,-3.053
0.1009,40.134,-25.886,-4.2009
0.101,39.824,-24.985,-5.3361
0.1011,39.448,-24.064,-6.4665
0.1012,39.01,-23.122,-7.5962
0.1013,38.513,-22.161,-8.7256
0.1014,37.96,-21.183,-9.8526
0.1015,37.353,-20.19,-10.974
0.1016,36.693,-19.184,-12.086
0.1017,35.984,-18.166,-13.186
0.1018,35.23,-17.136,-14.274
0.1019,34.434,-16.096,-15.348
0.102,33.6,-15.045,-16.406
0.1021,32.73,-13.985,-17.444
0.1022,31.823,-12.917,-18.455
0.1023,30.879,-11.844,-19.428
0.1024,29.895,-10.77,-20.354
0.1025,28.871,-9.6971,-21.22
0.1026,27.805,-8.6296,-22.02
0.1027,26.703,-7.5693,-22.749
0.1028,25.573,-6.5166,-23.409
0.1029,24.425,-5.4706,-24.01
0.103,23.273,-4.4295,-24.562
0.1031,22.131,-3.3909,-25.079
0.1032,21.01,-2.353,-25.572
0.1033,19.918,-1.3151,-26.051
0.1034,18.862,-0.27773,-26.518
0.1035,17.84,0.75687,-26.971
0.1036,16.85,1.7854,-27.405
0.1037,15.887,2.804,-27.81
0.1038,14.945,3.8089,-28.178
0.1039,14.019,4.797,-28.5
0.104,13.105,5.7661,-28.77
0.1041,12.198,6.7149,-28.986
0.1042,11.298,7.6429,-29.144
0.1043,10.401,8.5494,-29.245
0.1044,9.5072,9.4337,-29.286
0.1045,8.6125,10.295,-29.266
0.1046,7.7151,11.131,-29.182
0.1047,6.8133,11.94,-29.033
0.1048,5.9072,12.72,-28.818
0.1049,4.9987,13.472,-28.54
0.105,4.0922,14.194,-28.206
0.1051,3.1941,14.889,-27.825
0.1052,2.3121,15.556,-27.408
0.1053,1.4535,16.198,-26.966
0.1054,0.62402,16.815,-26.508
0.1055,-0.1733,17.407,-26.04
0.1056,-0.93928,17.972,-25.561
0.1057,-1.6782,18.508,-25.065
0.1058,-2.3971,19.009,-24.543
0.1059,-3.1044,19.473,-23.985
0.106,-3.8086,19.895,-23.379
0.1061,-4.5165,20.274,-22.717
0.1062,-5.2327,20.607,-21.995
0.1063,-5.9591,20.895,-21.212
0.1064,-6.6951,21.138,-20.369
0.1065,-7.4382,21.339,-19.473
0.1066,-8.1847,21.499,-18.53
0.1067,-8.931,21.619,-17.546
0.1068,-9.6734,21.699,-16.526
0.1069,-10.408,21.74,-15.475
0.107,-11.133,21.74,-14.396
0.1071,-11.843,21.701,-13.295
0.1072,-12.535,21.622,-12.175
0.1073,-13.204,21.503,-11.045
0.1074,-13.844,21.345,-9.9094
0.1075,-14.451,21.149,-8.7751
0.1076,-15.023,20.915,-7.6457
0.1077,-15.559,20.644,-6.5222
0.1078,-16.062,20.334,-5.4017
0.1079,-16.536,19.984,-4.278
0.108,-16.989,19.593,-3.1422
0.1081,-17.428,19.157,-1.9848
0.1082,-17.86,18.676,-0.79735
0.1083,-18.29,18.15,0.42518
0.1084,-18.719,17.578,1.6836
0.1085,-19.145,16.962,2.974
0.1086,-19.562,16.307,4.2883
0.1087,-19.962,15.614,5.6158
0.1088,-20.339,14.887,6.9451
0.1089,-20.683,14.129,8.2656
0.109,-20.988,13.342,9.5686
0.1091,-21.236,12.52,10.842
0.1092,-21.44,11.674,12.09
0.1093,-21.611,10.808,13.317
0.1094,-21.732,9.9155,14.515
0.1095,-21.804,8.9961,15.686
0.1096,-21.829,8.0526,16.828
0.1097,-21.806,7.086,17.941
0.1098,-21.737,6.0963,19.026
0.1099,-21.624,5.0845,20.087
0.11,-21.472,4.0532,21.124
0.1101,-21.785,3.8621,21.781
0.1102,-22.172,3.812,22.365
0.1103,-22.549,3.7636,22.93
0.1104,-22.923,3.7192,23.483
0.1105,-23.3,3.6811,24.028
0.1106,-23.67,3.6473,24.558
0.1107,-24.02,3.6152,25.061
0.1108,-24.345,3.5889,25.529
0.1109,-24.642,3.5725,25.955
0.111,-24.895,3.5642,26.327
0.1111,-25.091,3.5611,26.633
0.1112,-25.227,3.5641,26.868
0.1113,-25.303,3.5728,27.033
0.1114,-25.32,3.5869,27.131
0.1115,-25.288,3.607,27.169
0.1116,-25.212,3.6323,27.154
0.1117,-25.091,3.6595,27.089
0.1118,-24.933,3.6884,26.979
0.1119,-24.746,3.7208,26.833
0.112,-24.532,3.756,26.652
0.1121,-24.291,3.7924,26.44
0.1122,-24.028,3.8308,26.199
0.1123,-23.746,3.8714,25.932
0.1124,-23.446,3.914,25.64
0.1125,-23.131,3.9595,25.328
0.1126,-22.802,4.0083,24.994
0.1127,-22.45,4.06,24.633
0.1128,-22.074,4.116,24.24
0.1129,-21.67,4.1786,23.81
0.113,-21.226,4.2465,23.334
0.1131,-20.728,4.3179,22.799
0.1132,-20.173,4.3942,22.2
0.1133,-19.563,4.4768,21.538
0.1134,-18.897,4.564,20.813
0.1135,-18.179,4.6541,20.031
0.1136,-17.418,4.7471,19.201
0.1137,-16.624,4.8409,18.334
0.1138,-15.804,4.9338,17.439
0.1139,-14.971,5.0263,16.528
0.114,-14.132,5.1185,15.608
0.1141,-13.288,5.209,14.682
0.1142,-12.442,5.2977,13.752
0.1143,-11.594,5.3863,12.818
0.1144,-10.743,5.4752,11.877
0.1145,-9.8854,5.5642,10.926
0.1146,-9.0214,5.6545,9.9657
0.1147,-8.1477,5.7468,8.9914
0.1148,-7.2596,5.8404,7.9995
0.1149,-6.3547,5.9357,6.9876
0.115,-5.4297,6.0329,5.9523
0.1151,-4.4787,6.1316,4.8883
0.1152,-3.4997,6.2322,3.7931
0.1153,-2.4945,6.3361,2.6678
0.1154,-1.4624,6.4423,1.5124
0.1155,-1.03,6.4708,1.0335
0.1156,-1.0138,6.4472,1.0218
0.1157,-0.99579,6.4238,1.0069
0.1158,-0.97437,6.3956,0.99168
0.1159,-0.94919,6.3577,0.98067
0.116,-0.92166,6.3141,0.97124
0.1161,-0.89177,6.2716,0.95612
0.1162,-0.85968,6.2274,0.9381
0.1163,-0.82741,6.1752,0.92568
0.1164,-0.79656,6.1185,0.91711
0.1165,-0.76741,6.0647,0.90541
0.1166,-0.74127,6.0156,0.89052
0.1167,-0.71875,5.9701,0.87443
0.1168,-0.69813,5.9267,0.85711
0.1169,-0.67856,5.8825,0.84088
0.117,-0.66156,5.8381,0.82699
0.1171,-0.64716,5.7981,0.81129
0.1172,-0.63415,5.7629,0.79207
0.1173,-0.62271,5.7287,0.77345
0.1174,-0.61278,5.6947,0.75634
0.1175,-0.60233,5.6626,0.73683
0.1176,-0.59096,5.632,0.71456
0.1177,-0.58,5.6017,0.69221
0.1178,-0.56866,5.5704,0.67009
0.1179,-0.5547,5.5358,0.64798
0.118,-0.53827,5.4973,0.62642
0.1181,-0.52028,5.4567,0.60454
0.1182,-0.50027,5.4127,0.58309
0.1183,-0.47857,5.3625,0.56513
0.1184,-0.45714,5.3097,0.54913
0.1185,-0.43688,5.2604,0.52993
0.1186,-0.41783,5.2141,0.50803
0.1187,-0.40083,5.1675,0.48761
0.1188,-0.3869,5.1225,0.46829
0.1189,-0.37642,5.0816,0.44808
0.119,-0.37015,5.0448,0.42819
0.1191,-0.36829,5.013,0.40845
0.1192,-0.36957,4.9869,0.38703
0.1193,-0.3728,4.9641,0.36551
0.1194,-0.37757,4.9422,0.34588
0.1195,-0.38281,4.9224,0.32575
0.1196,-0.38753,4.905,0.30361
0.1197,-0.39182,4.8875,0.282
0.1198,-0.39534,4.8686,0.26156
0.1199,-0.39666,4.8486,0.24042
0.12,-0.39587,4.8264,0.21948
0.1201,-0.39438,4.8018,0.20041
0.1202,-0.39233,4.7761,0.1821
0.1203,-0.38922,4.7496,0.16392
0.1204,-0.38596,4.7224,0.14661
0.1205,-0.38312,4.6962,0.12913
0.1206,-0.38015,4.6709,0.11093
0.1207,-0.3776,4.6444,0.094366
0.1208,-0.37727,4.6181,0.079865
0.1209,-0.37981,4.5957,0.064586
0.121,-0.38518,4.5782,0.048214
0.1211,-0.39398,4.5647,0.033141
0.1212,-0.4063,4.556,0.019896
0.1213,-0.42111,4.5522,0.0084651
0.1214,-0.43805,4.552,0.00024968
0.1215,-0.45703,4.5552,-0.0051498
0.1216,-0.47673,4.5619,-0.0098398
0.1217,-0.49554,4.5691,-0.013854
0.1218,-0.51301,4.5747,-0.016412
0.1219,-0.52861,4.5786,-0.018682
0.122,-0.54173,4.5806,-0.021234
0.1221,-0.55276,4.5802,-0.02292
0.1222,-0.56238,4.5786,-0.024079
0.1223,-0.57037,4.5771,-0.025857
0.1224,-0.57685,4.5753,-0.027143
0.1225,-0.58296,4.5732,-0.026678
