0.05,0.4137,0.11177,-0.45577
0.0501,0.40074,0.13134,-0.46287
0.0502,0.38698,0.15076,-0.46945
0.0503,0.37246,0.16989,-0.47545
0.0504,0.35729,0.18863,-0.48082
0.0505,0.34153,0.20687,-0.48548
0.0506,0.32528,0.22451,-0.48941
0.0507,0.3086,0.24148,-0.49257
0.0508,0.29156,0.25775,-0.49492
0.0509,0.27418,0.27332,-0.49646
0.051,0.2565,0.28824,-0.49722
0.0511,0.23851,0.30259,-0.49722
0.0512,0.22024,0.31645,-0.49651
0.0513,0.20171,0.32991,-0.49518
0.0514,0.18292,0.34307,-0.49328
0.0515,0.16389,0.35602,-0.49087
0.0516,0.14465,0.36879,-0.48798
0.0517,0.12523,0.38141,-0.48462
0.0518,0.10565,0.39386,-0.4808
0.0519,0.085932,0.40611,-0.47648
0.052,0.066142,0.41811,-0.47162
0.0521,0.046326,0.4298,-0.46617
0.0522,0.026551,0.44108,-0.46005
0.0523,0.0068884,0.45185,-0.45318
0.0524,-0.01259,0.46199,-0.44547
0.0525,-0.031834,0.47141,-0.43683
0.0526,-0.050801,0.48003,-0.42718
0.0527,-0.069474,0.48777,-0.41647
0.0528,-0.087849,0.49462,-0.40466
0.0529,-0.10594,0.50058,-0.39175
0.053,-0.12376,0.50568,-0.37778
0.0531,-0.14133,0.50998,-0.36285
0.0532,-0.15865,0.51356,-0.34704
0.0533,-0.17573,0.51651,-0.33049
0.0534,-0.19257,0.51891,-0.31332
0.0535,-0.20917,0.52083,-0.29567
0.0536,-0.22554,0.52236,-0.27764
0.0537,-0.24166,0.52355,-0.25935
0.0538,-0.25752,0.52445,-0.24089
0.0539,-0.2731,0.52505,-0.22233
0.054,-0.28836,0.52536,-0.20373
0.0541,-0.30324,0.52532,-0.18512
0.0542,-0.3177,0.52485,-0.16653
0.0543,-0.33169,0.52385,-0.14793
0.0544,-0.34515,0.5222,-0.12932
0.0545,-0.35804,0.51979,-0.11064
0.0546,-0.37031,0.5165,-0.091861
0.0547,-0.38196,0.51225,-0.072941
0.0548,-0.39298,0.50697,-0.053859
0.0549,-0.40336,0.50063,-0.034602
0.055,-0.41313,0.4932,-0.015184
0.0551,-0.42229,0.48471,0.0043626
0.0552,-0.43086,0.47518,0.023989
0.0553,-0.43887,0.46466,0.043642
0.0554,-0.44635,0.45323,0.063254
0.0555,-0.45332,0.44096,0.082753
0.0556,-0.45982,0.42796,0.10206
0.0557,-0.46586,0.41431,0.12111
0.0558,-0.47146,0.40012,0.13981
0.0559,-0.4766,0.38547,0.15809
0.056,-0.48126,0.37041,0.17592
0.0561,-0.48542,0.355,0.19325
0.0562,-0.48902,0.33923,0.21007
0.0563,-0.49205,0.32312,0.22639
0.0564,-0.49444,0.30663,0.24226
0.0565,-0.49618,0.28974,0.2577
0.0566,-0.49724,0.27243,0.27277
0.0567,-0.49759,0.25465,0.28751
0.0568,-0.49722,0.2364,0.30194
0.0569,-0.49613,0.21767,0.31609
0.057,-0.4943,0.19849,0.32998
0.0571,-0.49175,0.17888,0.34362
0.0572,-0.48847,0.15893,0.35696
0.0573,-0.48448,0.1387,0.36999
0.0574,-0.47982,0.1183,0.38264
0.0575,-0.47449,0.097843,0.39485
0.0576,-0.46852,0.077455,0.40656
0.0577,-0.4619,0.057249,0.41771
0.0578,-0.45461,0.03732,0.42821
0.0579,-0.44661,0.017745,0.43803
0.058,-0.43786,-0.001432,0.44711
0.0581,-0.42833,-0.020199,0.45543
0.0582,-0.41798,-0.038568,0.463
0.0583,-0.40678,-0.056575,0.46984
0.0584,-0.39473,-0.074273,0.47597
0.0585,-0.38184,-0.091724,0.48145
0.0586,-0.36812,-0.10899,0.48632
0.0587,-0.3536,-0.12613,0.49063
0.0588,-0.33832,-0.1432,0.49443
0.0589,-0.32232,-0.16023,0.49777
0.059,-0.30566,-0.17724,0.50066
0.0591,-0.28841,-0.19422,0.50314
0.0592,-0.27063,-0.21113,0.50521
0.0593,-0.25242,-0.22791,0.50686
0.0594,-0.23387,-0.24446,0.50807
0.0595,-0.21505,-0.26069,0.50878
0.0596,-0.19605,-0.27647,0.50895
0.0597,-0.17694,-0.29171,0.5085
0.0598,-0.15777,-0.30633,0.50736
0.0599,-0.1386,-0.32026,0.50547
0.06,-0.11945,-0.33345,0.50276
0.0601,-0.10035,-0.34586,0.49918
0.0602,-0.081303,-0.35749,0.49472
0.0603,-0.062307,-0.36837,0.48934
0.0604,-0.043356,-0.37854,0.48304
0.0605,-0.024434,-0.38807,0.47584
0.0606,-0.0055222,-0.39702,0.46775
0.0607,0.013397,-0.40548,0.4588
0.0608,0.032338,-0.41351,0.44902
0.0609,0.051301,-0.4212,0.43846
0.061,0.070275,-0.42857,0.42718
0.0611,0.13687,-0.42426,0.35616
0.0612,0.19031,-0.42266,0.30063
0.0613,0.24645,-0.41997,0.24092
0.0614,0.30578,-0.4164,0.17679
0.0615,0.36823,-0.41205,0.10837
0.0616,0.43316,-0.40642,0.035857
0.0617,0.50032,-0.39932,-0.040663
0.0618,0.57055,-0.39109,-0.12168
0.0619,0.64409,-0.38179,-0.20734
0.062,0.72025,-0.37094,-0.29742
0.0621,0.79858,-0.3584,-0.39155
0.0622,0.8792,-0.34429,-0.48973
0.0623,0.96192,-0.32864,-0.59168
0.0624,1.0465,-0.31163,-0.69698
0.0625,1.1329,-0.29354,-0.80517
0.0626,1.2207,-0.27428,-0.91597
0.0627,1.3095,-0.25383,-1.029
0.0628,1.3997,-0.23243,-1.1442
0.0629,1.4912,-0.21033,-1.2615
0.063,1.5838,-0.18739,-1.3805
0.0631,1.6772,-0.16359,-1.5009
0.0632,1.7712,-0.13899,-1.6226
0.0633,1.8658,-0.11362,-1.7453
0.0634,1.961,-0.0875,-1.8691
0.0635,2.0565,-0.060752,-1.9934
0.0636,2.1519,-0.033272,-2.1179
0.0637,2.2468,-0.0049901,-2.2423
0.0638,2.3416,0.023996,-2.3668
0.0639,2.4362,0.053704,-2.4913
0.064,2.5302,0.084502,-2.6158
0.0641,2.6233,0.11651,-2.7402
0.0642,2.7158,0.14954,-2.8647
0.0643,2.8079,0.18349,-2.9892
0.0644,2.8991,0.2184,-3.1134
0.0645,2.9891,0.25409,-3.237
0.0646,3.0781,0.29037,-3.3598
0.0647,3.1657,0.3271,-3.4814
0.0648,3.2514,0.36407,-3.6013
0.0649,3.3353,0.40091,-3.719
0.065,3.4171,0.43757,-3.8342
0.0651,3.4963,0.47399,-3.9467
0.0652,3.5731,0.50999,-4.0562
0.0653,3.6475,0.54536,-4.1627
0.0654,3.7193,0.58014,-4.2661
0.0655,3.7885,0.61423,-4.3663
0.0656,3.8544,0.64739,-4.4624
0.0657,3.9181,0.68003,-4.556
0.0658,3.9789,0.71206,-4.6463
0.0659,4.0365,0.74344,-4.733
0.066,4.0909,0.77426,-4.8162
0.0661,4.1416,0.80461,-4.8955
0.0662,4.1887,0.83439,-4.9711
0.0663,4.2323,0.86351,-5.0427
0.0664,4.2722,0.8921,-5.1105
0.0665,4.3082,0.92017,-5.1742
0.0666,4.3405,0.9476,-5.234
0.0667,4.3691,0.9743,-5.2897
0.0668,4.3938,1.0002,-5.3411
0.0669,4.4145,1.0253,-5.3879
0.067,4.4313,1.0492,-5.43
0.0671,4.4438,1.072,-5.467
0.0672,4.452,1.0935,-5.4988
0.0673,4.4559,1.1134,-5.5249
0.0674,4.4555,1.1317,-5.5453
0.0675,4.4507,1.1484,-5.5599
0.0676,4.4416,1.1635,-5.5688
0.0677,4.4284,1.177,-5.5721
0.0678,4.4111,1.1892,-5.57
0.0679,4.3898,1.2,-5.5627
0.068,4.3648,1.2095,-5.5503
0.0681,4.3359,1.2179,-5.5329
0.0682,4.3034,1.2251,-5.5107
0.0683,4.2671,1.2312,-5.4835
0.0684,4.2272,1.2363,-5.4515
0.0685,4.1835,1.2402,-5.4144
0.0686,4.1359,1.2431,-5.3723
0.0687,4.0847,1.2448,-5.3251
0.0688,4.0297,1.2452,-5.2727
0.0689,3.971,1.2445,-5.2152
0.069,3.9088,1.2424,-5.1525
0.0691,3.8432,1.239,-5.0849
0.0692,3.7742,1.2341,-5.0121
0.0693,3.702,1.2276,-4.9342
0.0694,3.6267,1.2195,-4.8512
0.0695,3.5482,1.2098,-4.7632
0.0696,3.4665,1.1985,-4.6701
0.0697,3.3818,1.1857,-4.572
0.0698,3.2941,1.1713,-4.4692
0.0699,3.2036,1.1556,-4.3618
0.07,3.1103,1.1385,-4.2501
0.0701,3.0146,1.1202,-4.1345
0.0702,2.9166,1.1009,-4.0154
0.0703,2.8165,1.0806,-3.893
0.0704,2.7145,1.0594,-3.7677
0.0705,2.6108,1.0375,-3.6397
0.0706,2.5054,1.0148,-3.5092
0.0707,2.3984,0.99134,-3.3762
0.0708,2.2898,0.96711,-3.2409
0.0709,2.1798,0.94207,-3.1032
0.071,2.0682,0.9161,-2.9632
0.0711,1.9554,0.88907,-2.8209
0.0712,1.8414,0.86095,-2.6764
0.0713,1.7264,0.8317,-2.5298
0.0714,1.6105,0.80129,-2.3813
0.0715,1.494,0.76974,-2.2312
0.0716,1.377,0.73712,-2.0798
0.0717,1.2596,0.70339,-1.9271
0.0718,1.1422,0.66858,-1.7736
0.0719,1.0248,0.63277,-1.6193
0.072,0.90749,0.59602,-1.4644
0.0721,0.7905,0.55839,-1.3094
0.0722,0.67395,0.52001,-1.1544
0.0723,0.55792,0.48103,-0.9996
0.0724,0.44263,0.44154,-0.84542
0.0725,0.32828,0.40166,-0.69215
0.0726,0.21504,0.36157,-0.5401
0.0727,0.10309,0.32136,-0.38952
0.0728,-0.0073583,0.28107,-0.24067
0.0729,-0.11615,0.24077,-0.093687
0.073,-0.22322,0.20046,0.051346
0.0731,-0.32842,0.1601,0.1944
0.0732,-0.43167,0.11967,0.33542
0.0733,-0.53299,0.07922,0.47443
0.0734,-0.63229,0.03872,0.61139
0.0735,-0.72946,-0.0018474,0.74621
0.0736,-0.82436,-0.042429,0.87878
0.0737,-0.91689,-0.08297,1.009
0.0738,-1.0068,-0.12342,1.1365
0.0739,-1.0939,-0.16366,1.261
0.074,-1.1779,-0.20354,1.3823
0.0741,-1.2588,-0.24294,1.5001
0.0742,-1.3363,-0.28173,1.6141
0.0743,-1.4103,-0.31978,1.724
0.0744,-1.4807,-0.35695,1.8297
0.0745,-1.5473,-0.39318,1.9311
0.0746,-1.6102,-0.42836,2.028
0.0747,-1.6693,-0.46243,2.1202
0.0748,-1.7244,-0.49539,2.2078
0.0749,-1.7754,-0.52724,2.2906
0.075,-1.8223,-0.55795,2.3685
0.0751,-1.8651,-0.58753,2.4415
0.0752,-1.9036,-0.61601,2.5096
0.0753,-1.9378,-0.6434,2.5726
0.0754,-1.9679,-0.66974,2.6307
0.0755,-1.9938,-0.69511,2.684
0.0756,-2.0155,-0.71955,2.7323
0.0757,-2.0331,-0.74305,2.7758
0.0758,-2.0467,-0.76561,2.8145
0.0759,-2.0562,-0.78721,2.8484
0.076,-2.0617,-0.80776,2.8772
0.0761,-2.0631,-0.82714,2.901
0.0762,-2.0605,-0.84527,2.9195
0.0763,-2.0537,-0.86201,2.9324
0.0764,-2.0427,-0.87725,2.9397
0.0765,-2.0275,-0.89093,2.9412
0.0766,-2.0081,-0.90299,2.9368
0.0767,-1.9845,-0.91338,2.9265
0.0768,-1.9569,-0.92212,2.9103
0.0769,-1.9253,-0.92925,2.8884
0.077,-1.8898,-0.93478,2.8608
0.0771,-1.8507,-0.93876,2.8277
0.0772,-1.8079,-0.94128,2.7892
0.0773,-1.7616,-0.94242,2.7456
0.0774,-1.7117,-0.94224,2.6968
0.0775,-1.6585,-0.94083,2.643
0.0776,-1.6019,-0.93826,2.5843
0.0777,-1.542,-0.93456,2.5208
0.0778,-1.4789,-0.92976,2.4525
0.0779,-1.4126,-0.92389,2.3797
0.078,-1.3433,-0.91694,2.3023
0.0781,-1.2711,-0.90889,2.2206
0.0782,-1.1961,-0.89971,2.1345
0.0783,-1.1185,-0.88936,2.0443
0.0784,-1.0383,-0.87777,1.95
0.0785,-0.95554,-0.86491,1.8516
0.0786,-0.8704,-0.85075,1.7492
0.0787,-0.78291,-0.83524,1.6429
0.0788,-0.69318,-0.81836,1.5328
0.0789,-0.60133,-0.80012,1.419
0.079,-0.50747,-0.78055,1.3017
0.0791,-0.41178,-0.75969,1.1812
0.0792,-0.31443,-0.73764,1.0578
0.0793,-0.21559,-0.71453,0.93183
0.0794,-0.11546,-0.69044,0.80359
0.0795,-0.014251,-0.66548,0.67344
0.0796,0.087873,-0.63975,0.54168
0.0797,0.19077,-0.61329,0.40855
0.0798,0.29427,-0.58612,0.27427
0.0799,0.39826,-0.55824,0.13902
0.08,0.50264,-0.52964,0.0029432
0.0801,0.6073,-0.50023,-0.13386
0.0802,0.71209,-0.46997,-0.27127
0.0803,0.81691,-0.43881,-0.40916
0.0804,0.92163,-0.4067,-0.54742
0.0805,1.0261,-0.37361,-0.68588
0.0806,1.1301,-0.33954,-0.82439
0.0807,1.2335,-0.30449,-0.96281
0.0808,1.3362,-0.26847,-1.101
0.0809,1.438,-0.23155,-1.2387
0.081,1.5388,-0.19379,-1.3759
0.0811,1.6384,-0.15531,-1.5122
0.0812,1.7367,-0.11623,-1.6476
0.0813,1.8336,-0.076685,-1.7817
0.0814,1.9289,-0.036857,-1.9144
0.0815,2.0225,0.0031008,-2.0452
0.0816,2.1142,0.043014,-2.174
0.0817,2.2037,0.082711,-2.3004
0.0818,2.291,0.12205,-2.424
0.0819,2.3758,0.16092,-2.5447
0.082,2.458,0.19922,-2.6622
0.0821,2.5374,0.23689,-2.7764
0.0822,2.614,0.27391,-2.8872
0.0823,2.6876,0.31027,-2.9946
0.0824,2.7582,0.34596,-3.0985
0.0825,2.8256,0.38105,-3.199
0.0826,2.8899,0.41555,-3.2959
0.0827,2.9508,0.4495,-3.3892
0.0828,3.0084,0.48291,-3.4789
0.0829,3.0623,0.51578,-3.5649
0.083,3.1126,0.54808,-3.647
0.0831,3.1592,0.57974,-3.7251
0.0832,3.2017,0.6107,-3.7989
0.0833,3.2403,0.64088,-3.8683
0.0834,3.2748,0.67017,-3.9332
0.0835,3.3052,0.69848,-3.9933
0.0836,3.3313,0.72572,-4.0485
0.0837,3.3532,0.75179,-4.0987
0.0838,3.3709,0.77658,-4.1437
0.0839,3.3844,0.80004,-4.1834
0.084,3.3936,0.82209,-4.2177
0.0841,3.3986,0.84269,-4.2466
0.0842,3.3994,0.8618,-4.2699
0.0843,3.396,0.87943,-4.2876
0.0844,3.3884,0.89559,-4.2999
0.0845,3.3766,0.91034,-4.3066
0.0846,3.3609,0.92373,-4.308
0.0847,3.3411,0.93583,-4.304
0.0848,3.3174,0.9467,-4.2949
0.0849,3.2899,0.9564,-4.2807
0.085,3.2587,0.96497,-4.2615
0.0851,3.2237,0.97241,-4.2373
0.0852,3.185,0.9787,-4.208
0.0853,3.1426,0.98382,-4.1737
0.0854,3.0966,0.98769,-4.1343
0.0855,3.0469,0.99024,-4.0897
0.0856,2.9935,0.99142,-4.0397
0.0857,2.9366,0.99116,-3.9844
0.0858,2.876,0.9894,-3.9238
0.0859,2.812,0.9861,-3.8578
0.086,2.7446,0.98124,-3.7865
0.0861,2.674,0.97483,-3.71
0.0862,2.6002,0.96686,-3.6285
0.0863,2.5235,0.95739,-3.5422
0.0864,2.4438,0.94647,-3.4512
0.0865,2.3613,0.93417,-3.3556
0.0866,2.2761,0.92055,-3.2558
0.0867,2.1884,0.90571,-3.152
0.0868,2.0982,0.88971,-3.0442
0.0869,2.0057,0.87263,-2.9329
0.087,1.911,0.85454,-2.8181
0.0871,1.8142,0.83549,-2.7002
0.0872,1.7156,0.81551,-2.5792
0.0873,1.6152,0.79464,-2.4555
0.0874,1.5131,0.77288,-2.3292
0.0875,1.4096,0.7502,-2.2004
0.0876,1.3046,0.72659,-2.0692
0.0877,1.1984,0.70198,-1.9358
0.0878,1.0909,0.67634,-1.8001
0.0879,0.9823,0.64961,-1.6623
0.088,0.87275,0.62174,-1.5225
0.0881,0.76235,0.59273,-1.3809
0.0882,0.65126,0.56257,-1.2376
0.0883,0.53964,0.53129,-1.0928
0.0884,0.42768,0.49894,-0.94678
0.0885,0.31555,0.4656,-0.79986
0.0886,0.20345,0.43133,-0.65232
0.0887,0.09157,0.39623,-0.50445
0.0888,-0.019928,0.36039,-0.35652
0.0889,-0.13087,0.32391,-0.20882
0.089,-0.24112,0.28688,-0.061585
0.0891,-0.35053,0.24939,0.084957
0.0892,-0.45896,0.21151,0.2306
0.0893,-0.56629,0.17331,0.37516
0.0894,-0.67238,0.13486,0.51845
0.0895,-0.77711,0.09622,0.66031
0.0896,-0.88032,0.057418,0.80059
0.0897,-0.98188,0.018493,0.93914
0.0898,-1.0817,-0.020528,1.0758
0.0899,-1.1795,-0.059629,1.2106
0.09,-1.2753,-0.09879,1.3432
0.0901,-1.369,-0.13798,1.4737
0.0902,-1.4604,-0.17716,1.6018
0.0903,-1.5494,-0.21629,1.7275
0.0904,-1.6359,-0.25531,1.8506
0.0905,-1.7197,-0.29412,1.9709
0.0906,-1.8008,-0.33264,2.0882
0.0907,-1.8788,-0.37075,2.2022
0.0908,-1.9538,-0.40833,2.3128
0.0909,-2.0255,-0.44527,2.4196
0.091,-2.0937,-0.48145,2.5224
0.0911,-2.1583,-0.51677,2.6209
0.0912,-2.2192,-0.55114,2.7151
0.0913,-2.2762,-0.5845,2.8047
0.0914,-2.3294,-0.61681,2.8898
0.0915,-2.3785,-0.64806,2.9701
0.0916,-2.4237,-0.67825,3.0457
0.0917,-2.4648,-0.70739,3.1165
0.0918,-2.5018,-0.73551,3.1827
0.0919,-2.5348,-0.76264,3.2441
0.092,-2.5637,-0.78878,3.3007
0.0921,-2.5885,-0.81395,3.3525
0.0922,-2.6092,-0.83815,3.3995
0.0923,-2.6258,-0.86137,3.4416
0.0924,-2.6382,-0.88356,3.4788
0.0925,-2.6465,-0.90471,3.5109
0.0926,-2.6508,-0.92473,3.5379
0.0927,-2.6508,-0.94359,3.5597
0.0928,-2.6468,-0.96118,3.5762
0.0929,-2.6387,-0.97744,3.5874
0.093,-2.6265,-0.9923,3.5931
0.0931,-2.6102,-1.0057,3.5932
0.0932,-2.5899,-1.0176,3.5877
0.0933,-2.5655,-1.0279,3.5765
0.0934,-2.5371,-1.0367,3.5596
0.0935,-2.5047,-1.0439,3.537
0.0936,-2.4684,-1.0495,3.5088
0.0937,-2.4283,-1.0537,3.4749
0.0938,-2.3845,-1.0563,3.4357
0.0939,-2.337,-1.0576,3.3911
0.094,-2.286,-1.0575,3.3414
0.0941,-2.2316,-1.0562,3.2866
0.0942,-2.1738,-1.0537,3.2269
0.0943,-2.1127,-1.05,3.1624
0.0944,-2.0485,-1.0451,3.0932
0.0945,-1.9812,-1.0392,3.0194
0.0946,-1.9109,-1.0321,2.941
0.0947,-1.8376,-1.0238,2.858
0.0948,-1.7614,-1.0144,2.7706
0.0949,-1.6824,-1.0037,2.6788
0.095,-1.6006,-0.99183,2.5826
0.0951,-1.5164,-0.97866,2.4823
0.0952,-1.4296,-0.96419,2.3779
0.0953,-1.3405,-0.94842,2.2696
0.0954,-1.2492,-0.93135,2.1576
0.0955,-1.1558,-0.91302,2.042
0.0956,-1.0604,-0.89345,1.923
0.0957,-0.96328,-0.87269,1.8009
0.0958,-0.86444,-0.8508,1.6758
0.0959,-0.76406,-0.82784,1.5481
0.096,-0.66228,-0.80388,1.4179
0.0961,-0.55926,-0.77901,1.2856
0.0962,-0.45518,-0.75327,1.1514
0.0963,-0.3502,-0.72673,1.0155
0.0964,-0.24448,-0.69942,0.87825
0.0965,-0.13819,-0.67134,0.73983
0.0966,-0.031483,-0.64249,0.60043
0.0967,0.075513,-0.61283,0.46024
0.0968,0.18266,-0.58231,0.31938
0.0969,0.28984,-0.55088,0.17799
0.097,0.39692,-0.51848,0.03617
0.0971,0.50379,-0.48506,-0.10596
0.0972,0.61032,-0.45061,-0.24827
0.0973,0.71638,-0.41512,-0.39063
0.0974,0.82181,-0.37864,-0.53288
0.0975,0.92646,-0.34122,-0.67482
0.0976,1.0302,-0.30296,-0.81624
0.0977,1.1328,-0.26395,-0.95691
0.0978,1.2341,-0.22433,-1.0966
0.0979,1.3341,-0.18424,-1.235
0.098,1.4324,-0.14384,-1.3719
0.0981,1.529,-0.10326,-1.5071
0.0982,1.6237,-0.062662,-1.6403
0.0983,1.7164,-0.022171,-1.7712
0.0984,1.8069,0.018084,-1.8996
0.0985,1.8951,0.057996,-2.0254
0.0986,1.9809,0.097474,-2.1482
0.0987,2.064,0.13645,-2.268
0.0988,2.1445,0.17487,-2.3847
0.0989,2.222,0.21271,-2.498
0.099,2.2966,0.24995,-2.6079
0.0991,2.368,0.28658,-2.7144
0.0992,2.4363,0.32262,-2.8173
0.0993,2.5012,0.35807,-2.9165
0.0994,2.5626,0.39294,-3.0121
0.0995,2.6206,0.42722,-3.1039
0.0996,2.6749,0.46089,-3.1919
0.0997,2.7255,0.49391,-3.2758
0.0998,2.7723,0.52623,-3.3556
0.0999,2.8151,0.55776,-3.4311
0.1,2.8539,0.58844,-3.5021
0.1001,2.8885,0.61815,-3.5684
0.1002,2.919,0.64682,-3.6299
0.1003,2.9452,0.67434,-3.6863
0.1004,2.9671,0.70065,-3.7376
0.1005,2.9847,0.72566,-3.7836
0.1006,2.9981,0.74933,-3.8243
0.1007,3.0072,0.77162,-3.8595
0.1008,3.0121,0.79253,-3.8894
0.1009,3.0128,0.81203,-3.9138
0.101,3.0094,0.83015,-3.9328
0.1011,3.002,0.8469,-3.9464
0.1012,2.9905,0.86232,-3.9547
0.1013,2.975,0.87642,-3.9577
0.1014,2.9556,0.88924,-3.9554
0.1015,2.9323,0.90079,-3.9479
0.1016,2.9051,0.91112,-3.9351
0.1017,2.8741,0.92024,-3.9172
0.1018,2.8393,0.92814,-3.894
0.1019,2.8008,0.93479,-3.8657
0.102,2.7586,0.94016,-3.8322
0.1021,2.7127,0.94422,-3.7935
0.1022,2.6632,0.94691,-3.7494
0.1023,2.6102,0.94817,-3.7001
0.1024,2.5536,0.94797,-3.6455
0.1025,2.4936,0.94628,-3.5855
0.1026,2.4302,0.94306,-3.5203
0.1027,2.3634,0.93832,-3.4498
0.1028,2.2934,0.93207,-3.3742
0.1029,2.2204,0.92433,-3.2937
0.103,2.1443,0.91515,-3.2083
0.1031,2.0653,0.90459,-3.1184
0.1032,1.9837,0.8927,-3.024
0.1033,1.8994,0.87956,-2.9255
0.1034,1.8127,0.86523,-2.8231
0.1035,1.7236,0.84977,-2.7168
0.1036,1.6322,0.83323,-2.6071
0.1037,1.5388,0.81565,-2.4939
0.1038,1.4434,0.79706,-2.3776
0.1039,1.346,0.77747,-2.2582
0.104,1.247,0.75689,-2.1359
0.1041,1.1463,0.73531,-2.0108
0.1042,1.044,0.71273,-1.8832
0.1043,0.94039,0.68911,-1.7531
0.1044,0.83547,0.66444,-1.6206
0.1045,0.7294,0.63871,-1.4859
0.1046,0.62232,0.61189,-1.3493
0.1047,0.51438,0.58398,-1.2107
0.1048,0.40571,0.55499,-1.0705
0.1049,0.29646,0.52493,-0.92873
0.105,0.18679,0.49382,-0.7857
0.1051,0.076854,0.46173,-0.6416
0.1052,-0.033187,0.4287,-0.4967
0.1053,-0.14316,0.39481,-0.35124
0.1054,-0.25289,0.36013,-0.2055
0.1055,-0.36222,0.32475,-0.059751
0.1056,-0.47096,0.28875,0.085751
0.1057,-0.57897,0.2522,0.23076
0.1058,-0.68609,0.21518,0.37506
0.1059,-0.79217,0.17776,0.51844
0.106,-0.89709,0.13999,0.66072
0.1061,-1.0007,0.10193,0.80175
0.1062,-1.1029,0.063607,0.94139
0.1063,-1.2036,0.025073,1.0795
0.1064,-1.3026,-0.013638,1.2159
0.1065,-1.3999,-0.052488,1.3506
0.1066,-1.4952,-0.091438,1.4833
0.1067,-1.5885,-0.13044,1.6139
0.1068,-1.6795,-0.16945,1.7423
0.1069,-1.7683,-0.2084,1.8683
0.107,-1.8546,-0.24722,1.9917
0.1071,-1.9383,-0.28583,2.1123
0.1072,-2.0193,-0.32414,2.2299
0.1073,-2.0974,-0.36207,2.3444
0.1074,-2.1724,-0.39951,2.4554
0.1075,-2.2443,-0.43638,2.5629
0.1076,-2.3129,-0.47257,2.6665
0.1077,-2.378,-0.50799,2.7662
0.1078,-2.4395,-0.54259,2.8617
0.1079,-2.4974,-0.57628,2.9528
0.108,-2.5515,-0.60903,3.0396
0.1081,-2.6017,-0.6408,3.1217
0.1082,-2.6479,-0.67157,3.1993
0.1083,-2.6902,-0.70134,3.2722
0.1084,-2.7284,-0.73012,3.3403
0.1085,-2.7625,-0.75791,3.4038
0.1086,-2.7926,-0.78472,3.4625
0.1087,-2.8186,-0.81055,3.5164
0.1088,-2.8406,-0.83541,3.5655
0.1089,-2.8584,-0.85927,3.6097
0.109,-2.8722,-0.88209,3.649
0.1091,-2.8819,-0.90385,3.6833
0.1092,-2.8875,-0.92447,3.7125
0.1093,-2.889,-0.94391,3.7365
0.1094,-2.8863,-0.96209,3.7552
0.1095,-2.8795,-0.97894,3.7685
0.1096,-2.8686,-0.9944,3.7764
0.1097,-2.8536,-1.0084,3.7787
0.1098,-2.8346,-1.021,3.7754
0.1099,-2.8115,-1.0321,3.7665
0.11,-2.7845,-1.0418,3.7521
0.1101,-2.7535,-1.0499,3.7321
0.1102,-2.7187,-1.0565,3.7065
0.1103,-2.68,-1.0616,3.6754
0.1104,-2.6376,-1.0653,3.6389
0.1105,-2.5915,-1.0676,3.5971
0.1106,-2.5419,-1.0686,3.5501
0.1107,-2.4887,-1.0682,3.4979
0.1108,-2.4321,-1.0666,3.4407
0.1109,-2.3722,-1.0638,3.3785
0.111,-2.3091,-1.0597,3.3114
0.1111,-2.2428,-1.0545,3.2396
0.1112,-2.1734,-1.0481,3.1631
0.1113,-2.101,-1.0404,3.082
0.1114,-2.0258,-1.0316,2.9963
0.1115,-1.9477,-1.0215,2.9062
0.1116,-1.8668,-1.0102,2.8116
0.1117,-1.7834,-0.99759,2.7129
0.1118,-1.6974,-0.98372,2.6099
0.1119,-1.609,-0.96857,2.503
0.112,-1.5183,-0.95215,2.3922
0.1121,-1.4255,-0.93448,2.2778
0.1122,-1.3307,-0.91561,2.1599
0.1123,-1.234,-0.89557,2.0388
0.1124,-1.1356,-0.87442,1.9148
0.1125,-1.0356,-0.85222,1.7879
0.1126,-0.93411,-0.82903,1.6586
0.1127,-0.83138,-0.8049,1.5269
0.1128,-0.72751,-0.77989,1.3933
0.1129,-0.62266,-0.75403,1.2578
0.113,-0.51697,-0.72733,1.1207
0.1131,-0.41058,-0.69982,0.98219
0.1132,-0.30366,-0.67147,0.84247
0.1133,-0.19634,-0.64225,0.70172
0.1134,-0.088762,-0.61213,0.56011
0.1135,0.018928,-0.58108,0.41779
0.1136,0.12659,-0.54904,0.27493
0.1137,0.23409,-0.51598,0.13167
0.1138,0.28302,-0.49537,0.06003
0.1139,0.29038,-0.48432,0.040165
0.114,0.29732,-0.47262,0.020729
0.1141,0.30327,-0.45962,0.0015758
0.1142,0.30784,-0.44494,-0.017286
0.1143,0.31139,-0.42904,-0.035824
0.1144,0.31463,-0.41247,-0.054249
0.1145,0.31725,-0.39502,-0.07252
0.1146,0.3185,-0.37621,-0.090407
0.1147,0.31867,-0.35635,-0.10796
0.1148,0.31869,-0.33627,-0.12534
0.1149,0.31873,-0.31641,-0.14233
0.115,0.3186,-0.29677,-0.15878
0.1151,0.31817,-0.27709,-0.17482
0.1152,0.3172,-0.25718,-0.19045
0.1153,0.31561,-0.23716,-0.20553
0.1154,0.3138,-0.21733,-0.22015
0.1155,0.31182,-0.19771,-0.23441
0.1156,0.30924,-0.17806,-0.24817
0.1157,0.30589,-0.15835,-0.26134
0.1158,0.30209,-0.13888,-0.27398
0.1159,0.29787,-0.11985,-0.28598
0.116,0.29285,-0.10103,-0.29724
0.1161,0.28684,-0.082048,-0.30797
0.1162,0.27976,-0.062686,-0.31836
0.1163,0.27159,-0.042987,-0.32835
0.1164,0.26237,-0.02299,-0.33793
0.1165,0.25197,-0.0025585,-0.34709
0.1166,0.24014,0.018356,-0.35564
0.1167,0.22716,0.039361,-0.3635
0.1168,0.21366,0.05992,-0.37076
0.1169,0.19967,0.079907,-0.37734
0.117,0.1848,0.099525,-0.38309
0.1171,0.16917,0.11884,-0.38816
0.1172,0.15313,0.1377,-0.39273
0.1173,0.13675,0.15601,-0.39672
0.1174,0.1201,0.17372,-0.40011
0.1175,0.10343,0.19082,-0.40305
0.1176,0.086649,0.20735,-0.40544
0.1177,0.069593,0.22329,-0.40702
0.1178,0.052424,0.23853,-0.40782
0.1179,0.035262,0.2531,-0.40794
0.118,0.017852,0.2672,-0.40731
0.1181,2.4824e-05,0.28105,-0.40594
0.1182,-0.018098,0.29477,-0.40404
0.1183,-0.03652,0.30839,-0.40158
0.1184,-0.055338,0.32189,-0.39841
0.1185,-0.074449,0.33521,-0.39457
0.1186,-0.093696,0.34828,-0.39011
0.1187,-0.113,0.36094,-0.38491
0.1188,-0.13222,0.37302,-0.37893
0.1189,-0.15136,0.38457,-0.37219
0.119,-0.17061,0.39576,-0.36465
0.1191,-0.18993,0.40653,-0.35627
0.1192,-0.20896,0.4166,-0.34712
0.1193,-0.22754,0.42583,-0.33717
0.1194,-0.24575,0.43421,-0.32628
0.1195,-0.2635,0.44163,-0.31445
0.1196,-0.28067,0.44801,-0.30168
0.1197,-0.29733,0.45336,-0.28794
0.1198,-0.31353,0.45775,-0.27328
0.1199,-0.32924,0.46133,-0.25795
0.12,-0.34462,0.46431,-0.24204
0.1201,-0.35994,0.46693,-0.22559
0.1202,-0.37521,0.46925,-0.20871
0.1203,-0.3904,0.47127,-0.19147
0.1204,-0.40559,0.47294,-0.17378
0.1205,-0.4207,0.47418,-0.15566
0.1206,-0.43556,0.47493,-0.13723
0.1207,-0.45015,0.47515,-0.11849
0.1208,-0.46452,0.47485,-0.099438
0.1209,-0.47855,0.47406,-0.080228
0.121,-0.49219,0.47278,-0.060989
0.1211,-0.5054,0.47093,-0.041713
0.1212,-0.51797,0.46831,-0.022447
0.1213,-0.52976,0.46481,-0.0032555
0.1214,-0.54086,0.46037,0.015977
0.1215,-0.55133,0.4549,0.035363
0.1216,-0.561,0.44829,0.054848
0.1217,-0.56985,0.4405,0.074389
0.1218,-0.57802,0.43162,0.094017
0.1219,-0.58554,0.42175,0.11364
0.122,-0.59241,0.41098,0.13314
0.1221,-0.59877,0.39944,0.15252
0.1222,-0.60471,0.38717,0.17179
0.1223,-0.61013,0.3742,0.19087
0.1224,-0.61508,0.36057,0.20973
0.1225,-0.61968,0.34642,0.22839
