0.1,0.685,0.0075534,-0.6648
0.1001,0.6695,0.036941,-0.67955
0.1002,0.65286,0.066332,-0.69355
0.1003,0.63514,0.095642,-0.70677
0.1004,0.61641,0.12478,-0.71916
0.1005,0.59674,0.15367,-0.73066
0.1006,0.57618,0.18223,-0.74123
0.1007,0.55481,0.21038,-0.75081
0.1008,0.53266,0.23806,-0.75936
0.1009,0.5098,0.26523,-0.76684
0.101,0.48626,0.29186,-0.77323
0.1011,0.46207,0.31793,-0.77851
0.1012,0.43728,0.34344,-0.78267
0.1013,0.41189,0.3684,-0.78572
0.1014,0.38596,0.39285,-0.78767
0.1015,0.35951,0.41681,-0.78853
0.1016,0.33257,0.44028,-0.78831
0.1017,0.30518,0.46329,-0.78704
0.1018,0.2774,0.48582,-0.78473
0.1019,0.24927,0.50785,-0.78137
0.102,0.22085,0.52937,-0.77697
0.1021,0.1922,0.55032,-0.7715
0.1022,0.16336,0.57067,-0.76492
0.1023,0.13441,0.59035,-0.75722
0.1024,0.10539,0.60931,-0.74835
0.1025,0.076361,0.62747,-0.73825
0.1026,0.047354,0.64477,-0.72689
0.1027,0.01841,0.66117,-0.71426
0.1028,-0.010444,0.67661,-0.70032
0.1029,-0.039185,0.69107,-0.68509
0.103,-0.067797,0.70452,-0.66858
0.1031,-0.096265,0.71695,-0.65083
0.1032,-0.12457,0.72836,-0.63189
0.1033,-0.15271,0.73879,-0.61183
0.1034,-0.18066,0.74824,-0.59074
0.1035,-0.20839,0.75674,-0.5687
0.1036,-0.23587,0.76433,-0.54581
0.1037,-0.26307,0.77103,-0.52216
0.1038,-0.28994,0.77685,-0.49785
0.1039,-0.31643,0.7818,-0.47298
0.104,-0.3425,0.78589,-0.44762
0.1041,-0.36809,0.78908,-0.42183
0.1042,-0.39316,0.79137,-0.39569
0.1043,-0.41768,0.79269,-0.36922
0.1044,-0.44158,0.79299,-0.34246
0.1045,-0.46482,0.79222,-0.31544
0.1046,-0.48737,0.7903,-0.28814
0.1047,-0.50919,0.78719,-0.26058
0.1048,-0.53026,0.78281,-0.23275
0.1049,-0.55057,0.77712,-0.20465
0.105,-0.57012,0.77007,-0.17628
0.1051,-0.5889,0.76166,-0.14764
0.1052,-0.60691,0.75187,-0.11876
0.1053,-0.62415,0.74072,-0.089668
0.1054,-0.64064,0.72823,-0.060404
0.1055,-0.65635,0.71447,-0.031021
0.1056,-0.79535,0.8916,-0.068143
0.1057,-0.86625,0.95515,-0.060408
0.1058,-0.91532,0.98819,-0.043652
0.1059,-0.97983,1.0401,-0.029313
0.106,-1.0533,1.1065,-0.020576
0.1061,-1.11,1.1487,-0.0047226
0.1062,-1.1511,1.1702,0.0173
0.1063,-1.2179,1.2224,0.034768
0.1064,-1.3199,1.3252,0.037431
0.1065,-1.4257,1.4361,0.037002
0.1066,-1.5085,1.5179,0.043101
0.1067,-1.5721,1.5717,0.05801
0.1068,-1.6199,1.6055,0.077781
0.1069,-1.6679,1.638,0.099337
0.107,-1.7092,1.6618,0.12326
0.1071,-1.7415,1.6727,0.15154
0.1072,-1.7764,1.6881,0.1786
0.1073,-1.8266,1.7262,0.19925
0.1074,-1.8941,1.792,0.21035
0.1075,-1.9657,1.8671,0.2168
0.1076,-2.0214,1.9233,0.22663
0.1077,-2.0559,1.9502,0.2448
0.1078,-2.0793,1.9615,0.26774
0.1079,-2.0999,1.969,0.292
0.108,-2.1124,1.9673,0.31794
0.1081,-2.1136,1.9515,0.34727
0.1082,-2.1162,1.9397,0.37472
0.1083,-2.1383,1.956,0.39391
0.1084,-2.1757,1.9958,0.40491
0.1085,-2.2083,2.0307,0.41603
0.1086,-2.2251,2.0442,0.43259
0.1087,-2.2318,2.0428,0.45394
0.1088,-2.2324,2.0333,0.47728
0.1089,-2.2213,2.0093,0.5038
0.109,-2.1963,1.9678,0.53414
0.1091,-2.1683,1.923,0.56508
0.1092,-2.1495,1.8927,0.59067
0.1093,-2.142,1.8805,0.60943
0.1094,-2.1392,1.8771,0.62377
0.1095,-2.1341,1.8723,0.63722
0.1096,-2.121,1.858,0.65202
0.1097,-2.0964,1.8289,0.67008
0.1098,-2.0615,1.7863,0.69126
0.1099,-2.0164,1.7306,0.71524
0.11,-1.9636,1.6655,0.74074
0.1101,-1.9081,1.5982,0.76539
0.1102,-1.8578,1.5394,0.78639
0.1103,-1.8179,1.4962,0.80173
0.1104,-1.784,1.4621,0.81335
0.1105,-1.7478,1.4245,0.82536
0.1106,-1.7051,1.3768,0.8403
0.1107,-1.6559,1.3188,0.85804
0.1108,-1.5988,1.2498,0.87819
0.1109,-1.531,1.1669,0.90075
0.111,-1.4548,1.0733,0.92453
0.1111,-1.3791,0.98064,0.94647
0.1112,-1.311,0.89829,0.96405
0.1113,-1.2508,0.82533,0.97764
0.1114,-1.1942,0.75474,0.98945
0.1115,-1.1376,0.68038,1.0008
0.1116,-1.0776,0.59627,1.0125
0.1117,-1.0099,0.49333,1.0251
0.1118,-0.93231,0.3594,1.0395
0.1119,-0.84693,0.1758,1.0562
0.112,-0.75997,-0.090295,1.0752
0.1121,-0.67864,-0.46304,1.0969
0.1122,-0.60819,-0.89221,1.1207
0.1123,-0.54897,-1.2794,1.145
0.1124,-0.49624,-1.5775,1.1682
0.1125,-0.44347,-1.7984,1.1902
0.1126,-0.38522,-1.9703,1.2105
0.1127,-0.31774,-2.1227,1.2276
0.1128,-0.24065,-2.2884,1.2429
0.1129,-0.15684,-2.4883,1.2597
0.113,-0.071097,-2.7173,1.278
0.1131,0.011223,-2.958,1.2945
0.1132,0.08625,-3.1919,1.3071
0.1133,0.15474,-3.3953,1.3163
0.1134,0.22084,-3.5442,1.3214
0.1135,0.2889,-3.6298,1.3204
0.1136,0.36335,-3.6638,1.3126
0.1137,0.44915,-3.6792,1.2981
0.1138,0.54681,-3.7213,1.279
0.1139,0.64999,-3.821,1.2592
0.114,0.74987,-3.973,1.2424
0.1141,0.84053,-4.1424,1.2299
0.1142,0.91936,-4.2832,1.221
0.1143,0.98747,-4.3511,1.213
0.1144,1.0502,-4.3193,1.202
0.1145,1.1147,-4.1893,1.1842
0.1146,1.1862,-3.9804,1.1585
0.1147,1.2666,-3.7198,1.1262
0.1148,1.3543,-3.4472,1.0906
0.1149,1.445,-3.2094,1.0557
0.115,1.5326,-3.0338,1.024
0.1151,1.6119,-2.9179,0.99538
0.1152,1.6801,-2.84,0.96878
0.1153,1.7384,-2.7721,0.94272
0.1154,1.7917,-2.6921,0.91381
0.1155,1.846,-2.5984,0.87766
0.1156,1.905,-2.5099,0.83355
0.1157,1.9697,-2.4464,0.78525
0.1158,2.0374,-2.4134,0.73816
0.1159,2.1012,-2.4043,0.6972
0.116,2.1547,-2.4094,0.66563
0.1161,2.1943,-2.4201,0.64372
0.1162,2.2201,-2.4301,0.62861
0.1163,2.2345,-2.4356,0.61636
0.1164,2.2411,-2.4356,0.60348
0.1165,2.2452,-2.4324,0.58759
0.1166,2.2506,-2.4293,0.56827
0.1167,2.2584,-2.4292,0.54712
0.1168,2.2681,-2.4333,0.52666
0.1169,2.2767,-2.4405,0.50902
0.117,2.2803,-2.4471,0.49515
0.1171,2.2761,-2.4487,0.48402
0.1172,2.2649,-2.4426,0.47259
0.1173,2.2499,-2.4276,0.45684
0.1174,2.2353,-2.404,0.43321
0.1175,2.2244,-2.3732,0.39999
0.1176,2.2187,-2.3385,0.35896
0.1177,2.2166,-2.3042,0.31517
0.1178,2.2141,-2.2722,0.27425
0.1179,2.2062,-2.2414,0.23965
0.118,2.1894,-2.2097,0.2123
0.1181,2.1627,-2.1745,0.19104
0.1182,2.1266,-2.134,0.17323
0.1183,2.0829,-2.0869,0.15571
0.1184,2.0342,-2.0341,0.13658
0.1185,1.9836,-1.9785,0.11577
0.1186,1.9329,-1.9232,0.094583
0.1187,1.8823,-1.8698,0.075086
0.1188,1.8304,-1.8186,0.059451
0.1189,1.7755,-1.7683,0.048742
0.119,1.7159,-1.7165,0.042074
0.1191,1.6513,-1.66,0.036598
0.1192,1.5833,-1.5968,0.028606
0.1193,1.5147,-1.5263,0.014749
0.1194,1.4482,-1.4497,-0.0065881
0.1195,1.3853,-1.369,-0.034655
0.1196,1.3263,-1.2875,-0.066393
0.1197,1.2699,-1.2079,-0.097804
0.1198,1.2136,-1.1309,-0.12558
0.1199,1.1547,-1.0549,-0.14836
0.12,1.091,-0.97765,-0.1665
0.1201,1.0218,-0.89713,-0.18154
0.1202,0.94696,-0.81195,-0.19537
0.1203,0.86748,-0.72193,-0.20965
0.1204,0.78494,-0.62868,-0.22468
0.1205,0.70111,-0.53534,-0.23922
0.1206,0.61674,-0.44481,-0.25088
0.1207,0.53156,-0.35866,-0.25743
0.1208,0.44478,-0.27687,-0.25763
0.1209,0.35605,-0.19806,-0.25212
0.121,0.26558,-0.11959,-0.24343
0.1211,0.17436,-0.038411,-0.23537
0.1212,0.083791,0.047444,-0.23135
0.1213,-0.0045303,0.13796,-0.23311
0.1214,-0.089782,0.23148,-0.24013
0.1215,-0.17186,0.32542,-0.25016
0.1216,-0.25123,0.417,-0.26009
0.1217,-0.32844,0.50413,-0.26723
0.1218,-0.40441,0.58643,-0.27027
0.1219,-0.48004,0.66518,-0.2696
0.122,-0.55604,0.74229,-0.26665
0.1221,-0.63264,0.81945,-0.26314
0.1222,-0.71006,0.89774,-0.26021
0.1223,-0.78824,0.97729,-0.25814
0.1224,-0.86702,1.0568,-0.25581
0.1225,-0.94607,1.1341,-0.25107
0.1226,-1.0254,1.2069,-0.24155
0.1227,-1.1052,1.2741,-0.22588
0.1228,-1.1851,1.3356,-0.20423
0.1229,-1.2641,1.392,-0.17786
0.123,-1.3418,1.4464,-0.15105
0.1231,-1.4168,1.5002,-0.12585
0.1232,-1.4884,1.5546,-0.10439
0.1233,-1.5561,1.6096,-0.087219
0.1234,-1.6196,1.6642,-0.073298
0.1235,-1.6784,1.7162,-0.060454
0.1236,-1.734,1.7653,-0.046857
0.1237,-1.7851,1.8097,-0.031549
0.1238,-1.832,1.8497,-0.01477
0.1239,-1.8753,1.8864,0.0027884
0.124,-1.9155,1.9214,0.019728
0.1241,-1.9528,1.9557,0.034987
0.1242,-1.9879,1.9893,0.04861
0.1243,-2.0217,2.0217,0.061837
0.1244,-2.0547,2.052,0.076315
0.1245,-2.087,2.0781,0.093987
0.1246,-2.1181,2.0986,0.11619
0.1247,-2.1474,2.1129,0.14309
0.1248,-2.1742,2.1215,0.17336
0.1249,-2.198,2.126,0.20488
0.125,-2.2182,2.128,0.23548
0.1251,-2.2348,2.1286,0.26393
0.1252,-2.2481,2.1283,0.28975
0.1253,-2.258,2.1269,0.31326
0.1254,-2.2641,2.1234,0.33537
0.1255,-2.2662,2.1165,0.35725
0.1256,-2.2634,2.1051,0.37932
0.1257,-2.2549,2.0892,0.40124
0.1258,-2.2406,2.0692,0.42219
0.1259,-2.2209,2.0463,0.44143
0.126,-2.1966,2.0216,0.45827
0.1261,-2.1688,1.996,0.47267
0.1262,-2.1388,1.9694,0.48554
0.1263,-2.1078,1.9412,0.49857
0.1264,-2.0765,1.9102,0.51345
0.1265,-2.0448,1.8749,0.53146
0.1266,-2.0121,1.8341,0.55303
0.1267,-1.9776,1.7876,0.57761
0.1268,-1.9405,1.7361,0.60381
0.1269,-1.9004,1.6807,0.6301
0.127,-1.8574,1.6229,0.65531
0.1271,-1.8121,1.5637,0.679
0.1272,-1.765,1.5036,0.70123
0.1273,-1.7164,1.4426,0.72241
0.1274,-1.6657,1.3799,0.74296
0.1275,-1.6122,1.3146,0.76306
0.1276,-1.5551,1.246,0.78246
0.1277,-1.4934,1.1738,0.8005
0.1278,-1.4271,1.0982,0.81641
0.1279,-1.3565,1.0198,0.82978
0.128,-1.2828,0.93917,0.84056
0.1281,-1.2071,0.85649,0.84924
0.1282,-1.1306,0.77102,0.85676
0.1283,-1.0544,0.6808,0.86438
0.1284,-0.97894,0.58207,0.87325
0.1285,-0.90422,0.46815,0.88417
0.1286,-0.83009,0.32683,0.89752
0.1287,-0.75687,0.1364,0.91368
0.1288,-0.68534,-0.12671,0.93302
0.1289,-0.61604,-0.44746,0.9554
0.129,-0.54875,-0.76199,0.97966
0.1291,-0.48268,-1.0207,1.0042
0.1292,-0.41703,-1.2212,1.0278
0.1293,-0.35076,-1.3863,1.0497
0.1294,-0.28222,-1.5421,1.0686
0.1295,-0.21068,-1.7125,1.0842
0.1296,-0.13718,-1.9137,1.0981
0.1297,-0.062447,-2.1454,1.1113
0.1298,0.014031,-2.3935,1.1227
0.1299,0.092327,-2.6386,1.131
0.13,0.17156,-2.8581,1.1362
0.1301,0.25138,-3.0297,1.1383
0.1302,0.33238,-3.1429,1.1362
0.1303,0.41535,-3.2052,1.1293
0.1304,0.50098,-3.2398,1.1175
0.1305,0.58913,-3.2789,1.1016
0.1306,0.67786,-3.349,1.0841
0.1307,0.76424,-3.4533,1.0683
0.1308,0.84629,-3.5681,1.056
0.1309,0.92361,-3.6555,1.0466
0.131,0.99721,-3.6785,1.0382
0.1311,1.0694,-3.6148,1.0276
0.1312,1.143,-3.4659,1.0115
0.1313,1.2195,-3.2552,0.98802
0.1314,1.2994,-3.0176,0.95751
0.1315,1.3812,-2.7937,0.92241
0.1316,1.4627,-2.6205,0.88613
0.1317,1.5413,-2.5116,0.85145
0.1318,1.6157,-2.4539,0.81941
0.1319,1.6854,-2.4246,0.7898
0.132,1.75,-2.4027,0.76181
0.1321,1.8107,-2.3747,0.73332
0.1322,1.8699,-2.3398,0.70141
0.1323,1.9285,-2.3073,0.66498
0.1324,1.9855,-2.2849,0.62596
0.1325,2.0388,-2.2745,0.5878
0.1326,2.0859,-2.2747,0.55416
0.1327,2.1242,-2.2827,0.52816
0.1328,2.1526,-2.2959,0.51086
0.1329,2.1723,-2.3112,0.50036
0.133,2.1855,-2.326,0.49305
0.1331,2.1947,-2.3382,0.48526
0.1332,2.2024,-2.3465,0.47392
0.1333,2.21,-2.3509,0.45739
0.1334,2.2177,-2.3521,0.43636
0.1335,2.2243,-2.3511,0.41315
0.1336,2.2287,-2.3487,0.3901
0.1337,2.2298,-2.3447,0.36848
0.1338,2.2276,-2.3386,0.34831
0.1339,2.2229,-2.3293,0.32821
0.134,2.217,-2.3156,0.30571
0.1341,2.2113,-2.2962,0.27826
0.1342,2.2066,-2.2708,0.24473
0.1343,2.2019,-2.24,0.20636
0.1344,2.1947,-2.2053,0.16652
0.1345,2.1822,-2.1683,0.12926
0.1346,2.1623,-2.1305,0.097828
0.1347,2.1339,-2.0926,0.0737
0.1348,2.0976,-2.0544,0.056327
0.1349,2.055,-2.0153,0.043423
0.135,2.0081,-1.974,0.032045
0.1351,1.9587,-1.9299,0.019758
0.1352,1.9077,-1.8825,0.005336
0.1353,1.8555,-1.8318,-0.011145
0.1354,1.8017,-1.7782,-0.028458
0.1355,1.7455,-1.7222,-0.044978
0.1356,1.6866,-1.6642,-0.059698
0.1357,1.6253,-1.604,-0.072898
0.1358,1.5627,-1.5413,-0.086027
0.1359,1.5003,-1.4756,-0.10126
0.136,1.4395,-1.4063,-0.1207
0.1361,1.3809,-1.3331,-0.14541
0.1362,1.3242,-1.2564,-0.17473
0.1363,1.2678,-1.1769,-0.20633
0.1364,1.2097,-1.0958,-0.23708
0.1365,1.1479,-1.0138,-0.26416
0.1366,1.0813,-0.93164,-0.28595
0.1367,1.0098,-0.84924,-0.30234
0.1368,0.93399,-0.76638,-0.31436
0.1369,0.85469,-0.68273,-0.32364
0.137,0.77291,-0.59806,-0.33166
0.1371,0.68936,-0.51246,-0.33922
0.1372,0.60425,-0.42629,-0.34609
0.1373,0.51751,-0.34002,-0.35135
0.1374,0.42904,-0.25407,-0.35401
0.1375,0.33912,-0.1686,-0.35369
0.1376,0.24853,-0.083422,-0.35094
0.1377,0.15859,0.0019399,-0.3474
0.1378,0.070836,0.088084,-0.34528
0.1379,-0.013494,0.17548,-0.34658
0.138,-0.093998,0.26426,-0.35215
0.1381,-0.17116,0.35409,-0.3615
0.1382,-0.24617,0.44424,-0.3729
0.1383,-0.32053,0.53374,-0.38398
0.1384,-0.39557,0.62164,-0.39246
0.1385,-0.47196,0.70725,-0.39701
0.1386,-0.54971,0.79023,-0.39744
0.1387,-0.62836,0.87062,-0.39438
0.1388,-0.70743,0.94865,-0.38883
0.1389,-0.78654,1.0247,-0.38166
0.139,-0.86564,1.099,-0.37324
0.1391,-0.94497,1.1715,-0.36323
0.1392,-1.025,1.2421,-0.35069
0.1393,-1.106,1.3104,-0.33478
0.1394,-1.1877,1.3759,-0.31518
0.1395,-1.2691,1.4384,-0.29246
0.1396,-1.3488,1.4979,-0.26806
0.1397,-1.4251,1.5548,-0.24402
0.1398,-1.4966,1.6094,-0.22227
0.1399,-1.5624,1.6622,-0.20401
0.14,-1.6227,1.7134,-0.18934
0.1401,-1.6781,1.7634,-0.1774
0.1402,-1.7298,1.8119,-0.16677
0.1403,-1.7786,1.8587,-0.15598
0.1404,-1.8252,1.9035,-0.14398
0.1405,-1.8698,1.9459,-0.13043
0.1406,-1.9123,1.9857,-0.11554
0.1407,-1.9525,2.0226,-0.099711
0.1408,-1.9904,2.0565,-0.083193
0.1409,-2.0262,2.0873,-0.065878
0.141,-2.0605,2.1147,-0.047188
0.1411,-2.0938,2.1385,-0.02628
0.1412,-2.1266,2.1586,-0.0023805
0.1413,-2.1587,2.1749,0.024753
0.1414,-2.1896,2.1873,0.054649
0.1415,-2.2183,2.1962,0.086125
0.1416,-2.2434,2.2019,0.11762
0.1417,-2.2638,2.2047,0.14761
0.1418,-2.2789,2.205,0.17506
0.1419,-2.2883,2.2029,0.19962
0.142,-2.2925,2.1984,0.22162
0.1421,-2.2919,2.1915,0.24172
0.1422,-2.2869,2.1819,0.26064
0.1423,-2.2777,2.1697,0.27882
0.1424,-2.2644,2.1548,0.29636
0.1425,-2.247,2.1372,0.31308
0.1426,-2.2256,2.117,0.32883
0.1427,-2.2006,2.0941,0.34364
0.1428,-2.1725,2.0685,0.35801
0.1429,-2.1423,2.0398,0.37281
0.143,-2.1112,2.0077,0.38916
0.1431,-2.0797,1.9719,0.40804
0.1432,-2.0483,1.932,0.42997
0.1433,-2.0167,1.888,0.45484
0.1434,-1.9842,1.84,0.48184
0.1435,-1.9496,1.7883,0.50974
0.1436,-1.9121,1.7333,0.53726
0.1437,-1.871,1.6757,0.56342
0.1438,-1.8261,1.6159,0.58768
0.1439,-1.7774,1.5541,0.60995
0.144,-1.7252,1.4905,0.63042
0.1441,-1.6699,1.4252,0.64934
0.1442,-1.6114,1.3581,0.66678
0.1443,-1.5496,1.2891,0.68259
0.1444,-1.4843,1.218,0.69651
0.1445,-1.4156,1.1448,0.70834
0.1446,-1.3435,1.0693,0.71809
0.1447,-1.2686,0.99125,0.72615
0.1448,-1.1919,0.91013,0.73331
0.1449,-1.1144,0.82525,0.74059
0.145,-1.0371,0.73544,0.74901
0.1451,-0.96087,0.6389,0.75932
0.1452,-0.88607,0.53276,0.7719
0.1453,-0.81269,0.41242,0.78665
0.1454,-0.74054,0.27075,0.80325
0.1455,-0.66936,0.098642,0.8213
0.1456,-0.599,-0.10869,0.84052
0.1457,-0.52922,-0.34116,0.86052
0.1458,-0.4597,-0.57706,0.88079
0.1459,-0.39003,-0.80024,0.90076
0.146,-0.31978,-1.0088,0.91985
0.1461,-0.24842,-1.2098,0.93735
0.1462,-0.17541,-1.4122,0.95252
0.1463,-0.10055,-1.6219,0.96501
0.1464,-0.024094,-1.8398,0.97494
0.1465,0.053781,-2.0599,0.98236
0.1466,0.13306,-2.2717,0.98707
0.1467,0.21358,-2.4639,0.98902
0.1468,0.29491,-2.6267,0.9885
0.1469,0.37671,-2.7542,0.98583
0.147,0.4589,-2.8464,0.98099
0.1471,0.54157,-2.9099,0.9738
0.1472,0.62472,-2.9552,0.96418
0.1473,0.70807,-2.9929,0.95236
0.1474,0.79085,-3.0288,0.93908
0.1475,0.87225,-3.059,0.9251
0.1476,0.9518,-3.0717,0.91073
0.1477,1.0296,-3.0529,0.89559
0.1478,1.1064,-2.993,0.87886
0.1479,1.183,-2.8925,0.85947
0.148,1.2601,-2.7624,0.83649
0.1481,1.3379,-2.6214,0.8096
0.1482,1.416,-2.4895,0.77943
0.1483,1.4932,-2.3822,0.74726
0.1484,1.5683,-2.305,0.71455
0.1485,1.6401,-2.2544,0.68239
0.1486,1.7079,-2.2226,0.65139
0.1487,1.7714,-2.2026,0.62173
0.1488,1.8304,-2.1903,0.5933
0.1489,1.8852,-2.1841,0.56568
0.149,1.9361,-2.1834,0.53843
0.1491,1.9832,-2.188,0.51151
0.1492,2.026,-2.1968,0.48551
0.1493,2.0639,-2.2088,0.46138
0.1494,2.0961,-2.2228,0.44011
0.1495,2.1221,-2.238,0.42223
0.1496,2.1422,-2.2531,0.40745
0.1497,2.1574,-2.267,0.39448
0.1498,2.1692,-2.2789,0.38154
0.1499,2.1787,-2.2879,0.36695
0.15,2.1871,-2.2935,0.34963
0.1501,2.1944,-2.2957,0.32931
0.1502,2.2004,-2.2946,0.30651
0.1503,2.2046,-2.2903,0.28212
0.1504,2.2063,-2.2831,0.25698
0.1505,2.2054,-2.2729,0.23151
0.1506,2.2017,-2.2594,0.20578
0.1507,2.1953,-2.2424,0.17949
0.1508,2.1865,-2.2217,0.15223
0.1509,2.1752,-2.1972,0.12378
0.151,2.1612,-2.1691,0.094408
0.1511,2.1438,-2.1378,0.065016
0.1512,2.1219,-2.1038,0.036943
0.1513,2.0946,-2.0677,0.01151
0.1514,2.0614,-2.0299,-0.010422
0.1515,2.0224,-1.9904,-0.028793
0.1516,1.9784,-1.9493,-0.044353
0.1517,1.9306,-1.9063,-0.058395
0.1518,1.8801,-1.8607,-0.072266
0.1519,1.8278,-1.8124,-0.086965
0.152,1.7741,-1.761,-0.10293
0.1521,1.7193,-1.7067,-0.1201
0.1522,1.6632,-1.6495,-0.1381
0.1523,1.6056,-1.5894,-0.15656
0.1524,1.5466,-1.5265,-0.17529
0.1525,1.4863,-1.4608,-0.19445
0.1526,1.4252,-1.3925,-0.21439
0.1527,1.3637,-1.3214,-0.23556
0.1528,1.3018,-1.2479,-0.25816
0.1529,1.2395,-1.172,-0.28196
0.153,1.1762,-1.094,-0.30615
0.1531,1.1112,-1.0144,-0.32955
0.1532,1.0435,-0.9336,-0.35089
0.1533,0.97246,-0.85184,-0.36919
0.1534,0.89784,-0.76935,-0.38408
0.1535,0.81993,-0.68621,-0.39579
0.1536,0.73931,-0.6024,-0.40497
0.1537,0.65669,-0.51787,-0.41241
0.1538,0.57277,-0.43264,-0.41872
0.1539,0.488,-0.34678,-0.42425
0.154,0.40269,-0.26035,-0.42905
0.1541,0.31709,-0.17344,-0.43305
0.1542,0.23144,-0.086035,-0.43623
0.1543,0.14609,0.0018687,-0.43881
0.1544,0.061497,0.090287,-0.4412
0.1545,-0.02186,0.17919,-0.44399
0.1546,-0.10355,0.26846,-0.44771
0.1547,-0.18338,0.35789,-0.45269
0.1548,-0.26146,0.44718,-0.45869
0.1549,-0.33826,0.53591,-0.46508
0.155,-0.41446,0.62366,-0.47083
0.1551,-0.49077,0.70998,-0.47489
0.1552,-0.56773,0.79447,-0.47638
0.1553,-0.64555,0.87687,-0.47489
0.1554,-0.72413,0.95702,-0.47046
0.1555,-0.80317,1.0348,-0.46344
0.1556,-0.88231,1.1103,-0.45427
0.1557,-0.94211,1.1607,-0.44346
0.1558,-0.98927,1.1963,-0.4339
0.1559,-1.0282,1.2206,-0.42334
0.156,-1.0627,1.2361,-0.41176
0.1561,-1.08,1.2334,-0.40186
0.1562,-1.0901,1.2251,-0.39595
0.1563,-1.1109,1.2242,-0.3836
0.1564,-1.1289,1.2183,-0.37394
0.1565,-1.1308,1.2004,-0.37036
0.1566,-1.1308,1.1795,-0.36687
0.1567,-1.1344,1.1572,-0.35771
0.1568,-1.127,1.1279,-0.3532
0.1569,-1.11,1.0926,-0.34877
0.157,-1.093,1.0542,-0.34059
0.1571,-1.0706,1.012,-0.33223
0.1572,-1.0472,0.97422,-0.32764
0.1573,-1.039,0.94944,-0.31747
0.1574,-1.0445,0.93581,-0.30401
0.1575,-1.0519,0.92741,-0.29083
0.1576,-1.063,0.92219,-0.27485
0.1577,-1.0776,0.91443,-0.25157
0.1578,-1.0839,0.89885,-0.22905
0.1579,-1.0831,0.877,-0.20504
0.158,-1.0847,0.85265,-0.17418
0.1581,-1.0843,0.82445,-0.13933
0.1582,-1.0784,0.79521,-0.10812
0.1583,-1.0748,0.76742,-0.075789
0.1584,-1.0684,0.7363,-0.045232
0.1585,-1.0467,0.69631,-0.022815
0.1586,-1.0167,0.65166,-0.0052808
0.1587,-0.98695,0.60343,0.016229
0.1588,-0.94597,0.54699,0.035261
0.1589,-0.89024,0.48211,0.050002
0.159,-0.83624,0.41771,0.068254
0.1591,-0.78981,0.35784,0.092136
0.1592,-0.74521,0.30433,0.11355
0.1593,-0.70977,0.25987,0.13727
0.1594,-0.68851,0.22423,0.16729
0.1595,-0.66737,0.18987,0.19646
0.1596,-0.6392,0.15429,0.22031
0.1597,-0.61345,0.11866,0.24794
0.1598,-0.59009,0.082891,0.27896
0.1599,-0.56197,0.044924,0.30795
0.16,-0.53537,0.0077626,0.33735
0.1601,-0.51629,-0.027915,0.37149
0.1602,-0.49627,-0.063722,0.40272
0.1603,-0.47097,-0.10128,0.42904
0.1604,-0.44458,-0.1405,0.45511
0.1605,-0.413,-0.18493,0.48086
0.1606,-0.36964,-0.23577,0.50131
0.1607,-0.31797,-0.29306,0.52023
0.1608,-0.25991,-0.35647,0.53901
0.1609,-0.19306,-0.42519,0.55442
0.161,-0.12464,-0.49261,0.56713
0.1611,-0.064374,-0.55451,0.58243
0.1612,-0.0098498,-0.61023,0.59687
0.1613,0.042117,-0.66028,0.6076
0.1614,0.083441,-0.68915,0.6041
0.1615,0.12122,-0.70782,0.59071
0.1616,0.15672,-0.71827,0.56999
0.1617,0.18444,-0.723,0.54893
0.1618,0.20185,-0.71355,0.52262
0.1619,0.21352,-0.7001,0.49749
0.162,0.22622,-0.69542,0.4814
0.1621,0.23174,-0.6897,0.46776
0.1622,0.23453,-0.67539,0.44626
0.1623,0.24195,-0.66647,0.42241
0.1624,0.25529,-0.66562,0.39936
0.1625,0.2697,-0.66233,0.37191
0.1626,0.29366,-0.65967,0.33658
0.1627,0.32684,-0.66298,0.29807
0.1628,0.36219,-0.66514,0.25719
0.1629,0.39561,-0.66441,0.21619
0.163,0.43162,-0.67158,0.18131
0.1631,0.46638,-0.68619,0.15564
0.1632,0.49737,-0.69923,0.13303
0.1633,0.52965,-0.7125,0.11039
0.1634,0.56558,-0.7266,0.085707
0.1635,0.59642,-0.73142,0.057701
0.1636,0.62025,-0.72569,0.027999
0.1637,0.63963,-0.71698,0.0020653
0.1638,0.65325,-0.70291,-0.02123
0.1639,0.65747,-0.67963,-0.042956
0.164,0.65678,-0.65404,-0.062077
0.1641,0.65259,-0.62645,-0.080913
0.1642,0.64332,-0.58937,-0.10587
0.1643,0.63218,-0.54916,-0.13382
0.1644,0.62661,-0.51641,-0.16134
0.1645,0.62584,-0.48504,-0.1933
0.1646,0.62866,-0.44975,-0.23336
0.1647,0.63634,-0.41975,-0.2731
0.1648,0.64827,-0.39828,-0.30831
0.1649,0.66016,-0.37831,-0.34123
0.165,0.6737,-0.36274,-0.37059
0.1651,0.69099,-0.35695,-0.39322
0.1652,0.71025,-0.35199,-0.41655
0.1653,0.72877,-0.3403,-0.44551
0.1654,0.74679,-0.32724,-0.47499
0.1655,0.76041,-0.31352,-0.50028
0.1656,0.76677,-0.29344,-0.52417
0.1657,0.76692,-0.26997,-0.54476
0.1658,0.76205,-0.24754,-0.55908
0.1659,0.74957,-0.2206,-0.57024
0.166,0.73107,-0.18612,-0.58298
0.1661,0.70921,-0.14876,-0.59542
0.1662,0.68428,-0.10855,-0.60815
0.1663,0.65702,-0.063151,-0.62449
0.1664,0.63227,-0.017054,-0.64508
0.1665,0.60973,0.027588,-0.66755
0.1666,0.58644,0.073804,-0.69196
0.1667,0.56382,0.11762,-0.71542
0.1668,0.54552,0.1518,-0.73414
0.1669,0.52988,0.17846,-0.7483
0.167,0.51731,0.2011,-0.76163
0.1671,0.5111,0.21736,-0.77478
0.1672,0.5103,0.22954,-0.78895
0.1673,0.50899,0.24415,-0.80456
0.1674,0.50629,0.25908,-0.81867
0.1675,0.50231,0.27052,-0.8277
0.1676,0.49355,0.2835,-0.83339
0.1677,0.47736,0.30125,-0.83641
0.1678,0.45598,0.32022,-0.83562
0.1679,0.42905,0.34225,-0.83252
0.168,0.39522,0.37213,-0.83066
0.1681,0.35678,0.40618,-0.82869
0.1682,0.31753,0.44031,-0.82643
0.1683,0.27713,0.47825,-0.8272
0.1684,0.23584,0.52007,-0.8314
0.1685,0.19519,0.55939,-0.83401
0.1686,0.15552,0.59515,-0.83416
0.1687,0.11681,0.62896,-0.83325
0.1688,0.082287,0.65624,-0.82988
0.1689,0.053617,0.67511,-0.82347
0.169,0.03025,0.69124,-0.81887
0.1691,0.011904,0.70607,-0.81704
0.1692,-0.0015491,0.71558,-0.81362
0.1693,-0.013254,0.72095,-0.80623
0.1694,-0.024991,0.72498,-0.79596
0.1695,-0.036738,0.72544,-0.78072
0.1696,-0.050112,0.72254,-0.75939
0.1697,-0.068183,0.72166,-0.73478
0.1698,-0.090544,0.72408,-0.70919
0.1699,-0.1167,0.72812,-0.68172
0.17,-0.14782,0.73622,-0.6538
0.1701,-0.18355,0.75037,-0.62786
0.1702,-0.22128,0.76816,-0.60404
0.1703,-0.26155,0.78903,-0.58104
0.1704,-0.30527,0.81368,-0.55857
0.1705,-0.34992,0.83806,-0.53495
0.1706,-0.39234,0.85812,-0.50909
0.1707,-0.43199,0.87468,-0.48224
0.1708,-0.46665,0.88745,-0.45637
0.1709,-0.4936,0.89413,-0.43204
0.171,-0.51358,0.8964,-0.41038
0.1711,-0.529,0.89614,-0.39096
0.1712,-0.53961,0.89012,-0.37099
0.1713,-0.54612,0.8772,-0.34851
0.1714,-0.55137,0.86113,-0.32441
0.1715,-0.55692,0.84275,-0.29792
0.1716,-0.56255,0.82054,-0.26776
0.1717,-0.5701,0.79764,-0.23515
0.1718,-0.581,0.77724,-0.20189
0.1719,-0.59445,0.75758,-0.16705
0.172,-0.61,0.73889,-0.13137
0.1721,-0.62912,0.72504,-0.097285
0.1722,-0.65206,0.7161,-0.064711
0.1723,-0.67815,0.70884,-0.031098
0.1724,-0.7072,0.70364,0.002981
0.1725,-0.73804,0.70096,0.035954
