0.1,0.685,0.0075534,-0.6648
0.1001,0.6695,0.036941,-0.67955
0.1002,0.65286,0.066332,-0.69355
0.1003,0.63514,0.095642,-0.70677
0.1004,0.61641,0.12478,-0.71916
0.1005,0.59674,0.15367,-0.73066
0.1006,0.57618,0.18223,-0.74123
0.1007,0.55481,0.21038,-0.75081
0.1008,0.53266,0.23806,-0.75936
0.1009,0.5098,0.26523,-0.76684
0.101,0.48626,0.29186,-0.77323
0.1011,0.46207,0.31793,-0.77851
0.1012,0.43728,0.34344,-0.78267
0.1013,0.41189,0.3684,-0.78572
0.1014,0.38596,0.39285,-0.78767
0.1015,0.35951,0.41681,-0.78853
0.1016,0.33257,0.44028,-0.78831
0.1017,0.30518,0.46329,-0.78704
0.1018,0.2774,0.48582,-0.78473
0.1019,0.24927,0.50785,-0.78137
0.102,0.22085,0.52937,-0.77697
0.1021,0.1922,0.55032,-0.7715
0.1022,0.16336,0.57067,-0.76492
0.1023,0.13441,0.59035,-0.75722
0.1024,0.10539,0.60931,-0.74835
0.1025,0.076361,0.62747,-0.73825
0.1026,0.047354,0.64477,-0.72689
0.1027,0.01841,0.66117,-0.71426
0.1028,-0.010444,0.67661,-0.70032
0.1029,-0.039185,0.69107,-0.68509
0.103,-0.067797,0.70452,-0.66858
0.1031,-0.096265,0.71695,-0.65083
0.1032,-0.12457,0.72836,-0.63189
0.1033,-0.15271,0.73879,-0.61183
0.1034,-0.18066,0.74824,-0.59074
0.1035,-0.20839,0.75674,-0.5687
0.1036,-0.23587,0.76433,-0.54581
0.1037,-0.26307,0.77103,-0.52216
0.1038,-0.28994,0.77685,-0.49785
0.1039,-0.31643,0.7818,-0.47298
0.104,-0.3425,0.78589,-0.44762
0.1041,-0.36809,0.78908,-0.42183
0.1042,-0.39316,0.79137,-0.39569
0.1043,-0.41768,0.79269,-0.36922
0.1044,-0.44158,0.79299,-0.34246
0.1045,-0.46482,0.79222,-0.31544
0.1046,-0.48737,0.7903,-0.28814
0.1047,-0.50919,0.78719,-0.26058
0.1048,-0.53026,0.78281,-0.23275
0.1049,-0.55057,0.77712,-0.20465
0.105,-0.57012,0.77007,-0.17628
0.1051,-0.5889,0.76166,-0.14764
0.1052,-0.60691,0.75187,-0.11876
0.1053,-0.62415,0.74072,-0.089668
0.1054,-0.64064,0.72823,-0.060404
0.1055,-0.65635,0.71447,-0.031021
0.1056,-0.75221,0.78204,0.021588
0.1057,-0.80124,0.79618,0.062074
0.1058,-0.83081,0.79558,0.099607
0.1059,-0.86475,0.80665,0.14536
0.106,-0.92052,0.82905,0.18879
0.1061,-0.96478,0.83635,0.22886
0.1062,-0.98393,0.8371,0.26838
0.1063,-1.0264,0.84989,0.31285
0.1064,-1.0895,0.8812,0.36573
0.1065,-1.1467,0.91474,0.41907
0.1066,-1.1929,0.93308,0.46387
0.1067,-1.2283,0.93807,0.5041
0.1068,-1.2607,0.94346,0.54413
0.1069,-1.3007,0.95186,0.58346
0.107,-1.3433,0.96082,0.62201
0.1071,-1.3791,0.96561,0.66145
0.1072,-1.409,0.96842,0.70087
0.1073,-1.4455,0.97325,0.74127
0.1074,-1.4933,0.98567,0.78382
0.1075,-1.5542,1.0024,0.82537
0.1076,-1.6207,1.0142,0.86204
0.1077,-1.6878,1.0171,0.89455
0.1078,-1.7637,1.0155,0.92542
0.1079,-1.8693,1.0166,0.9549
0.108,-2.0173,1.0214,0.98061
0.1081,-2.1747,1.0238,1.0018
0.1082,-2.2976,1.0267,1.0213
0.1083,-2.3735,1.0374,1.0432
0.1084,-2.4046,1.0549,1.0675
0.1085,-2.4027,1.0674,1.0912
0.1086,-2.3767,1.0671,1.1137
0.1087,-2.3506,1.06,1.1365
0.1088,-2.3406,1.0519,1.1587
0.1089,-2.3473,1.0407,1.1776
0.109,-2.3717,1.0263,1.1928
0.1091,-2.4008,1.0131,1.2064
0.1092,-2.4103,1.0042,1.22
0.1093,-2.3816,0.99648,1.234
0.1094,-2.3128,0.9863,1.2487
0.1095,-2.2189,0.97146,1.2641
0.1096,-2.1128,0.94813,1.2796
0.1097,-2.0095,0.91583,1.2936
0.1098,-1.9207,0.88144,1.3044
0.1099,-1.8449,0.85203,1.3117
0.11,-1.7742,0.82846,1.3148
0.1101,-1.7017,0.80835,1.3134
0.1102,-1.6302,0.79306,1.3097
0.1103,-1.567,0.78276,1.3061
0.1104,-1.5103,0.77163,1.3021
0.1105,-1.4543,0.75336,1.295
0.1106,-1.3985,0.72759,1.2851
0.1107,-1.3464,0.69878,1.2734
0.1108,-1.2983,0.66928,1.2587
0.1109,-1.252,0.63884,1.2405
0.111,-1.208,0.60782,1.2205
0.1111,-1.1685,0.57733,1.2006
0.1112,-1.1328,0.5456,1.1811
0.1113,-1.0977,0.50592,1.1624
0.1114,-1.0612,0.45015,1.1453
0.1115,-1.0202,0.36771,1.1288
0.1116,-0.97533,0.24263,1.1118
0.1117,-0.92986,0.05599,1.0938
0.1118,-0.88812,-0.18561,1.075
0.1119,-0.8518,-0.43173,1.0549
0.112,-0.82076,-0.63533,1.0343
0.1121,-0.79393,-0.78231,1.0139
0.1122,-0.76978,-0.87997,0.99415
0.1123,-0.7446,-0.94609,0.97351
0.1124,-0.71441,-1.0036,0.95064
0.1125,-0.67742,-1.0694,0.92469
0.1126,-0.63484,-1.1493,0.89558
0.1127,-0.58898,-1.2436,0.86297
0.1128,-0.54228,-1.3462,0.8269
0.1129,-0.49586,-1.4402,0.78773
0.113,-0.4506,-1.5042,0.74679
0.1131,-0.40685,-1.5278,0.70524
0.1132,-0.3632,-1.5149,0.66335
0.1133,-0.31665,-1.4766,0.62028
0.1134,-0.26323,-1.4309,0.57487
0.1135,-0.20397,-1.394,0.52753
0.1136,-0.14286,-1.3699,0.47922
0.1137,-0.082882,-1.3482,0.43056
0.1138,-0.025505,-1.3113,0.38186
0.1139,0.02791,-1.2426,0.33389
0.114,0.077389,-1.1319,0.28694
0.1141,0.12531,-0.98513,0.24044
0.1142,0.17431,-0.82382,0.19341
0.1143,0.22534,-0.67193,0.14546
0.1144,0.27843,-0.54479,0.096477
0.1145,0.3329,-0.4507,0.046926
0.1146,0.38658,-0.38963,-0.0024587
0.1147,0.43644,-0.3526,-0.05105
0.1148,0.48109,-0.32856,-0.098729
0.1149,0.5212,-0.31152,-0.14521
0.115,0.55781,-0.29867,-0.19035
0.1151,0.59202,-0.28897,-0.2346
0.1152,0.62618,-0.28277,-0.27898
0.1153,0.66276,-0.28156,-0.32409
0.1154,0.70154,-0.28499,-0.36955
0.1155,0.73951,-0.29107,-0.41384
0.1156,0.77396,-0.29778,-0.45542
0.1157,0.80367,-0.30396,-0.49343
0.1158,0.82839,-0.30853,-0.52799
0.1159,0.84863,-0.31128,-0.55944
0.116,0.86628,-0.31264,-0.58887
0.1161,0.88388,-0.31386,-0.61789
0.1162,0.90286,-0.31576,-0.64755
0.1163,0.92343,-0.31896,-0.67787
0.1164,0.94522,-0.3231,-0.70879
0.1165,0.9667,-0.32701,-0.7399
0.1166,0.98526,-0.32868,-0.77033
0.1167,0.99914,-0.3268,-0.79935
0.1168,1.0083,-0.32099,-0.82692
0.1169,1.0136,-0.31224,-0.85296
0.117,1.0161,-0.3018,-0.87744
0.1171,1.0175,-0.29095,-0.901
0.1172,1.0196,-0.2807,-0.92444
0.1173,1.0226,-0.27205,-0.94739
0.1174,1.0254,-0.26478,-0.96879
0.1175,1.0261,-0.2579,-0.98758
0.1176,1.0228,-0.25027,-1.003
0.1177,1.0147,-0.24138,-1.0145
0.1178,1.0018,-0.23072,-1.0225
0.1179,0.98479,-0.21835,-1.0277
0.118,0.96497,-0.20489,-1.0307
0.1181,0.94373,-0.1914,-1.0321
0.1182,0.92224,-0.17842,-1.0324
0.1183,0.90088,-0.16606,-1.0318
0.1184,0.87904,-0.15366,-1.03
0.1185,0.85573,-0.14017,-1.0269
0.1186,0.83016,-0.12456,-1.0226
0.1187,0.80194,-0.10652,-1.0168
0.1188,0.77133,-0.086089,-1.0099
0.1189,0.73934,-0.063971,-1.0022
0.119,0.70732,-0.041021,-0.99421
0.1191,0.67621,-0.018042,-0.98614
0.1192,0.64617,0.0047118,-0.97782
0.1193,0.61666,0.026976,-0.96849
0.1194,0.58662,0.048908,-0.95705
0.1195,0.55465,0.071149,-0.94276
0.1196,0.5197,0.094548,-0.92535
0.1197,0.48166,0.11917,-0.90491
0.1198,0.4411,0.14481,-0.88188
0.1199,0.39868,0.17109,-0.85683
0.12,0.35516,0.19747,-0.83012
0.1201,0.31155,0.22315,-0.80202
0.1202,0.26841,0.248,-0.77286
0.1203,0.22532,0.27256,-0.7427
0.1204,0.18151,0.2976,-0.7113
0.1205,0.13664,0.32356,-0.67868
0.1206,0.090621,0.3509,-0.64509
0.1207,0.043564,0.3796,-0.61076
0.1208,-0.00385,0.40927,-0.57606
0.1209,-0.050428,0.43912,-0.54173
0.121,-0.095417,0.46847,-0.5082
0.1211,-0.13888,0.49669,-0.47522
0.1212,-0.18129,0.52347,-0.44229
0.1213,-0.22336,0.54869,-0.40885
0.1214,-0.26624,0.57268,-0.3742
0.1215,-0.31095,0.59591,-0.33778
0.1216,-0.35772,0.61883,-0.29958
0.1217,-0.40613,0.6413,-0.25979
0.1218,-0.4556,0.66295,-0.21842
0.1219,-0.50536,0.68326,-0.17561
0.122,-0.5545,0.7018,-0.13163
0.1221,-0.60242,0.71816,-0.086698
0.1222,-0.6492,0.73248,-0.040876
0.1223,-0.69528,0.74535,0.0056885
0.1224,-0.7411,0.75747,0.052832
0.1225,-0.78696,0.76933,0.10032
0.1226,-0.83286,0.78144,0.14774
0.1227,-0.8784,0.79401,0.1945
0.1228,-0.92289,0.80696,0.24008
0.1229,-0.9657,0.81993,0.28411
0.123,-1.0065,0.83268,0.32653
0.1231,-1.0455,0.84489,0.36766
0.1232,-1.083,0.85647,0.40797
0.1233,-1.1198,0.86756,0.44778
0.1234,-1.1565,0.87846,0.48737
0.1235,-1.1935,0.88927,0.5269
0.1236,-1.231,0.89994,0.56636
0.1237,-1.2687,0.91011,0.60569
0.1238,-1.3064,0.91921,0.64497
0.1239,-1.3439,0.92663,0.68419
0.124,-1.3814,0.93218,0.72322
0.1241,-1.4197,0.9359,0.76199
0.1242,-1.4602,0.93807,0.80051
0.1243,-1.505,0.93921,0.83861
0.1244,-1.5572,0.94009,0.87587
0.1245,-1.6206,0.94126,0.91182
0.1246,-1.6987,0.94318,0.94572
0.1247,-1.7928,0.94616,0.97672
0.1248,-1.8966,0.95023,1.0044
0.1249,-1.9962,0.95472,1.0289
0.125,-2.0773,0.95875,1.0507
0.1251,-2.1326,0.96164,1.0705
0.1252,-2.1628,0.96301,1.0889
0.1253,-2.173,0.96265,1.1066
0.1254,-2.17,0.96065,1.1236
0.1255,-2.1595,0.95721,1.1398
0.1256,-2.1449,0.95242,1.1554
0.1257,-2.1271,0.94596,1.1703
0.1258,-2.105,0.93738,1.1846
0.1259,-2.0758,0.92625,1.1984
0.126,-2.0367,0.91225,1.2118
0.1261,-1.9858,0.89513,1.2252
0.1262,-1.9244,0.87498,1.2387
0.1263,-1.8565,0.85222,1.2522
0.1264,-1.7868,0.82768,1.2656
0.1265,-1.719,0.80241,1.2777
0.1266,-1.6547,0.77753,1.2876
0.1267,-1.5942,0.75382,1.2944
0.1268,-1.537,0.73152,1.2975
0.1269,-1.4824,0.71024,1.2969
0.127,-1.4301,0.68941,1.2927
0.1271,-1.3799,0.66858,1.2852
0.1272,-1.3316,0.64752,1.2746
0.1273,-1.2851,0.62615,1.2612
0.1274,-1.2404,0.60453,1.245
0.1275,-1.1975,0.5826,1.2264
0.1276,-1.1562,0.5599,1.2058
0.1277,-1.116,0.53544,1.1838
0.1278,-1.0764,0.5078,1.1609
0.1279,-1.0369,0.47499,1.1379
0.128,-0.99729,0.43419,1.1154
0.1281,-0.95736,0.38155,1.0941
0.1282,-0.9173,0.31152,1.0743
0.1283,-0.87756,0.21571,1.0559
0.1284,-0.83877,0.083917,1.0389
0.1285,-0.80151,-0.087124,1.0225
0.1286,-0.76603,-0.28266,1.0063
0.1287,-0.73212,-0.47655,0.98951
0.1288,-0.69906,-0.64821,0.97182
0.1289,-0.66586,-0.79002,0.95262
0.129,-0.63148,-0.90352,0.93118
0.1291,-0.59511,-0.99446,0.90674
0.1292,-0.55666,-1.0703,0.87894
0.1293,-0.5166,-1.1378,0.84786
0.1294,-0.47539,-1.2002,0.81357
0.1295,-0.43309,-1.2575,0.77594
0.1296,-0.38974,-1.3085,0.73521
0.1297,-0.34537,-1.3497,0.6921
0.1298,-0.29976,-1.3764,0.64735
0.1299,-0.25234,-1.3845,0.60139
0.13,-0.20258,-1.3728,0.55455
0.1301,-0.15015,-1.3435,0.50698
0.1302,-0.09527,-1.3014,0.45893
0.1303,-0.038862,-1.2511,0.41083
0.1304,0.01781,-1.1937,0.36326
0.1305,0.073741,-1.1265,0.31649
0.1306,0.12842,-1.0459,0.27065
0.1307,0.18182,-0.95079,0.2257
0.1308,0.23427,-0.84445,0.18137
0.1309,0.28624,-0.73442,0.13699
0.131,0.33789,-0.63003,0.092103
0.1311,0.3889,-0.54025,0.046506
0.1312,0.43855,-0.47194,0.00024286
0.1313,0.48606,-0.42599,-0.046601
0.1314,0.53095,-0.39721,-0.093927
0.1315,0.57304,-0.37916,-0.14165
0.1316,0.61242,-0.36732,-0.18944
0.1317,0.64952,-0.35938,-0.23689
0.1318,0.68512,-0.35435,-0.2838
0.1319,0.72003,-0.35181,-0.33017
0.132,0.75459,-0.35153,-0.3758
0.1321,0.78866,-0.35323,-0.42022
0.1322,0.82168,-0.35636,-0.46295
0.1323,0.85289,-0.36034,-0.50345
0.1324,0.88159,-0.3648,-0.54112
0.1325,0.90755,-0.3696,-0.5757
0.1326,0.93112,-0.37462,-0.60749
0.1327,0.95296,-0.37984,-0.63713
0.1328,0.97378,-0.38522,-0.66535
0.1329,0.99408,-0.39056,-0.69296
0.133,1.0138,-0.39526,-0.72053
0.1331,1.0328,-0.39917,-0.74819
0.1332,1.0503,-0.40124,-0.7761
0.1333,1.0656,-0.40076,-0.80429
0.1334,1.0785,-0.39751,-0.83258
0.1335,1.0888,-0.39159,-0.86059
0.1336,1.0965,-0.38334,-0.88798
0.1337,1.1018,-0.37347,-0.91446
0.1338,1.1053,-0.36275,-0.9399
0.1339,1.1073,-0.35173,-0.96415
0.134,1.1076,-0.34061,-0.98692
0.1341,1.1059,-0.32951,-1.0076
0.1342,1.1015,-0.31844,-1.0257
0.1343,1.0941,-0.30734,-1.0407
0.1344,1.0834,-0.29616,-1.0522
0.1345,1.0696,-0.28497,-1.0602
0.1346,1.0531,-0.27382,-1.065
0.1347,1.0345,-0.26279,-1.0671
0.1348,1.0143,-0.25188,-1.0669
0.1349,0.99285,-0.24095,-1.0649
0.135,0.97028,-0.22966,-1.0614
0.1351,0.94652,-0.21754,-1.0567
0.1352,0.9214,-0.20395,-1.0512
0.1353,0.89479,-0.18839,-1.045
0.1354,0.86673,-0.17072,-1.0385
0.1355,0.83738,-0.15105,-1.0315
0.1356,0.80699,-0.12959,-1.0243
0.1357,0.77589,-0.10662,-1.0169
0.1358,0.74435,-0.08252,-1.0093
0.1359,0.71236,-0.05761,-1.0011
0.136,0.67957,-0.032039,-0.99172
0.1361,0.64551,-0.0060064,-0.98055
0.1362,0.60984,0.020231,-0.96689
0.1363,0.57238,0.046486,-0.95031
0.1364,0.53317,0.072631,-0.93067
0.1365,0.49247,0.098471,-0.90801
0.1366,0.45075,0.12382,-0.88261
0.1367,0.40842,0.14861,-0.85485
0.1368,0.36571,0.17294,-0.82509
0.1369,0.32271,0.19702,-0.79364
0.137,0.2794,0.22127,-0.7609
0.1371,0.23562,0.24616,-0.72719
0.1372,0.19116,0.27208,-0.69277
0.1373,0.14599,0.29923,-0.65789
0.1374,0.10031,0.32756,-0.62286
0.1375,0.054389,0.35682,-0.58796
0.1376,0.0085677,0.38667,-0.55348
0.1377,-0.036885,0.41673,-0.51964
0.1378,-0.081878,0.44652,-0.48648
0.1379,-0.12662,0.47557,-0.45362
0.138,-0.1715,0.50357,-0.42056
0.1381,-0.21691,0.5303,-0.38675
0.1382,-0.26309,0.55558,-0.35166
0.1383,-0.31013,0.57926,-0.31491
0.1384,-0.35791,0.60127,-0.27629
0.1385,-0.40618,0.62148,-0.23567
0.1386,-0.45457,0.63972,-0.19305
0.1387,-0.50274,0.65595,-0.14856
0.1388,-0.55048,0.67028,-0.10245
0.1389,-0.59769,0.68297,-0.055004
0.139,-0.64438,0.69439,-0.0065996
0.1391,-0.69056,0.705,0.042318
0.1392,-0.73629,0.71524,0.091323
0.1393,-0.78146,0.72544,0.13996
0.1394,-0.82586,0.73589,0.18769
0.1395,-0.86921,0.74676,0.23403
0.1396,-0.91133,0.75815,0.27868
0.1397,-0.95212,0.77006,0.32149
0.1398,-0.99162,0.78241,0.36257
0.1399,-1.03,0.79502,0.40225
0.14,-1.0676,0.80768,0.44093
0.1401,-1.1046,0.8202,0.47896
0.1402,-1.1412,0.8323,0.51666
0.1403,-1.1774,0.84364,0.55431
0.1404,-1.2133,0.85387,0.5921
0.1405,-1.2489,0.86265,0.63016
0.1406,-1.2844,0.8697,0.66861
0.1407,-1.3201,0.87486,0.70744
0.1408,-1.3565,0.87822,0.74655
0.1409,-1.3946,0.87999,0.78576
0.141,-1.4356,0.88047,0.82481
0.1411,-1.4816,0.88006,0.86326
0.1412,-1.535,0.87926,0.90053
0.1413,-1.5992,0.87856,0.93588
0.1414,-1.6767,0.87849,0.96852
0.1415,-1.7662,0.87947,0.99777
0.1416,-1.8585,0.88153,1.0234
0.1417,-1.9389,0.88424,1.0457
0.1418,-1.9956,0.88688,1.0652
0.1419,-2.0242,0.88873,1.0827
0.142,-2.0282,0.88919,1.0988
0.1421,-2.0147,0.88786,1.114
0.1422,-1.9916,0.88458,1.1285
0.1423,-1.9645,0.87943,1.1424
0.1424,-1.9364,0.87245,1.1558
0.1425,-1.9074,0.86354,1.1687
0.1426,-1.8762,0.85249,1.1813
0.1427,-1.8402,0.83902,1.1936
0.1428,-1.7974,0.82287,1.206
0.1429,-1.7476,0.80388,1.2184
0.143,-1.6927,0.78211,1.2309
0.1431,-1.6356,0.75794,1.2433
0.1432,-1.5793,0.73221,1.2548
0.1433,-1.5254,0.70609,1.2645
0.1434,-1.4745,0.68075,1.2714
0.1435,-1.4261,0.657,1.2745
0.1436,-1.3797,0.63511,1.2735
0.1437,-1.3347,0.61477,1.2685
0.1438,-1.2907,0.59534,1.2596
0.1439,-1.2473,0.57618,1.2471
0.144,-1.2044,0.55678,1.2316
0.1441,-1.162,0.53682,1.2132
0.1442,-1.1203,0.51607,1.1924
0.1443,-1.0793,0.49423,1.1695
0.1444,-1.0391,0.47067,1.1453
0.1445,-0.99947,0.44425,1.1204
0.1446,-0.96019,0.41329,1.0956
0.1447,-0.92089,0.37539,1.0715
0.1448,-0.8813,0.32718,1.0488
0.1449,-0.84135,0.26381,1.0278
0.145,-0.80119,0.17824,1.0086
0.1451,-0.7613,0.061487,0.99097
0.1452,-0.72233,-0.091557,0.97437
0.1453,-0.68473,-0.27107,0.95798
0.1454,-0.6486,-0.45354,0.94092
0.1455,-0.61362,-0.61711,0.92248
0.1456,-0.57907,-0.75176,0.9021
0.1457,-0.54399,-0.85817,0.87917
0.1458,-0.50747,-0.94245,0.85307
0.1459,-0.46911,-1.0124,0.82351
0.146,-0.42907,-1.0748,0.7906
0.1461,-0.38769,-1.1334,0.75447
0.1462,-0.34512,-1.188,0.71508
0.1463,-0.30138,-1.2361,0.67261
0.1464,-0.25655,-1.2735,0.62767
0.1465,-0.21054,-1.2952,0.58106
0.1466,-0.16301,-1.2977,0.53342
0.1467,-0.1134,-1.2802,0.48518
0.1468,-0.061312,-1.2457,0.43671
0.1469,-0.0068674,-1.1999,0.38835
0.147,0.049181,-1.1476,0.34061
0.1471,0.1057,-1.0906,0.29393
0.1472,0.16164,-1.0266,0.24847
0.1473,0.21629,-0.95232,0.20412
0.1474,0.26944,-0.86671,0.16062
0.1475,0.32123,-0.77319,0.11761
0.1476,0.37201,-0.67926,0.074574
0.1477,0.42203,-0.5943,0.03102
0.1478,0.47116,-0.52674,-0.013325
0.1479,0.51898,-0.47996,-0.058539
0.148,0.56485,-0.45075,-0.10458
0.1481,0.60831,-0.43317,-0.15137
0.1482,0.64913,-0.4222,-0.19878
0.1483,0.68741,-0.41469,-0.24654
0.1484,0.72347,-0.40915,-0.2942
0.1485,0.7579,-0.40521,-0.34133
0.1486,0.79141,-0.40295,-0.38763
0.1487,0.82454,-0.40255,-0.43284
0.1488,0.85739,-0.40404,-0.47659
0.1489,0.88963,-0.40717,-0.51844
0.149,0.92053,-0.41156,-0.55784
0.1491,0.94936,-0.4168,-0.59433
0.1492,0.97576,-0.42252,-0.62778
0.1493,0.99986,-0.42841,-0.65853
0.1494,1.0221,-0.43427,-0.68719
0.1495,1.0431,-0.44,-0.71442
0.1496,1.0632,-0.4454,-0.74086
0.1497,1.0825,-0.45013,-0.76707
0.1498,1.1008,-0.45367,-0.79345
0.1499,1.1177,-0.45537,-0.82023
0.15,1.1326,-0.45459,-0.84746
0.1501,1.1452,-0.45093,-0.87501
0.1502,1.155,-0.44439,-0.90252
0.1503,1.1622,-0.43535,-0.92961
0.1504,1.1669,-0.42448,-0.95589
0.1505,1.1695,-0.41253,-0.98101
0.1506,1.1701,-0.40017,-1.0047
0.1507,1.1689,-0.38782,-1.0267
0.1508,1.1655,-0.37572,-1.0464
0.1509,1.1596,-0.36398,-1.0634
0.151,1.1508,-0.35254,-1.0772
0.1511,1.139,-0.34131,-1.0876
0.1512,1.1243,-0.33023,-1.0945
0.1513,1.107,-0.31929,-1.0982
0.1514,1.0877,-0.3085,-1.0991
0.1515,1.0667,-0.29784,-1.0976
0.1516,1.0444,-0.28717,-1.094
0.1517,1.0209,-0.2761,-1.089
0.1518,0.99635,-0.26408,-1.0829
0.1519,0.97054,-0.2505,-1.0762
0.152,0.94338,-0.23484,-1.0692
0.1521,0.91476,-0.21681,-1.062
0.1522,0.88472,-0.19644,-1.0547
0.1523,0.85347,-0.174,-1.0473
0.1524,0.8213,-0.14988,-1.0397
0.1525,0.78843,-0.1245,-1.0317
0.1526,0.75492,-0.098287,-1.023
0.1527,0.72063,-0.071589,-1.0131
0.1528,0.68529,-0.04468,-1.0012
0.1529,0.64861,-0.017789,-0.98692
0.153,0.61044,0.0089214,-0.96968
0.1531,0.57084,0.035341,-0.94938
0.1532,0.53,0.061346,-0.92604
0.1533,0.48825,0.086809,-0.89985
0.1534,0.44589,0.11168,-0.8711
0.1535,0.40317,0.13606,-0.84017
0.1536,0.36019,0.16022,-0.8075
0.1537,0.31689,0.18463,-0.77354
0.1538,0.27315,0.20984,-0.73874
0.1539,0.2288,0.23629,-0.70346
0.154,0.18374,0.26421,-0.66798
0.1541,0.13803,0.29362,-0.63256
0.1542,0.091908,0.32423,-0.59747
0.1543,0.0457,0.3556,-0.56295
0.1544,-0.0003278,0.3871,-0.5291
0.1545,-0.046049,0.41812,-0.49586
0.1546,-0.091552,0.44805,-0.46292
0.1547,-0.13708,0.47645,-0.42981
0.1548,-0.18295,0.50308,-0.39596
0.1549,-0.22939,0.52783,-0.36085
0.155,-0.2765,0.55066,-0.32404
0.1551,-0.32423,0.57152,-0.28526
0.1552,-0.37239,0.59035,-0.24431
0.1553,-0.42069,0.60706,-0.20116
0.1554,-0.46883,0.62169,-0.15593
0.1555,-0.51654,0.63438,-0.10893
0.1556,-0.56368,0.64544,-0.060565
0.1557,-0.61021,0.65533,-0.011319
0.1558,-0.65441,0.6627,0.038119
0.1559,-0.68566,0.65717,0.084175
0.156,-0.70986,0.64582,0.12705
0.1561,-0.72877,0.63037,0.16628
0.1562,-0.74233,0.61014,0.20127
0.1563,-0.7448,0.58111,0.23151
0.1564,-0.74351,0.55127,0.25723
0.1565,-0.74705,0.52626,0.28229
0.1566,-0.7473,0.49838,0.3037
0.1567,-0.73984,0.46499,0.32107
0.1568,-0.73417,0.43352,0.33617
0.1569,-0.73179,0.404,0.35216
0.157,-0.72448,0.37099,0.36695
0.1571,-0.71415,0.33591,0.3822
0.1572,-0.70463,0.30101,0.39916
0.1573,-0.69294,0.26377,0.41804
0.1574,-0.6816,0.22779,0.43766
0.1575,-0.67953,0.19919,0.46091
0.1576,-0.68482,0.17617,0.48703
0.1577,-0.69129,0.1545,0.51455
0.1578,-0.69944,0.13534,0.54242
0.1579,-0.70811,0.11659,0.5712
0.158,-0.71032,0.09403,0.59791
0.1581,-0.70736,0.069616,0.62235
0.1582,-0.70345,0.046485,0.64546
0.1583,-0.69568,0.02121,0.66749
0.1584,-0.68265,-0.0063819,0.68618
0.1585,-0.66915,-0.033088,0.70226
0.1586,-0.65186,-0.061784,0.71469
0.1587,-0.6255,-0.096447,0.72236
0.1588,-0.59535,-0.13187,0.7257
0.1589,-0.56607,-0.1655,0.7275
0.159,-0.53067,-0.20268,0.72667
0.1591,-0.48882,-0.24345,0.72347
0.1592,-0.45024,-0.28026,0.72034
0.1593,-0.41749,-0.31253,0.71954
0.1594,-0.38701,-0.34243,0.71977
0.1595,-0.36364,-0.36667,0.72244
0.1596,-0.34918,-0.38459,0.72843
0.1597,-0.33498,-0.40338,0.73602
0.1598,-0.31693,-0.42464,0.74253
0.1599,-0.30027,-0.44434,0.74917
0.16,-0.2838,-0.46317,0.75539
0.1601,-0.2636,-0.48367,0.75968
0.1602,-0.2431,-0.50232,0.7618
0.1603,-0.22516,-0.51799,0.76317
0.1604,-0.20441,-0.53438,0.7619
0.1605,-0.17937,-0.55212,0.75699
0.1606,-0.15271,-0.5691,0.74893
0.1607,-0.12244,-0.58792,0.73817
0.1608,-0.085412,-0.61044,0.72344
0.1609,-0.044555,-0.63469,0.70569
0.161,-0.00092634,-0.66013,0.6856
0.1611,0.046172,-0.68751,0.66344
0.1612,0.092081,-0.71252,0.6399
0.1613,0.13117,-0.73167,0.61733
0.1614,0.16537,-0.74665,0.59564
0.1615,0.1963,-0.75888,0.57468
0.1616,0.22243,-0.76715,0.55485
0.1617,0.24555,-0.77365,0.53647
0.1618,0.26873,-0.78011,0.51822
0.1619,0.28872,-0.78408,0.50082
0.162,0.30387,-0.78453,0.48485
0.1621,0.318,-0.78458,0.4695
0.1622,0.33233,-0.78407,0.45337
0.1623,0.34483,-0.78144,0.43684
0.1624,0.35914,-0.77906,0.41864
0.1625,0.37888,-0.7791,0.39722
0.1626,0.40189,-0.77926,0.37243
0.1627,0.42757,-0.77992,0.34513
0.1628,0.45979,-0.78393,0.3143
0.1629,0.49656,-0.78978,0.28037
0.163,0.53247,-0.79366,0.24503
0.1631,0.56711,-0.79621,0.20944
0.1632,0.60086,-0.79753,0.17354
0.1633,0.62959,-0.79497,0.13889
0.1634,0.65347,-0.78909,0.10616
0.1635,0.67709,-0.78353,0.074547
0.1636,0.69997,-0.77728,0.043668
0.1637,0.7181,-0.76756,0.014858
0.1638,0.73245,-0.75488,-0.0121
0.1639,0.74384,-0.73965,-0.037642
0.164,0.74954,-0.71949,-0.06138
0.1641,0.74965,-0.69494,-0.083039
0.1642,0.7482,-0.66862,-0.10422
0.1643,0.74583,-0.64088,-0.12554
0.1644,0.74246,-0.61173,-0.14712
0.1645,0.74148,-0.584,-0.16976
0.1646,0.74545,-0.55909,-0.19472
0.1647,0.75332,-0.53636,-0.22172
0.1648,0.76526,-0.51591,-0.25081
0.1649,0.7812,-0.49759,-0.2821
0.165,0.79794,-0.47877,-0.31495
0.1651,0.81312,-0.45837,-0.34799
0.1652,0.82771,-0.43743,-0.38107
0.1653,0.84112,-0.41586,-0.41365
0.1654,0.852,-0.39308,-0.44491
0.1655,0.86129,-0.37049,-0.47434
0.1656,0.86874,-0.34789,-0.50191
0.1657,0.87089,-0.32298,-0.52647
0.1658,0.86706,-0.29548,-0.54761
0.1659,0.85912,-0.26678,-0.56587
0.166,0.84638,-0.23578,-0.58173
0.1661,0.82784,-0.20171,-0.5951
0.1662,0.80658,-0.16649,-0.60716
0.1663,0.78456,-0.13118,-0.61892
0.1664,0.76105,-0.094928,-0.63054
0.1665,0.73771,-0.05926,-0.64222
0.1666,0.71784,-0.026331,-0.65514
0.1667,0.70044,0.0047689,-0.66928
0.1668,0.68358,0.035382,-0.68407
0.1669,0.66847,0.064347,-0.69955
0.167,0.65554,0.091565,-0.71602
0.1671,0.64292,0.11817,-0.7327
0.1672,0.63135,0.14331,-0.74936
0.1673,0.62255,0.1656,-0.76625
0.1674,0.61468,0.18656,-0.78292
0.1675,0.60494,0.20781,-0.79812
0.1676,0.59299,0.22933,-0.81143
0.1677,0.57754,0.25191,-0.8224
0.1678,0.55619,0.27714,-0.83027
0.1679,0.52914,0.30446,-0.83479
0.168,0.4979,0.33293,-0.83662
0.1681,0.46225,0.36287,-0.83591
0.1682,0.423,0.39377,-0.83303
0.1683,0.38294,0.4237,-0.82892
0.1684,0.34358,0.45213,-0.82439
0.1685,0.30502,0.47919,-0.8195
0.1686,0.26858,0.50429,-0.81465
0.1687,0.23471,0.52749,-0.80994
0.1688,0.20227,0.54992,-0.80498
0.1689,0.17147,0.57121,-0.79955
0.169,0.14392,0.5902,-0.79395
0.1691,0.1195,0.60692,-0.78792
0.1692,0.097784,0.62142,-0.7811
0.1693,0.07928,0.63299,-0.77332
0.1694,0.062857,0.64245,-0.76424
0.1695,0.045767,0.65149,-0.753
0.1696,0.027188,0.66034,-0.73931
0.1697,0.0069538,0.66897,-0.72319
0.1698,-0.016739,0.67878,-0.70443
0.1699,-0.044838,0.69022,-0.68287
0.17,-0.076023,0.70233,-0.65907
0.1701,-0.11005,0.71507,-0.63329
0.1702,-0.14737,0.72886,-0.60551
0.1703,-0.18625,0.74235,-0.57612
0.1704,-0.22473,0.75447,-0.54581
0.1705,-0.26326,0.76589,-0.51468
0.1706,-0.30167,0.77671,-0.48288
0.1707,-0.33797,0.78565,-0.45111
0.1708,-0.37119,0.7924,-0.42001
0.1709,-0.40129,0.79698,-0.38977
0.171,-0.42662,0.79822,-0.36101
0.1711,-0.44605,0.79533,-0.33431
0.1712,-0.46092,0.78934,-0.30945
0.1713,-0.47276,0.78098,-0.28581
0.1714,-0.48207,0.7704,-0.26301
0.1715,-0.49049,0.75852,-0.24034
0.1716,-0.49998,0.74642,-0.21681
0.1717,-0.51094,0.73404,-0.1919
0.1718,-0.52361,0.72148,-0.1654
0.1719,-0.53896,0.70933,-0.1369
0.172,-0.55686,0.69742,-0.1063
0.1721,-0.57637,0.68512,-0.073984
0.1722,-0.59742,0.67272,-0.040264
0.1723,-0.62002,0.66039,-0.0053631
0.1724,-0.64334,0.64789,0.030144
0.1725,-0.66716,0.63548,0.065758
