0.1,0.685,0.0075534,-0.6648
0.1001,0.6695,0.036941,-0.67955
0.1002,0.65286,0.066332,-0.69355
0.1003,0.63514,0.095642,-0.70677
0.1004,0.61641,0.12478,-0.71916
0.1005,0.59674,0.15367,-0.73066
0.1006,0.57618,0.18223,-0.74123
0.1007,0.55481,0.21038,-0.75081
0.1008,0.53266,0.23806,-0.75936
0.1009,0.5098,0.26523,-0.76684
0.101,0.48626,0.29186,-0.77323
0.1011,0.46207,0.31793,-0.77851
0.1012,0.43728,0.34344,-0.78267
0.1013,0.41189,0.3684,-0.78572
0.1014,0.38596,0.39285,-0.78767
0.1015,0.35951,0.41681,-0.78853
0.1016,0.33257,0.44028,-0.78831
0.1017,0.30518,0.46329,-0.78704
0.1018,0.2774,0.48582,-0.78473
0.1019,0.24927,0.50785,-0.78137
0.102,0.22085,0.52937,-0.77697
0.1021,0.1922,0.55032,-0.7715
0.1022,0.16336,0.57067,-0.76492
0.1023,0.13441,0.59035,-0.75722
0.1024,0.10539,0.60931,-0.74835
0.1025,0.076361,0.62747,-0.73825
0.1026,0.047354,0.64477,-0.72689
0.1027,0.01841,0.66117,-0.71426
0.1028,-0.010444,0.67661,-0.70032
0.1029,-0.039185,0.69107,-0.68509
0.103,-0.067797,0.70452,-0.66858
0.1031,-0.096265,0.71695,-0.65083
0.1032,-0.12457,0.72836,-0.63189
0.1033,-0.15271,0.73879,-0.61183
0.1034,-0.18066,0.74824,-0.59074
0.1035,-0.20839,0.75674,-0.5687
0.1036,-0.23587,0.76433,-0.54581
0.1037,-0.26307,0.77103,-0.52216
0.1038,-0.28994,0.77685,-0.49785
0.1039,-0.31643,0.7818,-0.47298
0.104,-0.3425,0.78589,-0.44762
0.1041,-0.36809,0.78908,-0.42183
0.1042,-0.39316,0.79137,-0.39569
0.1043,-0.41768,0.79269,-0.36922
0.1044,-0.44158,0.79299,-0.34246
0.1045,-0.46482,0.79222,-0.31544
0.1046,-0.48737,0.7903,-0.28814
0.1047,-0.50919,0.78719,-0.26058
0.1048,-0.53026,0.78281,-0.23275
0.1049,-0.55057,0.77712,-0.20465
0.105,-0.57012,0.77007,-0.17628
0.1051,-0.5889,0.76166,-0.14764
0.1052,-0.60691,0.75187,-0.11876
0.1053,-0.62415,0.74072,-0.089668
0.1054,-0.64064,0.72823,-0.060404
0.1055,-0.65635,0.71447,-0.031021
0.1056,-0.6713,0.69949,-0.0015857
0.1057,-0.68547,0.68336,0.027832
0.1058,-0.69884,0.66616,0.057157
0.1059,-0.71139,0.64797,0.086312
0.106,-0.72309,0.62887,0.11522
0.1061,-0.7339,0.60891,0.14382
0.1062,-0.7438,0.58816,0.17204
0.1063,-0.75274,0.56666,0.19985
0.1064,-0.7607,0.54446,0.22719
0.1065,-0.76763,0.52158,0.25406
0.1066,-0.77351,0.49805,0.28042
0.1067,-0.77832,0.47386,0.30629
0.1068,-0.78204,0.44905,0.33166
0.1069,-0.955,0.48566,0.46488
0.107,-1.0305,0.48326,0.54052
0.1071,-1.0808,0.47378,0.59902
0.1072,-1.1487,0.46708,0.67243
0.1073,-1.2308,0.46615,0.75409
0.1074,-1.2931,0.45947,0.82176
0.1075,-1.3378,0.44777,0.87693
0.1076,-1.4105,0.44115,0.95507
0.1077,-1.5291,0.44867,1.0651
0.1078,-1.6564,0.45917,1.1807
0.1079,-1.7597,0.46367,1.2786
0.108,-1.84,0.46022,1.3616
0.1081,-1.9034,0.45253,1.4322
0.1082,-1.9662,0.44395,1.5033
0.1083,-2.0219,0.43424,1.5685
0.1084,-2.0668,0.42089,1.627
0.1085,-2.1173,0.40885,1.6898
0.1086,-2.1854,0.40119,1.766
0.1087,-2.2782,0.4013,1.8593
0.1088,-2.3794,0.40499,1.9576
0.1089,-2.4656,0.40579,2.0439
0.109,-2.528,0.39986,2.1133
0.1091,-2.5765,0.38976,2.173
0.1092,-2.6215,0.37859,2.2304
0.1093,-2.6595,0.36647,2.2817
0.1094,-2.6855,0.35185,2.3235
0.1095,-2.7135,0.33856,2.366
0.1096,-2.765,0.3326,2.4247
0.1097,-2.838,0.33439,2.497
0.1098,-2.9083,0.33657,2.5661
0.1099,-2.9604,0.33389,2.6219
0.11,-2.9997,0.32732,2.6686
0.1101,-3.0325,0.31994,2.7097
0.1102,-3.0532,0.31097,2.7401
0.1103,-3.0583,0.29952,2.7574
0.1104,-3.0597,0.28804,2.7708
0.1105,-3.073,0.28102,2.7916
0.1106,-3.1015,0.27916,2.8224
0.1107,-3.1372,0.28022,2.8574
0.1108,-3.1715,0.28162,2.8905
0.1109,-3.1979,0.28203,2.9167
0.111,-3.2117,0.28019,2.9325
0.1111,-3.212,0.27624,2.9368
0.1112,-3.2011,0.27077,2.9315
0.1113,-3.1817,0.26449,2.9183
0.1114,-3.1587,0.25798,2.9018
0.1115,-3.1417,0.25366,2.889
0.1116,-3.1382,0.25358,2.8854
0.1117,-3.1434,0.25696,2.887
0.1118,-3.1445,0.25979,2.8851
0.1119,-3.1351,0.26045,2.8747
0.112,-3.1166,0.25943,2.8569
0.1121,-3.0894,0.25729,2.8315
0.1122,-3.0489,0.25265,2.7952
0.1123,-2.9965,0.2457,2.7495
0.1124,-2.9444,0.23912,2.7035
0.1125,-2.9026,0.23578,2.6646
0.1126,-2.8693,0.23512,2.6315
0.1127,-2.8375,0.23536,2.5991
0.1128,-2.8043,0.23559,2.5652
0.1129,-2.7673,0.23579,2.5276
0.113,-2.7213,0.235,2.482
0.1131,-2.662,0.23217,2.4252
0.1132,-2.5917,0.22724,2.3594
0.1133,-2.5167,0.22136,2.29
0.1134,-2.4423,0.21531,2.2214
0.1135,-2.3726,0.20997,2.1568
0.1136,-2.3104,0.2061,2.0983
0.1137,-2.2536,0.20396,2.0435
0.1138,-2.1959,0.20245,1.9871
0.1139,-2.1319,0.20047,1.9251
0.114,-2.0605,0.19732,1.8568
0.1141,-1.9805,0.19226,1.7819
0.1142,-1.8907,0.18421,1.7004
0.1143,-1.7946,0.17365,1.6151
0.1144,-1.7008,0.16287,1.5323
0.1145,-1.6149,0.15437,1.4553
0.1146,-1.5356,0.14864,1.3823
0.1147,-1.4591,0.1451,1.3098
0.1148,-1.3835,0.1432,1.2368
0.1149,-1.3066,0.1422,1.1615
0.115,-1.2229,0.14026,1.0806
0.1151,-1.1293,0.13596,0.99231
0.1152,-1.029,0.12966,0.89931
0.1153,-0.92795,0.1232,0.80585
0.1154,-0.83014,0.11787,0.71455
0.1155,-0.73756,0.11438,0.62671
0.1156,-0.65192,0.1132,0.54354
0.1157,-0.57258,0.11433,0.46433
0.1158,-0.49517,0.11649,0.38599
0.1159,-0.41487,0.11797,0.30534
0.116,-0.32966,0.11778,0.22137
0.1161,-0.23944,0.11573,0.13409
0.1162,-0.14487,0.11185,0.044102
0.1163,-0.04911,0.10701,-0.046344
0.1164,0.042226,0.103,-0.13343
0.1165,0.12535,0.10147,-0.21503
0.1166,0.20092,0.10264,-0.29199
0.1167,0.27142,0.1059,-0.3662
0.1168,0.33865,0.11063,-0.43877
0.1169,0.40518,0.116,-0.51144
0.117,0.47501,0.12056,-0.58671
0.1171,0.54997,0.12341,-0.66553
0.1172,0.62723,0.12521,-0.74567
0.1173,0.70218,0.12751,-0.82407
0.1174,0.77207,0.13131,-0.89893
0.1175,0.83553,0.13697,-0.96924
0.1176,0.89133,0.14463,-1.0339
0.1177,0.94002,0.15386,-1.0929
0.1178,0.98529,0.16314,-1.1486
0.1179,1.0314,0.17082,-1.2034
0.118,1.0801,0.17623,-1.2585
0.1181,1.1309,0.17966,-1.3137
0.1182,1.1827,0.18163,-1.3684
0.1183,1.2332,0.18294,-1.421
0.1184,1.2786,0.18478,-1.4688
0.1185,1.3162,0.18796,-1.5101
0.1186,1.3462,0.19227,-1.545
0.1187,1.3709,0.19713,-1.5749
0.1188,1.3921,0.20218,-1.6014
0.1189,1.4119,0.20706,-1.6262
0.119,1.4329,0.21114,-1.6514
0.1191,1.4559,0.2142,-1.6775
0.1192,1.4788,0.2168,-1.703
0.1193,1.4982,0.21978,-1.7253
0.1194,1.5122,0.22359,-1.743
0.1195,1.5197,0.22846,-1.7552
0.1196,1.52,0.23449,-1.7612
0.1197,1.5136,0.2414,-1.7616
0.1198,1.5037,0.24823,-1.7581
0.1199,1.4932,0.25391,-1.753
0.12,1.4837,0.2579,-1.7471
0.1201,1.4745,0.26028,-1.7399
0.1202,1.4648,0.26135,-1.7308
0.1203,1.4529,0.26163,-1.7188
0.1204,1.4362,0.26188,-1.7018
0.1205,1.4126,0.26276,-1.6786
0.1206,1.3825,0.26434,-1.6495
0.1207,1.3474,0.26631,-1.6158
0.1208,1.3091,0.26842,-1.5792
0.1209,1.2695,0.2705,-1.5411
0.121,1.2302,0.2723,-1.5031
0.1211,1.1917,0.27375,-1.4656
0.1212,1.1525,0.27526,-1.4276
0.1213,1.1103,0.27742,-1.3871
0.1214,1.0633,0.28064,-1.343
0.1215,1.0109,0.28511,-1.2948
0.1216,0.95261,0.29098,-1.2421
0.1217,0.88931,0.2981,-1.1858
0.1218,0.82332,0.3058,-1.1273
0.1219,0.75716,0.31313,-1.0684
0.122,0.69193,0.31941,-1.0094
0.1221,0.62739,0.32432,-0.94979
0.1222,0.56282,0.32785,-0.88881
0.1223,0.49695,0.3303,-0.82552
0.1224,0.42689,0.3325,-0.75786
0.1225,0.3535,0.33494,-0.68719
0.1226,0.27555,0.33784,-0.61248
0.1227,0.19447,0.34095,-0.53498
0.1228,0.11214,0.34381,-0.45605
0.1229,0.030227,0.34588,-0.37687
0.123,-0.050141,0.34686,-0.2982
0.1231,-0.1289,0.34697,-0.22038
0.1232,-0.20714,0.34682,-0.14293
0.1233,-0.28636,0.34718,-0.065074
0.1234,-0.36786,0.3486,0.013901
0.1235,-0.4523,0.35131,0.09446
0.1236,-0.53969,0.35504,0.1769
0.1237,-0.62913,0.3593,0.2608
0.1238,-0.71872,0.36335,0.34502
0.1239,-0.8065,0.36647,0.42838
0.124,-0.89163,0.36821,0.51047
0.1241,-0.97434,0.36861,0.59151
0.1242,-1.0553,0.36777,0.67205
0.1243,-1.1353,0.36586,0.75275
0.1244,-1.2155,0.36318,0.83451
0.1245,-1.2969,0.36006,0.918
0.1246,-1.3794,0.35638,1.0032
0.1247,-1.4617,0.3519,1.0891
0.1248,-1.5423,0.34639,1.1744
0.1249,-1.6201,0.33978,1.2582
0.125,-1.6942,0.33209,1.3396
0.1251,-1.7647,0.32368,1.4182
0.1252,-1.8322,0.31517,1.4943
0.1253,-1.898,0.30718,1.5683
0.1254,-1.9634,0.30016,1.6411
0.1255,-2.0287,0.29434,1.7128
0.1256,-2.0938,0.28955,1.7835
0.1257,-2.1581,0.28537,1.8528
0.1258,-2.22,0.28138,1.9197
0.1259,-2.2785,0.27724,1.9833
0.126,-2.3329,0.27269,2.0432
0.1261,-2.3834,0.26775,2.0996
0.1262,-2.4307,0.26256,2.1528
0.1263,-2.4755,0.25715,2.2038
0.1264,-2.5187,0.25143,2.2534
0.1265,-2.5611,0.24543,2.3022
0.1266,-2.6023,0.23903,2.3502
0.1267,-2.6413,0.2321,2.3964
0.1268,-2.6772,0.22462,2.4399
0.1269,-2.7092,0.21678,2.4797
0.127,-2.7368,0.20878,2.5151
0.1271,-2.7601,0.20082,2.5461
0.1272,-2.7796,0.1932,2.5728
0.1273,-2.7964,0.18632,2.5961
0.1274,-2.8115,0.18047,2.6164
0.1275,-2.8251,0.17588,2.6339
0.1276,-2.8372,0.17263,2.6483
0.1277,-2.8472,0.17066,2.6593
0.1278,-2.8542,0.16975,2.6661
0.1279,-2.8573,0.16956,2.6682
0.128,-2.856,0.16974,2.6654
0.1281,-2.8505,0.17002,2.6582
0.1282,-2.8413,0.17027,2.6472
0.1283,-2.8291,0.1704,2.6332
0.1284,-2.8145,0.17026,2.617
0.1285,-2.7981,0.16982,2.5992
0.1286,-2.7797,0.16896,2.5796
0.1287,-2.7586,0.16749,2.5579
0.1288,-2.734,0.16522,2.5333
0.1289,-2.7053,0.16214,2.5055
0.129,-2.6723,0.15826,2.474
0.1291,-2.6349,0.15361,2.4388
0.1292,-2.5939,0.14841,2.4005
0.1293,-2.5501,0.14303,2.3596
0.1294,-2.5043,0.13785,2.3164
0.1295,-2.4569,0.13316,2.2711
0.1296,-2.4078,0.12925,2.2234
0.1297,-2.3568,0.12623,2.1728
0.1298,-2.3032,0.12396,2.1188
0.1299,-2.2465,0.12215,2.0613
0.13,-2.1862,0.12049,2.0001
0.1301,-2.1228,0.11872,1.9359
0.1302,-2.0566,0.11673,1.8693
0.1303,-1.9884,0.11453,1.8008
0.1304,-1.9188,0.11218,1.7313
0.1305,-1.8481,0.10965,1.6609
0.1306,-1.7763,0.10682,1.5899
0.1307,-1.703,0.10341,1.5179
0.1308,-1.6275,0.099059,1.4448
0.1309,-1.5493,0.09356,1.3705
0.131,-1.4685,0.086907,1.2947
0.1311,-1.3851,0.079281,1.2175
0.1312,-1.2999,0.071064,1.1393
0.1313,-1.2136,0.062785,1.0603
0.1314,-1.127,0.054912,0.98068
0.1315,-1.0405,0.047738,0.90061
0.1316,-0.9539,0.041447,0.8199
0.1317,-0.86717,0.036143,0.73825
0.1318,-0.7799,0.031813,0.6553
0.1319,-0.69172,0.0284,0.57078
0.132,-0.60258,0.025888,0.48463
0.1321,-0.51277,0.024273,0.39718
0.1322,-0.42285,0.023505,0.30898
0.1323,-0.33338,0.023518,0.22066
0.1324,-0.24491,0.02421,0.13284
0.1325,-0.15774,0.025401,0.045964
0.1326,-0.071875,0.026845,-0.039788
0.1327,0.012982,0.028256,-0.12447
0.1328,0.097206,0.029336,-0.20822
0.1329,0.18103,0.029858,-0.2911
0.133,0.26449,0.029763,-0.37313
0.1331,0.34732,0.029137,-0.45416
0.1332,0.42903,0.028194,-0.53393
0.1333,0.50897,0.027271,-0.61213
0.1334,0.58663,0.026733,-0.68857
0.1335,0.66176,0.026836,-0.76324
0.1336,0.73441,0.027736,-0.8363
0.1337,0.80478,0.029554,-0.90806
0.1338,0.87322,0.032349,-0.97885
0.1339,0.93999,0.036105,-1.0489
0.134,1.0052,0.040822,-1.1183
0.1341,1.0685,0.046516,-1.1868
0.1342,1.1296,0.053126,-1.2538
0.1343,1.188,0.060496,-1.3189
0.1344,1.2435,0.068437,-1.3815
0.1345,1.2958,0.076712,-1.4412
0.1346,1.3451,0.085018,-1.4979
0.1347,1.3917,0.093034,-1.5516
0.1348,1.4361,0.10048,-1.6023
0.1349,1.4784,0.10709,-1.6501
0.135,1.5188,0.11268,-1.6949
0.1351,1.5571,0.11719,-1.7364
0.1352,1.593,0.12068,-1.7745
0.1353,1.6262,0.12332,-1.8089
0.1354,1.6561,0.1254,-1.8395
0.1355,1.6828,0.12723,-1.8664
0.1356,1.7061,0.12907,-1.89
0.1357,1.7262,0.1311,-1.9106
0.1358,1.7434,0.13346,-1.9285
0.1359,1.7579,0.13618,-1.9441
0.136,1.7697,0.1393,-1.9574
0.1361,1.7787,0.14288,-1.9683
0.1362,1.7846,0.14702,-1.9766
0.1363,1.7869,0.15174,-1.9821
0.1364,1.7856,0.15702,-1.9844
0.1365,1.7805,0.16275,-1.9834
0.1366,1.7717,0.16871,-1.979
0.1367,1.7597,0.17459,-1.9713
0.1368,1.7448,0.18008,-1.9603
0.1369,1.7272,0.18491,-1.946
0.137,1.7072,0.1889,-1.9285
0.1371,1.6846,0.19196,-1.9075
0.1372,1.6593,0.19415,-1.8829
0.1373,1.631,0.19561,-1.8547
0.1374,1.5996,0.19655,-1.8228
0.1375,1.5649,0.19721,-1.7874
0.1376,1.5271,0.1978,-1.7489
0.1377,1.4863,0.19847,-1.7076
0.1378,1.4429,0.19935,-1.664
0.1379,1.397,0.20056,-1.6183
0.138,1.3488,0.20221,-1.5708
0.1381,1.2981,0.20449,-1.5215
0.1382,1.2447,0.20757,-1.4705
0.1383,1.1885,0.21162,-1.4176
0.1384,1.1293,0.21669,-1.3629
0.1385,1.0672,0.22269,-1.3062
0.1386,1.0023,0.22938,-1.2477
0.1387,0.93516,0.23639,-1.1872
0.1388,0.86605,0.24337,-1.1248
0.1389,0.79532,0.24999,-1.0606
0.139,0.72315,0.25604,-0.99438
0.1391,0.6496,0.26141,-0.92622
0.1392,0.57459,0.26606,-0.85601
0.1393,0.49805,0.26998,-0.78365
0.1394,0.41995,0.27318,-0.7091
0.1395,0.34038,0.27564,-0.63247
0.1396,0.25956,0.2774,-0.55401
0.1397,0.17773,0.27851,-0.47402
0.1398,0.095186,0.27909,-0.39296
0.1399,0.01212,0.27939,-0.31118
0.14,-0.071366,0.27958,-0.22902
0.1401,-0.1553,0.2799,-0.14665
0.1402,-0.23976,0.28051,-0.064164
0.1403,-0.32483,0.28154,0.018418
0.1404,-0.41048,0.283,0.10108
0.1405,-0.49661,0.28482,0.18381
0.1406,-0.58296,0.28687,0.2665
0.1407,-0.66918,0.28894,0.34905
0.1408,-0.75491,0.29078,0.43135
0.1409,-0.83983,0.29214,0.51337
0.141,-0.92374,0.29281,0.59512
0.1411,-1.0065,0.29261,0.67671
0.1412,-1.0882,0.29141,0.75822
0.1413,-1.1687,0.28913,0.83976
0.1414,-1.2481,0.28574,0.92132
0.1415,-1.3261,0.28123,1.0028
0.1416,-1.4027,0.27566,1.0839
0.1417,-1.4775,0.26913,1.1644
0.1418,-1.5504,0.26182,1.2437
0.1419,-1.6211,0.25397,1.3216
0.142,-1.6897,0.24585,1.3977
0.1421,-1.7561,0.23772,1.4718
0.1422,-1.8205,0.22984,1.5437
0.1423,-1.883,0.22239,1.6134
0.1424,-1.9437,0.21552,1.6806
0.1425,-2.0024,0.20928,1.7454
0.1426,-2.0592,0.20368,1.8074
0.1427,-2.1138,0.19868,1.8666
0.1428,-2.166,0.19414,1.9229
0.1429,-2.2157,0.18991,1.9762
0.143,-2.2627,0.18579,2.0266
0.1431,-2.3071,0.1816,2.0743
0.1432,-2.3489,0.17717,2.1193
0.1433,-2.3881,0.1724,2.1618
0.1434,-2.4246,0.16724,2.2018
0.1435,-2.4585,0.16166,2.2393
0.1436,-2.4895,0.15569,2.2742
0.1437,-2.5176,0.14938,2.3062
0.1438,-2.5425,0.14282,2.3351
0.1439,-2.5643,0.13613,2.3607
0.144,-2.5828,0.1295,2.3828
0.1441,-2.5982,0.12313,2.4013
0.1442,-2.6107,0.11726,2.416
0.1443,-2.6202,0.1121,2.4269
0.1444,-2.627,0.10781,2.4339
0.1445,-2.631,0.10447,2.4369
0.1446,-2.6322,0.10209,2.436
0.1447,-2.6304,0.10058,2.431
0.1448,-2.6256,0.099809,2.4219
0.1449,-2.6177,0.099607,2.409
0.145,-2.6066,0.09978,2.3922
0.1451,-2.5923,0.10012,2.3719
0.1452,-2.5749,0.10045,2.3483
0.1453,-2.5545,0.10055,2.3216
0.1454,-2.5311,0.10029,2.2922
0.1455,-2.5047,0.099514,2.26
0.1456,-2.4752,0.098111,2.2252
0.1457,-2.4426,0.096007,2.1878
0.1458,-2.4067,0.093181,2.1478
0.1459,-2.3676,0.08966,2.1051
0.146,-2.3252,0.08554,2.0597
0.1461,-2.2799,0.080983,2.0117
0.1462,-2.2316,0.07619,1.961
0.1463,-2.1807,0.071362,1.9076
0.1464,-2.1273,0.066681,1.8516
0.1465,-2.0715,0.062272,1.793
0.1466,-2.0133,0.058203,1.7317
0.1467,-1.9528,0.054486,1.6678
0.1468,-1.8899,0.051102,1.6013
0.1469,-1.8247,0.048009,1.5324
0.147,-1.7573,0.045149,1.4613
0.1471,-1.6878,0.04244,1.3881
0.1472,-1.6163,0.039772,1.3132
0.1473,-1.5431,0.037004,1.2369
0.1474,-1.4681,0.033987,1.1593
0.1475,-1.3914,0.030574,1.0809
0.1476,-1.3131,0.026657,1.0017
0.1477,-1.2332,0.02218,0.92183
0.1478,-1.1516,0.017153,0.84134
0.1479,-1.0686,0.01163,0.76029
0.148,-0.98416,0.0057167,0.67872
0.1481,-0.89855,-0.00044597,0.59672
0.1482,-0.81198,-0.0066808,0.51433
0.1483,-0.72467,-0.0128,0.43161
0.1484,-0.63683,-0.0186,0.34856
0.1485,-0.54862,-0.023887,0.26517
0.1486,-0.46019,-0.028488,0.1814
0.1487,-0.37164,-0.032276,0.097237
0.1488,-0.28306,-0.035202,0.0127
0.1489,-0.1946,-0.037217,-0.072115
0.149,-0.10639,-0.038355,-0.15707
0.1491,-0.018628,-0.038681,-0.24194
0.1492,0.068513,-0.038285,-0.32647
0.1493,0.15484,-0.037287,-0.41042
0.1494,0.24019,-0.035819,-0.49354
0.1495,0.32444,-0.034028,-0.57563
0.1496,0.40752,-0.032053,-0.65653
0.1497,0.48935,-0.030022,-0.7361
0.1498,0.56986,-0.028024,-0.81423
0.1499,0.64897,-0.026112,-0.89084
0.15,0.72657,-0.024289,-0.96581
0.1501,0.80251,-0.022512,-1.0391
0.1502,0.87665,-0.020695,-1.1106
0.1503,0.94886,-0.018725,-1.1803
0.1504,1.019,-0.01647,-1.2482
0.1505,1.0871,-0.013796,-1.3143
0.1506,1.1529,-0.010584,-1.3787
0.1507,1.2166,-0.0067543,-1.4414
0.1508,1.278,-0.0022659,-1.5025
0.1509,1.3371,0.0028765,-1.5618
0.151,1.3939,0.0086285,-1.6193
0.1511,1.4482,0.014909,-1.6747
0.1512,1.5,0.021623,-1.728
0.1513,1.5492,0.028652,-1.7789
0.1514,1.5957,0.035859,-1.8272
0.1515,1.6395,0.04308,-1.8728
0.1516,1.6807,0.050145,-1.9156
0.1517,1.7192,0.056876,-1.9554
0.1518,1.7551,0.063118,-1.9921
0.1519,1.7883,0.068761,-2.0255
0.152,1.8189,0.073755,-2.0557
0.1521,1.8468,0.078112,-2.0826
0.1522,1.8719,0.081901,-2.1061
0.1523,1.8941,0.085223,-2.1264
0.1524,1.9132,0.0882,-2.1433
0.1525,1.9294,0.09095,-2.1572
0.1526,1.9425,0.093594,-2.1679
0.1527,1.9525,0.096238,-2.1757
0.1528,1.9594,0.098977,-2.1805
0.1529,1.9632,0.10189,-2.1826
0.153,1.9639,0.10504,-2.1819
0.1531,1.9613,0.10846,-2.1783
0.1532,1.9555,0.11216,-2.172
0.1533,1.9465,0.11609,-2.1627
0.1534,1.9342,0.12021,-2.1505
0.1535,1.9187,0.1244,-2.1353
0.1536,1.9001,0.12857,-2.1171
0.1537,1.8784,0.13259,-2.0958
0.1538,1.8537,0.13638,-2.0714
0.1539,1.8261,0.13984,-2.044
0.154,1.7956,0.14297,-2.0134
0.1541,1.7623,0.14576,-1.9798
0.1542,1.7261,0.14826,-1.9432
0.1543,1.6871,0.15055,-1.9036
0.1544,1.6452,0.15271,-1.8612
0.1545,1.6005,0.15482,-1.8162
0.1546,1.553,0.15698,-1.7686
0.1547,1.5029,0.15928,-1.7187
0.1548,1.4502,0.16182,-1.6666
0.1549,1.3949,0.16469,-1.6124
0.155,1.3372,0.16797,-1.5563
0.1551,1.277,0.1717,-1.4983
0.1552,1.2144,0.17589,-1.4386
0.1553,1.1494,0.18051,-1.377
0.1554,1.0822,0.18548,-1.3138
0.1555,1.0129,0.1907,-1.2488
0.1556,0.94155,0.19606,-1.1821
0.1557,0.86838,0.20142,-1.1137
0.1558,0.79351,0.20668,-1.0437
0.1559,0.71708,0.21172,-0.97204
0.156,0.63922,0.21644,-0.89879
0.1561,0.56004,0.22076,-0.82397
0.1562,0.47964,0.22462,-0.74764
0.1563,0.39812,0.22799,-0.66988
0.1564,0.3156,0.23088,-0.59079
0.1565,0.2322,0.23331,-0.51054
0.1566,0.14805,0.23532,-0.42927
0.1567,0.063283,0.23698,-0.34722
0.1568,-0.021964,0.23833,-0.26452
0.1569,-0.10757,0.23941,-0.18136
0.157,-0.19343,0.24028,-0.097866
0.1571,-0.27944,0.24097,-0.014184
0.1572,-0.36547,0.24151,0.069574
0.1573,-0.45142,0.2419,0.15331
0.1574,-0.53713,0.24212,0.23692
0.1575,-0.62244,0.24211,0.32033
0.1576,-0.69991,0.2385,0.39949
0.1577,-0.74537,0.22311,0.45846
0.1578,-0.77606,0.20332,0.50698
0.1579,-0.79417,0.17978,0.54658
0.158,-0.79466,0.15013,0.57468
0.1581,-0.77032,0.11245,0.58613
0.1582,-0.74096,0.075198,0.59235
0.1583,-0.71723,0.039618,0.60285
0.1584,-0.68071,0.0010006,0.60405
0.1585,-0.62914,-0.040092,0.59322
0.1586,-0.58179,-0.077519,0.58344
0.1587,-0.53802,-0.11391,0.57669
0.1588,-0.48647,-0.15137,0.56367
0.1589,-0.43397,-0.18838,0.54962
0.159,-0.38577,-0.22413,0.53892
0.1591,-0.33766,-0.25972,0.52839
0.1592,-0.30009,-0.28942,0.52274
0.1593,-0.28747,-0.31046,0.5335
0.1594,-0.29239,-0.32568,0.55588
0.1595,-0.30391,-0.33815,0.58194
0.1596,-0.32242,-0.34758,0.61169
0.1597,-0.34072,-0.35832,0.64222
0.1598,-0.34723,-0.37252,0.66411
0.1599,-0.34657,-0.38849,0.68039
0.16,-0.34362,-0.40625,0.69592
0.1601,-0.3305,-0.42971,0.70678
0.1602,-0.30764,-0.45624,0.71102
0.1603,-0.28181,-0.48348,0.71318
0.1604,-0.24391,-0.51379,0.70663
0.1605,-0.18737,-0.54796,0.68567
0.1606,-0.12616,-0.58001,0.65834
0.1607,-0.06566,-0.61002,0.62993
0.1608,0.0061858,-0.64122,0.59151
0.1609,0.084382,-0.6712,0.54557
0.161,0.14966,-0.69438,0.50548
0.1611,0.20014,-0.71203,0.47397
0.1612,0.23927,-0.72427,0.44747
0.1613,0.25748,-0.72904,0.4335
0.1614,0.25653,-0.72858,0.43255
0.1615,0.2548,-0.72879,0.43255
0.1616,0.25619,-0.72883,0.42923
0.1617,0.25257,-0.72714,0.42925
0.1618,0.24911,-0.72577,0.42949
0.1619,0.25201,-0.726,0.42506
0.162,0.25413,-0.72527,0.42055
0.1621,0.25495,-0.72521,0.41805
0.1622,0.26504,-0.72808,0.40931
0.1623,0.28517,-0.73302,0.39269
0.1624,0.31133,-0.73908,0.37125
0.1625,0.34917,-0.749,0.34209
0.1626,0.40141,-0.76222,0.30195
0.1627,0.46139,-0.77668,0.2553
0.1628,0.52728,-0.79186,0.20339
0.1629,0.59776,-0.80671,0.14643
0.163,0.66033,-0.81626,0.091842
0.1631,0.70594,-0.81878,0.046988
0.1632,0.73872,-0.81549,0.0091416
0.1633,0.7605,-0.80659,-0.023019
0.1634,0.76921,-0.7916,-0.047622
0.1635,0.77067,-0.77315,-0.067481
0.1636,0.76884,-0.75184,-0.085937
0.1637,0.75779,-0.72669,-0.098185
0.1638,0.73778,-0.69921,-0.10313
0.1639,0.71751,-0.67271,-0.10648
0.164,0.698,-0.64663,-0.11017
0.1641,0.67794,-0.62111,-0.11293
0.1642,0.66585,-0.59836,-0.12105
0.1643,0.66675,-0.57884,-0.13914
0.1644,0.67588,-0.56061,-0.16428
0.1645,0.6949,-0.54532,-0.19637
0.1646,0.72967,-0.53417,-0.24
0.1647,0.77358,-0.52466,-0.29107
0.1648,0.81683,-0.51432,-0.34219
0.1649,0.85942,-0.50389,-0.39256
0.165,0.89901,-0.4919,-0.44132
0.1651,0.92753,-0.47628,-0.48251
0.1652,0.94703,-0.45805,-0.51716
0.1653,0.96488,-0.43888,-0.55098
0.1654,0.97711,-0.41655,-0.58234
0.1655,0.97722,-0.38969,-0.60608
0.1656,0.96771,-0.35913,-0.62388
0.1657,0.94914,-0.32494,-0.6363
0.1658,0.91721,-0.2863,-0.63993
0.1659,0.87534,-0.24532,-0.63619
0.166,0.83134,-0.20396,-0.63102
0.1661,0.78661,-0.16278,-0.62536
0.1662,0.74315,-0.12308,-0.61998
0.1663,0.70876,-0.087606,-0.61998
0.1664,0.68717,-0.056783,-0.62866
0.1665,0.67683,-0.030335,-0.6447
0.1666,0.67828,-0.0082102,-0.66861
0.1667,0.68969,0.010906,-0.6998
0.1668,0.7038,0.029715,-0.73363
0.1669,0.71709,0.048644,-0.76702
0.167,0.73062,0.067548,-0.80088
0.1671,0.74199,0.087336,-0.83373
0.1672,0.74879,0.10845,-0.86362
0.1673,0.75258,0.13002,-0.89125
0.1674,0.75072,0.15322,-0.91519
0.1675,0.73658,0.17962,-0.93043
0.1676,0.71016,0.20874,-0.93657
0.1677,0.67476,0.23974,-0.93612
0.1678,0.62859,0.27371,-0.92835
0.1679,0.57198,0.31017,-0.91317
0.168,0.51183,0.34713,-0.8956
0.1681,0.45167,0.38372,-0.87831
0.1682,0.39141,0.41946,-0.86092
0.1683,0.33665,0.45182,-0.84671
0.1684,0.2932,0.47934,-0.83997
0.1685,0.25862,0.50287,-0.83856
0.1686,0.2304,0.52279,-0.83969
0.1687,0.21102,0.53841,-0.84405
0.1688,0.1996,0.55078,-0.85007
0.1689,0.19247,0.56107,-0.85418
0.169,0.1911,0.56904,-0.85782
0.1691,0.19668,0.57514,-0.86347
0.1692,0.20342,0.58179,-0.86925
0.1693,0.20587,0.59021,-0.87266
0.1694,0.20257,0.60072,-0.87355
0.1695,0.18979,0.61442,-0.86945
0.1696,0.16343,0.63203,-0.85695
0.1697,0.12507,0.65243,-0.8364
0.1698,0.077372,0.67491,-0.8094
0.1699,0.020455,0.69921,-0.77545
0.17,-0.042438,0.72387,-0.73606
0.1701,-0.10511,0.74692,-0.69502
0.1702,-0.16466,0.7678,-0.65407
0.1703,-0.21969,0.7859,-0.61356
0.1704,-0.26714,0.80041,-0.57553
0.1705,-0.30649,0.81144,-0.54067
0.1706,-0.33961,0.81944,-0.50803
0.1707,-0.36514,0.82363,-0.47876
0.1708,-0.38074,0.82345,-0.45514
0.1709,-0.38751,0.81923,-0.43687
0.171,-0.38654,0.81111,-0.42332
0.1711,-0.37802,0.79918,-0.41459
0.1712,-0.36614,0.78505,-0.40824
0.1713,-0.35665,0.77044,-0.40014
0.1714,-0.3513,0.75603,-0.38897
0.1715,-0.35163,0.74282,-0.37397
0.1716,-0.36178,0.73257,-0.35254
0.1717,-0.38269,0.72566,-0.32374
0.1718,-0.41186,0.72171,-0.28936
0.1719,-0.44901,0.72082,-0.24955
0.172,-0.49376,0.7226,-0.20409
0.1721,-0.54133,0.72529,-0.15578
0.1722,-0.58801,0.72768,-0.10725
0.1723,-0.63409,0.72931,-0.05811
0.1724,-0.67776,0.72876,-0.0092825
0.1725,-0.71467,0.72378,0.036119
