0.1,0.59155,-1.0347,0.42539
0.1001,0.62391,-1.0293,0.3903
0.1002,0.65545,-1.0224,0.35477
0.1003,0.68608,-1.0141,0.31883
0.1004,0.71573,-1.0043,0.28255
0.1005,0.74435,-0.99304,0.24595
0.1006,0.77189,-0.98038,0.20907
0.1007,0.7983,-0.9663,0.17193
0.1008,0.82355,-0.95083,0.13452
0.1009,0.84761,-0.934,0.09687
0.101,0.87048,-0.91585,0.059009
0.1011,0.89213,-0.89642,0.020968
0.1012,0.91253,-0.87577,-0.017216
0.1013,0.93168,-0.85396,-0.055498
0.1014,0.87635,-0.8041,-0.025565
0.1015,0.8583,-0.77462,-0.030354
0.1016,0.85226,-0.75377,-0.038116
0.1017,0.83885,-0.72538,-0.032612
0.1018,0.80252,-0.68916,-0.022127
0.1019,0.77507,-0.6618,-0.017728
0.102,0.76381,-0.64332,-0.0089694
0.1021,0.73108,-0.6127,0.0081974
0.1022,0.67457,-0.57559,0.044742
0.1023,0.61894,-0.54824,0.094488
0.1024,0.56776,-0.5304,0.14099
0.1025,0.51812,-0.51579,0.18047
0.1026,0.4705,-0.50242,0.2223
0.1027,0.41574,-0.48493,0.26674
0.1028,0.35398,-0.46376,0.31022
0.1029,0.29911,-0.44755,0.35421
0.103,0.24774,-0.43655,0.40451
0.1031,0.18431,-0.42272,0.46156
0.1032,0.10802,-0.40802,0.52952
0.1033,0.025986,-0.39792,0.60512
0.1034,-0.057516,-0.39137,0.68083
0.1035,-0.13679,-0.38685,0.75065
0.1036,-0.209,-0.38691,0.81864
0.1037,-0.28215,-0.389,0.88756
0.1038,-0.35968,-0.38857,0.95438
0.1039,-0.43325,-0.38937,1.0159
0.104,-0.50677,-0.39207,1.0761
0.1041,-0.59671,-0.38951,1.1399
0.1042,-0.70187,-0.38312,1.2103
0.1043,-0.80544,-0.38289,1.2822
0.1044,-0.90095,-0.39061,1.3513
0.1045,-0.99563,-0.39892,1.4202
0.1046,-1.0908,-0.40697,1.4939
0.1047,-1.18,-0.41926,1.567
0.1048,-1.2667,-0.43149,1.636
0.1049,-1.3539,-0.44244,1.7082
0.105,-1.4447,-0.45443,1.7942
0.1051,-1.5416,-0.46738,1.894
0.1052,-1.6433,-0.48091,2.0087
0.1053,-1.7446,-0.49755,2.1397
0.1054,-1.839,-0.52213,2.284
0.1055,-1.9297,-0.54924,2.4342
0.1056,-2.0167,-0.57683,2.5843
0.1057,-2.1024,-0.60284,2.7306
0.1058,-2.1876,-0.6274,2.8715
0.1059,-2.2728,-0.65049,3.0062
0.106,-2.3601,-0.6723,3.1373
0.1061,-2.4523,-0.69362,3.2673
0.1062,-2.5464,-0.71758,3.3974
0.1063,-2.6372,-0.74569,3.5245
0.1064,-2.7232,-0.77664,3.6465
0.1065,-2.8069,-0.80787,3.7633
0.1066,-2.8885,-0.83853,3.8752
0.1067,-2.9663,-0.868,3.9796
0.1068,-3.0408,-0.89525,4.0766
0.1069,-3.1155,-0.91983,4.1694
0.107,-3.1932,-0.94263,4.2624
0.1071,-3.2734,-0.96469,4.3558
0.1072,-3.3529,-0.98741,4.4481
0.1073,-3.4291,-1.0126,4.5389
0.1074,-3.5008,-1.0411,4.628
0.1075,-3.5681,-1.0705,4.7127
0.1076,-3.6307,-1.0986,4.7908
0.1077,-3.6889,-1.1249,4.8619
0.1078,-3.7437,-1.1496,4.9279
0.1079,-3.7963,-1.173,4.9898
0.108,-3.8465,-1.1963,5.0494
0.1081,-3.894,-1.222,5.1088
0.1082,-3.9382,-1.251,5.1684
0.1083,-3.9777,-1.2826,5.226
0.1084,-4.0114,-1.3162,5.2797
0.1085,-4.0397,-1.3504,5.3286
0.1086,-4.0639,-1.3832,5.3719
0.1087,-4.0841,-1.4128,5.4081
0.1088,-4.1005,-1.4395,5.4374
0.1089,-4.1148,-1.4638,5.4622
0.109,-4.129,-1.4864,5.4851
0.1091,-4.1417,-1.5086,5.506
0.1092,-4.15,-1.5327,5.5244
0.1093,-4.1533,-1.5591,5.5401
0.1094,-4.1522,-1.5863,5.5526
0.1095,-4.1463,-1.6128,5.5597
0.1096,-4.1342,-1.6381,5.5599
0.1097,-4.1165,-1.6616,5.5533
0.1098,-4.0949,-1.6831,5.5415
0.1099,-4.0697,-1.7037,5.5258
0.11,-4.0402,-1.7248,5.5072
0.1101,-4.007,-1.7474,5.4868
0.1102,-3.9703,-1.7714,5.4652
0.1103,-3.9292,-1.797,5.4409
0.1104,-3.8828,-1.8232,5.4126
0.1105,-3.832,-1.8482,5.3791
0.1106,-3.778,-1.8701,5.3399
0.1107,-3.7206,-1.8885,5.2946
0.1108,-3.6601,-1.9037,5.2436
0.1109,-3.5978,-1.9162,5.1888
0.111,-3.5341,-1.9274,5.132
0.1111,-3.468,-1.9389,5.0739
0.1112,-3.3986,-1.9512,5.0141
0.1113,-3.3264,-1.9636,4.9524
0.1114,-3.2522,-1.9747,4.8882
0.1115,-3.1751,-1.9835,4.82
0.1116,-3.0948,-1.9894,4.747
0.1117,-3.0118,-1.992,4.6696
0.1118,-2.9265,-1.9923,4.5895
0.1119,-2.8388,-1.9914,4.5081
0.112,-2.7487,-1.9904,4.4264
0.1121,-2.6567,-1.9898,4.3455
0.1122,-2.5622,-1.9903,4.266
0.1123,-2.4662,-1.9909,4.1881
0.1124,-2.3683,-1.9906,4.1103
0.1125,-2.2685,-1.9881,4.0316
0.1126,-2.1673,-1.9829,3.9518
0.1127,-2.0648,-1.9749,3.87
0.1128,-1.9612,-1.9643,3.7851
0.1129,-1.857,-1.952,3.696
0.113,-1.7527,-1.9391,3.6016
0.1131,-1.6487,-1.9258,3.4999
0.1132,-1.5457,-1.9112,3.3901
0.1133,-1.4442,-1.8947,3.2731
0.1134,-1.3444,-1.8756,3.1506
0.1135,-1.2461,-1.8529,3.0229
0.1136,-1.1488,-1.8264,2.8907
0.1137,-1.0521,-1.7968,2.7547
0.1138,-0.95585,-1.7654,2.616
0.1139,-0.86032,-1.7329,2.4754
0.114,-0.76531,-1.7003,2.3338
0.1141,-0.67087,-1.6681,2.1927
0.1142,-0.57753,-1.6366,2.0538
0.1143,-0.48557,-1.6049,1.9176
0.1144,-0.39458,-1.5724,1.784
0.1145,-0.30412,-1.5389,1.6529
0.1146,-0.21412,-1.5045,1.5241
0.1147,-0.12445,-1.4695,1.3978
0.1148,-0.03484,-1.4346,1.2739
0.1149,0.054404,-1.4005,1.1532
0.115,0.14222,-1.3675,1.0364
0.1151,0.22764,-1.335,0.92375
0.1152,0.31023,-1.3024,0.81498
0.1153,0.38971,-1.2693,0.70961
0.1154,0.4659,-1.2349,0.60721
0.1155,0.53911,-1.1991,0.50702
0.1156,0.61004,-1.1619,0.40854
0.1157,0.67889,-1.124,0.31192
0.1158,0.74528,-1.0859,0.2179
0.1159,0.80893,-1.048,0.12711
0.116,0.86973,-1.0107,0.040068
0.1161,0.92721,-0.97408,-0.042747
0.1162,0.98074,-0.93785,-0.12104
0.1163,1.0303,-0.90155,-0.19519
0.1164,1.0766,-0.86502,-0.26592
0.1165,1.1199,-0.82828,-0.33371
0.1166,1.1607,-0.79159,-0.39856
0.1167,1.1992,-0.75546,-0.46033
0.1168,1.2356,-0.7204,-0.51868
0.1169,1.2693,-0.68655,-0.57299
0.117,1.2993,-0.65378,-0.62249
0.1171,1.3251,-0.62184,-0.66688
0.1172,1.3464,-0.59036,-0.70635
0.1173,1.3632,-0.55894,-0.74129
0.1174,1.3756,-0.52738,-0.77205
0.1175,1.3842,-0.49577,-0.79914
0.1176,1.3895,-0.46425,-0.823
0.1177,1.3915,-0.43296,-0.84362
0.1178,1.39,-0.40215,-0.86048
0.1179,1.3846,-0.37208,-0.87306
0.118,1.375,-0.34275,-0.88099
0.1181,1.3607,-0.31401,-0.88399
0.1182,1.3416,-0.28582,-0.88192
0.1183,1.318,-0.2582,-0.87515
0.1184,1.2907,-0.23112,-0.86431
0.1185,1.26,-0.20473,-0.84991
0.1186,1.2267,-0.17941,-0.83209
0.1187,1.191,-0.15553,-0.81082
0.1188,1.1529,-0.13323,-0.78598
0.1189,1.1121,-0.11262,-0.75717
0.119,1.0682,-0.093812,-0.72385
0.1191,1.021,-0.076713,-0.68581
0.1192,0.97024,-0.061018,-0.64329
0.1193,0.91612,-0.046507,-0.59672
0.1194,0.85888,-0.033101,-0.54655
0.1195,0.79887,-0.020693,-0.49335
0.1196,0.7364,-0.0091783,-0.43766
0.1197,0.67163,0.0013651,-0.37969
0.1198,0.60442,0.010799,-0.31926
0.1199,0.53444,0.019174,-0.25621
0.12,0.46139,0.026615,-0.19051
0.1201,0.38516,0.033146,-0.12223
0.1202,0.30581,0.038716,-0.051611
0.1203,0.22374,0.0433,0.020702
0.1204,0.13955,0.046813,0.093738
0.1205,0.053973,0.04903,0.16649
0.1206,-0.032589,0.049764,0.23801
0.1207,-0.12002,0.048999,0.30725
0.1208,-0.20838,0.046788,0.37316
0.1209,-0.29785,0.043145,0.43502
0.121,-0.38879,0.03815,0.49292
0.1211,-0.4814,0.031966,0.54826
0.1212,-0.57555,0.024712,0.60397
0.1213,-0.67086,0.016403,0.66388
0.1214,-0.76696,0.0070616,0.7316
0.1215,-0.86338,-0.0033087,0.80975
0.1216,-0.95961,-0.014791,0.89984
0.1217,-1.0553,-0.027512,1.0024
0.1218,-1.1507,-0.041494,1.1171
0.1219,-1.2457,-0.0567,1.243
0.122,-1.3405,-0.073137,1.3787
0.1221,-1.4351,-0.091092,1.5223
0.1222,-1.5294,-0.10998,1.6712
0.1223,-1.623,-0.13024,1.8229
0.1224,-1.7153,-0.15188,1.9743
0.1225,-1.8061,-0.17474,2.1226
0.1226,-1.8953,-0.19865,2.2658
0.1227,-1.9827,-0.22346,2.403
0.1228,-2.0687,-0.24891,2.5343
0.1229,-2.1538,-0.27455,2.6603
0.123,-2.2383,-0.3,2.7818
0.1231,-2.3227,-0.32494,2.8994
0.1232,-2.4068,-0.34919,3.0135
0.1233,-2.4905,-0.37257,3.1243
0.1234,-2.5735,-0.395,3.2315
0.1235,-2.6554,-0.41647,3.3352
0.1236,-2.7358,-0.43696,3.4351
0.1237,-2.8145,-0.4565,3.5314
0.1238,-2.8914,-0.47516,3.6242
0.1239,-2.9665,-0.49309,3.7138
0.124,-3.0395,-0.5105,3.8004
0.1241,-3.1101,-0.52761,3.884
0.1242,-3.1779,-0.54473,3.9648
0.1243,-3.2424,-0.56215,4.0426
0.1244,-3.303,-0.58002,4.1172
0.1245,-3.3593,-0.59831,4.1883
0.1246,-3.4112,-0.61695,4.2557
0.1247,-3.4586,-0.63586,4.3195
0.1248,-3.5018,-0.65478,4.3796
0.1249,-3.5411,-0.6734,4.4362
0.125,-3.5768,-0.69149,4.4893
0.1251,-3.6093,-0.70888,4.539
0.1252,-3.6384,-0.72539,4.5852
0.1253,-3.6641,-0.74083,4.6276
0.1254,-3.6864,-0.75507,4.666
0.1255,-3.7051,-0.76794,4.7
0.1256,-3.7202,-0.77923,4.7295
0.1257,-3.7317,-0.78879,4.7544
0.1258,-3.7398,-0.79659,4.7748
0.1259,-3.7443,-0.80272,4.791
0.126,-3.7454,-0.80738,4.8031
0.1261,-3.7427,-0.81086,4.8112
0.1262,-3.7358,-0.8135,4.8155
0.1263,-3.7246,-0.81553,4.8158
0.1264,-3.7085,-0.81705,4.8121
0.1265,-3.6875,-0.81808,4.8041
0.1266,-3.6616,-0.81859,4.7919
0.1267,-3.6307,-0.81847,4.7754
0.1268,-3.5953,-0.81763,4.7548
0.1269,-3.5555,-0.81598,4.7302
0.127,-3.5116,-0.81345,4.7019
0.1271,-3.4641,-0.80995,4.67
0.1272,-3.4131,-0.80534,4.6345
0.1273,-3.3588,-0.79942,4.5953
0.1274,-3.3014,-0.79197,4.5522
0.1275,-3.2411,-0.78276,4.5052
0.1276,-3.1782,-0.77161,4.4542
0.1277,-3.1127,-0.75848,4.3993
0.1278,-3.0449,-0.74342,4.3406
0.1279,-2.9749,-0.72661,4.2786
0.128,-2.9027,-0.70836,4.2135
0.1281,-2.8283,-0.68901,4.1456
0.1282,-2.7515,-0.66888,4.0752
0.1283,-2.6721,-0.64828,4.0025
0.1284,-2.59,-0.62744,3.9276
0.1285,-2.505,-0.6065,3.8508
0.1286,-2.4172,-0.58559,3.7723
0.1287,-2.3267,-0.56478,3.6925
0.1288,-2.2337,-0.54418,3.6118
0.1289,-2.1384,-0.52388,3.5305
0.129,-2.0412,-0.50394,3.4491
0.1291,-1.9424,-0.48439,3.3676
0.1292,-1.8421,-0.46518,3.2858
0.1293,-1.7407,-0.44615,3.2028
0.1294,-1.6385,-0.42704,3.1177
0.1295,-1.5359,-0.4076,3.0293
0.1296,-1.4331,-0.38759,2.9365
0.1297,-1.3307,-0.36684,2.8385
0.1298,-1.2288,-0.34528,2.7349
0.1299,-1.1277,-0.32299,2.6256
0.13,-1.0275,-0.3001,2.5105
0.1301,-0.92835,-0.27676,2.39
0.1302,-0.83019,-0.25312,2.2644
0.1303,-0.73293,-0.2294,2.134
0.1304,-0.63644,-0.20568,1.9997
0.1305,-0.54063,-0.18208,1.8623
0.1306,-0.44544,-0.15874,1.7231
0.1307,-0.35082,-0.13583,1.5837
0.1308,-0.25678,-0.11352,1.4451
0.1309,-0.16335,-0.091984,1.3084
0.131,-0.070585,-0.071411,1.1745
0.1311,0.021481,-0.051929,1.0436
0.1312,0.11277,-0.033558,0.91586
0.1313,0.20317,-0.016212,0.79128
0.1314,0.29251,0.00027047,0.66967
0.1315,0.3806,0.016094,0.5509
0.1316,0.46718,0.031477,0.43482
0.1317,0.55201,0.046592,0.32139
0.1318,0.63483,0.061528,0.21063
0.1319,0.71545,0.076311,0.10268
0.132,0.79369,0.090954,-0.0024008
0.1321,0.8694,0.10547,-0.1045
0.1322,0.94245,0.11991,-0.2036
0.1323,1.0127,0.13436,-0.29968
0.1324,1.0802,0.14894,-0.39278
0.1325,1.1447,0.16374,-0.48293
0.1326,1.2062,0.17879,-0.57008
0.1327,1.2647,0.19404,-0.65412
0.1328,1.3202,0.2094,-0.73491
0.1329,1.3726,0.22471,-0.81226
0.133,1.4221,0.23984,-0.88597
0.1331,1.4684,0.2547,-0.9559
0.1332,1.5116,0.26925,-1.022
0.1333,1.5517,0.28356,-1.0842
0.1334,1.5885,0.29772,-1.1425
0.1335,1.6219,0.31184,-1.1969
0.1336,1.6519,0.32602,-1.2474
0.1337,1.6783,0.34032,-1.2941
0.1338,1.701,0.35472,-1.3367
0.1339,1.7199,0.36921,-1.3752
0.134,1.735,0.38374,-1.4094
0.1341,1.7462,0.3983,-1.4394
0.1342,1.7533,0.41294,-1.4651
0.1343,1.7563,0.42772,-1.4865
0.1344,1.7553,0.4427,-1.5038
0.1345,1.7502,0.45791,-1.517
0.1346,1.7411,0.47331,-1.5261
0.1347,1.728,0.48877,-1.5312
0.1348,1.7112,0.50413,-1.5321
0.1349,1.6906,0.51919,-1.5287
0.135,1.6665,0.5338,-1.5212
0.1351,1.6388,0.54784,-1.5093
0.1352,1.6077,0.56126,-1.4931
0.1353,1.5732,0.57405,-1.4728
0.1354,1.5354,0.58624,-1.4484
0.1355,1.4943,0.5978,-1.42
0.1356,1.4501,0.6087,-1.3877
0.1357,1.4028,0.61889,-1.3516
0.1358,1.3525,0.62832,-1.3117
0.1359,1.2992,0.63694,-1.2681
0.136,1.2429,0.64476,-1.2209
0.1361,1.1836,0.65179,-1.1701
0.1362,1.1214,0.6581,-1.116
0.1363,1.0562,0.66375,-1.0586
0.1364,0.98817,0.66878,-0.99837
0.1365,0.91746,0.67319,-0.93544
0.1366,0.8442,0.67697,-0.87012
0.1367,0.76852,0.68003,-0.80268
0.1368,0.69058,0.68231,-0.73345
0.1369,0.61049,0.68373,-0.66281
0.137,0.52837,0.68424,-0.59129
0.1371,0.4443,0.68383,-0.51959
0.1372,0.35837,0.68257,-0.44872
0.1373,0.27068,0.68053,-0.38002
0.1374,0.18133,0.67778,-0.31516
0.1375,0.090379,0.67439,-0.25585
0.1376,-0.0020869,0.67043,-0.20278
0.1377,-0.095913,0.66593,-0.15427
0.1378,-0.19095,0.66084,-0.10594
0.1379,-0.28706,0.65514,-0.052367
0.138,-0.38404,0.6488,0.010902
0.1381,-0.48166,0.64174,0.086585
0.1382,-0.57959,0.63384,0.17564
0.1383,-0.67753,0.62499,0.27764
0.1384,-0.77522,0.61518,0.39122
0.1385,-0.87239,0.60434,0.51464
0.1386,-0.96881,0.59241,0.6463
0.1387,-1.0643,0.57927,0.78496
0.1388,-1.1587,0.56493,0.92959
0.1389,-1.2519,0.54943,1.0791
0.139,-1.344,0.53293,1.2319
0.1391,-1.4349,0.51558,1.3859
0.1392,-1.5247,0.49758,1.5381
0.1393,-1.6133,0.47919,1.6857
0.1394,-1.7009,0.46075,1.8271
0.1395,-1.7875,0.44262,1.9618
0.1396,-1.8735,0.42519,2.0902
0.1397,-1.959,0.40877,2.2131
0.1398,-2.0441,0.39363,2.3314
0.1399,-2.1288,0.37998,2.4456
0.14,-2.2131,0.36796,2.556
0.1401,-2.2969,0.3576,2.6629
0.1402,-2.3798,0.34886,2.7663
0.1403,-2.4615,0.3416,2.8663
0.1404,-2.5416,0.33568,2.9629
0.1405,-2.6196,0.33086,3.0562
0.1406,-2.6953,0.32689,3.1461
0.1407,-2.768,0.32352,3.2329
0.1408,-2.8376,0.32053,3.3164
0.1409,-2.9037,0.31773,3.3969
0.141,-2.966,0.31496,3.4742
0.1411,-3.0242,0.31213,3.5484
0.1412,-3.0783,0.30926,3.6195
0.1413,-3.1282,0.30646,3.6872
0.1414,-3.174,0.30393,3.7515
0.1415,-3.2158,0.30194,3.8123
0.1416,-3.254,0.30078,3.8695
0.1417,-3.2886,0.30072,3.9228
0.1418,-3.3198,0.30197,3.9724
0.1419,-3.3479,0.30474,4.0179
0.142,-3.3729,0.30913,4.0595
0.1421,-3.3947,0.31521,4.0969
0.1422,-3.4135,0.32296,4.1301
0.1423,-3.4289,0.33229,4.1591
0.1424,-3.4409,0.34306,4.1837
0.1425,-3.4493,0.35507,4.2041
0.1426,-3.4539,0.36805,4.2202
0.1427,-3.4543,0.38168,4.232
0.1428,-3.4504,0.39561,4.2397
0.1429,-3.4419,0.40952,4.2432
0.143,-3.4285,0.4231,4.2428
0.1431,-3.4102,0.43612,4.2383
0.1432,-3.3869,0.44844,4.2298
0.1433,-3.3586,0.46005,4.2174
0.1434,-3.3256,0.47097,4.201
0.1435,-3.2881,0.48133,4.1807
0.1436,-3.2464,0.49128,4.1564
0.1437,-3.2009,0.50098,4.1282
0.1438,-3.152,0.5106,4.0961
0.1439,-3.1,0.52029,4.06
0.144,-3.0451,0.53018,4.02
0.1441,-2.9876,0.54032,3.976
0.1442,-2.9277,0.55072,3.9282
0.1443,-2.8655,0.5613,3.8766
0.1444,-2.8009,0.57195,3.8212
0.1445,-2.7339,0.58247,3.7623
0.1446,-2.6645,0.59261,3.7001
0.1447,-2.5926,0.60208,3.6347
0.1448,-2.518,0.61057,3.5665
0.1449,-2.4406,0.61778,3.4956
0.145,-2.3603,0.62346,3.4225
0.1451,-2.277,0.62742,3.3473
0.1452,-2.1907,0.62957,3.2704
0.1453,-2.1016,0.6299,3.1919
0.1454,-2.0099,0.62848,3.1122
0.1455,-1.9157,0.62544,3.0315
0.1456,-1.8193,0.62095,2.9498
0.1457,-1.7213,0.61525,2.8673
0.1458,-1.6218,0.60859,2.7838
0.1459,-1.5213,0.60124,2.6991
0.146,-1.4202,0.5935,2.6127
0.1461,-1.3188,0.5856,2.5243
0.1462,-1.2174,0.57777,2.4331
0.1463,-1.1163,0.57021,2.3388
0.1464,-1.0156,0.56305,2.2406
0.1465,-0.9154,0.55636,2.1378
0.1466,-0.81586,0.55014,2.0297
0.1467,-0.71699,0.54436,1.9158
0.1468,-0.61879,0.53896,1.7957
0.1469,-0.52123,0.53383,1.6697
0.147,-0.42428,0.52887,1.5383
0.1471,-0.32787,0.52398,1.403
0.1472,-0.23193,0.51903,1.2654
0.1473,-0.13642,0.51394,1.127
0.1474,-0.041307,0.50862,0.98934
0.1475,0.053383,0.50305,0.85335
0.1476,0.14756,0.49723,0.71972
0.1477,0.24108,0.49123,0.58881
0.1478,0.33375,0.48516,0.46077
0.1479,0.42533,0.47917,0.33564
0.148,0.5156,0.47341,0.21338
0.1481,0.60434,0.46803,0.093952
0.1482,0.69133,0.46318,-0.022725
0.1483,0.7764,0.45894,-0.1367
0.1484,0.85943,0.45537,-0.24801
0.1485,0.94028,0.45248,-0.35667
0.1486,1.0189,0.45029,-0.46267
0.1487,1.0951,0.44879,-0.56595
0.1488,1.1689,0.44797,-0.66647
0.1489,1.2402,0.44783,-0.76414
0.149,1.3089,0.44836,-0.85889
0.1491,1.3749,0.44953,-0.9506
0.1492,1.4383,0.45129,-1.0392
0.1493,1.4989,0.45356,-1.1245
0.1494,1.5568,0.4563,-1.2065
0.1495,1.6118,0.45946,-1.2851
0.1496,1.664,0.46303,-1.3602
0.1497,1.7131,0.46704,-1.4316
0.1498,1.759,0.47153,-1.4994
0.1499,1.8016,0.47658,-1.5635
0.15,1.8406,0.48225,-1.6237
0.1501,1.8761,0.48858,-1.6801
0.1502,1.9078,0.49561,-1.7326
0.1503,1.9358,0.50334,-1.7812
0.1504,1.9599,0.51174,-1.8258
0.1505,1.98,0.52077,-1.8663
0.1506,1.9963,0.53041,-1.9027
0.1507,2.0085,0.54061,-1.935
0.1508,2.0167,0.55132,-1.9631
0.1509,2.0209,0.56248,-1.9871
0.151,2.0212,0.57401,-2.0069
0.1511,2.0175,0.58579,-2.0224
0.1512,2.0101,0.5977,-2.0338
0.1513,1.9989,0.60959,-2.041
0.1514,1.9841,0.62135,-2.0439
0.1515,1.9659,0.63286,-2.0426
0.1516,1.9441,0.64405,-2.037
0.1517,1.9188,0.65488,-2.0271
0.1518,1.89,0.66534,-2.0131
0.1519,1.8578,0.67544,-1.9948
0.152,1.822,0.68517,-1.9724
0.1521,1.7828,0.69453,-1.9459
0.1522,1.74,0.70349,-1.9155
0.1523,1.6939,0.71204,-1.8812
0.1524,1.6445,0.72013,-1.843
0.1525,1.5918,0.72774,-1.8012
0.1526,1.5358,0.73486,-1.7558
0.1527,1.4767,0.74143,-1.7069
0.1528,1.4185,0.74801,-1.6596
0.1529,1.3777,0.75488,-1.6346
0.153,1.3447,0.76144,-1.6195
0.1531,1.3166,0.76771,-1.6124
0.1532,1.2959,0.77261,-1.6153
0.1533,1.2878,0.77444,-1.6312
0.1534,1.2792,0.77404,-1.6459
0.1535,1.2612,0.77427,-1.6525
0.1536,1.2453,0.77059,-1.6611
0.1537,1.2352,0.76392,-1.674
0.1538,1.2189,0.75927,-1.6836
0.1539,1.1972,0.75681,-1.6897
0.154,1.1793,0.75187,-1.6962
0.1541,1.1619,0.74746,-1.7015
0.1542,1.1414,0.74409,-1.7036
0.1543,1.121,0.73774,-1.7014
0.1544,1.0948,0.72757,-1.6876
0.1545,1.052,0.71777,-1.6558
0.1546,0.99577,0.70875,-1.6097
0.1547,0.93797,0.71361,-1.5708
0.1548,0.87796,0.72738,-1.5361
0.1549,0.81901,0.7493,-1.5077
0.155,0.76922,0.77635,-1.4907
0.1551,0.72553,0.81344,-1.4873
0.1552,0.68322,0.85269,-1.4856
0.1553,0.64382,0.88576,-1.4792
0.1554,0.60873,0.91906,-1.4749
0.1555,0.57316,0.95772,-1.4747
0.1556,0.54268,0.99279,-1.4756
0.1557,0.5214,1.0237,-1.4825
0.1558,0.50264,1.0592,-1.4978
0.1559,0.48161,1.0989,-1.5166
0.156,0.46694,1.1358,-1.54
0.1561,0.45692,1.1717,-1.5678
0.1562,0.4394,1.2041,-1.585
0.1563,0.41038,1.2244,-1.5785
0.1564,0.37336,1.2327,-1.5514
0.1565,0.32296,1.238,-1.5077
0.1566,0.26046,1.2418,-1.4502
0.1567,0.19826,1.2443,-1.392
0.1568,0.14208,1.2498,-1.3432
0.1569,0.085528,1.2586,-1.2982
0.157,0.030067,1.2648,-1.2525
0.1571,-0.020697,1.2697,-1.2104
0.1572,-0.070914,1.2751,-1.1686
0.1573,-0.12355,1.2792,-1.1216
0.1574,-0.17133,1.2829,-1.0773
0.1575,-0.21228,1.2922,-1.044
0.1576,-0.24925,1.3049,-1.0172
0.1577,-0.28011,1.3182,-0.99683
0.1578,-0.30077,1.3359,-0.99171
0.1579,-0.31484,1.3583,-0.99901
0.158,-0.32469,1.3752,-1.0062
0.1581,-0.33152,1.3822,-1.0078
0.1582,-0.34187,1.3815,-0.99923
0.1583,-0.36332,1.371,-0.97049
0.1584,-0.39356,1.3498,-0.9224
0.1585,-0.42915,1.327,-0.86729
0.1586,-0.46928,1.3073,-0.81057
0.1587,-0.51123,1.2867,-0.75082
0.1588,-0.5515,1.2641,-0.69077
0.1589,-0.59352,1.2437,-0.63101
0.159,-0.63868,1.2218,-0.56664
0.1591,-0.68315,1.1951,-0.49803
0.1592,-0.72518,1.1674,-0.43075
0.1593,-0.76638,1.1418,-0.36611
0.1594,-0.8023,1.1158,-0.3059
0.1595,-0.82922,1.092,-0.25648
0.1596,-0.849,1.0751,-0.22049
0.1597,-0.86158,1.0636,-0.19642
0.1598,-0.86249,1.0536,-0.18521
0.1599,-0.85485,1.0452,-0.18379
0.16,-0.84558,1.0337,-0.18107
0.1601,-0.83634,1.0133,-0.16982
0.1602,-0.82746,0.98498,-0.15068
0.1603,-0.82381,0.9527,-0.12286
0.1604,-0.82439,0.91609,-0.086896
0.1605,-0.82324,0.87623,-0.049624
0.1606,-0.82059,0.8358,-0.013298
0.1607,-0.82168,0.79355,0.028858
0.1608,-0.82589,0.74666,0.079273
0.1609,-0.8324,0.69771,0.13463
0.161,-0.84423,0.64842,0.19624
0.1611,-0.86133,0.59759,0.26515
0.1612,-0.87833,0.54703,0.33399
0.1613,-0.89356,0.5012,0.39652
0.1614,-0.90652,0.45987,0.45237
0.1615,-0.91276,0.42293,0.49721
0.1616,-0.90803,0.39281,0.52429
0.1617,-0.89319,0.36818,0.53588
0.1618,-0.86894,0.34293,0.53876
0.1619,-0.83654,0.3154,0.53582
0.162,-0.80036,0.28595,0.53103
0.1621,-0.76429,0.25235,0.53048
0.1622,-0.72776,0.21465,0.53346
0.1623,-0.69079,0.17773,0.53501
0.1624,-0.65416,0.14201,0.53543
0.1625,-0.61718,0.10391,0.53759
0.1626,-0.5804,0.063274,0.5421
0.1627,-0.54798,0.021435,0.55178
0.1628,-0.52123,-0.024545,0.57091
0.1629,-0.49864,-0.075572,0.59888
0.163,-0.48079,-0.12823,0.63284
0.1631,-0.46854,-0.18077,0.67199
0.1632,-0.45822,-0.23359,0.71306
0.1633,-0.44691,-0.28302,0.74948
0.1634,-0.43424,-0.32542,0.77724
0.1635,-0.41743,-0.36153,0.79428
0.1636,-0.39215,-0.3929,0.79776
0.1637,-0.35957,-0.41959,0.78885
0.1638,-0.32251,-0.44428,0.77308
0.1639,-0.28061,-0.46978,0.75283
0.164,-0.23384,-0.49529,0.72729
0.1641,-0.1847,-0.51936,0.69773
0.1642,-0.13252,-0.54288,0.6645
0.1643,-0.075376,-0.56544,0.62545
0.1644,-0.015687,-0.58664,0.58279
0.1645,0.042282,-0.60894,0.54315
0.1646,0.097341,-0.63474,0.50957
0.1647,0.14766,-0.66338,0.48271
0.1648,0.19013,-0.69565,0.46591
0.1649,0.22465,-0.73358,0.46033
0.165,0.25358,-0.77647,0.46167
0.1651,0.27747,-0.82297,0.46654
0.1652,0.29787,-0.87542,0.47315
0.1653,0.31909,-0.93618,0.47596
0.1654,0.34435,-1.0043,0.46915
0.1655,0.37409,-1.0746,0.45293
0.1656,0.40875,-1.1363,0.4296
0.1657,0.44758,-1.173,0.39972
0.1658,0.48799,-1.1765,0.36509
0.1659,0.52888,-1.1542,0.32782
0.166,0.57172,-1.1168,0.28597
0.1661,0.61697,-1.0695,0.23686
0.1662,0.6646,-1.0195,0.18142
0.1663,0.7155,-0.97353,0.12168
0.1664,0.76876,-0.93271,0.059588
0.1665,0.82103,-0.8973,-0.00038259
0.1666,0.87074,-0.86959,-0.053569
0.1667,0.91747,-0.84942,-0.098331
0.1668,0.95906,-0.83448,-0.13356
0.1669,0.99413,-0.82407,-0.15785
0.167,1.025,-0.81755,-0.17312
0.1671,1.0544,-0.81136,-0.18365
0.1672,1.0859,-0.80263,-0.19276
0.1673,1.128,-0.7908,-0.20412
0.1674,1.193,-0.77484,-0.22199
0.1675,1.2908,-0.75306,-0.24744
0.1676,1.4215,-0.72578,-0.2792
0.1677,1.5661,-0.69374,-0.31777
0.1678,1.6912,-0.65684,-0.36374
0.1679,1.7717,-0.61608,-0.41574
0.168,1.8059,-0.5738,-0.47358
0.1681,1.8049,-0.53155,-0.53786
0.1682,1.7811,-0.49087,-0.60579
0.1683,1.7509,-0.4536,-0.67322
0.1684,1.7292,-0.41985,-0.73885
0.1685,1.7184,-0.38867,-0.80107
0.1686,1.7149,-0.36069,-0.85583
0.1687,1.7182,-0.33623,-0.90126
0.1688,1.7262,-0.31373,-0.9384
0.1689,1.7326,-0.29243,-0.96671
0.169,1.7353,-0.27309,-0.98561
0.1691,1.736,-0.25498,-0.99808
0.1692,1.7333,-0.23675,-1.007
0.1693,1.7244,-0.21876,-1.0127
0.1694,1.7104,-0.20048,-1.0166
0.1695,1.688,-0.17877,-1.022
0.1696,1.6481,-0.15169,-1.0304
0.1697,1.5862,-0.1195,-1.0424
0.1698,1.5054,-0.081839,-1.0608
0.1699,1.4137,-0.038599,-1.0875
0.17,1.326,0.0079069,-1.1215
0.1701,1.2565,0.055647,-1.1624
0.1702,1.2081,0.10439,-1.2101
0.1703,1.1764,0.1531,-1.2618
0.1704,1.1571,0.19972,-1.3145
0.1705,1.1455,0.24349,-1.366
0.1706,1.1361,0.28394,-1.4126
0.1707,1.1247,0.31984,-1.4503
0.1708,1.1094,0.35107,-1.4778
0.1709,1.0885,0.3788,-1.4949
0.171,1.0611,0.40319,-1.5007
0.1711,1.028,0.42443,-1.4965
0.1712,0.99074,0.44436,-1.4852
0.1713,0.94877,0.46503,-1.4687
0.1714,0.90231,0.48777,-1.4484
0.1715,0.85304,0.51445,-1.4282
0.1716,0.80226,0.54631,-1.4107
0.1717,0.75111,0.58227,-1.3961
0.1718,0.70216,0.62088,-1.3857
0.1719,0.65771,0.6618,-1.3815
0.172,0.61814,0.70412,-1.3832
0.1721,0.58362,0.74659,-1.3895
0.1722,0.55461,0.78935,-1.4014
0.1723,0.53012,0.83249,-1.418
0.1724,0.50819,0.87445,-1.4362
0.1725,0.48749,0.91397,-1.4533
