0.1,0.685,0.0075534,-0.6648
0.1001,0.6695,0.036941,-0.67955
0.1002,0.65286,0.066332,-0.69355
0.1003,0.63514,0.095642,-0.70677
0.1004,0.61641,0.12478,-0.71916
0.1005,0.59674,0.15367,-0.73066
0.1006,0.57618,0.18223,-0.74123
0.1007,0.55481,0.21038,-0.75081
0.1008,0.53266,0.23806,-0.75936
0.1009,0.5098,0.26523,-0.76684
0.101,0.48626,0.29186,-0.77323
0.1011,0.46207,0.31793,-0.77851
0.1012,0.43728,0.34344,-0.78267
0.1013,0.41189,0.3684,-0.78572
0.1014,0.38596,0.39285,-0.78767
0.1015,0.35951,0.41681,-0.78853
0.1016,0.33257,0.44028,-0.78831
0.1017,0.30518,0.46329,-0.78704
0.1018,0.2774,0.48582,-0.78473
0.1019,0.24927,0.50785,-0.78137
0.102,0.22085,0.52937,-0.77697
0.1021,0.1922,0.55032,-0.7715
0.1022,0.16336,0.57067,-0.76492
0.1023,0.13441,0.59035,-0.75722
0.1024,0.10539,0.60931,-0.74835
0.1025,0.076361,0.62747,-0.73825
0.1026,0.047354,0.64477,-0.72689
0.1027,0.01841,0.66117,-0.71426
0.1028,-0.010444,0.67661,-0.70032
0.1029,-0.039185,0.69107,-0.68509
0.103,-0.067797,0.70452,-0.66858
0.1031,-0.096265,0.71695,-0.65083
0.1032,-0.12457,0.72836,-0.63189
0.1033,-0.15271,0.73879,-0.61183
0.1034,-0.18066,0.74824,-0.59074
0.1035,-0.20839,0.75674,-0.5687
0.1036,-0.23587,0.76433,-0.54581
0.1037,-0.26307,0.77103,-0.52216
0.1038,-0.28994,0.77685,-0.49785
0.1039,-0.31643,0.7818,-0.47298
0.104,-0.3425,0.78589,-0.44762
0.1041,-0.36809,0.78908,-0.42183
0.1042,-0.39316,0.79137,-0.39569
0.1043,-0.41768,0.79269,-0.36922
0.1044,-0.44158,0.79299,-0.34246
0.1045,-0.46482,0.79222,-0.31544
0.1046,-0.48737,0.7903,-0.28814
0.1047,-0.50919,0.78719,-0.26058
0.1048,-0.53026,0.78281,-0.23275
0.1049,-0.55057,0.77712,-0.20465
0.105,-0.57012,0.77007,-0.17628
0.1051,-0.5889,0.76166,-0.14764
0.1052,-0.60691,0.75187,-0.11876
0.1053,-0.62415,0.74072,-0.089668
0.1054,-0.64064,0.72823,-0.060404
0.1055,-0.65635,0.71447,-0.031021
0.1056,-0.6713,0.69949,-0.0015857
0.1057,-0.68547,0.68336,0.027832
0.1058,-0.69884,0.66616,0.057157
0.1059,-0.71139,0.64797,0.086312
0.106,-0.72309,0.62887,0.11522
0.1061,-0.7339,0.60891,0.14382
0.1062,-0.7438,0.58816,0.17204
0.1063,-0.75274,0.56666,0.19985
0.1064,-0.7607,0.54446,0.22719
0.1065,-0.76763,0.52158,0.25406
0.1066,-0.77351,0.49805,0.28042
0.1067,-0.77832,0.47386,0.30629
0.1068,-0.78204,0.44905,0.33166
0.1069,-0.78465,0.42361,0.35656
0.107,-0.78617,0.39758,0.38099
0.1071,-0.78657,0.37097,0.40498
0.1072,-0.78587,0.34384,0.4285
0.1073,-0.78407,0.31621,0.45154
0.1074,-0.78115,0.28816,0.47408
0.1075,-0.77714,0.25975,0.49607
0.1076,-0.77202,0.23104,0.51748
0.1077,-0.76578,0.20212,0.53825
0.1078,-0.7584,0.17306,0.55833
0.1079,-0.74987,0.14393,0.57765
0.108,-0.74018,0.1148,0.59616
0.1081,-0.72929,0.08571,0.61382
0.1082,-0.71719,0.056716,0.63057
0.1083,-0.70388,0.027845,0.64639
0.1084,-0.68936,-0.00088344,0.66124
0.1085,-0.67364,-0.029461,0.67513
0.1086,-0.65676,-0.057884,0.68804
0.1087,-0.63874,-0.086154,0.69999
0.1088,-0.61963,-0.11427,0.71099
0.1089,-0.59949,-0.14224,0.72106
0.109,-0.57837,-0.17004,0.73022
0.1091,-0.55636,-0.19767,0.73849
0.1092,-0.53351,-0.22508,0.74588
0.1093,-0.50992,-0.25225,0.75239
0.1094,-0.48564,-0.27912,0.75803
0.1095,-0.46077,-0.30563,0.76279
0.1096,-0.43537,-0.33172,0.76663
0.1097,-0.4095,-0.35733,0.76952
0.1098,-0.38323,-0.38242,0.77143
0.1099,-0.3566,-0.4069,0.77229
0.11,-0.32966,-0.43071,0.77206
0.1101,-0.30243,-0.45381,0.77067
0.1102,-0.27494,-0.47615,0.76808
0.1103,-0.2472,-0.4977,0.76425
0.1104,-0.21923,-0.51846,0.75913
0.1105,-0.19103,-0.53841,0.75269
0.1106,-0.16262,-0.55756,0.74492
0.1107,-0.13401,-0.57593,0.73582
0.1108,-0.10521,-0.59353,0.7254
0.1109,-0.076259,-0.61039,0.71369
0.111,-0.047181,-0.62651,0.70073
0.1111,-0.01802,-0.64191,0.68657
0.1112,0.011173,-0.65659,0.67128
0.1113,0.040343,-0.67053,0.65491
0.1114,0.069427,-0.68372,0.63752
0.1115,0.098359,-0.69613,0.61918
0.1116,0.12708,-0.70771,0.59993
0.1117,0.15551,-0.71843,0.57983
0.1118,0.18361,-0.72822,0.55891
0.1119,0.21132,-0.73705,0.53722
0.112,0.2386,-0.74486,0.51478
0.1121,0.26541,-0.75161,0.49161
0.1122,0.29172,-0.75726,0.46774
0.1123,0.31751,-0.76179,0.44319
0.1124,0.3428,-0.76518,0.41799
0.1125,0.36758,-0.76743,0.39217
0.1126,0.39186,-0.76854,0.36577
0.1127,0.41562,-0.76851,0.33884
0.1128,0.43886,-0.76737,0.31142
0.1129,0.46156,-0.76511,0.28359
0.113,0.48371,-0.76176,0.25541
0.1131,0.50527,-0.75733,0.22693
0.1132,0.52622,-0.7518,0.19825
0.1133,0.54652,-0.74518,0.1694
0.1134,0.56613,-0.73744,0.14047
0.1135,0.58502,-0.72857,0.1115
0.1136,0.60312,-0.71853,0.082539
0.1137,0.62041,-0.70731,0.053617
0.1138,0.63685,-0.69486,0.024762
0.1139,0.6524,-0.6812,-0.0040103
0.114,0.66703,-0.6663,-0.03269
0.1141,0.68073,-0.65017,-0.061271
0.1142,0.69349,-0.63284,-0.089749
0.1143,0.70529,-0.61433,-0.11812
0.1144,0.71615,-0.59469,-0.14636
0.1145,0.72606,-0.57399,-0.17447
0.1146,0.73503,-0.5523,-0.20241
0.1147,0.74307,-0.52969,-0.23014
0.1148,0.7502,-0.50626,-0.25762
0.1149,0.7564,-0.48209,-0.28479
0.115,0.76169,-0.45727,-0.31158
0.1151,0.76605,-0.4319,-0.33794
0.1152,0.8165,-0.39287,-0.40996
0.1153,0.83808,-0.36052,-0.45672
0.1154,0.8519,-0.32958,-0.49324
0.1155,0.87227,-0.29324,-0.53255
0.1156,0.89912,-0.25737,-0.5847
0.1157,0.91752,-0.22275,-0.63095
0.1158,0.93209,-0.18799,-0.66307
0.1159,0.95437,-0.14907,-0.70985
0.116,0.98616,-0.10532,-0.76791
0.1161,1.018,-0.060195,-0.82181
0.1162,1.0427,-0.018527,-0.87126
0.1163,1.0598,0.021998,-0.91587
0.1164,1.0764,0.062788,-0.95836
0.1165,1.094,0.1039,-1.0043
0.1166,1.1118,0.14493,-1.0515
0.1167,1.1269,0.18743,-1.0941
0.1168,1.1403,0.23003,-1.1341
0.1169,1.1558,0.27505,-1.1777
0.117,1.1758,0.32273,-1.2271
0.1171,1.1968,0.37052,-1.28
0.1172,1.214,0.41612,-1.3305
0.1173,1.2262,0.46041,-1.3765
0.1174,1.2357,0.5045,-1.4196
0.1175,1.2452,0.54849,-1.462
0.1176,1.2545,0.59128,-1.5039
0.1177,1.2608,0.63286,-1.5434
0.1178,1.2675,0.67417,-1.5867
0.1179,1.2799,0.71663,-1.6458
0.118,1.2973,0.75934,-1.7222
0.1181,1.3137,0.79993,-1.8163
0.1182,1.3267,0.8371,-1.9397
0.1183,1.3401,0.87127,-2.1186
0.1184,1.3566,0.90172,-2.3577
0.1185,1.374,0.92769,-2.6195
0.1186,1.3911,0.95011,-2.8708
0.1187,1.4093,0.97155,-3.0912
0.1188,1.4292,0.99375,-3.2682
0.1189,1.4479,1.0179,-3.4041
0.119,1.4635,1.044,-3.5181
0.1191,1.4761,1.0706,-3.6328
0.1192,1.4848,1.0961,-3.7543
0.1193,1.4893,1.1198,-3.8879
0.1194,1.4927,1.1412,-4.0363
0.1195,1.4974,1.1604,-4.1831
0.1196,1.5017,1.1783,-4.3038
0.1197,1.5031,1.1962,-4.3798
0.1198,1.5021,1.2155,-4.4036
0.1199,1.4983,1.2381,-4.3806
0.12,1.4883,1.2635,-4.3342
0.1201,1.4711,1.2889,-4.2976
0.1202,1.4505,1.312,-4.2857
0.1203,1.4307,1.3321,-4.2932
0.1204,1.4135,1.3474,-4.307
0.1205,1.3988,1.3572,-4.3051
0.1206,1.3854,1.3636,-4.2596
0.1207,1.371,1.3702,-4.1529
0.1208,1.3535,1.3778,-3.9837
0.1209,1.3312,1.3862,-3.7573
0.121,1.3024,1.3959,-3.4858
0.1211,1.2679,1.406,-3.1996
0.1212,1.2309,1.4138,-2.9348
0.1213,1.1941,1.4186,-2.7096
0.1214,1.159,1.4207,-2.5217
0.1215,1.1261,1.4199,-2.3583
0.1216,1.0941,1.4169,-2.206
0.1217,1.0589,1.4142,-2.0595
0.1218,1.0173,1.4128,-1.9232
0.1219,0.96717,1.412,-1.8033
0.122,0.90565,1.4103,-1.7012
0.1221,0.82757,1.4061,-1.6142
0.1222,0.72034,1.3973,-1.54
0.1223,0.54659,1.3841,-1.4783
0.1224,0.24956,1.3693,-1.4299
0.1225,-0.1549,1.3551,-1.3941
0.1226,-0.54536,1.3422,-1.3684
0.1227,-0.82906,1.3305,-1.3486
0.1228,-0.99928,1.319,-1.3304
0.1229,-1.088,1.305,-1.3084
0.123,-1.1369,1.2849,-1.2784
0.1231,-1.1948,1.2585,-1.2417
0.1232,-1.2998,1.2289,-1.204
0.1233,-1.4613,1.1982,-1.1688
0.1234,-1.6696,1.1668,-1.1365
0.1235,-1.9046,1.1367,-1.1073
0.1236,-2.131,1.1119,-1.0807
0.1237,-2.3026,1.0903,-1.0523
0.1238,-2.392,1.0708,-1.0172
0.1239,-2.3968,1.0488,-0.97165
0.124,-2.3455,1.0184,-0.9136
0.1241,-2.2962,0.97716,-0.84451
0.1242,-2.3058,0.92863,-0.77114
0.1243,-2.3946,0.87845,-0.70281
0.1244,-2.5395,0.83092,-0.64569
0.1245,-2.689,0.78907,-0.60115
0.1246,-2.7803,0.75288,-0.5663
0.1247,-2.765,0.71837,-0.53495
0.1248,-2.6283,0.67985,-0.49914
0.1249,-2.3824,0.63305,-0.45245
0.125,-2.0547,0.57552,-0.39282
0.1251,-1.6951,0.5085,-0.32399
0.1252,-1.3701,0.43712,-0.25279
0.1253,-1.1298,0.36701,-0.18522
0.1254,-0.98489,0.30172,-0.12498
0.1255,-0.91633,0.24476,-0.074126
0.1256,-0.88719,0.19814,-0.031135
0.1257,-0.85037,0.15806,0.010338
0.1258,-0.76814,0.11633,0.058438
0.1259,-0.63486,0.067178,0.11785
0.126,-0.47399,0.0095799,0.18787
0.1261,-0.31861,-0.053474,0.26276
0.1262,-0.20044,-0.11535,0.33357
0.1263,-0.13309,-0.16851,0.39187
0.1264,-0.099731,-0.20977,0.43374
0.1265,-0.081906,-0.24061,0.46016
0.1266,-0.070666,-0.26475,0.47586
0.1267,-0.062397,-0.28768,0.48767
0.1268,-0.055502,-0.31587,0.50242
0.1269,-0.05026,-0.35274,0.52392
0.127,-0.047364,-0.39697,0.55158
0.1271,-0.046151,-0.4447,0.58135
0.1272,-0.044966,-0.4913,0.60813
0.1273,-0.043092,-0.5319,0.62768
0.1274,-0.04045,-0.5635,0.63826
0.1275,-0.037253,-0.58631,0.64108
0.1276,-0.034055,-0.60387,0.64075
0.1277,-0.031262,-0.62281,0.6443
0.1278,-0.028345,-0.65003,0.65799
0.1279,-0.0252,-0.68735,0.68301
0.128,-0.022611,-0.73022,0.71504
0.1281,-0.021114,-0.77176,0.74702
0.1282,-0.020307,-0.80592,0.77211
0.1283,-0.0196,-0.8285,0.78525
0.1284,-0.017819,-0.83922,0.78501
0.1285,-0.013548,-0.84203,0.77397
0.1286,-0.006521,-0.84211,0.75711
0.1287,0.0022916,-0.84372,0.7395
0.1288,0.012498,-0.85052,0.72512
0.1289,0.024097,-0.86388,0.71537
0.129,0.036713,-0.88117,0.70838
0.1291,0.050399,-0.89774,0.69985
0.1292,0.066056,-0.90973,0.68552
0.1293,0.083615,-0.91433,0.6629
0.1294,0.102,-0.91068,0.6323
0.1295,0.12085,-0.90164,0.5969
0.1296,0.14051,-0.89262,0.56182
0.1297,0.16045,-0.88801,0.53211
0.1298,0.17971,-0.88933,0.51041
0.1299,0.19775,-0.89477,0.49563
0.13,0.21409,-0.89968,0.48387
0.1301,0.22849,-0.89924,0.47065
0.1302,0.24224,-0.89129,0.45253
0.1303,0.25749,-0.87621,0.42747
0.1304,0.27555,-0.85575,0.39542
0.1305,0.29649,-0.83281,0.35842
0.1306,0.31969,-0.81042,0.31937
0.1307,0.3439,-0.79015,0.28048
0.1308,0.36793,-0.77187,0.24281
0.1309,0.39125,-0.75428,0.20585
0.131,0.41391,-0.73467,0.16747
0.1311,0.43622,-0.70999,0.125
0.1312,0.45904,-0.67919,0.077192
0.1313,0.4834,-0.64375,0.024776
0.1314,0.50996,-0.60672,-0.02981
0.1315,0.53904,-0.57208,-0.083124
0.1316,0.57044,-0.54319,-0.13192
0.1317,0.60262,-0.52036,-0.17479
0.1318,0.6332,-0.50052,-0.21262
0.1319,0.66054,-0.47954,-0.2479
0.132,0.68423,-0.45367,-0.28368
0.1321,0.7048,-0.42066,-0.32248
0.1322,0.72388,-0.38098,-0.3653
0.1323,0.74352,-0.33732,-0.41156
0.1324,0.76468,-0.29254,-0.45971
0.1325,0.78705,-0.24896,-0.5077
0.1326,0.81008,-0.20847,-0.55363
0.1327,0.83303,-0.17134,-0.59697
0.1328,0.85485,-0.13549,-0.63896
0.1329,0.87489,-0.098003,-0.68197
0.133,0.89335,-0.05648,-0.72832
0.1331,0.91071,-0.0095267,-0.77957
0.1332,0.92778,0.042265,-0.83555
0.1333,0.94582,0.095717,-0.89411
0.1334,0.96568,0.1469,-0.95199
0.1335,0.98698,0.19324,-1.0062
0.1336,1.0085,0.2341,-1.055
0.1337,1.0287,0.27076,-1.0982
0.1338,1.046,0.30607,-1.1371
0.1339,1.0599,0.34292,-1.1739
0.134,1.0711,0.38268,-1.2108
0.1341,1.0813,0.42525,-1.2496
0.1342,1.0918,0.46968,-1.2906
0.1343,1.1031,0.51436,-1.3334
0.1344,1.1153,0.55783,-1.3773
0.1345,1.1274,0.59941,-1.4218
0.1346,1.1382,0.63918,-1.4675
0.1347,1.1469,0.67789,-1.5175
0.1348,1.1532,0.71709,-1.5793
0.1349,1.1579,0.75782,-1.6675
0.135,1.163,0.79919,-1.8101
0.1351,1.172,0.83846,-2.0338
0.1352,1.1869,0.87324,-2.2984
0.1353,1.2065,0.90292,-2.5228
0.1354,1.228,0.92781,-2.6732
0.1355,1.2488,0.94865,-2.7635
0.1356,1.2661,0.96802,-2.8258
0.1357,1.2775,0.98891,-2.8961
0.1358,1.2837,1.0115,-3.0046
0.1359,1.2885,1.0339,-3.1601
0.136,1.2946,1.0552,-3.3469
0.1361,1.3025,1.0747,-3.5364
0.1362,1.312,1.0911,-3.6955
0.1363,1.3215,1.1041,-3.7921
0.1364,1.3275,1.1155,-3.81
0.1365,1.3267,1.1272,-3.7591
0.1366,1.3172,1.1413,-3.6705
0.1367,1.2987,1.1601,-3.5898
0.1368,1.2739,1.1835,-3.5626
0.1369,1.2487,1.208,-3.6106
0.137,1.2287,1.2298,-3.7164
0.1371,1.2163,1.2459,-3.8309
0.1372,1.2104,1.2551,-3.8912
0.1373,1.206,1.2587,-3.8444
0.1374,1.1963,1.2606,-3.6723
0.1375,1.1763,1.2638,-3.3988
0.1376,1.1451,1.2692,-3.0722
0.1377,1.1051,1.2768,-2.7475
0.1378,1.062,1.2848,-2.4727
0.1379,1.0226,1.2896,-2.2683
0.138,0.99088,1.2889,-2.1248
0.1381,0.96643,1.283,-2.0203
0.1382,0.94633,1.2715,-1.9318
0.1383,0.92605,1.2551,-1.8397
0.1384,0.89898,1.2372,-1.7365
0.1385,0.85984,1.2211,-1.6294
0.1386,0.80776,1.2072,-1.5287
0.1387,0.74443,1.1953,-1.4403
0.1388,0.67091,1.1841,-1.3668
0.1389,0.58402,1.1699,-1.3082
0.139,0.46391,1.1496,-1.2636
0.1391,0.26446,1.1246,-1.2314
0.1392,-0.031819,1.0982,-1.2086
0.1393,-0.35529,1.0727,-1.1904
0.1394,-0.61067,1.0495,-1.1715
0.1395,-0.76538,1.0287,-1.1477
0.1396,-0.84374,1.0078,-1.1171
0.1397,-0.8895,0.98283,-1.0802
0.1398,-0.94778,0.95159,-1.0398
0.1399,-1.0556,0.91554,-1.0007
0.14,-1.2302,0.87748,-0.96722
0.1401,-1.4657,0.83914,-0.93913
0.1402,-1.7367,0.80204,-0.91325
0.1403,-2.0031,0.76852,-0.88606
0.1404,-2.215,0.74025,-0.85421
0.1405,-2.3295,0.71572,-0.81439
0.1406,-2.3302,0.68992,-0.76423
0.1407,-2.241,0.65668,-0.70354
0.1408,-2.1229,0.61212,-0.63532
0.1409,-2.0468,0.55692,-0.56573
0.141,-2.0585,0.49618,-0.50203
0.1411,-2.159,0.43684,-0.44947
0.1412,-2.3061,0.38462,-0.40912
0.1413,-2.4307,0.34125,-0.37731
0.1414,-2.466,0.30375,-0.34687
0.1415,-2.373,0.26591,-0.31006
0.1416,-2.1488,0.2211,-0.2614
0.1417,-1.8233,0.16491,-0.19959
0.1418,-1.4588,0.097513,-0.12819
0.1419,-1.1347,0.023912,-0.054513
0.142,-0.90401,-0.049184,0.014255
0.1421,-0.77044,-0.11658,0.074326
0.1422,-0.71404,-0.17422,0.12511
0.1423,-0.70725,-0.21937,0.16823
0.1424,-0.71047,-0.25414,0.20851
0.1425,-0.67916,-0.28639,0.25322
0.1426,-0.59139,-0.32433,0.30755
0.1427,-0.46331,-0.37138,0.37104
0.1428,-0.33885,-0.42591,0.43823
0.1429,-0.25853,-0.48258,0.5016
0.143,-0.21825,-0.53395,0.55412
0.1431,-0.19894,-0.57361,0.59123
0.1432,-0.19047,-0.59994,0.61309
0.1433,-0.18769,-0.61693,0.62494
0.1434,-0.18759,-0.63219,0.63469
0.1435,-0.18784,-0.65356,0.64922
0.1436,-0.18714,-0.68501,0.67138
0.1437,-0.18509,-0.72544,0.69972
0.1438,-0.18165,-0.77069,0.73024
0.1439,-0.17665,-0.81547,0.7582
0.144,-0.17108,-0.85398,0.77947
0.1441,-0.16672,-0.88177,0.79201
0.1442,-0.16515,-0.89802,0.79703
0.1443,-0.16666,-0.90648,0.79898
0.1444,-0.17016,-0.91466,0.80439
0.1445,-0.17321,-0.93074,0.81888
0.1446,-0.17356,-0.95847,0.8437
0.1447,-0.1704,-0.99479,0.8746
0.1448,-0.1645,-1.0324,0.90444
0.1449,-0.15718,-1.0637,0.92632
0.145,-0.15026,-1.0827,0.93549
0.1451,-0.1449,-1.0872,0.93068
0.1452,-0.1407,-1.0804,0.91474
0.1453,-0.13619,-1.0695,0.89341
0.1454,-0.13026,-1.0614,0.87266
0.1455,-0.12196,-1.0608,0.85645
0.1456,-0.11049,-1.0691,0.84556
0.1457,-0.095582,-1.0835,0.83776
0.1458,-0.077785,-1.0993,0.82916
0.1459,-0.05781,-1.1113,0.81577
0.146,-0.037013,-1.115,0.79478
0.1461,-0.017184,-1.1086,0.76596
0.1462,0.00061919,-1.0944,0.73229
0.1463,0.016983,-1.078,0.69881
0.1464,0.032981,-1.0655,0.67021
0.1465,0.049451,-1.0596,0.64884
0.1466,0.066644,-1.0597,0.63377
0.1467,0.084178,-1.0613,0.62124
0.1468,0.10114,-1.0584,0.60643
0.1469,0.1174,-1.0473,0.58568
0.147,0.13377,-1.0276,0.55742
0.1471,0.15146,-1.0013,0.52212
0.1472,0.1713,-0.97206,0.48192
0.1473,0.19379,-0.94419,0.43993
0.1474,0.21858,-0.9203,0.3987
0.1475,0.24471,-0.9003,0.3591
0.1476,0.27124,-0.88201,0.32027
0.1477,0.29762,-0.86226,0.28028
0.1478,0.32332,-0.83777,0.23709
0.1479,0.34827,-0.80665,0.18953
0.148,0.37286,-0.76956,0.13809
0.1481,0.39792,-0.72969,0.085111
0.1482,0.42433,-0.69178,0.034078
0.1483,0.45297,-0.66014,-0.01203
0.1484,0.48359,-0.63602,-0.052223
0.1485,0.51465,-0.61671,-0.087865
0.1486,0.54403,-0.59717,-0.12193
0.1487,0.57027,-0.57222,-0.15784
0.1488,0.5928,-0.5384,-0.1982
0.1489,0.61237,-0.49554,-0.24372
0.149,0.63077,-0.44674,-0.29317
0.1491,0.64976,-0.39641,-0.34431
0.1492,0.67013,-0.34841,-0.39466
0.1493,0.69207,-0.30547,-0.44227
0.1494,0.71517,-0.26816,-0.48665
0.1495,0.73854,-0.23433,-0.52918
0.1496,0.76103,-0.20017,-0.57243
0.1497,0.78205,-0.16224,-0.61889
0.1498,0.80134,-0.11836,-0.67006
0.1499,0.81911,-0.068527,-0.72575
0.15,0.83619,-0.015461,-0.78379
0.1501,0.85378,0.036328,-0.84082
0.1502,0.87252,0.082969,-0.89362
0.1503,0.89208,0.12284,-0.94039
0.1504,0.91134,0.15705,-0.98121
0.1505,0.92879,0.18885,-1.0179
0.1506,0.9432,0.22214,-1.053
0.1507,0.95454,0.25936,-1.0891
0.1508,0.96389,0.30085,-1.1275
0.1509,0.97266,0.34527,-1.1687
0.151,0.98197,0.39031,-1.2117
0.1511,0.99232,0.43363,-1.2554
0.1512,1.0032,0.47392,-1.2988
0.1513,1.0137,0.51119,-1.3421
0.1514,1.0228,0.54647,-1.3875
0.1515,1.0297,0.58155,-1.4392
0.1516,1.0345,0.61806,-1.5056
0.1517,1.0384,0.6561,-1.6006
0.1518,1.0436,0.69359,-1.7446
0.1519,1.053,0.72724,-1.9403
0.152,1.0674,0.75456,-2.1401
0.1521,1.0853,0.77503,-2.2913
0.1522,1.1041,0.78964,-2.386
0.1523,1.1214,0.80058,-2.4492
0.1524,1.1347,0.81135,-2.5134
0.1525,1.1426,0.82469,-2.6076
0.1526,1.1469,0.84022,-2.7484
0.1527,1.1508,0.85578,-2.9299
0.1528,1.1562,0.86976,-3.1234
0.1529,1.1627,0.88084,-3.2901
0.153,1.1697,0.88775,-3.3946
0.1531,1.1749,0.89083,-3.4159
0.1532,1.1753,0.89238,-3.3588
0.1533,1.1682,0.89508,-3.2531
0.1534,1.1531,0.90127,-3.1419
0.1535,1.1312,0.91217,-3.0688
0.1536,1.1063,0.92629,-3.063
0.1537,1.0836,0.93966,-3.1255
0.1538,1.0668,0.94819,-3.2238
0.1539,1.0561,0.94937,-3.3015
0.154,1.0487,0.94291,-3.2992
0.1541,1.0391,0.93126,-3.1802
0.1542,1.0219,0.9184,-2.9505
0.1543,0.99419,0.90724,-2.6562
0.1544,0.95725,0.8987,-2.3592
0.1545,0.91561,0.89184,-2.1088
0.1546,0.87559,0.88371,-1.9249
0.1547,0.84262,0.87082,-1.7985
0.1548,0.8181,0.85164,-1.7088
0.1549,0.79941,0.82648,-1.637
0.155,0.78212,0.79608,-1.5696
0.1551,0.76109,0.76237,-1.4988
0.1552,0.73125,0.72871,-1.4242
0.1553,0.68993,0.69767,-1.3496
0.1554,0.63783,0.66985,-1.2792
0.1555,0.57719,0.64441,-1.2168
0.1556,0.50887,0.61888,-1.1645
0.1557,0.42691,0.58949,-1.1227
0.1558,0.30678,0.55433,-1.09
0.1559,0.10891,0.51542,-1.0643
0.156,-0.16328,0.47633,-1.042
0.1561,-0.44255,0.43995,-1.0197
0.1562,-0.6552,0.4077,-0.99392
0.1563,-0.78266,0.37882,-0.96253
0.1564,-0.85311,0.35014,-0.92576
0.1565,-0.90847,0.31776,-0.88534
0.1566,-0.98859,0.27997,-0.84431
0.1567,-1.1232,0.23844,-0.80658
0.1568,-1.3221,0.19603,-0.77421
0.1569,-1.5695,0.15462,-0.74555
0.157,-1.8288,0.11572,-0.71719
0.1571,-2.0517,0.08126,-0.68618
0.1572,-2.1902,0.051863,-0.64993
0.1573,-2.214,0.024864,-0.60604
0.1574,-2.1282,-0.0048761,-0.55315
0.1575,-1.9775,-0.04242,-0.49198
0.1576,-1.8314,-0.090207,-0.42585
0.1577,-1.7547,-0.14628,-0.36029
0.1578,-1.779,-0.20467,-0.30108
0.1579,-1.8924,-0.25844,-0.25165
0.158,-2.0431,-0.303,-0.21166
0.1581,-2.1557,-0.33787,-0.17703
0.1582,-2.1623,-0.36701,-0.14113
0.1583,-2.0298,-0.39731,-0.097439
0.1584,-1.7701,-0.43513,-0.042305
0.1585,-1.437,-0.48314,0.023608
0.1586,-1.1122,-0.53909,0.095239
0.1587,-0.86107,-0.59709,0.16524
0.1588,-0.6953,-0.65107,0.22798
0.1589,-0.59905,-0.69695,0.28146
0.159,-0.55252,-0.73218,0.32625
0.1591,-0.53289,-0.75642,0.36507
0.1592,-0.51369,-0.774,0.40345
0.1593,-0.47387,-0.79252,0.44726
0.1594,-0.4143,-0.81778,0.49897
0.1595,-0.35797,-0.85136,0.55663
0.1596,-0.32069,-0.89115,0.61534
0.1597,-0.29905,-0.93137,0.66867
0.1598,-0.28734,-0.96405,0.71056
0.1599,-0.28248,-0.984,0.73834
0.16,-0.28225,-0.99228,0.75439
0.1601,-0.2847,-0.99474,0.7649
0.1602,-0.28803,-0.99883,0.77676
0.1603,-0.29022,-1.0106,0.79456
0.1604,-0.29004,-1.0323,0.81932
0.1605,-0.28741,-1.0617,0.84876
0.1606,-0.28305,-1.0934,0.87831
0.1607,-0.27811,-1.1212,0.9029
0.1608,-0.27431,-1.14,0.91922
0.1609,-0.27305,-1.1476,0.92716
0.161,-0.2747,-1.1463,0.92973
0.1611,-0.27844,-1.1417,0.93204
0.1612,-0.28238,-1.1411,0.93957
0.1613,-0.28391,-1.1502,0.95553
0.1614,-0.28108,-1.1702,0.97885
0.1615,-0.27361,-1.197,1.0048
0.1616,-0.26287,-1.2235,1.027
0.1617,-0.25124,-1.2421,1.04
0.1618,-0.24119,-1.2474,1.0401
0.1619,-0.23372,-1.2392,1.028
0.162,-0.22793,-1.2228,1.0079
0.1621,-0.22209,-1.2055,0.98541
0.1622,-0.21476,-1.1932,0.96531
0.1623,-0.20463,-1.1889,0.9499
0.1624,-0.19103,-1.1924,0.93875
0.1625,-0.17438,-1.1999,0.92904
0.1626,-0.15575,-1.2059,0.91686
0.1627,-0.13617,-1.2058,0.89891
0.1628,-0.11689,-1.197,0.87374
0.1629,-0.09903,-1.1798,0.84249
0.163,-0.082704,-1.1577,0.80856
0.1631,-0.066918,-1.1364,0.77621
0.1632,-0.050657,-1.1201,0.74866
0.1633,-0.033243,-1.1102,0.72686
0.1634,-0.014531,-1.1048,0.7091
0.1635,0.0048653,-1.0994,0.69175
0.1636,0.023912,-1.0887,0.6709
0.1637,0.042348,-1.0701,0.64394
0.1638,0.060926,-1.0438,0.61028
0.1639,0.080861,-1.0131,0.57127
0.164,0.10319,-0.98211,0.52948
0.1641,0.12839,-0.95436,0.48752
0.1642,0.15584,-0.93087,0.4468
0.1643,0.18429,-0.91001,0.4071
0.1644,0.21248,-0.88873,0.36707
0.1645,0.23956,-0.86366,0.32489
0.1646,0.26506,-0.83225,0.2791
0.1647,0.28927,-0.79409,0.22946
0.1648,0.31302,-0.75134,0.17734
0.1649,0.33742,-0.70804,0.12546
0.165,0.3635,-0.6687,0.076753
0.1651,0.39185,-0.63632,0.033054
0.1652,0.42192,-0.61063,-0.0057859
0.1653,0.45214,-0.58821,-0.041757
0.1654,0.48074,-0.56402,-0.077908
0.1655,0.50639,-0.53341,-0.11725
0.1656,0.52868,-0.49395,-0.16147
0.1657,0.54853,-0.44675,-0.21024
0.1658,0.56775,-0.39576,-0.26164
0.1659,0.58788,-0.34547,-0.31319
0.166,0.60954,-0.29939,-0.36264
0.1661,0.63262,-0.25914,-0.40883
0.1662,0.6563,-0.22375,-0.45225
0.1663,0.67577,-0.19015,-0.49167
0.1664,0.6821,-0.15722,-0.52186
0.1665,0.68273,-0.12223,-0.55033
0.1666,0.67717,-0.082936,-0.57958
0.1667,0.66291,-0.040878,-0.60591
0.1668,0.64037,0.00011424,-0.62463
0.1669,0.61811,0.037503,-0.64083
0.167,0.59812,0.069511,-0.65539
0.1671,0.57409,0.093242,-0.66022
0.1672,0.54585,0.11022,-0.65622
0.1673,0.51762,0.12552,-0.65246
0.1674,0.48747,0.14296,-0.6495
0.1675,0.45295,0.16311,-0.6445
0.1676,0.41693,0.18702,-0.64089
0.1677,0.38128,0.21349,-0.63939
0.1678,0.34655,0.23916,-0.63683
0.1679,0.31715,0.26256,-0.63629
0.168,0.2955,0.28526,-0.64211
0.1681,0.27798,0.30745,-0.65111
0.1682,0.26151,0.32969,-0.66056
0.1683,0.24551,0.35415,-0.67238
0.1684,0.22701,0.38193,-0.68489
0.1685,0.20457,0.41132,-0.69478
0.1686,0.18148,0.44138,-0.70396
0.1687,0.15931,0.47072,-0.71247
0.1688,0.13637,0.49618,-0.71567
0.1689,0.11385,0.51554,-0.71338
0.169,0.091873,0.52985,-0.70764
0.1691,0.065158,0.54036,-0.69493
0.1692,0.0311,0.54891,-0.67451
0.1693,-0.0067049,0.5587,-0.65289
0.1694,-0.047927,0.57115,-0.63122
0.1695,-0.094683,0.58352,-0.60398
0.1696,-0.14261,0.59369,-0.5728
0.1697,-0.18507,0.60132,-0.54335
0.1698,-0.22155,0.60534,-0.51449
0.1699,-0.25218,0.60516,-0.48532
0.17,-0.27509,0.60384,-0.46106
0.1701,-0.29322,0.60434,-0.44222
0.1702,-0.31262,0.6071,-0.42387
0.1703,-0.33357,0.61283,-0.40689
0.1704,-0.35418,0.62299,-0.39481
0.1705,-0.37572,0.63572,-0.3845
0.1706,-0.39797,0.64743,-0.37256
0.1707,-0.41766,0.6562,-0.36035
0.1708,-0.4352,0.66099,-0.34646
0.1709,-0.45354,0.66033,-0.32655
0.171,-0.47295,0.65522,-0.30139
0.1711,-0.49381,0.64851,-0.27359
0.1712,-0.51891,0.6417,-0.242
0.1713,-0.54848,0.63478,-0.20649
0.1714,-0.58027,0.62768,-0.16928
0.1715,-0.61364,0.6192,-0.12965
0.1716,-0.64737,0.60767,-0.086889
0.1717,-0.67748,0.59307,-0.044588
0.1718,-0.70243,0.57642,-0.0050729
0.1719,-0.72402,0.55817,0.033192
0.172,-0.74278,0.53958,0.069514
0.1721,-0.75851,0.52249,0.10177
0.1722,-0.77276,0.5073,0.13091
0.1723,-0.78517,0.49339,0.15707
0.1724,-0.79322,0.48073,0.17752
0.1725,-0.79695,0.46839,0.19315
