0.1,0.18225,-0.44363,0.27018
0.1001,0.19915,-0.44416,0.25711
0.1002,0.21572,-0.44389,0.24372
0.1003,0.23195,-0.44282,0.22998
0.1004,0.24783,-0.44095,0.21588
0.1005,0.26335,-0.43831,0.2014
0.1006,0.27852,-0.43492,0.18652
0.1007,0.29335,-0.43084,0.17123
0.1008,0.30785,-0.42613,0.15556
0.1009,0.32203,-0.42086,0.13954
0.101,0.33588,-0.41509,0.12321
0.1011,0.34937,-0.4089,0.1066
0.1012,0.36247,-0.40234,0.08979
0.1013,0.37514,-0.39546,0.072815
0.1014,0.3873,-0.38829,0.055733
0.1015,0.39888,-0.38084,0.038592
0.1016,0.40981,-0.3731,0.021434
0.1017,0.41998,-0.36506,0.0042896
0.1018,0.42931,-0.35666,-0.012818
0.1019,0.43773,-0.34786,-0.029874
0.102,0.44517,-0.33861,-0.046878
0.1021,0.45157,-0.32885,-0.063831
0.1022,0.45693,-0.31854,-0.080742
0.1023,0.46123,-0.30764,-0.097624
0.1024,0.46451,-0.29613,-0.11449
0.1025,0.46681,-0.28402,-0.13134
0.1026,0.4682,-0.27132,-0.14818
0.1027,0.46876,-0.25807,-0.165
0.1028,0.46857,-0.24432,-0.1818
0.1029,0.46772,-0.23015,-0.19854
0.103,0.46629,-0.21563,-0.2152
0.1031,0.46436,-0.20084,-0.23174
0.1032,0.462,-0.18586,-0.2481
0.1033,0.45923,-0.17074,-0.26423
0.1034,0.45609,-0.15551,-0.28008
0.1035,0.45257,-0.1402,-0.2956
0.1036,0.44867,-0.12482,-0.31072
0.1037,0.44436,-0.10936,-0.32539
0.1038,0.43959,-0.093815,-0.33954
0.1039,0.43433,-0.07815,-0.35314
0.104,0.42851,-0.062331,-0.36611
0.1041,0.42211,-0.046316,-0.37842
0.1042,0.41509,-0.030071,-0.39
0.1043,0.40742,-0.013567,-0.40082
0.1044,0.39911,0.003211,-0.41085
0.1045,0.39015,0.020263,-0.42006
0.1046,0.38059,0.03757,-0.42842
0.1047,0.37045,0.055097,-0.43593
0.1048,0.35979,0.07279,-0.44259
0.1049,0.34868,0.090584,-0.44841
0.105,0.33718,0.10841,-0.45341
0.1051,0.32534,0.12618,-0.45762
0.1052,0.31321,0.14382,-0.46105
0.1053,0.30085,0.16127,-0.46373
0.1054,0.28828,0.17846,-0.46568
0.1055,0.2755,0.19535,-0.4669
0.1056,0.26253,0.21192,-0.4674
0.1057,0.24933,0.22815,-0.4672
0.1058,0.2359,0.24404,-0.4663
0.1059,0.22218,0.25962,-0.46472
0.106,0.20815,0.27491,-0.46246
0.1061,0.19377,0.28992,-0.45955
0.1062,0.17899,0.3047,-0.45602
0.1063,0.16378,0.31925,-0.4519
0.1064,0.14813,0.33357,-0.44721
0.1065,0.13206,0.34765,-0.44201
0.1066,0.1156,0.36145,-0.43631
0.1067,0.098793,0.37493,-0.43017
0.1068,0.081708,0.388,-0.4236
0.1069,0.064408,0.40059,-0.41662
0.107,0.046968,0.41259,-0.40926
0.1071,0.029463,0.42393,-0.40151
0.1072,0.011959,0.43449,-0.39336
0.1073,-0.0054825,0.44418,-0.38482
0.1074,-0.022815,0.45294,-0.37586
0.1075,-0.040007,0.4607,-0.36645
0.1076,-0.057041,0.46743,-0.35658
0.1077,-0.073917,0.47312,-0.34623
0.1078,-0.090646,0.47778,-0.33537
0.1079,-0.10725,0.48146,-0.32402
0.108,-0.12376,0.4842,-0.31216
0.1081,-0.1402,0.48608,-0.2998
0.1082,-0.15661,0.48718,-0.28697
0.1083,-0.173,0.4876,-0.2737
0.1084,-0.18939,0.4874,-0.26003
0.1085,-0.20577,0.48668,-0.24599
0.1086,-0.22212,0.48549,-0.23163
0.1087,-0.23841,0.48387,-0.217
0.1088,-0.25458,0.48184,-0.20214
0.1089,-0.27058,0.47943,-0.18708
0.109,-0.28633,0.4766,-0.17183
0.1091,-0.30175,0.47333,-0.1564
0.1092,-0.31674,0.46957,-0.14079
0.1093,-0.33123,0.46528,-0.12502
0.1094,-0.34514,0.46041,-0.10908
0.1095,-0.35838,0.45492,-0.092974
0.1096,-0.3709,0.44876,-0.076688
0.1097,-0.38264,0.44191,-0.060219
0.1098,-0.39356,0.43438,-0.043563
0.1099,-0.40364,0.42617,-0.026721
0.11,-0.41288,0.41732,-0.0097031
0.1101,-0.42129,0.40787,0.0074748
0.1102,-0.42889,0.39788,0.024787
0.1103,-0.4357,0.38742,0.042202
0.1104,-0.44175,0.37655,0.059679
0.1105,-0.44708,0.36533,0.077175
0.1106,-0.45173,0.35383,0.094644
0.1107,-0.45572,0.34209,0.11204
0.1108,-0.45906,0.33013,0.12932
0.1109,-0.46177,0.31797,0.14645
0.111,-0.46383,0.3056,0.16339
0.1111,-0.46525,0.29299,0.18011
0.1112,-0.46599,0.28013,0.19661
0.1113,-0.46603,0.26696,0.21287
0.1114,-0.46536,0.25345,0.22887
0.1115,-0.46396,0.23955,0.24462
0.1116,-0.46183,0.22523,0.26011
0.1117,-0.45896,0.21044,0.27533
0.1118,-0.45537,0.19518,0.29027
0.1119,-0.4511,0.17944,0.30491
0.112,-0.44618,0.16326,0.31922
0.1121,-0.44065,0.1467,0.33316
0.1122,-0.43458,0.12982,0.3467
0.1123,-0.42801,0.11268,0.35977
0.1124,-0.42101,0.095381,0.37231
0.1125,-0.41361,0.077987,0.38427
0.1126,-0.40585,0.060576,0.39556
0.1127,-0.39775,0.04321,0.40614
0.1128,-0.38933,0.025938,0.41595
0.1129,-0.38057,0.0087895,0.42492
0.113,-0.37146,-0.0082202,0.43302
0.1131,-0.36198,-0.025095,0.44022
0.1132,-0.35208,-0.041854,0.44649
0.1133,-0.34173,-0.058525,0.45184
0.1134,-0.33089,-0.075145,0.45628
0.1135,-0.31954,-0.091752,0.45984
0.1136,-0.30765,-0.10838,0.46256
0.1137,-0.29522,-0.12505,0.46449
0.1138,-0.28225,-0.14178,0.46567
0.1139,-0.26877,-0.15856,0.46617
0.114,-0.25482,-0.17538,0.46604
0.1141,-0.24044,-0.19219,0.46533
0.1142,-0.2257,-0.20894,0.46407
0.1143,-0.21065,-0.22556,0.46231
0.1144,-0.19536,-0.24198,0.46004
0.1145,-0.17985,-0.25811,0.45728
0.1146,-0.16417,-0.27386,0.45403
0.1147,-0.14836,-0.28915,0.45027
0.1148,-0.13245,-0.30392,0.44598
0.1149,-0.11645,-0.31807,0.44115
0.115,-0.10038,-0.33157,0.43574
0.1151,-0.08422,-0.34436,0.42976
0.1152,-0.013107,-0.42034,0.43225
0.1153,0.028378,-0.46059,0.42835
0.1154,0.064752,-0.49507,0.42307
0.1155,0.099389,-0.5275,0.41714
0.1156,0.12029,-0.54638,0.41106
0.1157,0.14143,-0.56277,0.40136
0.1158,0.17747,-0.59601,0.39304
0.1159,0.21499,-0.63051,0.38466
0.116,0.24964,-0.66189,0.37559
0.1161,0.2968,-0.70504,0.365
0.1162,0.35115,-0.75772,0.357
0.1163,0.39706,-0.80073,0.34785
0.1164,0.43912,-0.84078,0.33818
0.1165,0.47945,-0.87975,0.32786
0.1166,0.50855,-0.90912,0.31782
0.1167,0.5374,-0.93835,0.30494
0.1168,0.58408,-0.9888,0.29325
0.1169,0.64359,-1.0522,0.28251
0.117,0.70817,-1.1211,0.27282
0.1171,0.78179,-1.1992,0.26268
0.1172,0.85467,-1.2782,0.25469
0.1173,0.91284,-1.3417,0.24516
0.1174,0.96428,-1.4006,0.23447
0.1175,1.0156,-1.4596,0.22301
0.1176,1.0554,-1.5061,0.21209
0.1177,1.0866,-1.5416,0.19828
0.1178,1.1257,-1.5843,0.1847
0.1179,1.1702,-1.6276,0.17161
0.118,1.215,-1.6665,0.15899
0.1181,1.2711,-1.7121,0.14546
0.1182,1.3356,-1.7626,0.13445
0.1183,1.388,-1.7958,0.12316
0.1184,1.4278,-1.8149,0.11061
0.1185,1.4683,-1.833,0.096852
0.1186,1.5058,-1.8466,0.084443
0.1187,1.5401,-1.8536,0.070634
0.1188,1.5862,-1.871,0.057501
0.1189,1.6439,-1.8975,0.045766
0.119,1.6993,-1.92,0.035506
0.1191,1.7545,-1.9407,0.023907
0.1192,1.8141,-1.9671,0.013397
0.1193,1.8662,-1.9861,0.0026586
0.1194,1.904,-1.9923,-0.0089376
0.1195,1.9347,-1.9925,-0.022318
0.1196,1.9572,-1.9872,-0.035215
0.1197,1.9703,-1.9732,-0.049683
0.1198,1.9877,-1.9653,-0.064369
0.1199,2.0175,-1.9716,-0.078598
0.12,2.0521,-1.9854,-0.091328
0.1201,2.089,-2.002,-0.1048
0.1202,2.1281,-2.0229,-0.11741
0.1203,2.1599,-2.0372,-0.13033
0.1204,2.1811,-2.0414,-0.1437
0.1205,2.2012,-2.0444,-0.15797
0.1206,2.2209,-2.0489,-0.17073
0.1207,2.2358,-2.0489,-0.18368
0.1208,2.2533,-2.0523,-0.19602
0.1209,2.2787,-2.0647,-0.2075
0.121,2.3044,-2.0791,-0.21732
0.1211,2.3288,-2.0919,-0.22766
0.1212,2.3549,-2.1076,-0.2368
0.1213,2.3718,-2.1147,-0.24542
0.1214,2.3699,-2.1031,-0.25416
0.1215,2.3574,-2.0796,-0.26422
0.1216,2.3414,-2.0536,-0.27324
0.1217,2.3208,-2.0232,-0.28229
0.1218,2.3032,-1.996,-0.29092
0.1219,2.2969,-1.9812,-0.29872
0.122,2.2947,-1.9725,-0.3044
0.1221,2.2895,-1.9607,-0.31019
0.1222,2.2855,-1.9511,-0.31512
0.1223,2.2805,-1.9415,-0.31903
0.1224,2.266,-1.9238,-0.32172
0.1225,2.2447,-1.8991,-0.32474
0.1226,2.2219,-1.8742,-0.32636
0.1227,2.1953,-1.8464,-0.32728
0.1228,2.1679,-1.8185,-0.32738
0.1229,2.1477,-1.7986,-0.32675
0.123,2.132,-1.7855,-0.32379
0.1231,2.1127,-1.7697,-0.32001
0.1232,2.0884,-1.75,-0.31504
0.1233,2.0561,-1.723,-0.30937
0.1234,2.0116,-1.6844,-0.303
0.1235,1.958,-1.6364,-0.29697
0.1236,1.9029,-1.5872,-0.29046
0.1237,1.8482,-1.5389,-0.28353
0.1238,1.7959,-1.4935,-0.27608
0.1239,1.7514,-1.4564,-0.26811
0.124,1.7136,-1.4275,-0.25862
0.1241,1.6775,-1.4012,-0.24837
0.1242,1.6428,-1.3773,-0.23718
0.1243,1.6076,-1.3538,-0.22506
0.1244,1.5652,-1.3239,-0.21209
0.1245,1.5149,-1.2857,-0.19942
0.1246,1.4627,-1.2459,-0.18646
0.1247,1.4106,-1.2066,-0.17298
0.1248,1.3589,-1.1684,-0.15885
0.1249,1.3123,-1.1356,-0.14415
0.125,1.2703,-1.1091,-0.12784
0.1251,1.2254,-1.0807,-0.11056
0.1252,1.1749,-1.0471,-0.092752
0.1253,1.1205,-1.0095,-0.074664
0.1254,1.0598,-0.96581,-0.056104
0.1255,0.99229,-0.91456,-0.037985
0.1256,0.92395,-0.8619,-0.019955
0.1257,0.85884,-0.81228,-0.0017907
0.1258,0.79739,-0.76643,0.016734
0.1259,0.7432,-0.72767,0.035283
0.126,0.69881,-0.69941,0.054496
0.1261,0.65967,-0.67682,0.07386
0.1262,0.62074,-0.65437,0.09302
0.1263,0.58029,-0.62975,0.11159
0.1264,0.53537,-0.60009,0.12973
0.1265,0.48467,-0.56335,0.14687
0.1266,0.43237,-0.52401,0.16344
0.1267,0.38225,-0.48626,0.17953
0.1268,0.33435,-0.45063,0.19524
0.1269,0.28981,-0.41801,0.21021
0.127,0.24944,-0.38978,0.22479
0.1271,0.20971,-0.36213,0.23849
0.1272,0.1677,-0.33177,0.25127
0.1273,0.12377,-0.29876,0.26309
0.1274,0.076387,-0.26187,0.27429
0.1275,0.02428,-0.21929,0.2845
0.1276,-0.028123,-0.17574,0.29423
0.1277,-0.075536,-0.13704,0.30357
0.1278,-0.11662,-0.10502,0.31247
0.1279,-0.14968,-0.081115,0.32055
0.128,-0.17331,-0.06719,0.32818
0.1281,-0.19204,-0.058514,0.3351
0.1282,-0.21185,-0.048533,0.34135
0.1283,-0.23381,-0.035616,0.34701
0.1284,-0.25845,-0.019676,0.35259
0.1285,-0.28769,0.0014859,0.35781
0.1286,-0.31941,0.02561,0.36289
0.1287,-0.34914,0.047841,0.36804
0.1288,-0.37608,0.066818,0.3735
0.1289,-0.40011,0.082838,0.37885
0.129,-0.41928,0.093738,0.38434
0.1291,-0.4348,0.10073,0.38992
0.1292,-0.4511,0.10849,0.39546
0.1293,-0.46977,0.11918,0.40062
0.1294,-0.49024,0.13195,0.40571
0.1295,-0.51233,0.14674,0.41055
0.1296,-0.53314,0.1606,0.41518
0.1297,-0.54745,0.16811,0.41969
0.1298,-0.5532,0.16678,0.42437
0.1299,-0.55114,0.15775,0.42884
0.13,-0.54189,0.14167,0.4331
0.1301,-0.5281,0.12141,0.43703
0.1302,-0.51445,0.10184,0.44044
0.1303,-0.50317,0.08569,0.44294
0.1304,-0.49468,0.073069,0.4448
0.1305,-0.48998,0.065094,0.44586
0.1306,-0.48773,0.060466,0.44608
0.1307,-0.48364,0.054724,0.44556
0.1308,-0.47527,0.044924,0.44476
0.1309,-0.46239,0.031031,0.44348
0.131,-0.44433,0.012229,0.44187
0.1311,-0.42241,-0.010287,0.44009
0.1312,-0.40078,-0.032292,0.4381
0.1313,-0.38123,-0.051549,0.43542
0.1314,-0.36219,-0.069875,0.43226
0.1315,-0.34272,-0.088283,0.42867
0.1316,-0.32141,-0.10811,0.42457
0.1317,-0.29456,-0.13304,0.41991
0.1318,-0.26021,-0.16544,0.41515
0.1319,-0.21987,-0.20358,0.41012
0.132,-0.17482,-0.24611,0.40474
0.1321,-0.12647,-0.29169,0.39904
0.1322,-0.078916,-0.33622,0.39307
0.1323,-0.035798,-0.37565,0.38629
0.1324,0.0026588,-0.40981,0.37862
0.1325,0.037254,-0.43953,0.37002
0.1326,0.069282,-0.46619,0.36052
0.1327,0.10235,-0.49342,0.35013
0.1328,0.13973,-0.52499,0.33941
0.1329,0.18152,-0.56104,0.32856
0.133,0.22673,-0.60064,0.31769
0.1331,0.27444,-0.64295,0.30685
0.1332,0.32239,-0.6859,0.29614
0.1333,0.36873,-0.72744,0.28522
0.1334,0.414,-0.76835,0.27402
0.1335,0.45931,-0.80979,0.26256
0.1336,0.50547,-0.85262,0.25088
0.1337,0.55466,-0.89896,0.23891
0.1338,0.60889,-0.95104,0.22708
0.1339,0.66754,-1.008,0.21548
0.134,0.72883,-1.0678,0.20408
0.1341,0.79088,-1.1285,0.19274
0.1342,0.85023,-1.1863,0.1814
0.1343,0.90364,-1.2376,0.16952
0.1344,0.9511,-1.282,0.15687
0.1345,0.99432,-1.3209,0.14351
0.1346,1.0348,-1.3552,0.12961
0.1347,1.0751,-1.3871,0.11525
0.1348,1.1182,-1.4193,0.1009
0.1349,1.1646,-1.452,0.086843
0.135,1.213,-1.4841,0.073113
0.1351,1.263,-1.5153,0.059594
0.1352,1.3131,-1.5445,0.046376
0.1353,1.3608,-1.5697,0.033179
0.1354,1.4056,-1.5905,0.019797
0.1355,1.4487,-1.6087,0.0062497
0.1356,1.4911,-1.6258,-0.0072588
0.1357,1.5342,-1.6433,-0.020749
0.1358,1.5799,-1.6638,-0.034002
0.1359,1.6282,-1.6874,-0.046902
0.136,1.6767,-1.7123,-0.059582
0.1361,1.723,-1.7359,-0.072405
0.1362,1.7652,-1.7564,-0.085514
0.1363,1.801,-1.7714,-0.099185
0.1364,1.8304,-1.7804,-0.11355
0.1365,1.855,-1.7852,-0.12854
0.1366,1.877,-1.7881,-0.14382
0.1367,1.8983,-1.7909,-0.15926
0.1368,1.9216,-1.7965,-0.17458
0.1369,1.9479,-1.806,-0.18954
0.137,1.9764,-1.8185,-0.20407
0.1371,2.0055,-1.8324,-0.21829
0.1372,2.0335,-1.8459,-0.23216
0.1373,2.058,-1.8565,-0.24578
0.1374,2.0781,-1.8632,-0.25925
0.1375,2.0949,-1.867,-0.27247
0.1376,2.1098,-1.8696,-0.28519
0.1377,2.1238,-1.8719,-0.29737
0.1378,2.138,-1.8751,-0.30891
0.1379,2.1524,-1.8793,-0.31973
0.138,2.1649,-1.8822,-0.32993
0.1381,2.1734,-1.8816,-0.33977
0.1382,2.1768,-1.8762,-0.3493
0.1383,2.1736,-1.8645,-0.35858
0.1384,2.1636,-1.8462,-0.3677
0.1385,2.1487,-1.8232,-0.37664
0.1386,2.1315,-1.7983,-0.38513
0.1387,2.1141,-1.7739,-0.39303
0.1388,2.0986,-1.7522,-0.40019
0.1389,2.0862,-1.7345,-0.4064
0.139,2.0757,-1.7197,-0.41151
0.1391,2.0647,-1.7056,-0.4156
0.1392,2.0516,-1.6903,-0.41873
0.1393,2.0339,-1.6716,-0.42078
0.1394,2.0128,-1.6502,-0.42211
0.1395,1.9877,-1.6256,-0.42255
0.1396,1.9603,-1.5997,-0.42194
0.1397,1.9316,-1.5735,-0.42041
0.1398,1.9022,-1.5476,-0.41779
0.1399,1.8721,-1.5219,-0.41417
0.14,1.8407,-1.496,-0.40944
0.1401,1.8061,-1.4677,-0.40388
0.1402,1.767,-1.4357,-0.39753
0.1403,1.723,-1.3991,-0.39071
0.1404,1.6744,-1.3583,-0.38345
0.1405,1.6228,-1.3147,-0.3759
0.1406,1.571,-1.2713,-0.36784
0.1407,1.5212,-1.2303,-0.3593
0.1408,1.4745,-1.1933,-0.35003
0.1409,1.4314,-1.1605,-0.34
0.141,1.391,-1.1314,-0.32902
0.1411,1.351,-1.1035,-0.31728
0.1412,1.3098,-1.0751,-0.30479
0.1413,1.2661,-1.0448,-0.29177
0.1414,1.2192,-1.0117,-0.2782
0.1415,1.1692,-0.97581,-0.26423
0.1416,1.1174,-0.9386,-0.24971
0.1417,1.0652,-0.90141,-0.23467
0.1418,1.0131,-0.86493,-0.21897
0.1419,0.96134,-0.8293,-0.20266
0.142,0.9096,-0.79427,-0.18567
0.1421,0.85642,-0.75809,-0.16831
0.1422,0.80053,-0.7193,-0.15069
0.1423,0.74199,-0.67763,-0.13309
0.1424,0.68159,-0.63381,-0.11553
0.1425,0.62058,-0.58895,-0.098159
0.1426,0.5611,-0.54534,-0.080817
0.1427,0.50526,-0.50509,-0.063561
0.1428,0.4539,-0.46925,-0.046297
0.1429,0.40694,-0.43768,-0.029142
0.143,0.36364,-0.40971,-0.012092
0.1431,0.3223,-0.38336,0.0045598
0.1432,0.28081,-0.3564,0.020751
0.1433,0.23778,-0.32724,0.036342
0.1434,0.19271,-0.29537,0.05139
0.1435,0.14583,-0.26093,0.065802
0.1436,0.098301,-0.22531,0.079793
0.1437,0.051616,-0.19013,0.093341
0.1438,0.0065847,-0.15641,0.10651
0.1439,-0.036696,-0.12424,0.11919
0.144,-0.078626,-0.093356,0.13145
0.1441,-0.12019,-0.062588,0.14314
0.1442,-0.16235,-0.030907,0.15424
0.1443,-0.20519,0.00188,0.16474
0.1444,-0.24809,0.035017,0.17478
0.1445,-0.29,0.067504,0.18431
0.1446,-0.32931,0.097511,0.19346
0.1447,-0.3643,0.12325,0.20221
0.1448,-0.39433,0.14388,0.21064
0.1449,-0.41974,0.15986,0.21865
0.145,-0.44152,0.17216,0.22633
0.1451,-0.46149,0.18278,0.23362
0.1452,-0.48184,0.19398,0.2406
0.1453,-0.50383,0.20718,0.24726
0.1454,-0.52758,0.2224,0.25377
0.1455,-0.55255,0.23911,0.26011
0.1456,-0.57757,0.25597,0.26641
0.1457,-0.60103,0.27129,0.2727
0.1458,-0.62187,0.2839,0.27905
0.1459,-0.63998,0.29378,0.28533
0.146,-0.65564,0.30118,0.29158
0.1461,-0.66939,0.30682,0.29767
0.1462,-0.68205,0.31159,0.30355
0.1463,-0.69396,0.31596,0.30912
0.1464,-0.70454,0.31931,0.31442
0.1465,-0.71272,0.32065,0.31935
0.1466,-0.71723,0.31869,0.32392
0.1467,-0.71686,0.31221,0.32808
0.1468,-0.71112,0.3007,0.33186
0.1469,-0.70074,0.28502,0.33511
0.147,-0.68716,0.26664,0.33782
0.1471,-0.6722,0.24752,0.33988
0.1472,-0.65768,0.22951,0.34125
0.1473,-0.64463,0.21376,0.34183
0.1474,-0.63298,0.20011,0.34171
0.1475,-0.62196,0.18779,0.34086
0.1476,-0.61032,0.17544,0.33938
0.1477,-0.59654,0.1615,0.3373
0.1478,-0.57959,0.14475,0.3348
0.1479,-0.5593,0.12505,0.33186
0.148,-0.53603,0.10269,0.32856
0.1481,-0.51048,0.078368,0.32487
0.1482,-0.48354,0.05297,0.32081
0.1483,-0.4557,0.027111,0.31623
0.1484,-0.42656,0.00035994,0.31113
0.1485,-0.39524,-0.028088,0.30545
0.1486,-0.36092,-0.059091,0.29921
0.1487,-0.32288,-0.093335,0.29237
0.1488,-0.28101,-0.13103,0.28505
0.1489,-0.23623,-0.17121,0.27721
0.149,-0.19007,-0.21238,0.26888
0.1491,-0.14407,-0.25295,0.25997
0.1492,-0.099612,-0.29155,0.25048
0.1493,-0.05753,-0.32726,0.24026
0.1494,-0.017643,-0.36036,0.22936
0.1495,0.021076,-0.3919,0.21779
0.1496,0.059952,-0.42336,0.20568
0.1497,0.10035,-0.45618,0.19315
0.1498,0.14331,-0.49162,0.18044
0.1499,0.18903,-0.52993,0.16766
0.15,0.23701,-0.57067,0.15489
0.1501,0.28642,-0.61304,0.14211
0.1502,0.33646,-0.65626,0.1293
0.1503,0.38661,-0.69973,0.11631
0.1504,0.43698,-0.74357,0.10309
0.1505,0.48812,-0.78829,0.089614
0.1506,0.54059,-0.83444,0.075916
0.1507,0.59476,-0.88227,0.061997
0.1508,0.65058,-0.93166,0.047969
0.1509,0.70725,-0.98163,0.033822
0.151,0.76348,-1.0307,0.019516
0.1511,0.81796,-1.0772,0.0049246
0.1512,0.86956,-1.1199,-0.0099982
0.1513,0.91769,-1.1578,-0.025379
0.1514,0.96266,-1.1912,-0.041213
0.1515,1.0056,-1.221,-0.057427
0.1516,1.0478,-1.2486,-0.073825
0.1517,1.0907,-1.2752,-0.090274
0.1518,1.135,-1.302,-0.10658
0.1519,1.1811,-1.3293,-0.12265
0.152,1.2281,-1.3567,-0.13846
0.1521,1.2754,-1.3836,-0.15413
0.1522,1.322,-1.4096,-0.16972
0.1523,1.3673,-1.4341,-0.18534
0.1524,1.4112,-1.4573,-0.20105
0.1525,1.454,-1.4796,-0.21687
0.1526,1.4962,-1.5017,-0.23274
0.1527,1.5381,-1.5241,-0.24867
0.1528,1.5796,-1.5467,-0.26461
0.1529,1.6203,-1.569,-0.28061
0.153,1.659,-1.5899,-0.29674
0.1531,1.6947,-1.6082,-0.3131
0.1532,1.7266,-1.623,-0.32972
0.1533,1.7544,-1.6339,-0.34662
0.1534,1.7788,-1.6417,-0.36369
0.1535,1.8008,-1.6473,-0.3808
0.1536,1.8219,-1.6524,-0.39771
0.1537,1.8431,-1.6583,-0.41426
0.1538,1.8652,-1.6656,-0.43029
0.1539,1.888,-1.6745,-0.4457
0.154,1.9109,-1.684,-0.46045
0.1541,1.9328,-1.6932,-0.4746
0.1542,1.9526,-1.7009,-0.48812
0.1543,1.9696,-1.7063,-0.50104
0.1544,1.9835,-1.7092,-0.51334
0.1545,1.9945,-1.7097,-0.525
0.1546,2.0033,-1.7085,-0.53594
0.1547,2.0101,-1.7059,-0.54613
0.1548,2.0149,-1.7018,-0.55556
0.1549,2.0174,-1.696,-0.56426
0.155,2.0169,-1.6876,-0.57222
0.1551,2.0124,-1.6758,-0.57951
0.1552,2.0038,-1.6602,-0.58613
0.1553,1.9912,-1.6409,-0.59205
0.1554,1.9752,-1.6188,-0.59718
0.1555,1.9571,-1.5951,-0.60143
0.1556,1.9383,-1.5714,-0.60464
0.1557,1.9197,-1.5488,-0.6067
0.1558,1.9018,-1.5279,-0.6075
0.1559,1.8843,-1.5085,-0.607
0.156,1.8665,-1.4899,-0.60514
0.1561,1.8471,-1.4708,-0.60199
0.1562,1.8252,-1.4503,-0.59759
0.1563,1.8002,-1.4275,-0.59201
0.1564,1.7719,-1.4024,-0.5853
0.1565,1.7406,-1.3752,-0.57755
0.1566,1.7071,-1.3466,-0.56875
0.1567,1.6718,-1.317,-0.55897
0.1568,1.635,-1.2866,-0.54825
0.1569,1.5964,-1.2552,-0.53667
0.157,1.5557,-1.2225,-0.52431
0.1571,1.5125,-1.1877,-0.51128
0.1572,1.4667,-1.1509,-0.4977
0.1573,1.4187,-1.1122,-0.48365
0.1574,1.3692,-1.0724,-0.46915
0.1575,1.3194,-1.0327,-0.45423
0.1576,1.2704,-0.99434,-0.43882
0.1577,1.223,-0.95814,-0.42286
0.1578,1.1773,-0.92442,-0.40628
0.1579,1.1331,-0.89282,-0.38908
0.158,1.0893,-0.86245,-0.37125
0.1581,1.0448,-0.83206,-0.35289
0.1582,0.9987,-0.80058,-0.33409
0.1583,0.95035,-0.76736,-0.31495
0.1584,0.89973,-0.73227,-0.29551
0.1585,0.84721,-0.69562,-0.27587
0.1586,0.79347,-0.65805,-0.25605
0.1587,0.73911,-0.62016,-0.23604
0.1588,0.68446,-0.58225,-0.21588
0.1589,0.62961,-0.54431,-0.19565
0.159,0.57442,-0.50612,-0.17545
0.1591,0.51868,-0.4673,-0.1554
0.1592,0.46235,-0.42768,-0.13561
0.1593,0.40581,-0.3875,-0.11619
0.1594,0.34978,-0.34744,-0.09717
0.1595,0.29518,-0.30841,-0.078559
0.1596,0.24295,-0.27135,-0.060339
0.1597,0.19368,-0.23693,-0.0425
0.1598,0.14739,-0.20521,-0.025047
0.1599,0.1036,-0.17563,-0.0080379
0.16,0.061366,-0.14725,0.008479
0.1601,0.019614,-0.11889,0.024438
0.1602,-0.022593,-0.089559,0.039801
0.1603,-0.065756,-0.05872,0.054555
0.1604,-0.10989,-0.026407,0.068741
0.1605,-0.15457,0.0069036,0.082397
0.1606,-0.19913,0.04042,0.095575
0.1607,-0.24289,0.073365,0.10831
0.1608,-0.28543,0.10524,0.12062
0.1609,-0.32664,0.13591,0.13248
0.161,-0.36664,0.1655,0.14387
0.1611,-0.40566,0.19428,0.15476
0.1612,-0.44378,0.22237,0.16515
0.1613,-0.48078,0.24955,0.17503
0.1614,-0.51613,0.27526,0.18447
0.1615,-0.54915,0.29879,0.19349
0.1616,-0.57923,0.31942,0.20216
0.1617,-0.60603,0.33679,0.21051
0.1618,-0.62969,0.35103,0.21858
0.1619,-0.65088,0.36282,0.22639
0.162,-0.67052,0.37313,0.23394
0.1621,-0.68961,0.38304,0.24125
0.1622,-0.70896,0.39338,0.24833
0.1623,-0.72887,0.40449,0.2552
0.1624,-0.74912,0.41613,0.2619
0.1625,-0.76906,0.42761,0.26844
0.1626,-0.78782,0.43805,0.27485
0.1627,-0.8046,0.44662,0.28112
0.1628,-0.81886,0.4528,0.28723
0.1629,-0.83046,0.4565,0.29312
0.163,-0.8395,0.4579,0.29873
0.1631,-0.84623,0.45731,0.304
0.1632,-0.85077,0.45493,0.30885
0.1633,-0.85304,0.45076,0.31324
0.1634,-0.8527,0.44446,0.31713
0.1635,-0.84932,0.43565,0.32048
0.1636,-0.84255,0.42396,0.3233
0.1637,-0.83231,0.40937,0.32554
0.1638,-0.81897,0.39221,0.3272
0.1639,-0.80328,0.37327,0.32825
0.164,-0.78619,0.35355,0.32867
0.1641,-0.76864,0.334,0.32844
0.1642,-0.75127,0.31525,0.32756
0.1643,-0.73422,0.29746,0.32602
0.1644,-0.71709,0.28021,0.32384
0.1645,-0.69914,0.26273,0.32108
0.1646,-0.67955,0.24412,0.31778
0.1647,-0.65756,0.22358,0.31398
0.1648,-0.63279,0.20068,0.30972
0.1649,-0.60522,0.17538,0.30504
0.165,-0.57513,0.14793,0.29991
0.1651,-0.54286,0.11875,0.29431
0.1652,-0.50876,0.088173,0.2882
0.1653,-0.47294,0.056376,0.28154
0.1654,-0.43531,0.023286,0.27428
0.1655,-0.39567,-0.011284,0.26642
0.1656,-0.35392,-0.047458,0.25799
0.1657,-0.31017,-0.085145,0.24899
0.1658,-0.26484,-0.12396,0.23948
0.1659,-0.21865,-0.16323,0.22948
0.166,-0.17246,-0.20211,0.21901
0.1661,-0.12698,-0.23992,0.20806
0.1662,-0.082608,-0.27627,0.19664
0.1663,-0.03931,-0.31126,0.18476
0.1664,0.0033995,-0.34541,0.17249
0.1665,0.046289,-0.37959,0.1599
0.1666,0.09017,-0.41467,0.14707
0.1667,0.13569,-0.45138,0.1341
0.1668,0.18317,-0.4901,0.12109
0.1669,0.23255,-0.53076,0.10806
0.167,0.28347,-0.57301,0.095025
0.1671,0.32635,-0.60497,0.079746
0.1672,0.33328,-0.594,0.058879
0.1673,0.33256,-0.57036,0.038103
0.1674,0.3283,-0.53746,0.017684
0.1675,0.33425,-0.51343,-0.0011672
0.1676,0.35315,-0.50147,-0.020492
0.1677,0.37072,-0.48925,-0.039004
0.1678,0.38302,-0.47274,-0.057226
0.1679,0.40511,-0.47022,-0.072563
0.168,0.44228,-0.48591,-0.086381
0.1681,0.47942,-0.50361,-0.099724
0.1682,0.50601,-0.51012,-0.11494
0.1683,0.52269,-0.50751,-0.13039
0.1684,0.53251,-0.49741,-0.14725
0.1685,0.5409,-0.4854,-0.16522
0.1686,0.55204,-0.47542,-0.18437
0.1687,0.56009,-0.4636,-0.20254
0.1688,0.56074,-0.44477,-0.22054
0.1689,0.55906,-0.4251,-0.23731
0.169,0.5593,-0.40894,-0.25277
0.1691,0.55666,-0.39132,-0.26705
0.1692,0.54654,-0.3655,-0.28221
0.1693,0.53047,-0.33472,-0.29645
0.1694,0.51237,-0.30322,-0.30938
0.1695,0.49694,-0.27476,-0.32194
0.1696,0.48785,-0.25073,-0.33628
0.1697,0.48321,-0.23063,-0.35101
0.1698,0.48263,-0.21449,-0.36571
0.1699,0.49186,-0.20918,-0.37932
0.17,0.51062,-0.21408,-0.39221
0.1701,0.52676,-0.21749,-0.40403
0.1702,0.53366,-0.21184,-0.41566
0.1703,0.5374,-0.20454,-0.42578
0.1704,0.54194,-0.19949,-0.43445
0.1705,0.54384,-0.1927,-0.44209
0.1706,0.54214,-0.18193,-0.44982
0.1707,0.5375,-0.16874,-0.45669
0.1708,0.528,-0.14997,-0.46386
0.1709,0.51412,-0.12544,-0.472
0.171,0.49915,-0.09855,-0.4811
0.1711,0.48131,-0.069309,-0.48952
0.1712,0.4573,-0.034075,-0.49764
0.1713,0.43022,0.0031362,-0.50457
0.1714,0.40513,0.036486,-0.50956
0.1715,0.38282,0.064866,-0.51229
0.1716,0.36414,0.089005,-0.5143
0.1717,0.35085,0.10653,-0.51499
0.1718,0.34182,0.11845,-0.51428
0.1719,0.33513,0.12725,-0.51271
0.172,0.33032,0.13498,-0.51185
0.1721,0.32494,0.14371,-0.51134
0.1722,0.3173,0.1551,-0.51119
0.1723,0.31127,0.16436,-0.51051
0.1724,0.30999,0.16792,-0.50886
0.1725,0.30917,0.16933,-0.5055
