0.1,0.42795,0.10296,-0.46167
0.1001,0.41518,0.12245,-0.46886
0.1002,0.40162,0.14176,-0.47554
0.1003,0.38735,0.16083,-0.48168
0.1004,0.3724,0.17958,-0.48722
0.1005,0.35684,0.19794,-0.49214
0.1006,0.34072,0.21585,-0.49639
0.1007,0.3241,0.23327,-0.49994
0.1008,0.30701,0.25018,-0.50277
0.1009,0.2895,0.26657,-0.50487
0.101,0.27161,0.28245,-0.50623
0.1011,0.25337,0.29783,-0.50687
0.1012,0.23479,0.31275,-0.50681
0.1013,0.21592,0.32723,-0.50606
0.1014,0.19678,0.34133,-0.50466
0.1015,0.17739,0.35509,-0.50263
0.1016,0.1578,0.36853,-0.50001
0.1017,0.13804,0.38168,-0.49681
0.1018,0.11815,0.39451,-0.49302
0.1019,0.09819,0.407,-0.48865
0.102,0.078203,0.41913,-0.48368
0.1021,0.058241,0.43083,-0.47807
0.1022,0.038352,0.44207,-0.47176
0.1023,0.018579,0.45277,-0.46469
0.1024,-0.0010394,0.46289,-0.4568
0.1025,-0.020474,0.47236,-0.44803
0.1026,-0.039703,0.48114,-0.43831
0.1027,-0.058714,0.4892,-0.42763
0.1028,-0.077502,0.49652,-0.41595
0.1029,-0.096067,0.50309,-0.40328
0.103,-0.11441,0.50893,-0.38964
0.1031,-0.13255,0.51407,-0.37509
0.1032,-0.15047,0.51852,-0.35968
0.1033,-0.16819,0.52235,-0.34351
0.1034,-0.18569,0.52559,-0.32667
0.1035,-0.20297,0.52829,-0.30926
0.1036,-0.22,0.53049,-0.29137
0.1037,-0.23675,0.53221,-0.27311
0.1038,-0.2532,0.53347,-0.25456
0.1039,-0.26928,0.53428,-0.23579
0.104,-0.28497,0.53462,-0.21689
0.1041,-0.30021,0.53446,-0.19788
0.1042,-0.21061,0.47421,-0.097498
0.1043,-0.19401,0.45191,-0.052171
0.1044,-0.19384,0.4332,-0.021569
0.1045,-0.19972,0.42499,0.0048556
0.1046,-0.22089,0.44615,0.014522
0.1047,-0.24314,0.45208,0.026898
0.1048,-0.23721,0.42679,0.060516
0.1049,-0.23048,0.42148,0.097718
0.105,-0.23015,0.43184,0.12864
0.1051,-0.21755,0.40706,0.17103
0.1052,-0.20478,0.39218,0.20863
0.1053,-0.20446,0.39361,0.23702
0.1054,-0.20545,0.39319,0.26092
0.1055,-0.20757,0.40387,0.28184
0.1056,-0.21485,0.43988,0.2967
0.1057,-0.21581,0.46527,0.32184
0.1058,-0.18977,0.45345,0.36705
0.1059,-0.15292,0.42168,0.42166
0.106,-0.1163,0.37985,0.47651
0.1061,-0.082984,0.33243,0.52887
0.1062,-0.059858,0.30029,0.56414
0.1063,-0.057815,0.2913,0.58232
0.1064,-0.05816,0.28426,0.59987
0.1065,-0.053474,0.27674,0.61999
0.1066,-0.052425,0.27256,0.6306
0.1067,-0.0576,0.25097,0.64078
0.1068,-0.05491,0.20517,0.65888
0.1069,-0.051305,0.15875,0.67651
0.107,-0.049605,0.11101,0.69045
0.1071,-0.042306,0.048159,0.71336
0.1072,-0.030304,-0.010752,0.73708
0.1073,-0.024247,-0.05189,0.75414
0.1074,-0.022191,-0.081996,0.7668
0.1075,-0.013037,-0.11763,0.78727
0.1076,0.0039865,-0.15311,0.81046
0.1077,0.02272,-0.18694,0.8358
0.1078,0.049311,-0.2341,0.86596
0.1079,0.076188,-0.28604,0.89394
0.108,0.09327,-0.32474,0.90953
0.1081,0.10229,-0.35512,0.9198
0.1082,0.11234,-0.3859,0.92784
0.1083,0.11731,-0.40453,0.93004
0.1084,0.1179,-0.4095,0.92739
0.1085,0.11869,-0.41324,0.92597
0.1086,0.11924,-0.4173,0.92081
0.1087,0.11545,-0.41784,0.91408
0.1088,0.11822,-0.42714,0.915
0.1089,0.12953,-0.44856,0.92472
0.109,0.14196,-0.47075,0.93455
0.1091,0.15175,-0.48834,0.94724
0.1092,0.16392,-0.50371,0.96408
0.1093,0.1727,-0.51062,0.98092
0.1094,0.17841,-0.51165,0.99786
0.1095,0.18803,-0.51889,1.0238
0.1096,0.20228,-0.53347,1.0579
0.1097,0.21411,-0.5489,1.1027
0.1098,0.22384,-0.56668,1.1596
0.1099,0.23381,-0.58677,1.2309
0.11,0.24059,-0.59971,1.3077
0.1101,0.24074,-0.60227,1.3722
0.1102,0.24053,-0.60186,1.4069
0.1103,0.23711,-0.59443,1.4112
0.1104,0.22724,-0.57649,1.3811
0.1105,0.21613,-0.55882,1.3178
0.1106,0.21252,-0.55094,1.2375
0.1107,0.21336,-0.54704,1.1564
0.1108,0.21951,-0.5474,1.0785
0.1109,0.23239,-0.55521,1.0102
0.111,0.2473,-0.56226,0.94849
0.1111,0.25626,-0.55938,0.88403
0.1112,0.26372,-0.55363,0.81561
0.1113,0.27119,-0.54944,0.749
0.1114,0.2761,-0.54406,0.68333
0.1115,0.2787,-0.53982,0.6218
0.1116,0.28437,-0.5422,0.56732
0.1117,0.28902,-0.54548,0.51778
0.1118,0.29105,-0.54553,0.47122
0.1119,0.29308,-0.54468,0.43074
0.112,0.29505,-0.54139,0.39215
0.1121,0.28996,-0.52889,0.35051
0.1122,0.27979,-0.51021,0.30595
0.1123,0.26775,-0.48922,0.26062
0.1124,0.25455,-0.46562,0.21283
0.1125,0.24174,-0.44269,0.16692
0.1126,0.23623,-0.42717,0.1273
0.1127,0.23592,-0.41572,0.092588
0.1128,0.23663,-0.40327,0.058912
0.1129,0.23761,-0.39061,0.027643
0.113,0.23989,-0.37807,-0.0032425
0.1131,0.23889,-0.36185,-0.036563
0.1132,0.23614,-0.34546,-0.07152
0.1133,0.23439,-0.33355,-0.10551
0.1134,0.23293,-0.32411,-0.14095
0.1135,0.22885,-0.31486,-0.17687
0.1136,0.22595,-0.30941,-0.21023
0.1137,0.22363,-0.30635,-0.241
0.1138,0.21871,-0.3008,-0.27218
0.1139,0.21014,-0.29252,-0.30278
0.114,0.20018,-0.28272,-0.33376
0.1141,0.18581,-0.26712,-0.36736
0.1142,0.16804,-0.24652,-0.40274
0.1143,0.15141,-0.22703,-0.43533
0.1144,0.13897,-0.21031,-0.46512
0.1145,0.12828,-0.19379,-0.4924
0.1146,0.12075,-0.17934,-0.51621
0.1147,0.11568,-0.16593,-0.5373
0.1148,0.10982,-0.1482,-0.55967
0.1149,0.10095,-0.12462,-0.58303
0.115,0.092139,-0.098127,-0.60644
0.1151,0.082647,-0.067044,-0.63072
0.1152,0.072074,-0.030741,-0.65646
0.1153,0.062037,0.0067344,-0.68056
0.1154,0.054798,0.04255,-0.70262
0.1155,0.04801,0.077922,-0.72307
0.1156,0.042023,0.11112,-0.7412
0.1157,0.03681,0.14099,-0.75653
0.1158,0.030437,0.17033,-0.77229
0.1159,0.019972,0.20167,-0.78923
0.116,0.0074248,0.2331,-0.80626
0.1161,-0.0066047,0.26424,-0.82269
0.1162,-0.021344,0.29498,-0.83838
0.1163,-0.034309,0.32204,-0.84954
0.1164,-0.045234,0.34599,-0.85849
0.1165,-0.054568,0.36739,-0.86463
0.1166,-0.06349,0.3878,-0.86957
0.1167,-0.072056,0.40713,-0.87341
0.1168,-0.080292,0.42608,-0.87794
0.1169,-0.090063,0.44651,-0.88395
0.117,-0.10028,0.46703,-0.89147
0.1171,-0.11009,0.48636,-0.89989
0.1172,-0.11953,0.50473,-0.90998
0.1173,-0.12868,0.52162,-0.92057
0.1174,-0.13545,0.53465,-0.93105
0.1175,-0.14061,0.54439,-0.94191
0.1176,-0.14531,0.55237,-0.95487
0.1177,-0.14985,0.55879,-0.97017
0.1178,-0.15409,0.56423,-0.9889
0.1179,-0.15987,0.57091,-1.0113
0.118,-0.16644,0.57814,-1.0369
0.1181,-0.17236,0.58393,-1.0635
0.1182,-0.17733,0.58824,-1.0896
0.1183,-0.18238,0.59181,-1.1139
0.1184,-0.18648,0.59355,-1.1365
0.1185,-0.19017,0.59404,-1.1564
0.1186,-0.19466,0.59515,-1.173
0.1187,-0.19999,0.59685,-1.1845
0.1188,-0.20528,0.5988,-1.1865
0.1189,-0.21111,0.60141,-1.1719
0.119,-0.21742,0.60477,-1.1393
0.1191,-0.22307,0.60722,-1.0896
0.1192,-0.22709,0.60777,-1.0254
0.1193,-0.23044,0.60695,-0.95204
0.1194,-0.23254,0.60403,-0.87598
0.1195,-0.23342,0.5989,-0.80094
0.1196,-0.23449,0.59355,-0.73034
0.1197,-0.23606,0.58839,-0.66548
0.1198,-0.23783,0.58332,-0.60626
0.1199,-0.23983,0.57823,-0.55141
0.12,-0.24181,0.57273,-0.50011
0.1201,-0.24317,0.56567,-0.45083
0.1202,-0.24329,0.55631,-0.40307
0.1203,-0.24327,0.546,-0.35708
0.1204,-0.24307,0.5347,-0.31284
0.1205,-0.24261,0.52258,-0.27015
0.1206,-0.24213,0.51073,-0.22975
0.1207,-0.24217,0.49991,-0.19156
0.1208,-0.24178,0.48938,-0.15529
0.1209,-0.24096,0.47902,-0.12039
0.121,-0.23969,0.4688,-0.086539
0.1211,-0.23735,0.45761,-0.05247
0.1212,-0.23283,0.44433,-0.017664
0.1213,-0.22692,0.42968,0.017909
0.1214,-0.22007,0.41435,0.053797
0.1215,-0.21247,0.39882,0.089772
0.1216,-0.20468,0.38423,0.12488
0.1217,-0.19789,0.3719,0.15891
0.1218,-0.19162,0.36141,0.1921
0.1219,-0.18548,0.35218,0.22495
0.122,-0.17953,0.34443,0.25743
0.1221,-0.1739,0.33827,0.29009
0.1222,-0.16767,0.33326,0.32305
0.1223,-0.16101,0.33004,0.35611
0.1224,-0.15407,0.32936,0.38869
0.1225,-0.14661,0.33103,0.42057
0.1226,-0.13828,0.33409,0.45097
0.1227,-0.12987,0.33707,0.47952
0.1228,-0.1213,0.33671,0.5063
0.1229,-0.11231,0.3292,0.53194
0.123,-0.10269,0.31212,0.55674
0.1231,-0.092699,0.28518,0.58142
0.1232,-0.081815,0.24959,0.60625
0.1233,-0.070343,0.20827,0.63106
0.1234,-0.058795,0.16431,0.65524
0.1235,-0.047514,0.1198,0.67861
0.1236,-0.036457,0.07603,0.701
0.1237,-0.026103,0.033713,0.7221
0.1238,-0.016446,-0.0072491,0.742
0.1239,-0.0073935,-0.047054,0.76117
0.124,0.0011871,-0.085597,0.77947
0.1241,0.0090178,-0.12262,0.79714
0.1242,0.016696,-0.15828,0.81437
0.1243,0.024414,-0.19214,0.83109
0.1244,0.032194,-0.22363,0.84666
0.1245,0.039982,-0.25264,0.86093
0.1246,0.048257,-0.27949,0.87364
0.1247,0.056784,-0.30409,0.88472
0.1248,0.065695,-0.32691,0.89425
0.1249,0.075318,-0.34885,0.90289
0.125,0.085953,-0.37033,0.91077
0.1251,0.097055,-0.39099,0.91798
0.1252,0.10857,-0.41079,0.92447
0.1253,0.12025,-0.42952,0.93037
0.1254,0.13163,-0.44666,0.93557
0.1255,0.14212,-0.46191,0.94056
0.1256,0.15193,-0.47578,0.94592
0.1257,0.16088,-0.48857,0.95258
0.1258,0.16877,-0.5004,0.96154
0.1259,0.17559,-0.51157,0.97432
0.126,0.18182,-0.5225,0.99227
0.1261,0.1873,-0.53294,1.0169
0.1262,0.19211,-0.5426,1.0496
0.1263,0.19634,-0.55115,1.0906
0.1264,0.2001,-0.55826,1.1383
0.1265,0.2031,-0.56355,1.1883
0.1266,0.2057,-0.56722,1.2331
0.1267,0.20822,-0.56966,1.2653
0.1268,0.21102,-0.5713,1.2809
0.1269,0.21423,-0.57255,1.2795
0.127,0.21829,-0.57371,1.2636
0.1271,0.22307,-0.57459,1.2368
0.1272,0.22844,-0.57505,1.202
0.1273,0.23415,-0.57492,1.1608
0.1274,0.24007,-0.5741,1.1138
0.1275,0.2457,-0.57246,1.0613
0.1276,0.25094,-0.57022,1.0029
0.1277,0.25562,-0.56755,0.93891
0.1278,0.25968,-0.56452,0.87073
0.1279,0.26309,-0.56133,0.80094
0.128,0.26627,-0.55829,0.73246
0.1281,0.26916,-0.55518,0.66773
0.1282,0.27165,-0.55166,0.60783
0.1283,0.2735,-0.54744,0.55294
0.1284,0.27442,-0.54195,0.50233
0.1285,0.27454,-0.53551,0.45531
0.1286,0.27351,-0.52749,0.41102
0.1287,0.27153,-0.51815,0.3689
0.1288,0.26895,-0.50764,0.32829
0.1289,0.26569,-0.49572,0.28873
0.129,0.26214,-0.48262,0.24989
0.1291,0.25861,-0.4686,0.21157
0.1292,0.25517,-0.45373,0.17347
0.1293,0.25173,-0.43823,0.13553
0.1294,0.24859,-0.42267,0.097674
0.1295,0.24566,-0.40727,0.059892
0.1296,0.24277,-0.39218,0.022215
0.1297,0.23987,-0.37773,-0.015108
0.1298,0.23715,-0.36423,-0.051974
0.1299,0.23434,-0.35163,-0.088232
0.13,0.23129,-0.33995,-0.12373
0.1301,0.22789,-0.32917,-0.15833
0.1302,0.22386,-0.31914,-0.19206
0.1303,0.21876,-0.30964,-0.22477
0.1304,0.2126,-0.30065,-0.2564
0.1305,0.20539,-0.29192,-0.28701
0.1306,0.19714,-0.28311,-0.31674
0.1307,0.18796,-0.27381,-0.3457
0.1308,0.17818,-0.26366,-0.3742
0.1309,0.16782,-0.25212,-0.40253
0.131,0.15702,-0.23894,-0.43085
0.1311,0.14598,-0.22405,-0.45917
0.1312,0.13494,-0.20737,-0.48758
0.1313,0.12389,-0.18869,-0.51591
0.1314,0.11316,-0.1679,-0.54386
0.1315,0.103,-0.14466,-0.57121
0.1316,0.09358,-0.11857,-0.59775
0.1317,0.084971,-0.089495,-0.62317
0.1318,0.0774,-0.057771,-0.64736
0.1319,0.070621,-0.023886,-0.67033
0.132,0.064238,0.011363,-0.69215
0.1321,0.057846,0.04701,-0.7128
0.1322,0.051124,0.082259,-0.73234
0.1323,0.043552,0.11675,-0.75075
0.1324,0.034984,0.15014,-0.76796
0.1325,0.025457,0.18226,-0.78389
0.1326,0.015049,0.21315,-0.79861
0.1327,0.0037606,0.24294,-0.81214
0.1328,-0.0080642,0.27158,-0.82453
0.1329,-0.020203,0.29909,-0.83592
0.133,-0.032512,0.32557,-0.84647
0.1331,-0.044851,0.35099,-0.85626
0.1332,-0.056889,0.37524,-0.86544
0.1333,-0.068531,0.39835,-0.87411
0.1334,-0.079594,0.42021,-0.88231
0.1335,-0.089821,0.44066,-0.89003
0.1336,-0.098946,0.45953,-0.89742
0.1337,-0.10699,0.47681,-0.90457
0.1338,-0.11394,0.49246,-0.91167
0.1339,-0.11995,0.50654,-0.91901
0.134,-0.12533,0.51922,-0.92693
0.1341,-0.13047,0.53065,-0.93576
0.1342,-0.13558,0.54095,-0.94601
0.1343,-0.14092,0.55032,-0.95833
0.1344,-0.14666,0.55889,-0.97352
0.1345,-0.15286,0.56676,-0.99249
0.1346,-0.15941,0.57401,-1.0163
0.1347,-0.16631,0.58073,-1.0458
0.1348,-0.17334,0.58686,-1.0811
0.1349,-0.18032,0.59235,-1.1208
0.135,-0.18708,0.59717,-1.1611
0.1351,-0.19355,0.60129,-1.1966
0.1352,-0.19951,0.60457,-1.2212
0.1353,-0.20486,0.60699,-1.2305
0.1354,-0.20955,0.60853,-1.2225
0.1355,-0.21354,0.60916,-1.1977
0.1356,-0.21678,0.60889,-1.1586
0.1357,-0.21946,0.60794,-1.108
0.1358,-0.22176,0.60643,-1.0493
0.1359,-0.22383,0.60444,-0.98508
0.136,-0.22582,0.60204,-0.91769
0.1361,-0.22796,0.59933,-0.84903
0.1362,-0.23025,0.59622,-0.7809
0.1363,-0.23271,0.59267,-0.71481
0.1364,-0.23541,0.58865,-0.65187
0.1365,-0.23843,0.58404,-0.59256
0.1366,-0.24159,0.57902,-0.53748
0.1367,-0.2449,0.57335,-0.48607
0.1368,-0.2482,0.567,-0.43789
0.1369,-0.25123,0.55997,-0.39249
0.137,-0.25364,0.55205,-0.3493
0.1371,-0.25526,0.54314,-0.30772
0.1372,-0.25581,0.53312,-0.26736
0.1373,-0.25506,0.52191,-0.22789
0.1374,-0.25287,0.50942,-0.18911
0.1375,-0.24932,0.49579,-0.15097
0.1376,-0.2445,0.48122,-0.11352
0.1377,-0.23873,0.46602,-0.076793
0.1378,-0.2324,0.45058,-0.040795
0.1379,-0.22588,0.4353,-0.0055077
0.138,-0.21948,0.4205,0.029161
0.1381,-0.21349,0.40649,0.06338
0.1382,-0.20805,0.39345,0.097289
0.1383,-0.20322,0.3815,0.13103
0.1384,-0.19886,0.37075,0.16472
0.1385,-0.19486,0.36133,0.1984
0.1386,-0.19092,0.35333,0.23204
0.1387,-0.18681,0.34691,0.2656
0.1388,-0.18229,0.34231,0.29893
0.1389,-0.17716,0.33969,0.33186
0.139,-0.17116,0.33897,0.36425
0.1391,-0.16424,0.33972,0.39601
0.1392,-0.1563,0.34098,0.42703
0.1393,-0.14728,0.34107,0.45718
0.1394,-0.13718,0.33783,0.4864
0.1395,-0.1262,0.32922,0.51465
0.1396,-0.11453,0.31383,0.54185
0.1397,-0.10241,0.29113,0.56801
0.1398,-0.090165,0.26174,0.5932
0.1399,-0.078098,0.22702,0.61746
0.14,-0.066407,0.18847,0.64078
0.1401,-0.055323,0.14752,0.66325
0.1402,-0.045019,0.10545,0.68491
0.1403,-0.03558,0.063279,0.7058
0.1404,-0.026972,0.021695,0.726
0.1405,-0.019166,-0.018753,0.74564
0.1406,-0.011992,-0.057658,0.76475
0.1407,-0.0052129,-0.094799,0.78337
0.1408,0.0014538,-0.13013,0.80151
0.1409,0.0082659,-0.16366,0.81913
0.141,0.015552,-0.19553,0.83607
0.1411,0.023552,-0.2259,0.85214
0.1412,0.032417,-0.25489,0.86711
0.1413,0.042188,-0.28256,0.88071
0.1414,0.052832,-0.3089,0.89271
0.1415,0.064132,-0.33386,0.90299
0.1416,0.075839,-0.35736,0.91157
0.1417,0.087704,-0.37936,0.91858
0.1418,0.099509,-0.39984,0.92423
0.1419,0.11102,-0.41882,0.92888
0.142,0.12211,-0.43639,0.93296
0.1421,0.13266,-0.45268,0.93701
0.1422,0.14254,-0.46778,0.94165
0.1423,0.15165,-0.48179,0.94757
0.1424,0.15994,-0.49478,0.95559
0.1425,0.16731,-0.50677,0.96666
0.1426,0.17372,-0.51774,0.98181
0.1427,0.1792,-0.52769,1.0022
0.1428,0.18386,-0.53664,1.0286
0.1429,0.18782,-0.54463,1.0616
0.143,0.19134,-0.55168,1.0999
0.1431,0.19467,-0.55789,1.1407
0.1432,0.19806,-0.56329,1.1798
0.1433,0.20166,-0.56791,1.2127
0.1434,0.20561,-0.57175,1.2364
0.1435,0.20995,-0.57481,1.2497
0.1436,0.21466,-0.57708,1.2527
0.1437,0.21967,-0.57853,1.2458
0.1438,0.22496,-0.57917,1.2293
0.1439,0.23039,-0.57904,1.2029
0.144,0.23585,-0.5782,1.1663
0.1441,0.24125,-0.57677,1.1191
0.1442,0.24647,-0.57486,1.0618
0.1443,0.25137,-0.57254,0.99617
0.1444,0.25586,-0.56986,0.92499
0.1445,0.25988,-0.56688,0.85177
0.1446,0.26338,-0.56362,0.77986
0.1447,0.26632,-0.56007,0.71171
0.1448,0.26869,-0.55615,0.64854
0.1449,0.27041,-0.55175,0.59058
0.145,0.27142,-0.54669,0.5374
0.1451,0.27168,-0.54076,0.48822
0.1452,0.27122,-0.53378,0.44221
0.1453,0.27005,-0.5256,0.39862
0.1454,0.26829,-0.51613,0.35682
0.1455,0.26607,-0.50538,0.31629
0.1456,0.26355,-0.49344,0.27663
0.1457,0.26087,-0.48044,0.23757
0.1458,0.25818,-0.46662,0.19887
0.1459,0.25555,-0.45222,0.1604
0.146,0.25301,-0.43744,0.12205
0.1461,0.25054,-0.42251,0.083788
0.1462,0.24807,-0.4076,0.045636
0.1463,0.24548,-0.39287,0.007715
0.1464,0.24266,-0.37848,-0.02979
0.1465,0.2395,-0.3646,-0.066647
0.1466,0.2359,-0.35143,-0.10261
0.1467,0.23177,-0.3391,-0.13748
0.1468,0.22704,-0.32771,-0.17117
0.1469,0.22164,-0.31724,-0.20371
0.147,0.21553,-0.30757,-0.23519
0.1471,0.20866,-0.29847,-0.26585
0.1472,0.20105,-0.2896,-0.29591
0.1473,0.19269,-0.28064,-0.32561
0.1474,0.18361,-0.27121,-0.3551
0.1475,0.1739,-0.26102,-0.38452
0.1476,0.16372,-0.24982,-0.4139
0.1477,0.15323,-0.2374,-0.44317
0.1478,0.14267,-0.22346,-0.47225
0.1479,0.13227,-0.20765,-0.50101
0.148,0.12225,-0.18952,-0.5293
0.1481,0.11274,-0.16855,-0.557
0.1482,0.10382,-0.14435,-0.58404
0.1483,0.09548,-0.11676,-0.61027
0.1484,0.087603,-0.085976,-0.63553
0.1485,0.080019,-0.052503,-0.6597
0.1486,0.072531,-0.017109,-0.68266
0.1487,0.064905,0.019335,-0.70432
0.1488,0.056948,0.055997,-0.72462
0.1489,0.048515,0.092188,-0.74354
0.149,0.039512,0.12743,-0.76111
0.1491,0.029876,0.16142,-0.7774
0.1492,0.019617,0.19403,-0.79248
0.1493,0.0087765,0.22523,-0.80647
0.1494,-0.0025564,0.25505,-0.81948
0.1495,-0.014246,0.28353,-0.83163
0.1496,-0.0261,0.31072,-0.84301
0.1497,-0.037929,0.33664,-0.8537
0.1498,-0.049532,0.36134,-0.86377
0.1499,-0.060713,0.38482,-0.87327
0.15,-0.071305,0.40708,-0.88223
0.1501,-0.081205,0.42809,-0.89069
0.1502,-0.090347,0.44782,-0.89867
0.1503,-0.098726,0.46619,-0.90624
0.1504,-0.10641,0.48318,-0.91351
0.1505,-0.11351,0.49875,-0.92064
0.1506,-0.12016,0.51293,-0.92793
0.1507,-0.12653,0.52579,-0.93578
0.1508,-0.13279,0.53745,-0.9447
0.1509,-0.13909,0.54805,-0.95542
0.151,-0.14555,0.55774,-0.96884
0.1511,-0.15225,0.56664,-0.98607
0.1512,-0.1592,0.57483,-1.0084
0.1513,-0.16632,0.58233,-1.0371
0.1514,-0.17347,0.58906,-1.0728
0.1515,-0.18047,0.59495,-1.1146
0.1516,-0.18711,0.59992,-1.1592
0.1517,-0.19323,0.60394,-1.2003
0.1518,-0.19873,0.60701,-1.231
0.1519,-0.20357,0.60921,-1.246
0.152,-0.20778,0.61064,-1.2431
0.1521,-0.21147,0.61142,-1.2233
0.1522,-0.21478,0.61165,-1.1892
0.1523,-0.21785,0.61142,-1.1442
0.1524,-0.22079,0.61078,-1.0913
0.1525,-0.22368,0.60974,-1.0326
0.1526,-0.22658,0.60827,-0.96964
0.1527,-0.2295,0.60633,-0.90373
0.1528,-0.23246,0.60388,-0.83624
0.1529,-0.23549,0.6009,-0.76879
0.153,-0.23868,0.5974,-0.70306
0.1531,-0.24211,0.59339,-0.64036
0.1532,-0.24582,0.58887,-0.58147
0.1533,-0.24971,0.58382,-0.52656
0.1534,-0.25355,0.57811,-0.47541
0.1535,-0.25704,0.57159,-0.42751
0.1536,-0.25981,0.5641,-0.38225
0.1537,-0.26152,0.55547,-0.33907
0.1538,-0.26195,0.54556,-0.29746
0.1539,-0.26098,0.53435,-0.25703
0.154,-0.25865,0.52189,-0.21756
0.1541,-0.25507,0.5083,-0.17893
0.1542,-0.25045,0.49382,-0.14113
0.1543,-0.24506,0.47877,-0.10417
0.1544,-0.2392,0.46349,-0.06805
0.1545,-0.23318,0.44833,-0.032664
0.1546,-0.22729,0.43359,0.0021611
0.1547,-0.22175,0.41949,0.03664
0.1548,-0.21671,0.4062,0.070993
0.1549,-0.21222,0.39381,0.1054
0.155,-0.20831,0.38244,0.13997
0.1551,-0.2048,0.37222,0.17466
0.1552,-0.20148,0.36331,0.20939
0.1553,-0.19805,0.35592,0.24396
0.1554,-0.19415,0.35025,0.27818
0.1555,-0.1895,0.34648,0.31184
0.1556,-0.18387,0.34462,0.3448
0.1557,-0.17714,0.34437,0.37696
0.1558,-0.16925,0.34494,0.40825
0.1559,-0.1602,0.34494,0.43864
0.156,-0.15008,0.34257,0.46811
0.1561,-0.13901,0.33598,0.49664
0.1562,-0.12718,0.32373,0.52419
0.1563,-0.11485,0.30514,0.55076
0.1564,-0.10229,0.28027,0.57634
0.1565,-0.089819,0.24979,0.60102
0.1566,-0.077734,0.21473,0.62487
0.1567,-0.066316,0.17624,0.64796
0.1568,-0.055785,0.13552,0.67036
0.1569,-0.046289,0.093708,0.69213
0.157,-0.037853,0.051823,0.71334
0.1571,-0.030359,0.010664,0.73404
0.1572,-0.023567,-0.029206,0.75426
0.1573,-0.017165,-0.067467,0.77399
0.1574,-0.010808,-0.104,0.7932
0.1575,-0.0041701,-0.13885,0.81179
0.1576,0.0030263,-0.17212,0.82964
0.1577,0.010992,-0.20396,0.84655
0.1578,0.019871,-0.23444,0.86228
0.1579,0.029709,-0.26362,0.87658
0.158,0.040454,-0.29145,0.88924
0.1581,0.051968,-0.31786,0.90012
0.1582,0.064053,-0.34276,0.9092
0.1583,0.076464,-0.3661,0.91659
0.1584,0.088947,-0.38785,0.92254
0.1585,0.10125,-0.40806,0.92738
0.1586,0.11313,-0.42679,0.93157
0.1587,0.12437,-0.44413,0.93559
0.1588,0.13477,-0.46016,0.93999
0.1589,0.14422,-0.47496,0.94535
0.159,0.15263,-0.48859,0.95232
0.1591,0.16002,-0.5011,0.96161
0.1592,0.16643,-0.51256,0.97402
0.1593,0.17196,-0.52302,0.99043
0.1594,0.17673,-0.53253,1.0117
0.1595,0.18094,-0.54118,1.0385
0.1596,0.18478,-0.54902,1.0708
0.1597,0.18849,-0.55609,1.1076
0.1598,0.19228,-0.56243,1.1464
0.1599,0.19631,-0.56803,1.1838
0.16,0.20071,-0.57283,1.2163
0.1601,0.2055,-0.57679,1.241
0.1602,0.21067,-0.57986,1.2559
0.1603,0.21618,-0.58202,1.2601
0.1604,0.22191,-0.58327,1.2531
0.1605,0.22774,-0.58364,1.2346
0.1606,0.23354,-0.58317,1.2044
0.1607,0.23916,-0.58197,1.1628
0.1608,0.24449,-0.58017,1.1101
0.1609,0.24943,-0.57788,1.048
0.161,0.25392,-0.5752,0.97882
0.1611,0.25788,-0.57219,0.90564
0.1612,0.2613,-0.56891,0.83185
0.1613,0.26417,-0.56539,0.7604
0.1614,0.26649,-0.56161,0.69326
0.1615,0.26826,-0.55749,0.63136
0.1616,0.26949,-0.55289,0.57469
0.1617,0.27018,-0.54763,0.52269
0.1618,0.27035,-0.54153,0.47454
0.1619,0.27003,-0.53439,0.42935
0.162,0.26929,-0.52609,0.38633
0.1621,0.26818,-0.51656,0.34482
0.1622,0.26709,-0.50592,0.30452
0.1623,0.2909,-0.50741,0.28364
0.1624,0.31754,-0.51099,0.26705
0.1625,0.34494,-0.51694,0.25172
0.1626,0.36571,-0.51909,0.23209
0.1627,0.38225,-0.51272,0.20798
0.1628,0.39746,-0.50515,0.18388
0.1629,0.41352,-0.50201,0.16083
0.163,0.42381,-0.4947,0.13547
0.1631,0.42709,-0.47747,0.10555
0.1632,0.42675,-0.45851,0.074593
0.1633,0.42936,-0.44409,0.046601
0.1634,0.4341,-0.43325,0.022713
0.1635,0.44079,-0.42558,0.001277
0.1636,0.44744,-0.41851,-0.019296
0.1637,0.45388,-0.4084,-0.040271
0.1638,0.45989,-0.39773,-0.059643
0.1639,0.46756,-0.39004,-0.077304
0.164,0.47543,-0.38283,-0.093271
0.1641,0.482,-0.37173,-0.1096
0.1642,0.48822,-0.35962,-0.12511
0.1643,0.4976,-0.35089,-0.13884
0.1644,0.50823,-0.34416,-0.15097
0.1645,0.51873,-0.33696,-0.16294
0.1646,0.5281,-0.32733,-0.17586
0.1647,0.53677,-0.31377,-0.19159
0.1648,0.54359,-0.29683,-0.20957
0.1649,0.54864,-0.2776,-0.2293
0.165,0.54956,-0.25321,-0.25141
0.1651,0.54633,-0.22318,-0.27614
0.1652,0.54137,-0.19328,-0.29993
0.1653,0.53796,-0.16831,-0.32057
0.1654,0.53429,-0.14557,-0.33862
0.1655,0.52919,-0.12218,-0.35565
0.1656,0.52318,-0.099146,-0.37083
0.1657,0.51734,-0.077465,-0.38418
0.1658,0.51065,-0.056644,-0.39555
0.1659,0.50424,-0.038027,-0.40488
0.166,0.49809,-0.021559,-0.41249
0.1661,0.49161,-0.0055667,-0.41976
0.1662,0.48477,0.0093949,-0.42604
0.1663,0.47955,0.02109,-0.43073
0.1664,0.47468,0.03139,-0.43451
0.1665,0.46845,0.043492,-0.4389
0.1666,0.4603,0.058001,-0.44396
0.1667,0.45085,0.074748,-0.45039
0.1668,0.43885,0.094971,-0.45839
0.1669,0.42455,0.11792,-0.46739
0.167,0.40851,0.14206,-0.47657
0.1671,0.39145,0.16675,-0.48626
0.1672,0.37363,0.19078,-0.49548
0.1673,0.35611,0.21242,-0.50345
0.1674,0.33748,0.23376,-0.51077
0.1675,0.3166,0.25729,-0.5185
0.1676,0.29379,0.28149,-0.52521
0.1677,0.2709,0.30343,-0.52968
0.1678,0.24753,0.32348,-0.53174
0.1679,0.22395,0.34174,-0.53168
0.168,0.20119,0.35654,-0.52871
0.1681,0.18018,0.36744,-0.52317
0.1682,0.16042,0.37546,-0.51539
0.1683,0.14269,0.38031,-0.5058
0.1684,0.12673,0.38305,-0.49519
0.1685,0.11122,0.38682,-0.4855
0.1686,0.094957,0.39316,-0.4772
0.1687,0.078252,0.40149,-0.47026
0.1688,0.060521,0.41213,-0.46453
0.1689,0.04158,0.42482,-0.45965
0.169,0.021846,0.43797,-0.45449
0.1691,0.0018884,0.45086,-0.44886
0.1692,-0.019015,0.46433,-0.44278
0.1693,-0.040838,0.47824,-0.43613
0.1694,-0.063546,0.4924,-0.42865
0.1695,-0.087068,0.50718,-0.42068
0.1696,-0.11104,0.52173,-0.4117
0.1697,-0.13402,0.53391,-0.401
0.1698,-0.1559,0.54354,-0.38844
0.1699,-0.17704,0.55134,-0.37433
0.17,-0.19702,0.55628,-0.35799
0.1701,-0.21488,0.55718,-0.33909
0.1702,-0.23137,0.55525,-0.31801
0.1703,-0.24693,0.55162,-0.29545
0.1704,-0.2614,0.5465,-0.27183
0.1705,-0.27495,0.54093,-0.24814
0.1706,-0.28845,0.53616,-0.22494
0.1707,-0.30136,0.53145,-0.20227
0.1708,-0.31316,0.52615,-0.18013
0.1709,-0.32422,0.52106,-0.15912
0.171,-0.33532,0.51679,-0.13923
0.1711,-0.34649,0.51338,-0.12059
0.1712,-0.35855,0.51185,-0.10345
0.1713,-0.3722,0.51282,-0.087762
0.1714,-0.38726,0.51522,-0.072623
0.1715,-0.40292,0.51786,-0.057565
0.1716,-0.41894,0.52017,-0.042185
0.1717,-0.43454,0.52075,-0.025803
0.1718,-0.44896,0.51831,-0.0078067
0.1719,-0.46184,0.51278,0.011561
0.172,-0.47305,0.50407,0.032291
0.1721,-0.48196,0.49151,0.054418
0.1722,-0.48887,0.47591,0.077406
0.1723,-0.49454,0.45893,0.1003
0.1724,-0.49926,0.44095,0.12295
0.1725,-0.50279,0.42166,0.14539
