0.05,0.41371,0.11175,-0.45577
0.0501,0.40075,0.13132,-0.46288
0.0502,0.38699,0.15073,-0.46946
0.0503,0.37247,0.16987,-0.47546
0.0504,0.3573,0.18861,-0.48082
0.0505,0.34154,0.20685,-0.48549
0.0506,0.32529,0.22449,-0.48942
0.0507,0.30862,0.24145,-0.49258
0.0508,0.29157,0.25772,-0.49493
0.0509,0.27419,0.2733,-0.49647
0.051,0.25651,0.28822,-0.49723
0.0511,0.23853,0.30257,-0.49722
0.0512,0.22026,0.31643,-0.49652
0.0513,0.20172,0.32989,-0.49519
0.0514,0.18293,0.34305,-0.49329
0.0515,0.1639,0.356,-0.49088
0.0516,0.14467,0.36877,-0.48799
0.0517,0.12524,0.38138,-0.48463
0.0518,0.10566,0.39383,-0.48081
0.0519,0.085948,0.40609,-0.47649
0.052,0.066158,0.41809,-0.47163
0.0521,0.046341,0.42978,-0.46618
0.0522,0.026567,0.44106,-0.46007
0.0523,0.0069044,0.45182,-0.45319
0.0524,-0.012574,0.46197,-0.44548
0.0525,-0.031817,0.47139,-0.43684
0.0526,-0.050784,0.48001,-0.4272
0.0527,-0.069457,0.48775,-0.41648
0.0528,-0.087833,0.4946,-0.40467
0.0529,-0.10593,0.50056,-0.39176
0.053,-0.12375,0.50566,-0.3778
0.0531,-0.14131,0.50996,-0.36286
0.0532,-0.15863,0.51354,-0.34705
0.0533,-0.17571,0.51649,-0.3305
0.0534,-0.19255,0.51889,-0.31333
0.0535,-0.20916,0.52082,-0.29568
0.0536,-0.22552,0.52235,-0.27766
0.0537,-0.24164,0.52353,-0.25937
0.0538,-0.2575,0.52443,-0.24091
0.0539,-0.27308,0.52504,-0.22235
0.054,-0.28834,0.52534,-0.20374
0.0541,-0.30322,0.5253,-0.18514
0.0542,-0.31768,0.52483,-0.16654
0.0543,-0.33167,0.52383,-0.14795
0.0544,-0.34513,0.52219,-0.12933
0.0545,-0.35802,0.51977,-0.11065
0.0546,-0.3703,0.51648,-0.091877
0.0547,-0.38195,0.51223,-0.072957
0.0548,-0.39296,0.50696,-0.053874
0.0549,-0.40335,0.50061,-0.034618
0.055,-0.41311,0.49319,-0.0152
0.0551,-0.42227,0.4847,0.0043468
0.0552,-0.43084,0.47516,0.023973
0.0553,-0.43886,0.46465,0.043626
0.0554,-0.44633,0.45321,0.063238
0.0555,-0.45331,0.44095,0.082737
0.0556,-0.4598,0.42794,0.10205
0.0557,-0.46585,0.4143,0.12109
0.0558,-0.47144,0.40011,0.13979
0.0559,-0.47658,0.38546,0.15808
0.056,-0.48125,0.3704,0.1759
0.0561,-0.4854,0.35498,0.19323
0.0562,-0.48901,0.33922,0.21005
0.0563,-0.49203,0.3231,0.22638
0.0564,-0.49443,0.30662,0.24224
0.0565,-0.49617,0.28973,0.25768
0.0566,-0.49722,0.27241,0.27275
0.0567,-0.49758,0.25464,0.28749
0.0568,-0.49721,0.23638,0.30193
0.0569,-0.49989,0.20548,0.32918
0.057,-0.50006,0.17925,0.35074
0.0571,-0.4991,0.15348,0.37094
0.0572,-0.49731,0.12825,0.38996
0.0573,-0.49471,0.1035,0.40801
0.0574,-0.49117,0.079128,0.42502
0.0575,-0.48677,0.055282,0.44085
0.0576,-0.48174,0.032002,0.45579
0.0577,-0.47612,0.0093127,0.46988
0.0578,-0.4697,-0.012749,0.48291
0.0579,-0.4624,-0.034175,0.49487
0.058,-0.45415,-0.055152,0.50595
0.0581,-0.44497,-0.075616,0.51605
0.0582,-0.43493,-0.095428,0.52511
0.0583,-0.42407,-0.11463,0.53327
0.0584,-0.41227,-0.13339,0.54052
0.0585,-0.39956,-0.15162,0.54678
0.0586,-0.38602,-0.1694,0.5522
0.0587,-0.37171,-0.18684,0.55694
0.0588,-0.35655,-0.20408,0.56099
0.0589,-0.34057,-0.22115,0.56438
0.059,-0.32378,-0.23824,0.56728
0.0591,-0.30632,-0.25524,0.56964
0.0592,-0.28835,-0.27194,0.57139
0.0593,-0.27001,-0.28828,0.57259
0.0594,-0.2513,-0.30431,0.57326
0.0595,-0.23232,-0.31981,0.57325
0.0596,-0.21324,-0.3347,0.57263
0.0597,-0.19409,-0.34901,0.57143
0.0598,-0.17476,-0.36274,0.56946
0.0599,-0.15531,-0.37575,0.56659
0.06,-0.13585,-0.38808,0.56295
0.0601,-0.11641,-0.39968,0.55845
0.0602,-0.096994,-0.41038,0.55292
0.0603,-0.077664,-0.42014,0.54634
0.0604,-0.058375,-0.42915,0.5388
0.0605,-0.039077,-0.43737,0.53019
0.0606,-0.019788,-0.44483,0.52053
0.0607,-0.00050395,-0.45173,0.50996
0.0608,0.018899,-0.45826,0.49856
0.0609,0.038432,-0.46438,0.48622
0.061,0.058006,-0.47012,0.47306
0.0611,0.07755,-0.47551,0.45919
0.0612,0.097038,-0.48049,0.44457
0.0613,0.11636,-0.48496,0.42921
0.0614,0.13546,-0.48897,0.41324
0.0615,0.15432,-0.49253,0.3967
0.0616,0.17291,-0.4955,0.37952
0.0617,0.19112,-0.49785,0.36177
0.0618,0.20898,-0.4996,0.3435
0.0619,0.22645,-0.50062,0.32465
0.062,0.24344,-0.50082,0.30526
0.0621,0.25986,-0.50014,0.28537
0.0622,0.27576,-0.49855,0.26497
0.0623,0.29114,-0.496,0.24401
0.0624,0.306,-0.49259,0.22263
0.0625,0.32039,-0.4884,0.2009
0.0626,0.3344,-0.48346,0.17884
0.0627,0.34805,-0.47787,0.15656
0.0628,0.36136,-0.47175,0.13417
0.0629,0.37435,-0.46507,0.11168
0.063,0.38696,-0.4578,0.089139
0.0631,0.39912,-0.44998,0.066705
0.0632,0.41085,-0.44162,0.044429
0.0633,0.42212,-0.43263,0.022303
0.0634,0.43289,-0.42304,0.00043764
0.0635,0.44316,-0.41287,-0.021111
0.0636,0.45294,-0.40202,-0.042409
0.0637,0.46213,-0.39039,-0.063465
0.0638,0.47071,-0.37798,-0.084216
0.0639,0.47864,-0.36471,-0.10474
0.064,0.48587,-0.35043,-0.12513
0.0641,0.49234,-0.33513,-0.14537
0.0642,0.49807,-0.31889,-0.16545
0.0643,0.50313,-0.30169,-0.18545
0.0644,0.5075,-0.28362,-0.20532
0.0645,0.51121,-0.26484,-0.22496
0.0646,0.51437,-0.24549,-0.24435
0.0647,0.51699,-0.22561,-0.26352
0.0648,0.51906,-0.20535,-0.28235
0.0649,0.52061,-0.18482,-0.30074
0.065,0.52164,-0.16411,-0.3187
0.0651,0.52213,-0.14327,-0.33612
0.0652,0.52207,-0.12249,-0.35289
0.0653,0.52149,-0.10182,-0.36901
0.0654,0.52036,-0.081318,-0.38447
0.0655,0.51863,-0.061024,-0.39921
0.0656,0.51627,-0.040966,-0.4132
0.0657,0.51319,-0.021067,-0.42651
0.0658,0.50931,-0.0012809,-0.43913
0.0659,0.50456,0.018442,-0.45108
0.066,0.49891,0.038179,-0.46245
0.0661,0.49229,0.057996,-0.47327
0.0662,0.4847,0.077861,-0.48354
0.0663,0.47616,0.097775,-0.4933
0.0664,0.46668,0.11773,-0.50257
0.0665,0.45625,0.13769,-0.51134
0.0666,0.44492,0.15757,-0.51959
0.0667,0.43273,0.17738,-0.52736
0.0668,0.41968,0.19704,-0.53459
0.0669,0.40582,0.21644,-0.54121
0.067,0.39122,0.23548,-0.54719
0.0671,0.37594,0.2541,-0.55249
0.0672,0.36007,0.27215,-0.55701
0.0673,0.34369,0.28954,-0.56071
0.0674,0.32688,0.30625,-0.5636
0.0675,0.30964,0.32228,-0.56564
0.0676,0.29201,0.33759,-0.56678
0.0677,0.27402,0.35227,-0.56709
0.0678,0.25568,0.36638,-0.56661
0.0679,0.23697,0.37998,-0.56532
0.068,0.21794,0.39308,-0.56327
0.0681,0.19863,0.40578,-0.56054
0.0682,0.17904,0.41811,-0.55712
0.0683,0.15924,0.43005,-0.55302
0.0684,0.13928,0.44162,-0.54829
0.0685,0.11919,0.45286,-0.54296
0.0686,0.099,0.46374,-0.537
0.0687,0.078763,0.47421,-0.53039
0.0688,0.058532,0.48425,-0.5231
0.0689,0.038342,0.49379,-0.51506
0.069,0.018267,0.50272,-0.50616
0.0691,-0.0016237,0.51097,-0.49635
0.0692,-0.02129,0.51846,-0.48557
0.0693,-0.040715,0.52511,-0.47374
0.0694,-0.059874,0.5309,-0.46082
0.0695,-0.078778,0.53585,-0.44682
0.0696,-0.097447,0.53994,-0.43173
0.0697,-0.1159,0.54322,-0.41561
0.0698,-0.13413,0.54574,-0.39853
0.0699,-0.15218,0.54756,-0.38057
0.07,-0.17002,0.5487,-0.36181
0.0701,-0.18766,0.54923,-0.34237
0.0702,-0.20507,0.54922,-0.32238
0.0703,-0.22225,0.5487,-0.30193
0.0704,-0.23917,0.54772,-0.28113
0.0705,-0.25581,0.54635,-0.26011
0.0706,-0.27213,0.54458,-0.23893
0.0707,-0.28809,0.54239,-0.21763
0.0708,-0.30362,0.53974,-0.19628
0.0709,-0.3187,0.53657,-0.1749
0.071,-0.33328,0.53278,-0.15347
0.0711,-0.34729,0.52827,-0.132
0.0712,-0.3607,0.52299,-0.1105
0.0713,-0.37351,0.51688,-0.088933
0.0714,-0.3857,0.50985,-0.067263
0.0715,-0.39728,0.50189,-0.045513
0.0716,-0.40826,0.49299,-0.023678
0.0717,-0.41866,0.48312,-0.0017379
0.0718,-0.42849,0.47226,0.020277
0.0719,-0.43777,0.46045,0.042324
0.072,-0.44651,0.44771,0.064382
0.0721,-0.45474,0.43407,0.086397
0.0722,-0.46244,0.41962,0.10828
0.0723,-0.46967,0.40444,0.12994
0.0724,-0.47641,0.38862,0.15134
0.0725,-0.48268,0.37223,0.17237
0.0726,-0.48845,0.35537,0.19298
0.0727,-0.4937,0.33808,0.21313
0.0728,-0.4984,0.32038,0.2328
0.0729,-0.50249,0.30231,0.25194
0.073,-0.50593,0.28388,0.27056
0.0731,-0.5087,0.2651,0.28868
0.0732,-0.51075,0.24595,0.3063
0.0733,-0.51209,0.22647,0.32344
0.0734,-0.5127,0.20664,0.34014
0.0735,-0.51257,0.18647,0.3564
0.0736,-0.51171,0.166,0.37223
0.0737,-0.51013,0.14522,0.3877
0.0738,-0.50782,0.12418,0.40279
0.0739,-0.50481,0.10294,0.41749
0.074,-0.50111,0.08156,0.43177
0.0741,-0.49673,0.060132,0.44559
0.0742,-0.49166,0.038756,0.45889
0.0743,-0.48593,0.017544,0.47159
0.0744,-0.47952,-0.0034319,0.48366
0.0745,-0.4724,-0.024106,0.49504
0.0746,-0.46451,-0.044414,0.50568
0.0747,-0.45583,-0.064329,0.51554
0.0748,-0.44628,-0.083856,0.52462
0.0749,-0.43585,-0.10299,0.53288
0.075,-0.4245,-0.12174,0.54032
0.0751,-0.41226,-0.14013,0.54699
0.0752,-0.39912,-0.15821,0.55289
0.0753,-0.38511,-0.176,0.55804
0.0754,-0.37029,-0.19353,0.5625
0.0755,-0.35469,-0.21085,0.56632
0.0756,-0.33836,-0.22798,0.56953
0.0757,-0.32138,-0.24492,0.57215
0.0758,-0.30381,-0.26167,0.57423
0.0759,-0.28574,-0.27819,0.57576
0.076,-0.26724,-0.2944,0.57673
0.0761,-0.24841,-0.31023,0.57712
0.0762,-0.22934,-0.32559,0.57691
0.0763,-0.21009,-0.34038,0.57604
0.0764,-0.19074,-0.35455,0.57446
0.0765,-0.17133,-0.36806,0.57214
0.0766,-0.15188,-0.38085,0.56901
0.0767,-0.13242,-0.3929,0.56502
0.0768,-0.11295,-0.40419,0.56012
0.0769,-0.093474,-0.41472,0.5543
0.077,-0.073991,-0.42449,0.5475
0.0771,-0.054495,-0.43354,0.53971
0.0772,-0.034974,-0.44192,0.53095
0.0773,-0.015419,-0.44967,0.52122
0.0774,0.0041769,-0.45685,0.51052
0.0775,0.023808,-0.46351,0.49891
0.0776,0.043467,-0.46971,0.48643
0.0777,0.063128,-0.47548,0.47312
0.0778,0.082752,-0.48082,0.45902
0.0779,0.10229,-0.48573,0.44419
0.078,0.12168,-0.49019,0.42864
0.0781,0.14086,-0.49413,0.41242
0.0782,0.15977,-0.49753,0.39558
0.0783,0.17836,-0.50033,0.37812
0.0784,0.19657,-0.50246,0.36008
0.0785,0.21437,-0.50389,0.34147
0.0786,0.23173,-0.50456,0.32233
0.0787,0.24862,-0.50443,0.30265
0.0788,0.26503,-0.50348,0.28247
0.0789,0.28096,-0.50169,0.26182
0.079,0.2964,-0.49908,0.24073
0.0791,0.31137,-0.49565,0.21924
0.0792,0.32591,-0.49146,0.1974
0.0793,0.34005,-0.48655,0.17529
0.0794,0.35381,-0.48097,0.15296
0.0795,0.36719,-0.47478,0.1305
0.0796,0.38021,-0.46802,0.10799
0.0797,0.39284,-0.46071,0.085488
0.0798,0.40506,-0.45284,0.06306
0.0799,0.41685,-0.44441,0.040766
0.08,0.42816,-0.43536,0.018651
0.0801,0.43896,-0.42565,-0.0032559
0.0802,0.44921,-0.41522,-0.024931
0.0803,0.45887,-0.40402,-0.046361
0.0804,0.46792,-0.39198,-0.067556
0.0805,0.47632,-0.37908,-0.088526
0.0806,0.48405,-0.36527,-0.10928
0.0807,0.4911,-0.35053,-0.12985
0.0808,0.49746,-0.33487,-0.15025
0.0809,0.50312,-0.31831,-0.17048
0.081,0.50812,-0.30091,-0.19055
0.0811,0.51246,-0.28271,-0.21045
0.0812,0.51618,-0.26383,-0.23014
0.0813,0.5193,-0.24436,-0.24958
0.0814,0.52186,-0.22442,-0.26872
0.0815,0.52388,-0.20411,-0.2875
0.0816,0.52537,-0.18357,-0.30584
0.0817,0.52635,-0.16288,-0.3237
0.0818,0.5268,-0.14214,-0.34099
0.0819,0.52671,-0.12142,-0.35768
0.082,0.52604,-0.10079,-0.37372
0.0821,0.52478,-0.08027,-0.38912
0.0822,0.52286,-0.059884,-0.40383
0.0823,0.52025,-0.039633,-0.41785
0.0824,0.51688,-0.019499,-0.4312
0.0825,0.5127,0.00055489,-0.44388
0.0826,0.50766,0.020566,-0.45593
0.0827,0.50172,0.040568,-0.46736
0.0828,0.49484,0.060591,-0.47823
0.0829,0.48699,0.080653,-0.48854
0.083,0.47819,0.10075,-0.49833
0.0831,0.46843,0.12085,-0.50759
0.0832,0.45774,0.14091,-0.51633
0.0833,0.44614,0.16089,-0.52454
0.0834,0.43367,0.1807,-0.53219
0.0835,0.4204,0.20028,-0.53926
0.0836,0.40636,0.21955,-0.5457
0.0837,0.39161,0.23842,-0.55148
0.0838,0.3762,0.25683,-0.55655
0.0839,0.3602,0.27472,-0.56087
0.084,0.34367,0.29203,-0.5644
0.0841,0.32665,0.30872,-0.56712
0.0842,0.30919,0.32478,-0.56901
0.0843,0.29133,0.34022,-0.57006
0.0844,0.2731,0.35504,-0.57029
0.0845,0.25452,0.3693,-0.56971
0.0846,0.23562,0.38303,-0.56835
0.0847,0.21641,0.39628,-0.56625
0.0848,0.19692,0.40911,-0.56343
0.0849,0.17717,0.42156,-0.55993
0.085,0.15722,0.43364,-0.55577
0.0851,0.13709,0.44535,-0.55094
0.0852,0.11685,0.45667,-0.54547
0.0853,0.096543,0.46757,-0.53934
0.0854,0.076221,0.478,-0.5325
0.0855,0.055937,0.48791,-0.52492
0.0856,0.035742,0.49725,-0.51654
0.0857,0.015676,0.50595,-0.50728
0.0858,-0.0042201,0.51395,-0.49708
0.0859,-0.023917,0.5212,-0.48589
0.086,-0.043395,0.52767,-0.47367
0.0861,-0.062646,0.53332,-0.46038
0.0862,-0.081666,0.53816,-0.44604
0.0863,-0.10046,0.5422,-0.43066
0.0864,-0.11905,0.54546,-0.41428
0.0865,-0.13743,0.54799,-0.39698
0.0866,-0.15561,0.54982,-0.37884
0.0867,-0.1736,0.55103,-0.35995
0.0868,-0.19139,0.55165,-0.34042
0.0869,-0.20895,0.55173,-0.32036
0.087,-0.22627,0.5513,-0.29985
0.0871,-0.24331,0.5504,-0.27901
0.0872,-0.26002,0.54902,-0.25791
0.0873,-0.27638,0.54718,-0.23662
0.0874,-0.29232,0.54484,-0.21521
0.0875,-0.3078,0.54197,-0.19372
0.0876,-0.32281,0.53852,-0.17216
0.0877,-0.33731,0.53443,-0.15056
0.0878,-0.35126,0.52963,-0.12891
0.0879,-0.36463,0.52404,-0.1072
0.088,-0.3774,0.51762,-0.085432
0.0881,-0.38957,0.51031,-0.063582
0.0882,-0.40113,0.50207,-0.041648
0.0883,-0.41209,0.49289,-0.019635
0.0884,-0.42248,0.48276,0.0024454
0.0885,-0.43232,0.47167,0.024572
0.0886,-0.44161,0.45967,0.046706
0.0887,-0.45039,0.44678,0.068802
0.0888,-0.45867,0.43305,0.090808
0.0889,-0.46644,0.41855,0.11266
0.089,-0.47372,0.40333,0.13429
0.0891,-0.4805,0.38746,0.15565
0.0892,-0.48676,0.37099,0.17665
0.0893,-0.49248,0.354,0.19727
0.0894,-0.49765,0.33653,0.21743
0.0895,-0.50222,0.31863,0.23713
0.0896,-0.50617,0.30032,0.25634
0.0897,-0.50946,0.28164,0.27504
0.0898,-0.51207,0.26259,0.29325
0.0899,-0.51396,0.24319,0.31097
0.09,-0.51513,0.22344,0.32821
0.0901,-0.51556,0.20336,0.345
0.0902,-0.51527,0.18296,0.36135
0.0903,-0.51425,0.16228,0.37727
0.0904,-0.51251,0.14134,0.39279
0.0905,-0.51007,0.1202,0.4079
0.0906,-0.50694,0.098914,0.42259
0.0907,-0.50313,0.077552,0.43682
0.0908,-0.49864,0.056191,0.45055
0.0909,-0.49347,0.034908,0.46374
0.091,-0.4876,0.013781,0.47632
0.0911,-0.48101,-0.0071193,0.48827
0.0912,-0.47368,-0.027733,0.49952
0.0913,-0.46555,-0.048018,0.51004
0.0914,-0.4566,-0.067946,0.51979
0.0915,-0.44677,-0.087509,0.52877
0.0916,-0.43606,-0.10671,0.53696
0.0917,-0.42443,-0.12557,0.54436
0.0918,-0.41189,-0.14412,0.55099
0.0919,-0.39846,-0.16238,0.55688
0.092,-0.38417,-0.18038,0.56205
0.0921,-0.36906,-0.19814,0.56653
0.0922,-0.35319,-0.21568,0.57035
0.0923,-0.33662,-0.23299,0.57355
0.0924,-0.31943,-0.25006,0.57615
0.0925,-0.3017,-0.26687,0.57815
0.0926,-0.2835,-0.28337,0.57957
0.0927,-0.26491,-0.29951,0.5804
0.0928,-0.24602,-0.31522,0.58062
0.0929,-0.22689,-0.33043,0.5802
0.093,-0.20759,-0.34507,0.57911
0.0931,-0.18817,-0.3591,0.5773
0.0932,-0.16868,-0.37247,0.57472
0.0933,-0.14914,-0.38515,0.57133
0.0934,-0.12958,-0.3971,0.56708
0.0935,-0.10999,-0.40832,0.56194
0.0936,-0.090391,-0.41881,0.55587
0.0937,-0.070763,-0.4286,0.54885
0.0938,-0.0511,-0.4377,0.54086
0.0939,-0.031398,-0.44616,0.53191
0.094,-0.011654,-0.45403,0.52201
0.0941,0.0081294,-0.46134,0.51116
0.0942,0.027939,-0.46814,0.4994
0.0943,0.047751,-0.47444,0.48675
0.0944,0.067536,-0.48027,0.47327
0.0945,0.087251,-0.48563,0.45899
0.0946,0.10685,-0.49051,0.44394
0.0947,0.12627,-0.49488,0.42818
0.0948,0.14547,-0.49871,0.41172
0.0949,0.16439,-0.50195,0.39462
0.095,0.18297,-0.50455,0.37689
0.0951,0.20116,-0.50646,0.35858
0.0952,0.21895,-0.50765,0.3397
0.0953,0.23629,-0.50808,0.32028
0.0954,0.25317,-0.50772,0.30036
0.0955,0.26959,-0.50657,0.27995
0.0956,0.28555,-0.50462,0.2591
0.0957,0.30104,-0.50189,0.23785
0.0958,0.31609,-0.4984,0.21624
0.0959,0.33073,-0.49418,0.19431
0.096,0.34498,-0.48927,0.17214
0.0961,0.35885,-0.48371,0.14978
0.0962,0.37233,-0.47752,0.1273
0.0963,0.38542,-0.47073,0.10477
0.0964,0.39809,-0.46336,0.082259
0.0965,0.41033,-0.4554,0.059814
0.0966,0.42211,-0.44682,0.03749
0.0967,0.4334,-0.43758,0.01533
0.0968,0.44415,-0.42763,-0.0066393
0.0969,0.45433,-0.41692,-0.028399
0.097,0.46391,-0.4054,-0.049941
0.0971,0.47286,-0.39303,-0.071266
0.0972,0.48114,-0.37976,-0.092381
0.0973,0.48876,-0.36557,-0.1133
0.0974,0.4957,-0.35047,-0.13402
0.0975,0.50195,-0.33448,-0.15457
0.0976,0.50754,-0.31763,-0.17493
0.0977,0.51247,-0.29999,-0.1951
0.0978,0.51677,-0.28162,-0.21506
0.0979,0.52046,-0.26262,-0.23478
0.098,0.52356,-0.24309,-0.25422
0.0981,0.5261,-0.22312,-0.27333
0.0982,0.5281,-0.20283,-0.29205
0.0983,0.52955,-0.18231,-0.31033
0.0984,0.53047,-0.16165,-0.3281
0.0985,0.53085,-0.14094,-0.34531
0.0986,0.53065,-0.12023,-0.36192
0.0987,0.52986,-0.099566,-0.37792
0.0988,0.52844,-0.078986,-0.39328
0.0989,0.52633,-0.058498,-0.40797
0.099,0.5235,-0.038099,-0.422
0.0991,0.51988,-0.017777,-0.43537
0.0992,0.51543,0.0024895,-0.4481
0.0993,0.51011,0.022724,-0.46019
0.0994,0.50389,0.042947,-0.47168
0.0995,0.49674,0.063172,-0.48259
0.0996,0.48864,0.083403,-0.49293
0.0997,0.4796,0.10363,-0.50272
0.0998,0.4696,0.12382,-0.51197
0.0999,0.45868,0.14393,-0.52067
0.1,0.44686,0.16391,-0.52881
0.1001,0.43419,0.1837,-0.53636
0.1002,0.42071,0.20322,-0.5433
0.1003,0.40648,0.22241,-0.54959
0.1004,0.39154,0.24118,-0.5552
0.1005,0.37596,0.25949,-0.56009
0.1006,0.3598,0.27728,-0.56423
0.1007,0.3431,0.29451,-0.56759
0.1008,0.32591,0.31117,-0.57015
0.1009,0.30827,0.32724,-0.5719
0.101,0.29023,0.34273,-0.57284
0.1011,0.2718,0.35766,-0.57297
0.1012,0.25303,0.37205,-0.57231
0.1013,0.23393,0.38592,-0.57089
0.1014,0.21454,0.39933,-0.56872
0.1015,0.19487,0.4123,-0.56584
0.1016,0.17498,0.42487,-0.56226
0.1017,0.1549,0.43704,-0.558
0.1018,0.13467,0.4488,-0.55305
0.1019,0.11434,0.46013,-0.54743
0.102,0.093966,0.47099,-0.5411
0.1021,0.073593,0.48134,-0.53403
0.1022,0.053271,0.49114,-0.52617
0.1023,0.033045,0.50032,-0.51748
0.1024,0.012953,0.50885,-0.50788
0.1025,-0.0069751,0.51667,-0.49733
0.1026,-0.026716,0.52376,-0.48578
0.1027,-0.046257,0.53007,-0.4732
0.1028,-0.065589,0.53561,-0.45959
0.1029,-0.084713,0.54036,-0.44493
0.103,-0.10363,0.54435,-0.42928
0.1031,-0.12235,0.5476,-0.41267
0.1032,-0.14087,0.55014,-0.39517
0.1033,-0.15919,0.55202,-0.37687
0.1034,-0.17732,0.55327,-0.35786
0.1035,-0.19522,0.55395,-0.33823
0.1036,-0.2129,0.55407,-0.31808
0.1037,-0.2303,0.55368,-0.29751
0.1038,-0.2474,0.55278,-0.27661
0.1039,-0.26416,0.55137,-0.25544
0.104,-0.28053,0.54944,-0.23407
0.1041,-0.29645,0.54697,-0.21256
0.1042,-0.31191,0.54392,-0.19095
0.1043,-0.32688,0.54025,-0.16925
0.1044,-0.34133,0.53589,-0.14749
0.1045,-0.35522,0.5308,-0.12566
0.1046,-0.36854,0.52493,-0.10378
0.1047,-0.38127,0.51821,-0.08183
0.1048,-0.39341,0.51063,-0.059813
0.1049,-0.40497,0.50214,-0.037727
0.105,-0.41594,0.49273,-0.01558
0.1051,-0.42636,0.4824,0.0066114
0.1052,-0.43622,0.47114,0.028822
0.1053,-0.44556,0.45899,0.051016
0.1054,-0.45438,0.44597,0.073149
0.1055,-0.46269,0.43213,0.095168
0.1056,-0.47049,0.41753,0.11702
0.1057,-0.47778,0.40221,0.13864
0.1058,-0.48455,0.38623,0.15997
0.1059,-0.49078,0.36965,0.18096
0.106,-0.49645,0.35252,0.20156
0.1061,-0.50153,0.3349,0.22174
0.1062,-0.506,0.31681,0.24147
0.1063,-0.50982,0.2983,0.26072
0.1064,-0.51297,0.2794,0.27949
0.1065,-0.51542,0.26012,0.29777
0.1066,-0.51716,0.24048,0.31558
0.1067,-0.51818,0.22051,0.33291
0.1068,-0.51847,0.20022,0.34979
0.1069,-0.51803,0.17964,0.3662
0.107,-0.51688,0.1588,0.38218
0.1071,-0.51502,0.13775,0.39774
0.1072,-0.51247,0.11654,0.41287
0.1073,-0.50923,0.09523,0.42754
0.1074,-0.50531,0.07388,0.44172
0.1075,-0.5007,0.052561,0.45538
0.1076,-0.49539,0.03134,0.46847
0.1077,-0.48937,0.010282,0.48096
0.1078,-0.48261,-0.010558,0.49279
0.1079,-0.47506,-0.031133,0.50393
0.108,-0.4667,-0.05141,0.51434
0.1081,-0.45749,-0.071365,0.52401
0.1082,-0.44738,-0.090993,0.53291
0.1083,-0.43638,-0.1103,0.54104
0.1084,-0.42446,-0.12929,0.5484
0.1085,-0.41163,-0.14798,0.55501
0.1086,-0.39792,-0.16641,0.56088
0.1087,-0.38337,-0.18458,0.56604
0.1088,-0.36801,-0.2025,0.57051
0.1089,-0.35192,-0.22019,0.57432
0.109,-0.33516,-0.23762,0.57749
0.1091,-0.3178,-0.25478,0.58004
0.1092,-0.29992,-0.27163,0.58198
0.1093,-0.2816,-0.28813,0.5833
0.1094,-0.26292,-0.30422,0.58401
0.1095,-0.24395,-0.31985,0.58407
0.1096,-0.22475,-0.33494,0.58347
0.1097,-0.20538,-0.34946,0.58217
0.1098,-0.1859,-0.36336,0.58013
0.1099,-0.16633,-0.37662,0.57732
0.11,-0.1467,-0.3892,0.5737
0.1101,-0.12702,-0.40109,0.56921
0.1102,-0.10731,-0.41228,0.56383
0.1103,-0.087567,-0.42277,0.55754
0.1104,-0.06778,-0.43259,0.55031
0.1105,-0.047949,-0.44176,0.54212
0.1106,-0.028074,-0.45031,0.53299
0.1107,-0.0081575,-0.45827,0.52291
0.1108,0.01179,-0.46569,0.51189
0.1109,0.031749,-0.47257,0.49996
0.111,0.051692,-0.47894,0.48714
0.1111,0.071584,-0.48481,0.47348
0.1112,0.091382,-0.49017,0.459
0.1113,0.11104,-0.49501,0.44375
0.1114,0.1305,-0.49929,0.42776
0.1115,0.14971,-0.503,0.41107
0.1116,0.16864,-0.50609,0.39372
0.1117,0.18722,-0.50851,0.37575
0.1118,0.20542,-0.51024,0.35718
0.1119,0.22321,-0.51124,0.33806
0.112,0.24057,-0.51149,0.3184
0.1121,0.25748,-0.51096,0.29826
0.1122,0.27394,-0.50966,0.27765
0.1123,0.28995,-0.50758,0.25663
0.1124,0.30551,-0.50475,0.23522
0.1125,0.32065,-0.50119,0.21348
0.1126,0.33539,-0.49693,0.19147
0.1127,0.34974,-0.492,0.16923
0.1128,0.3637,-0.48642,0.14682
0.1129,0.37726,-0.4802,0.12431
0.113,0.39041,-0.47337,0.10175
0.1131,0.40228,-0.46807,0.081631
0.1132,0.41393,-0.46234,0.061646
0.1133,0.42507,-0.45597,0.041806
0.1134,0.43564,-0.44887,0.022127
0.1135,0.44566,-0.44104,0.0026562
0.1136,0.45512,-0.43243,-0.016623
0.1137,0.46395,-0.42293,-0.035742
0.1138,0.47211,-0.4125,-0.054681
0.1139,0.47961,-0.40113,-0.073448
0.114,0.48643,-0.38877,-0.092085
0.1141,0.49262,-0.37548,-0.11059
0.1142,0.49821,-0.36132,-0.12895
0.1143,0.50317,-0.34632,-0.14716
0.1144,0.50749,-0.33046,-0.16525
0.1145,0.5112,-0.31387,-0.18317
0.1146,0.51433,-0.29663,-0.20089
0.1147,0.51687,-0.2788,-0.2184
0.1148,0.51885,-0.26048,-0.23563
0.1149,0.52028,-0.2418,-0.25251
0.115,0.52117,-0.22285,-0.26898
0.1151,0.52153,-0.20375,-0.28499
0.1152,0.52139,-0.18461,-0.30044
0.1153,0.52066,-0.16544,-0.31534
0.1154,0.51929,-0.1462,-0.3297
0.1155,0.51726,-0.12697,-0.34347
0.1156,0.51456,-0.10776,-0.35666
0.1157,0.51109,-0.088498,-0.36928
0.1158,0.50681,-0.069186,-0.38133
0.1159,0.50172,-0.049854,-0.3928
0.116,0.49579,-0.030473,-0.40375
0.1161,0.48899,-0.011013,-0.41419
0.1162,0.48132,0.0084903,-0.42413
0.1163,0.47275,0.028052,-0.4336
0.1164,0.46323,0.047724,-0.44264
0.1165,0.45281,0.067463,-0.45124
0.1166,0.44152,0.087179,-0.45938
0.1167,0.42937,0.10686,-0.46707
0.1168,0.41639,0.12646,-0.47429
0.1169,0.40265,0.14583,-0.48096
0.117,0.38823,0.16489,-0.48704
0.1171,0.37313,0.18362,-0.49251
0.1172,0.35743,0.20194,-0.49732
0.1173,0.34117,0.2198,-0.50145
0.1174,0.32437,0.23722,-0.50488
0.1175,0.30708,0.25419,-0.5076
0.1176,0.28937,0.27067,-0.50959
0.1177,0.27127,0.28665,-0.51084
0.1178,0.25279,0.30219,-0.51139
0.1179,0.23398,0.31727,-0.51124
0.118,0.21491,0.3319,-0.51041
0.1181,0.19559,0.34614,-0.50893
0.1182,0.17602,0.36005,-0.50682
0.1183,0.15626,0.37363,-0.5041
0.1184,0.13635,0.38689,-0.50079
0.1185,0.11632,0.39984,-0.49691
0.1186,0.096233,0.41243,-0.49243
0.1187,0.076149,0.4246,-0.48731
0.1188,0.056109,0.43632,-0.48153
0.1189,0.036165,0.44751,-0.47501
0.119,0.016365,0.45811,-0.46768
0.1191,-0.0032862,0.46811,-0.4595
0.1192,-0.022773,0.47747,-0.45042
0.1193,-0.042074,0.48614,-0.44039
0.1194,-0.061185,0.49411,-0.42939
0.1195,-0.080118,0.50139,-0.4174
0.1196,-0.098848,0.50795,-0.40443
0.1197,-0.11736,0.51377,-0.39051
0.1198,-0.13568,0.5189,-0.3757
0.1199,-0.1538,0.52339,-0.36006
0.12,-0.17169,0.52722,-0.34368
0.1201,-0.18935,0.53046,-0.32664
0.1202,-0.2068,0.5332,-0.30907
0.1203,-0.22399,0.53544,-0.29106
0.1204,-0.24087,0.53719,-0.27268
0.1205,-0.25742,0.53847,-0.25404
0.1206,-0.27359,0.53928,-0.2352
0.1207,-0.28932,0.53955,-0.2162
0.1208,-0.30456,0.53926,-0.19708
0.1209,-0.31932,0.53838,-0.17788
0.121,-0.33357,0.53687,-0.15862
0.1211,-0.34727,0.53465,-0.1393
0.1212,-0.36044,0.53171,-0.11992
0.1213,-0.37304,0.52798,-0.10048
0.1214,-0.38507,0.5234,-0.080968
0.1215,-0.39653,0.51792,-0.061364
0.1216,-0.40742,0.51153,-0.041674
0.1217,-0.41774,0.50418,-0.021894
0.1218,-0.42751,0.49587,-0.0020388
0.1219,-0.43676,0.48662,0.017861
0.122,-0.4455,0.47645,0.037766
0.1221,-0.45372,0.4654,0.057633
0.1222,-0.46145,0.45354,0.077394
0.1223,-0.46868,0.44091,0.096992
0.1224,-0.47538,0.42754,0.11637
0.1225,-0.48154,0.41348,0.13548
