0.05,0.11176,0.41371,-0.45577
0.0501,0.13133,0.40075,-0.46288
0.0502,0.15074,0.38699,-0.46946
0.0503,0.16987,0.37247,-0.47546
0.0504,0.18862,0.3573,-0.48082
0.0505,0.20686,0.34154,-0.48549
0.0506,0.22449,0.32529,-0.48942
0.0507,0.24146,0.30862,-0.49258
0.0508,0.25773,0.29157,-0.49493
0.0509,0.2733,0.27419,-0.49647
0.051,0.28822,0.25651,-0.49723
0.0511,0.30257,0.23853,-0.49722
0.0512,0.31643,0.22026,-0.49652
0.0513,0.32989,0.20172,-0.49519
0.0514,0.34305,0.18293,-0.49329
0.0515,0.356,0.1639,-0.49088
0.0516,0.36877,0.14467,-0.48799
0.0517,0.38139,0.12524,-0.48463
0.0518,0.39384,0.10566,-0.48081
0.0519,0.40609,0.085948,-0.47649
0.052,0.41809,0.066157,-0.47163
0.0521,0.42978,0.046341,-0.46618
0.0522,0.44106,0.026567,-0.46007
0.0523,0.45183,0.0069043,-0.45319
0.0524,0.46197,-0.012574,-0.44548
0.0525,0.4714,-0.031817,-0.43684
0.0526,0.48001,-0.050784,-0.4272
0.0527,0.48775,-0.069457,-0.41648
0.0528,0.4946,-0.087833,-0.40467
0.0529,0.50056,-0.10593,-0.39176
0.053,0.50566,-0.12375,-0.3778
0.0531,0.50996,-0.14131,-0.36286
0.0532,0.51355,-0.15863,-0.34705
0.0533,0.51649,-0.17571,-0.3305
0.0534,0.51889,-0.19255,-0.31333
0.0535,0.52082,-0.20916,-0.29568
0.0536,0.52235,-0.22552,-0.27766
0.0537,0.52354,-0.24164,-0.25937
0.0538,0.52443,-0.2575,-0.24091
0.0539,0.52504,-0.27309,-0.22235
0.054,0.52535,-0.28834,-0.20374
0.0541,0.5253,-0.30322,-0.18514
0.0542,0.52484,-0.31768,-0.16654
0.0543,0.52384,-0.33167,-0.14795
0.0544,0.52219,-0.34513,-0.12933
0.0545,0.51977,-0.35802,-0.11065
0.0546,0.51649,-0.3703,-0.091876
0.0547,0.51224,-0.38195,-0.072957
0.0548,0.50696,-0.39296,-0.053874
0.0549,0.50061,-0.40335,-0.034617
0.055,0.49319,-0.41311,-0.0152
0.0551,0.4847,-0.42227,0.0043469
0.0552,0.47517,-0.43084,0.023973
0.0553,0.46465,-0.43886,0.043627
0.0554,0.45321,-0.44633,0.063238
0.0555,0.44095,-0.45331,0.082737
0.0556,0.42795,-0.4598,0.10205
0.0557,0.4143,-0.46585,0.12109
0.0558,0.40011,-0.47144,0.13979
0.0559,0.38546,-0.47658,0.15808
0.056,0.3704,-0.48125,0.1759
0.0561,0.35498,-0.4854,0.19323
0.0562,0.33922,-0.48901,0.21005
0.0563,0.32311,-0.49203,0.22638
0.0564,0.30662,-0.49443,0.24224
0.0565,0.28973,-0.49617,0.25768
0.0566,0.27242,-0.49722,0.27275
0.0567,0.25464,-0.49758,0.28749
0.0568,0.23639,-0.49721,0.30193
0.0569,0.21766,-0.49612,0.31608
0.057,0.19848,-0.49429,0.32997
0.0571,0.17887,-0.49173,0.3436
0.0572,0.15892,-0.48845,0.35695
0.0573,0.13869,-0.48447,0.36997
0.0574,0.11829,-0.4798,0.38262
0.0575,0.097833,-0.47448,0.39484
0.0576,0.077446,-0.46851,0.40655
0.0577,0.057239,-0.46189,0.41769
0.0578,0.03731,-0.4546,0.4282
0.0579,0.017736,-0.4466,0.43801
0.058,-0.0014414,-0.43785,0.44709
0.0581,-0.020208,-0.42832,0.45542
0.0582,-0.038578,-0.41797,0.46299
0.0583,-0.085398,-0.41607,0.50108
0.0584,-0.12265,-0.40954,0.52833
0.0585,-0.15972,-0.40197,0.55476
0.0586,-0.19634,-0.39389,0.58051
0.0587,-0.23267,-0.38511,0.60585
0.0588,-0.26887,-0.37524,0.63039
0.0589,-0.30458,-0.36457,0.65382
0.059,-0.33984,-0.35346,0.67672
0.0591,-0.37468,-0.34203,0.69914
0.0592,-0.40901,-0.32998,0.72063
0.0593,-0.44279,-0.31715,0.74115
0.0594,-0.47639,-0.30349,0.76102
0.0595,-0.50948,-0.28926,0.77994
0.0596,-0.54158,-0.2748,0.79776
0.0597,-0.57262,-0.26024,0.81457
0.0598,-0.60272,-0.24541,0.83021
0.0599,-0.63146,-0.23044,0.84429
0.06,-0.65879,-0.21553,0.85701
0.0601,-0.68483,-0.20071,0.86849
0.0602,-0.70966,-0.18578,0.87857
0.0603,-0.73335,-0.17059,0.88719
0.0604,-0.7563,-0.15502,0.89458
0.0605,-0.77828,-0.13924,0.90058
0.0606,-0.79894,-0.12349,0.90505
0.0607,-0.81838,-0.10775,0.90811
0.0608,-0.83683,-0.091791,0.90974
0.0609,-0.854,-0.075738,0.90972
0.061,-0.86993,-0.059744,0.9083
0.0611,-0.88494,-0.043667,0.90566
0.0612,-0.89908,-0.027218,0.90154
0.0613,-0.91217,-0.010484,0.89585
0.0614,-0.92443,0.0063891,0.88898
0.0615,-0.93573,0.023268,0.88093
0.0616,-0.9456,0.040025,0.87137
0.0617,-0.95391,0.056514,0.86037
0.0618,-0.96092,0.072817,0.84811
0.0619,-0.9663,0.08887,0.83438
0.062,-0.96988,0.10455,0.81915
0.0621,-0.97196,0.11988,0.80274
0.0622,-0.97278,0.13511,0.78519
0.0623,-0.97206,0.15016,0.7663
0.0624,-0.96984,0.16492,0.74627
0.0625,-0.96623,0.17935,0.72528
0.0626,-0.96112,0.19348,0.70324
0.0627,-0.95434,0.2072,0.68016
0.0628,-0.94628,0.22064,0.65632
0.0629,-0.93703,0.23388,0.63177
0.063,-0.92649,0.24693,0.60644
0.0631,-0.91477,0.25978,0.58049
0.0632,-0.90208,0.27262,0.55401
0.0633,-0.88821,0.28537,0.5269
0.0634,-0.873,0.29785,0.49923
0.0635,-0.85641,0.30992,0.4711
0.0636,-0.8383,0.32164,0.44236
0.0637,-0.81853,0.33295,0.41292
0.0638,-0.79724,0.3438,0.38296
0.0639,-0.77446,0.3542,0.35252
0.064,-0.75019,0.36417,0.32149
0.0641,-0.72452,0.37369,0.28999
0.0642,-0.69763,0.38283,0.25812
0.0643,-0.66931,0.39148,0.22574
0.0644,-0.63953,0.39956,0.19285
0.0645,-0.60842,0.40701,0.15965
0.0646,-0.57611,0.41388,0.12616
0.0647,-0.54256,0.42017,0.092351
0.0648,-0.50813,0.42597,0.058455
0.0649,-0.47313,0.4314,0.024632
0.065,-0.43761,0.43651,-0.0091744
0.0651,-0.40164,0.44124,-0.042856
0.0652,-0.36553,0.44566,-0.076195
0.0653,-0.32924,0.44971,-0.10927
0.0654,-0.29257,0.45325,-0.14219
0.0655,-0.25559,0.45616,-0.17482
0.0656,-0.21845,0.45854,-0.20714
0.0657,-0.18101,0.46033,-0.23929
0.0658,-0.1433,0.46144,-0.27119
0.0659,-0.1055,0.46186,-0.30267
0.066,-0.067636,0.46162,-0.33381
0.0661,-0.029533,0.46062,-0.36472
0.0662,0.0087294,0.45876,-0.39526
0.0663,0.047134,0.45598,-0.42539
0.0664,0.085778,0.45223,-0.45519
0.0665,0.12463,0.44743,-0.48457
0.0666,0.16343,0.44166,-0.51338
0.0667,0.20208,0.43499,-0.54161
0.0668,0.24051,0.42749,-0.56925
0.0669,0.2785,0.41919,-0.59612
0.067,0.31591,0.41019,-0.62216
0.0671,0.35276,0.40047,-0.64738
0.0672,0.38897,0.39007,-0.67169
0.0673,0.42447,0.37901,-0.69501
0.0674,0.45925,0.36737,-0.71739
0.0675,0.49332,0.35518,-0.73881
0.0676,0.5265,0.34254,-0.75916
0.0677,0.55877,0.32954,-0.77846
0.0678,0.59016,0.31622,-0.79673
0.0679,0.62064,0.30256,-0.81391
0.068,0.65023,0.28862,-0.83002
0.0681,0.67913,0.27434,-0.8452
0.0682,0.70741,0.25966,-0.8594
0.0683,0.73501,0.24459,-0.87253
0.0684,0.76196,0.22916,-0.88464
0.0685,0.78824,0.21339,-0.89573
0.0686,0.81361,0.19739,-0.90562
0.0687,0.83795,0.18125,-0.91423
0.0688,0.86125,0.16501,-0.92157
0.0689,0.88341,0.14866,-0.92747
0.069,0.90427,0.13228,-0.9318
0.0691,0.92388,0.11585,-0.93456
0.0692,0.94226,0.099363,-0.93575
0.0693,0.95932,0.082845,-0.93524
0.0694,0.97496,0.066391,-0.93303
0.0695,0.98925,0.049997,-0.92917
0.0696,1.0021,0.033699,-0.92363
0.0697,1.0134,0.01754,-0.91638
0.0698,1.0232,0.0015421,-0.90757
0.0699,1.0318,-0.014383,-0.89727
0.07,1.0389,-0.030249,-0.88553
0.0701,1.0449,-0.046081,-0.87248
0.0702,1.0497,-0.061903,-0.85824
0.0703,1.0535,-0.077747,-0.84285
0.0704,1.0561,-0.093526,-0.82638
0.0705,1.0575,-0.10919,-0.80892
0.0706,1.0578,-0.12469,-0.79054
0.0707,1.0568,-0.14002,-0.77119
0.0708,1.0545,-0.1551,-0.75095
0.0709,1.051,-0.16998,-0.72983
0.071,1.0461,-0.18463,-0.7078
0.0711,1.0399,-0.19904,-0.68486
0.0712,1.0322,-0.21315,-0.66108
0.0713,1.023,-0.22694,-0.63639
0.0714,1.0121,-0.24031,-0.61078
0.0715,0.99961,-0.25324,-0.5843
0.0716,0.98541,-0.26572,-0.55697
0.0717,0.96951,-0.27774,-0.5288
0.0718,0.95196,-0.2893,-0.49988
0.0719,0.93293,-0.30049,-0.47033
0.072,0.91246,-0.31133,-0.44018
0.0721,0.89056,-0.32183,-0.40947
0.0722,0.86735,-0.332,-0.37834
0.0723,0.84288,-0.34185,-0.34683
0.0724,0.81711,-0.35134,-0.31494
0.0725,0.79012,-0.36044,-0.28277
0.0726,0.76202,-0.36917,-0.25038
0.0727,0.73286,-0.37754,-0.21777
0.0728,0.70267,-0.38553,-0.18497
0.0729,0.67161,-0.39314,-0.15206
0.073,0.63975,-0.40035,-0.11906
0.0731,0.60705,-0.40713,-0.085935
0.0732,0.57355,-0.4134,-0.052732
0.0733,0.53926,-0.41913,-0.019471
0.0734,0.50415,-0.42427,0.01389
0.0735,0.46821,-0.42877,0.047344
0.0736,0.43153,-0.43261,0.080811
0.0737,0.3942,-0.43584,0.11428
0.0738,0.35629,-0.43845,0.14774
0.0739,0.31792,-0.44045,0.18107
0.074,0.27924,-0.44186,0.21419
0.0741,0.24031,-0.44268,0.24706
0.0742,0.20122,-0.44285,0.2796
0.0743,0.16209,-0.44235,0.31169
0.0744,0.12299,-0.44115,0.3433
0.0745,0.083995,-0.43924,0.37439
0.0746,0.045205,-0.43657,0.40486
0.0747,0.0067015,-0.43316,0.43469
0.0748,-0.031502,-0.42898,0.46387
0.0749,-0.069363,-0.42399,0.49236
0.075,-0.10687,-0.41818,0.52012
0.0751,-0.14407,-0.41152,0.54721
0.0752,-0.18102,-0.40399,0.57362
0.0753,-0.21768,-0.39561,0.59932
0.0754,-0.25409,-0.38638,0.62434
0.0755,-0.29023,-0.37635,0.64867
0.0756,-0.32604,-0.36558,0.67225
0.0757,-0.36141,-0.35413,0.69506
0.0758,-0.39634,-0.34207,0.71709
0.0759,-0.43075,-0.32945,0.73829
0.076,-0.46453,-0.31631,0.7586
0.0761,-0.49764,-0.30273,0.77798
0.0762,-0.53003,-0.28872,0.79639
0.0763,-0.56157,-0.27436,0.81374
0.0764,-0.59214,-0.25971,0.82996
0.0765,-0.6217,-0.24485,0.84502
0.0766,-0.65018,-0.22982,0.85883
0.0767,-0.67745,-0.21468,0.8713
0.0768,-0.7035,-0.19944,0.88241
0.0769,-0.72834,-0.18411,0.89214
0.077,-0.752,-0.16865,0.90043
0.0771,-0.77448,-0.15307,0.90729
0.0772,-0.79589,-0.13732,0.91273
0.0773,-0.81623,-0.12141,0.91674
0.0774,-0.83552,-0.10533,0.9193
0.0775,-0.85377,-0.089098,0.92044
0.0776,-0.87099,-0.072728,0.92015
0.0777,-0.88713,-0.056243,0.91844
0.0778,-0.9022,-0.039653,0.91528
0.0779,-0.91619,-0.022985,0.91071
0.078,-0.92905,-0.0062447,0.90471
0.0781,-0.94074,0.010521,0.89729
0.0782,-0.9512,0.027274,0.88847
0.0783,-0.96038,0.043952,0.87826
0.0784,-0.96817,0.060499,0.86665
0.0785,-0.97453,0.076848,0.85369
0.0786,-0.97941,0.092968,0.8394
0.0787,-0.98276,0.10882,0.8238
0.0788,-0.98458,0.12439,0.80691
0.0789,-0.98489,0.13968,0.78883
0.079,-0.98372,0.15469,0.76958
0.0791,-0.98109,0.16942,0.74922
0.0792,-0.97703,0.1839,0.72783
0.0793,-0.9716,0.19815,0.70547
0.0794,-0.96478,0.21217,0.68219
0.0795,-0.95663,0.22594,0.65807
0.0796,-0.9472,0.23948,0.63319
0.0797,-0.93649,0.2528,0.6076
0.0798,-0.92452,0.26589,0.58134
0.0799,-0.9113,0.27876,0.55447
0.08,-0.89682,0.29139,0.52703
0.0801,-0.88101,0.30376,0.49901
0.0802,-0.86382,0.31581,0.47043
0.0803,-0.84518,0.32751,0.4413
0.0804,-0.82505,0.33881,0.41161
0.0805,-0.80336,0.34967,0.38134
0.0806,-0.78011,0.36007,0.35053
0.0807,-0.75534,0.36998,0.31918
0.0808,-0.72907,0.3794,0.28732
0.0809,-0.70137,0.38832,0.25499
0.081,-0.67234,0.39674,0.22225
0.0811,-0.64205,0.40467,0.18916
0.0812,-0.6106,0.4121,0.15575
0.0813,-0.5781,0.41904,0.12212
0.0814,-0.54465,0.4255,0.088331
0.0815,-0.51037,0.43149,0.054453
0.0816,-0.47538,0.43703,0.020568
0.0817,-0.43983,0.44214,-0.01324
0.0818,-0.40381,0.44684,-0.04692
0.0819,-0.36742,0.45111,-0.080415
0.082,-0.33073,0.45495,-0.11369
0.0821,-0.29379,0.4583,-0.14673
0.0822,-0.25661,0.46113,-0.17951
0.0823,-0.21922,0.46338,-0.212
0.0824,-0.18162,0.465,-0.2442
0.0825,-0.14379,0.46593,-0.2761
0.0826,-0.10575,0.46612,-0.3077
0.0827,-0.067513,0.46553,-0.33897
0.0828,-0.029091,0.46413,-0.3699
0.0829,0.0095014,0.46187,-0.40048
0.083,0.048214,0.45871,-0.43065
0.0831,0.087,0.45464,-0.46038
0.0832,0.12581,0.44964,-0.48964
0.0833,0.16454,0.44371,-0.51834
0.0834,0.20308,0.43688,-0.54643
0.0835,0.24134,0.42919,-0.57383
0.0836,0.2792,0.42068,-0.60049
0.0837,0.31654,0.4114,-0.62633
0.0838,0.35328,0.40142,-0.65129
0.0839,0.38936,0.39078,-0.67535
0.084,0.42472,0.37953,-0.69845
0.0841,0.45932,0.36773,-0.72057
0.0842,0.49316,0.35542,-0.74169
0.0843,0.52622,0.34264,-0.76181
0.0844,0.55848,0.32943,-0.78092
0.0845,0.58994,0.31583,-0.799
0.0846,0.6206,0.30186,-0.81606
0.0847,0.65047,0.28753,-0.83209
0.0848,0.67956,0.27288,-0.84708
0.0849,0.70789,0.2579,-0.86102
0.085,0.73545,0.24261,-0.87389
0.0851,0.76221,0.22703,-0.88565
0.0852,0.78814,0.21118,-0.89627
0.0853,0.81318,0.1951,-0.90569
0.0854,0.83724,0.17884,-0.91384
0.0855,0.86023,0.16244,-0.92063
0.0856,0.88209,0.14596,-0.92599
0.0857,0.90273,0.12941,-0.92984
0.0858,0.92209,0.11285,-0.9321
0.0859,0.9401,0.096289,-0.93273
0.086,0.95676,0.079748,-0.93168
0.0861,0.97201,0.063238,-0.92893
0.0862,0.98587,0.046777,-0.92449
0.0863,0.99834,0.030366,-0.91841
0.0864,1.0094,0.014016,-0.91071
0.0865,1.0192,-0.0022737,-0.90147
0.0866,1.0276,-0.0185,-0.89078
0.0867,1.0348,-0.03467,-0.87871
0.0868,1.0407,-0.050781,-0.86535
0.0869,1.0454,-0.066833,-0.85078
0.087,1.0489,-0.082814,-0.83508
0.0871,1.0513,-0.098709,-0.81831
0.0872,1.0524,-0.11448,-0.80052
0.0873,1.0524,-0.1301,-0.78175
0.0874,1.0511,-0.14553,-0.76203
0.0875,1.0485,-0.16072,-0.74138
0.0876,1.0445,-0.17566,-0.71981
0.0877,1.0391,-0.19034,-0.69735
0.0878,1.0323,-0.20471,-0.67399
0.0879,1.024,-0.21876,-0.64973
0.088,1.0142,-0.23245,-0.62461
0.0881,1.0028,-0.24577,-0.59863
0.0882,0.98987,-0.2587,-0.5718
0.0883,0.97529,-0.27122,-0.54416
0.0884,0.95912,-0.28333,-0.51576
0.0885,0.94137,-0.29504,-0.48663
0.0886,0.92209,-0.30636,-0.45684
0.0887,0.90133,-0.3173,-0.42646
0.0888,0.87913,-0.32788,-0.39557
0.0889,0.85559,-0.33811,-0.36422
0.089,0.83076,-0.348,-0.33249
0.0891,0.8047,-0.35754,-0.30043
0.0892,0.77749,-0.36671,-0.26809
0.0893,0.74917,-0.37552,-0.23553
0.0894,0.7198,-0.38392,-0.20276
0.0895,0.68943,-0.39191,-0.16982
0.0896,0.6581,-0.39945,-0.13673
0.0897,0.62586,-0.40653,-0.1035
0.0898,0.59274,-0.41311,-0.070164
0.0899,0.55879,-0.41917,-0.036725
0.09,0.52404,-0.42468,-0.0032141
0.0901,0.48853,-0.42962,0.030344
0.0902,0.45231,-0.43397,0.06392
0.0903,0.41544,-0.4377,0.09749
0.0904,0.37798,-0.44083,0.13102
0.0905,0.34001,-0.44334,0.16447
0.0906,0.30164,-0.44524,0.19777
0.0907,0.26294,-0.44652,0.23084
0.0908,0.22404,-0.44718,0.26362
0.0909,0.18501,-0.44721,0.29605
0.091,0.14595,-0.44656,0.32805
0.0911,0.10694,-0.44523,0.35955
0.0912,0.06805,-0.44316,0.39051
0.0913,0.029338,-0.44033,0.42089
0.0914,-0.0091461,-0.4367,0.45062
0.0915,-0.047367,-0.43224,0.47971
0.0916,-0.085306,-0.42694,0.50811
0.0917,-0.12295,-0.42079,0.53582
0.0918,-0.1603,-0.41377,0.56283
0.0919,-0.19736,-0.4059,0.58913
0.092,-0.23413,-0.39718,0.61473
0.0921,-0.2706,-0.38766,0.63962
0.0922,-0.30674,-0.37736,0.66377
0.0923,-0.34253,-0.36634,0.68717
0.0924,-0.37789,-0.35465,0.7098
0.0925,-0.41277,-0.34234,0.7316
0.0926,-0.44707,-0.32949,0.75254
0.0927,-0.48072,-0.31616,0.77256
0.0928,-0.51362,-0.30241,0.7916
0.0929,-0.54568,-0.28829,0.80962
0.093,-0.57683,-0.27385,0.82655
0.0931,-0.60701,-0.25916,0.84234
0.0932,-0.63617,-0.24423,0.85693
0.0933,-0.66427,-0.22912,0.87026
0.0934,-0.69126,-0.21385,0.8823
0.0935,-0.71711,-0.19843,0.89299
0.0936,-0.74181,-0.18287,0.90232
0.0937,-0.76537,-0.16717,0.91025
0.0938,-0.78779,-0.15133,0.91675
0.0939,-0.8091,-0.13534,0.92181
0.094,-0.82932,-0.1192,0.92542
0.0941,-0.84848,-0.10289,0.92758
0.0942,-0.86656,-0.086438,0.92829
0.0943,-0.88358,-0.069846,0.92754
0.0944,-0.89953,-0.053135,0.92535
0.0945,-0.91438,-0.036335,0.92171
0.0946,-0.92809,-0.019477,0.91662
0.0947,-0.94062,-0.0025987,0.91011
0.0948,-0.95192,0.014262,0.90216
0.0949,-0.96195,0.031062,0.8928
0.095,-0.97063,0.047761,0.88205
0.0951,-0.97794,0.064316,0.86992
0.0952,-0.9838,0.08069,0.85643
0.0953,-0.9882,0.09685,0.84162
0.0954,-0.99111,0.11277,0.82552
0.0955,-0.99252,0.12843,0.80818
0.0956,-0.99246,0.14383,0.78966
0.0957,-0.99093,0.15895,0.77
0.0958,-0.98797,0.17381,0.74927
0.0959,-0.98361,0.18843,0.72754
0.096,-0.9779,0.20282,0.70486
0.0961,-0.97085,0.217,0.68131
0.0962,-0.9625,0.23095,0.65693
0.0963,-0.95285,0.24467,0.63178
0.0964,-0.9419,0.25816,0.60592
0.0965,-0.92965,0.27139,0.57938
0.0966,-0.91606,0.28435,0.5522
0.0967,-0.90112,0.29702,0.52442
0.0968,-0.88479,0.30938,0.49604
0.0969,-0.86703,0.3214,0.46709
0.097,-0.84779,0.33304,0.43757
0.0971,-0.82706,0.34427,0.4075
0.0972,-0.80482,0.35507,0.37689
0.0973,-0.78107,0.3654,0.34575
0.0974,-0.75582,0.37526,0.31409
0.0975,-0.72912,0.38463,0.28196
0.0976,-0.70102,0.39349,0.24938
0.0977,-0.67161,0.40187,0.21641
0.0978,-0.64097,0.40975,0.18311
0.0979,-0.60923,0.41716,0.14953
0.098,-0.57648,0.42409,0.11575
0.0981,-0.54285,0.43056,0.081843
0.0982,-0.50846,0.43659,0.047883
0.0983,-0.4734,0.44216,0.013939
0.0984,-0.43778,0.4473,-0.019922
0.0985,-0.40169,0.45197,-0.05364
0.0986,-0.3652,0.45619,-0.087185
0.0987,-0.32838,0.45991,-0.12053
0.0988,-0.29126,0.46313,-0.15365
0.0989,-0.25388,0.46578,-0.18652
0.099,-0.21625,0.46783,-0.21912
0.0991,-0.17838,0.46922,-0.25143
0.0992,-0.1403,0.46991,-0.28343
0.0993,-0.102,0.46984,-0.31511
0.0994,-0.063512,0.46898,-0.34644
0.0995,-0.024864,0.46729,-0.37741
0.0996,0.013909,0.46473,-0.40799
0.0997,0.052755,0.46128,-0.43812
0.0998,0.091614,0.45693,-0.46778
0.0999,0.13041,0.45167,-0.49691
0.1,0.16907,0.44552,-0.52546
0.1001,0.2075,0.43847,-0.55336
0.1002,0.24561,0.43058,-0.58056
0.1003,0.2833,0.42187,-0.60699
0.1004,0.32049,0.41239,-0.63261
0.1005,0.3571,0.4022,-0.65735
0.1006,0.39306,0.39136,-0.68118
0.1007,0.42833,0.37991,-0.70406
0.1008,0.46286,0.3679,-0.72596
0.1009,0.49662,0.35539,-0.74687
0.101,0.52962,0.3424,-0.76677
0.1011,0.56184,0.32898,-0.78565
0.1012,0.59328,0.31515,-0.80351
0.1013,0.62393,0.30094,-0.82035
0.1014,0.65381,0.28637,-0.83615
0.1015,0.68292,0.27146,-0.8509
0.1016,0.71125,0.25624,-0.86458
0.1017,0.73876,0.24073,-0.87716
0.1018,0.76541,0.22496,-0.88859
0.1019,0.79116,0.20896,-0.89884
0.102,0.81593,0.19277,-0.90783
0.1021,0.83968,0.17641,-0.9155
0.1022,0.86233,0.15993,-0.92178
0.1023,0.88381,0.14335,-0.92659
0.1024,0.90407,0.12672,-0.92988
0.1025,0.92306,0.11006,-0.93157
0.1026,0.94072,0.093394,-0.93164
0.1027,0.95704,0.076736,-0.93004
0.1028,0.972,0.060101,-0.92677
0.1029,0.98559,0.043495,-0.92184
0.103,0.99781,0.026925,-0.91529
0.1031,1.0087,0.010393,-0.90716
0.1032,1.0183,-0.0060971,-0.89752
0.1033,1.0265,-0.022541,-0.88645
0.1034,1.0335,-0.038933,-0.87401
0.1035,1.0393,-0.055261,-0.8603
0.1036,1.0438,-0.071511,-0.84538
0.1037,1.0471,-0.087666,-0.82933
0.1038,1.0492,-0.1037,-0.8122
0.1039,1.0501,-0.11958,-0.79405
0.104,1.0497,-0.13529,-0.77491
0.1041,1.048,-0.15077,-0.75481
0.1042,1.045,-0.166,-0.73377
0.1043,1.0406,-0.18098,-0.71182
0.1044,1.0348,-0.19567,-0.68895
0.1045,1.0275,-0.21006,-0.66518
0.1046,1.0187,-0.2241,-0.64053
0.1047,1.0084,-0.23779,-0.61501
0.1048,0.9965,-0.25111,-0.58864
0.1049,0.98306,-0.26405,-0.56146
0.105,0.96807,-0.27661,-0.5335
0.1051,0.95153,-0.28879,-0.5048
0.1052,0.93346,-0.30058,-0.47543
0.1053,0.9139,-0.312,-0.44542
0.1054,0.89288,-0.32305,-0.41485
0.1055,0.87044,-0.33373,-0.38377
0.1056,0.84665,-0.34405,-0.35224
0.1057,0.82155,-0.354,-0.32033
0.1058,0.79522,-0.36358,-0.28809
0.1059,0.7677,-0.37278,-0.25556
0.106,0.73907,-0.38158,-0.2228
0.1061,0.70938,-0.38995,-0.18982
0.1062,0.67867,-0.39789,-0.15668
0.1063,0.64701,-0.40535,-0.12338
0.1064,0.61443,-0.41233,-0.08995
0.1065,0.58098,-0.41878,-0.056415
0.1066,0.5467,-0.4247,-0.022797
0.1067,0.51164,-0.43006,0.010881
0.1068,0.47585,-0.43485,0.044586
0.1069,0.43938,-0.43905,0.078282
0.107,0.40231,-0.44266,0.11195
0.1071,0.3647,-0.44566,0.14555
0.1072,0.32664,-0.44807,0.17903
0.1073,0.28821,-0.44987,0.21232
0.1074,0.24951,-0.45104,0.24536
0.1075,0.21063,-0.45159,0.27809
0.1076,0.17164,-0.45147,0.31043
0.1077,0.13264,-0.45068,0.34233
0.1078,0.093694,-0.44917,0.37373
0.1079,0.054857,-0.44691,0.40458
0.108,0.016179,-0.44386,0.43485
0.1081,-0.022302,-0.43999,0.46449
0.1082,-0.060557,-0.43526,0.49349
0.1083,-0.098565,-0.42967,0.52181
0.1084,-0.13631,-0.4232,0.54945
0.1085,-0.17378,-0.41587,0.57638
0.1086,-0.21096,-0.40767,0.60261
0.1087,-0.24783,-0.39865,0.62811
0.1088,-0.28436,-0.38883,0.65286
0.1089,-0.32053,-0.37827,0.67686
0.109,-0.35628,-0.367,0.70008
0.1091,-0.39156,-0.35509,0.72248
0.1092,-0.4263,-0.34259,0.74402
0.1093,-0.46044,-0.32957,0.76467
0.1094,-0.49388,-0.31608,0.78438
0.1095,-0.52654,-0.30218,0.80309
0.1096,-0.55834,-0.28794,0.82075
0.1097,-0.58921,-0.27339,0.83731
0.1098,-0.61911,-0.25858,0.8527
0.1099,-0.64799,-0.24354,0.86688
0.11,-0.67582,-0.2283,0.87981
0.1101,-0.70256,-0.21288,0.89142
0.1102,-0.72819,-0.19729,0.90171
0.1103,-0.75271,-0.18154,0.91062
0.1104,-0.77611,-0.16563,0.91814
0.1105,-0.79841,-0.14956,0.92424
0.1106,-0.81961,-0.13333,0.92891
0.1107,-0.83972,-0.11694,0.93212
0.1108,-0.85875,-0.1004,0.93387
0.1109,-0.8767,-0.083721,0.93416
0.111,-0.89355,-0.066922,0.93298
0.1111,-0.90928,-0.050025,0.93033
0.1112,-0.92386,-0.03306,0.92621
0.1113,-0.93726,-0.01606,0.92063
0.1114,-0.94944,0.00093833,0.91359
0.1115,-0.96036,0.017896,0.90511
0.1116,-0.96996,0.034775,0.89522
0.1117,-0.9782,0.051538,0.88393
0.1118,-0.98505,0.068151,0.87127
0.1119,-0.99047,0.084584,0.85728
0.112,-0.99444,0.10081,0.84198
0.1121,-0.99696,0.11681,0.82543
0.1122,-0.99801,0.13258,0.80767
0.1123,-0.99761,0.14809,0.78874
0.1124,-0.99577,0.16334,0.76871
0.1125,-0.99253,0.17834,0.74763
0.1126,-0.98791,0.19312,0.72556
0.1127,-0.98192,0.20767,0.70257
0.1128,-0.97461,0.22201,0.6787
0.1129,-0.96598,0.23611,0.65402
0.113,-0.95604,0.24997,0.62858
0.1131,-0.94478,0.26357,0.60243
0.1132,-0.93218,0.2769,0.57559
0.1133,-0.91821,0.28994,0.5481
0.1134,-0.90285,0.30266,0.52
0.1135,-0.88606,0.31504,0.49129
0.1136,-0.8678,0.32704,0.46199
0.1137,-0.84804,0.33865,0.43212
0.1138,-0.82678,0.34984,0.4017
0.1139,-0.804,0.36058,0.37074
0.114,-0.77973,0.37087,0.33926
0.1141,-0.754,0.38068,0.3073
0.1142,-0.72686,0.39,0.27489
0.1143,-0.69838,0.39885,0.24206
0.1144,-0.66864,0.40721,0.20887
0.1145,-0.63773,0.41508,0.17538
0.1146,-0.60576,0.42249,0.14165
0.1147,-0.57282,0.42943,0.10775
0.1148,-0.53904,0.43591,0.073737
0.1149,-0.50451,0.44193,0.039688
0.115,-0.46933,0.4475,0.0056663
0.1151,-0.43359,0.4526,-0.028267
0.1152,-0.39737,0.45723,-0.062058
0.1153,-0.36074,0.46137,-0.095682
0.1154,-0.32376,0.46498,-0.12911
0.1155,-0.28646,0.46805,-0.16232
0.1156,-0.24887,0.47053,-0.19528
0.1157,-0.21103,0.47237,-0.22796
0.1158,-0.17294,0.47354,-0.26035
0.1159,-0.13463,0.47399,-0.29242
0.116,-0.096118,0.47367,-0.32416
0.1161,-0.057433,0.47255,-0.35553
0.1162,-0.018613,0.47059,-0.38652
0.1163,0.020298,0.46776,-0.41708
0.1164,0.057608,0.46339,-0.44535
0.1165,0.078092,0.45252,-0.45478
0.1166,0.098054,0.44163,-0.46351
0.1167,0.11761,0.43,-0.47151
0.1168,0.13703,0.41726,-0.47884
0.1169,0.15618,0.40362,-0.48534
0.117,0.17488,0.38932,-0.49113
0.1171,0.19332,0.37425,-0.49639
0.1172,0.2115,0.35831,-0.50089
0.1173,0.22936,0.34149,-0.50453
0.1174,0.2469,0.32407,-0.50754
0.1175,0.26396,0.30633,-0.5099
0.1176,0.28017,0.2885,-0.5114
0.1177,0.29566,0.27044,-0.51216
0.1178,0.3108,0.252,-0.51231
0.1179,0.32561,0.23318,-0.51183
0.118,0.34002,0.21414,-0.5108
0.1181,0.35432,0.19485,-0.50946
0.1182,0.36857,0.17527,-0.50774
0.1183,0.38268,0.15545,-0.50552
0.1184,0.39651,0.13552,-0.5028
0.1185,0.40988,0.11567,-0.49952
0.1186,0.42245,0.096048,-0.49546
0.1187,0.43436,0.076475,-0.4906
0.1188,0.44594,0.056788,-0.48503
0.1189,0.4571,0.03703,-0.47866
0.119,0.46763,0.017328,-0.47137
0.1191,0.47769,-0.0024121,-0.46318
0.1192,0.48726,-0.022227,-0.45399
0.1193,0.49606,-0.041971,-0.44365
0.1194,0.50397,-0.061441,-0.43222
0.1195,0.51105,-0.080595,-0.41983
0.1196,0.51713,-0.099424,-0.40631
0.1197,0.52232,-0.11801,-0.39172
0.1198,0.527,-0.13644,-0.37637
0.1199,0.53128,-0.15471,-0.3604
0.12,0.53503,-0.17271,-0.34383
0.1201,0.53841,-0.19047,-0.32684
0.1202,0.54157,-0.208,-0.3096
0.1203,0.54423,-0.22519,-0.292
0.1204,0.54615,-0.24189,-0.27399
0.1205,0.54749,-0.25811,-0.25576
0.1206,0.54828,-0.27388,-0.23733
0.1207,0.54844,-0.28923,-0.21864
0.1208,0.54813,-0.3042,-0.19982
0.1209,0.54745,-0.31887,-0.18096
0.121,0.54616,-0.33313,-0.16193
0.1211,0.54409,-0.34694,-0.14268
0.1212,0.54129,-0.36028,-0.12328
0.1213,0.53761,-0.3731,-0.10368
0.1214,0.5328,-0.38526,-0.083814
0.1215,0.52693,-0.39678,-0.063727
0.1216,0.52011,-0.40779,-0.043467
0.1217,0.51237,-0.41832,-0.023051
0.1218,0.50383,-0.42835,-0.002633
0.1219,0.49456,-0.43788,0.017623
0.122,0.48452,-0.44687,0.037719
0.1221,0.47363,-0.45528,0.057643
0.1222,0.46193,-0.46307,0.077294
0.1223,0.44937,-0.47019,0.096675
0.1224,0.43588,-0.47661,0.11582
0.1225,0.42166,-0.48238,0.13461
