0.05,2.2882,-0.5098,-1.7661
0.0501,2.2586,-0.4214,-1.8259
0.0502,2.2257,-0.33243,-1.8833
0.0503,2.1895,-0.24304,-1.9382
0.0504,2.1501,-0.15334,-1.9905
0.0505,2.1077,-0.063453,-2.0401
0.0506,2.0622,0.026482,-2.087
0.0507,2.0137,0.11634,-2.131
0.0508,1.9624,0.20599,-2.1722
0.0509,1.9083,0.2953,-2.2103
0.051,1.8515,0.38414,-2.2453
0.0511,1.792,0.47239,-2.2772
0.0512,1.73,0.55992,-2.3058
0.0513,1.6655,0.64664,-2.3311
0.0514,1.5986,0.73244,-2.3531
0.0515,1.5296,0.81721,-2.3718
0.0516,1.4583,0.90083,-2.387
0.0517,1.3851,0.98318,-2.3989
0.0518,1.31,1.0641,-2.4073
0.0519,1.2332,1.1436,-2.4122
0.052,1.1547,1.2215,-2.4137
0.0521,1.0747,1.2977,-2.4117
0.0522,0.99334,1.3721,-2.4063
0.0523,0.91071,1.4445,-2.3973
0.0524,0.82693,1.515,-2.3849
0.0525,0.7421,1.5834,-2.3689
0.0526,0.65631,1.6496,-2.3494
0.0527,0.56967,1.7136,-2.3265
0.0528,0.48228,1.7752,-2.3
0.0529,0.39422,1.8343,-2.2701
0.053,0.30561,1.891,-2.2368
0.0531,0.21654,1.945,-2.2001
0.0532,0.12714,1.9964,-2.1601
0.0533,0.037508,2.045,-2.1169
0.0534,-0.052216,2.0908,-2.0706
0.0535,-0.1419,2.1337,-2.0213
0.0536,-0.23142,2.1736,-1.969
0.0537,-0.32063,2.2105,-1.9139
0.0538,-0.40937,2.2443,-1.856
0.0539,-0.49751,2.275,-1.7956
0.054,-0.58491,2.3025,-1.7327
0.0541,-0.67143,2.3268,-1.6675
0.0542,-1.211,2.8862,-1.6846
0.0543,-1.5706,3.2259,-1.6621
0.0544,-1.9024,3.5293,-1.6315
0.0545,-2.2135,3.8137,-1.6029
0.0546,-2.5007,4.0775,-1.5778
0.0547,-2.7648,4.3085,-1.5435
0.0548,-3.011,4.5102,-1.498
0.0549,-3.2475,4.7057,-1.4564
0.055,-3.4801,4.9052,-1.423
0.0551,-3.7106,5.0971,-1.3843
0.0552,-3.9346,5.2713,-1.3347
0.0553,-4.1497,5.4296,-1.2782
0.0554,-4.3541,5.5715,-1.2163
0.0555,-4.5415,5.6923,-1.1506
0.0556,-4.7038,5.7864,-1.0836
0.0557,-4.8439,5.8529,-1.0114
0.0558,-4.9683,5.8951,-0.93108
0.0559,-5.0804,5.9223,-0.84817
0.056,-5.1838,5.9426,-0.7673
0.0561,-5.2828,5.9561,-0.6841
0.0562,-5.3731,5.9545,-0.59459
0.0563,-5.4502,5.9352,-0.50081
0.0564,-5.5164,5.9052,-0.40729
0.0565,-5.57,5.8629,-0.31404
0.0566,-5.5971,5.7941,-0.22092
0.0567,-5.5889,5.6883,-0.12615
0.0568,-5.548,5.5482,-0.029843
0.0569,-5.4804,5.3834,0.064563
0.057,-5.3902,5.1986,0.15651
0.0571,-5.2856,4.9945,0.25352
0.0572,-5.1738,4.7763,0.35779
0.0573,-5.0592,4.5549,0.46252
0.0574,-4.9442,4.336,0.56445
0.0575,-4.8296,4.1164,0.66768
0.0576,-4.7106,3.8911,0.77247
0.0577,-4.5837,3.658,0.87718
0.0578,-4.4462,3.4133,0.98319
0.0579,-4.2927,3.1511,1.0908
0.058,-4.1169,2.8682,1.1971
0.0581,-3.92,2.563,1.3049
0.0582,-3.7067,2.2384,1.4163
0.0583,-3.4807,1.902,1.5272
0.0584,-3.2455,1.561,1.6337
0.0585,-3.005,1.2176,1.7376
0.0586,-2.7563,0.86927,1.8387
0.0587,-2.496,0.51455,1.9347
0.0588,-2.2255,0.15402,2.0268
0.0589,-1.9458,-0.21388,2.1174
0.059,-1.6517,-0.59425,2.2063
0.0591,-1.3407,-0.99091,2.2948
0.0592,-1.015,-1.4028,2.3843
0.0593,-0.67773,-1.824,2.4716
0.0594,-0.33244,-2.2484,2.5543
0.0595,0.012605,-2.671,2.6356
0.0596,0.35104,-3.0869,2.7168
0.0597,0.68103,-3.4911,2.7947
0.0598,1.0024,-3.883,2.8689
0.0599,1.316,-4.266,2.9419
0.06,1.6272,-4.6449,3.0132
0.0601,1.9407,-5.0234,3.0815
0.0602,2.259,-5.4048,3.1479
0.0603,2.5858,-5.7919,3.2114
0.0604,2.926,-6.1864,3.2685
0.0605,3.2788,-6.5877,3.3196
0.0606,3.6402,-6.9934,3.3662
0.0607,4.0056,-7.398,3.4073
0.0608,4.3695,-7.7953,3.4423
0.0609,4.7257,-8.1818,3.4734
0.061,5.074,-8.5569,3.5007
0.0611,5.4165,-8.9212,3.5225
0.0612,5.7536,-9.2754,3.5389
0.0613,6.0852,-9.6201,3.551
0.0614,6.414,-9.9573,3.5579
0.0615,6.7405,-10.288,3.5606
0.0616,7.063,-10.614,3.5611
0.0617,7.3799,-10.931,3.5587
0.0618,7.6893,-11.237,3.552
0.0619,7.9858,-11.527,3.543
0.062,8.2655,-11.8,3.5322
0.0621,8.5277,-12.05,3.517
0.0622,8.7737,-12.279,3.4964
0.0623,9.006,-12.49,3.4709
0.0624,9.2308,-12.687,3.4393
0.0625,9.4528,-12.875,3.4011
0.0626,9.6731,-13.056,3.3584
0.0627,9.8928,-13.234,3.3123
0.0628,10.113,-13.407,3.2616
0.0629,10.331,-13.575,3.2066
0.063,10.543,-13.732,3.1484
0.0631,10.745,-13.875,3.0853
0.0632,10.932,-13.997,3.0167
0.0633,11.097,-14.093,2.9442
0.0634,11.241,-14.164,2.8684
0.0635,11.363,-14.21,2.7887
0.0636,11.467,-14.235,2.7065
0.0637,11.554,-14.241,2.6232
0.0638,11.627,-14.231,2.5381
0.0639,11.687,-14.207,2.4516
0.064,11.734,-14.17,2.3644
0.0641,11.769,-14.118,2.2752
0.0642,11.792,-14.049,2.1819
0.0643,11.8,-13.963,2.0853
0.0644,11.792,-13.856,1.986
0.0645,11.767,-13.73,1.8833
0.0646,11.725,-13.584,1.7773
0.0647,11.668,-13.42,1.6695
0.0648,11.601,-13.244,1.559
0.0649,11.527,-13.057,1.4453
0.065,11.447,-12.862,1.3293
0.0651,11.361,-12.659,1.2118
0.0652,11.267,-12.446,1.092
0.0653,11.163,-12.221,0.97108
0.0654,11.043,-11.982,0.85024
0.0655,10.906,-11.724,0.72925
0.0656,10.747,-11.444,0.60809
0.0657,10.564,-11.141,0.48815
0.0658,10.357,-10.816,0.36938
0.0659,10.129,-10.47,0.2508
0.066,9.884,-10.108,0.13255
0.0661,9.627,-9.7337,0.014919
0.0662,9.3627,-9.3521,-0.10297
0.0663,9.0935,-8.9658,-0.22077
0.0664,8.8195,-8.576,-0.3372
0.0665,8.5404,-8.1824,-0.45251
0.0666,8.2561,-7.7835,-0.56781
0.0667,7.9645,-7.3777,-0.68274
0.0668,7.664,-6.9635,-0.79726
0.0669,7.3545,-6.5396,-0.91231
0.067,7.0354,-6.106,-1.0277
0.0671,6.7071,-5.6641,-1.142
0.0672,6.3719,-5.2167,-1.2551
0.0673,6.0322,-4.7664,-1.3666
0.0674,5.6886,-4.315,-1.4753
0.0675,5.3408,-3.8632,-1.5802
0.0676,4.988,-3.4098,-1.6815
0.0677,4.6276,-2.9529,-1.779
0.0678,4.2574,-2.4901,-1.8723
0.0679,3.8764,-2.02,-1.9624
0.068,3.4848,-1.5417,-2.0498
0.0681,3.0825,-1.0559,-2.1339
0.0682,2.6715,-0.56485,-2.2146
0.0683,2.2557,-0.071957,-2.2921
0.0684,1.839,0.4184,-2.366
0.0685,1.4255,0.90189,-2.4359
0.0686,1.0193,1.3752,-2.5029
0.0687,0.62264,1.8366,-2.5672
0.0688,0.23499,2.286,-2.6283
0.0689,-0.14508,2.7251,-2.6863
0.069,-0.51951,3.1562,-2.7417
0.0691,-0.89123,3.5814,-2.7936
0.0692,-1.2624,4.0023,-2.8414
0.0693,-1.6338,4.4198,-2.8851
0.0694,-2.0061,4.834,-2.9243
0.0695,-2.3794,5.2439,-2.9578
0.0696,-2.7515,5.6475,-2.9859
0.0697,-3.1201,6.0427,-3.0088
0.0698,-3.4836,6.4278,-3.0261
0.0699,-3.841,6.8012,-3.0378
0.07,-4.1915,7.163,-3.0444
0.0701,-4.5363,7.5138,-3.0456
0.0702,-4.8766,7.8544,-3.041
0.0703,-5.2124,8.1856,-3.0313
0.0704,-5.5428,8.5072,-3.0174
0.0705,-5.8667,8.8181,-2.9993
0.0706,-6.1818,9.1164,-2.9775
0.0707,-6.4848,9.3998,-2.9529
0.0708,-6.7732,9.6654,-2.9252
0.0709,-7.0448,9.9106,-2.894
0.071,-7.2977,10.134,-2.8596
0.0711,-7.5316,10.334,-2.8218
0.0712,-7.7483,10.513,-2.7798
0.0713,-7.9506,10.672,-2.7335
0.0714,-8.1414,10.816,-2.6832
0.0715,-8.3239,10.947,-2.6286
0.0716,-8.5001,11.067,-2.5698
0.0717,-8.6704,11.177,-2.5071
0.0718,-8.8341,11.277,-2.4407
0.0719,-8.9902,11.364,-2.3699
0.072,-9.1364,11.436,-2.2948
0.0721,-9.2698,11.492,-2.2154
0.0722,-9.3886,11.528,-2.1318
0.0723,-9.4909,11.543,-2.0441
0.0724,-9.5756,11.537,-1.9535
0.0725,-9.6429,11.511,-1.8605
0.0726,-9.6938,11.466,-1.7653
0.0727,-9.729,11.404,-1.6685
0.0728,-9.7486,11.325,-1.5708
0.0729,-9.7528,11.229,-1.4718
0.073,-9.7407,11.116,-1.3716
0.0731,-9.7114,10.983,-1.2703
0.0732,-9.6643,10.832,-1.1675
0.0733,-9.5995,10.66,-1.0628
0.0734,-9.5169,10.47,-0.95639
0.0735,-9.4177,10.261,-0.84852
0.0736,-9.3041,10.035,-0.73888
0.0737,-9.1786,9.7965,-0.62751
0.0738,-9.0438,9.5468,-0.51463
0.0739,-8.902,9.2885,-0.39997
0.074,-8.7544,9.0225,-0.28352
0.0741,-8.6003,8.7488,-0.16583
0.0742,-8.4379,8.4663,-0.047366
0.0743,-8.2652,8.1728,0.071687
0.0744,-8.0792,7.8662,0.19073
0.0745,-7.8776,7.5446,0.30918
0.0746,-7.6587,7.2068,0.42687
0.0747,-7.4221,6.8524,0.54359
0.0748,-7.168,6.4823,0.65881
0.0749,-6.898,6.0981,0.7724
0.075,-6.6145,5.7023,0.88446
0.0751,-6.3199,5.2974,0.99476
0.0752,-6.0161,4.8856,1.1031
0.0753,-5.7048,4.4683,1.2096
0.0754,-5.3866,4.0461,1.3142
0.0755,-5.0614,3.6191,1.417
0.0756,-4.7293,3.187,1.5181
0.0757,-4.391,2.75,1.6181
0.0758,-4.0468,2.3084,1.717
0.0759,-3.6977,1.8632,1.8148
0.076,-3.345,1.4158,1.9114
0.0761,-2.9901,0.96776,2.0064
0.0762,-2.6339,0.52088,2.0992
0.0763,-2.2774,0.076347,2.1894
0.0764,-1.9207,-0.36541,2.2766
0.0765,-1.5628,-0.80487,2.3603
0.0766,-1.202,-1.2433,2.4401
0.0767,-0.83679,-1.6823,2.5159
0.0768,-0.46535,-2.1234,2.5877
0.0769,-0.086732,-2.5675,2.655
0.077,0.29881,-3.0143,2.718
0.0771,0.69012,-3.4628,2.7767
0.0772,1.0854,-3.9109,2.8306
0.0773,1.4821,-4.3558,2.8798
0.0774,1.877,-4.7948,2.9245
0.0775,2.2674,-5.2253,2.9646
0.0776,2.6511,-5.6451,3.0005
0.0777,3.0265,-6.0532,3.0326
0.0778,3.3932,-6.4494,3.0609
0.0779,3.7518,-6.834,3.0856
0.078,4.1028,-7.2078,3.1065
0.0781,4.4469,-7.5715,3.1238
0.0782,4.7848,-7.9252,3.1371
0.0783,5.1164,-8.2688,3.1461
0.0784,5.4415,-8.6019,3.1509
0.0785,5.7594,-8.9237,3.1511
0.0786,6.07,-9.2333,3.1464
0.0787,6.3725,-9.5301,3.1367
0.0788,6.667,-9.814,3.122
0.0789,6.9537,-10.085,3.102
0.079,7.2333,-10.344,3.0767
0.0791,7.5065,-10.591,3.0463
0.0792,7.7736,-10.827,3.0108
0.0793,8.0347,-11.052,2.9704
0.0794,8.2884,-11.266,2.9256
0.0795,8.5328,-11.466,2.877
0.0796,8.7657,-11.651,2.8246
0.0797,8.9846,-11.819,2.769
0.0798,9.187,-11.966,2.7102
0.0799,9.3714,-12.093,2.6484
0.08,9.537,-12.197,2.5834
0.0801,9.6838,-12.28,2.5156
0.0802,9.8127,-12.341,2.4448
0.0803,9.9256,-12.384,2.371
0.0804,10.024,-12.408,2.2942
0.0805,10.111,-12.418,2.2146
0.0806,10.186,-12.413,2.1319
0.0807,10.25,-12.394,2.046
0.0808,10.304,-12.36,1.957
0.0809,10.346,-12.312,1.8646
0.081,10.376,-12.249,1.7687
0.0811,10.394,-12.169,1.6693
0.0812,10.398,-12.072,1.5668
0.0813,10.388,-11.958,1.4614
0.0814,10.364,-11.828,1.3536
0.0815,10.326,-11.681,1.2439
0.0816,10.274,-11.519,1.1329
0.0817,10.208,-11.342,1.0208
0.0818,10.126,-11.149,0.90796
0.0819,10.029,-10.939,0.79474
0.082,9.9152,-10.712,0.68115
0.0821,9.7835,-10.467,0.56728
0.0822,9.6337,-10.204,0.45324
0.0823,9.4661,-9.9228,0.339
0.0824,9.2819,-9.6247,0.22451
0.0825,9.0827,-9.3114,0.10982
0.0826,8.8705,-8.9849,-0.0050823
0.0827,8.6478,-8.6475,-0.12034
0.0828,8.4168,-8.3014,-0.23598
0.0829,8.1789,-7.9481,-0.35197
0.083,7.9351,-7.5886,-0.46832
0.0831,7.6854,-7.2228,-0.5849
0.0832,7.4289,-6.8502,-0.70139
0.0833,7.1642,-6.47,-0.81748
0.0834,6.8901,-6.081,-0.93291
0.0835,6.6055,-5.6825,-1.0473
0.0836,6.3096,-5.2742,-1.1602
0.0837,6.0023,-4.8562,-1.2713
0.0838,5.6839,-4.4293,-1.3804
0.0839,5.355,-3.9945,-1.4871
0.084,5.0167,-3.5529,-1.5909
0.0841,4.6698,-3.1056,-1.692
0.0842,4.3152,-2.6537,-1.79
0.0843,3.9536,-2.1978,-1.8848
0.0844,3.5854,-1.7384,-1.9767
0.0845,3.2114,-1.2758,-2.0657
0.0846,2.8321,-0.81079,-2.1519
0.0847,2.4489,-0.34419,-2.2356
0.0848,2.0632,0.12267,-2.3169
0.0849,1.6765,0.58816,-2.3958
0.085,1.2907,1.0506,-2.4722
0.0851,0.90702,1.5083,-2.5459
0.0852,0.52659,1.9601,-2.6167
0.0853,0.14976,2.4052,-2.6843
0.0854,-0.22361,2.8437,-2.7483
0.0855,-0.59432,3.2759,-2.8086
0.0856,-0.96358,3.703,-2.8648
0.0857,-1.3327,4.1258,-2.9166
0.0858,-1.7027,4.5453,-2.9637
0.0859,-2.0743,4.9619,-3.0061
0.086,-2.4472,5.3751,-3.0433
0.0861,-2.8208,5.7842,-3.0752
0.0862,-3.1937,6.1877,-3.1019
0.0863,-3.5644,6.584,-3.1233
0.0864,-3.931,6.9713,-3.1394
0.0865,-4.2918,7.3482,-3.1506
0.0866,-4.6453,7.7134,-3.157
0.0867,-4.9907,8.066,-3.159
0.0868,-5.3269,8.4056,-3.1568
0.0869,-5.6537,8.7318,-3.1507
0.087,-5.9707,9.0445,-3.1408
0.0871,-6.2774,9.3432,-3.1271
0.0872,-6.5735,9.6275,-3.1098
0.0873,-6.8583,9.8967,-3.0887
0.0874,-7.1314,10.15,-3.0638
0.0875,-7.3925,10.388,-3.035
0.0876,-7.6414,10.609,-3.002
0.0877,-7.8787,10.814,-2.9647
0.0878,-8.105,11.003,-2.9229
0.0879,-8.321,11.177,-2.8766
0.088,-8.5278,11.336,-2.8256
0.0881,-8.7261,11.483,-2.7699
0.0882,-8.9161,11.616,-2.7098
0.0883,-9.0976,11.736,-2.6453
0.0884,-9.2696,11.842,-2.5767
0.0885,-9.4307,11.933,-2.5043
0.0886,-9.5791,12.008,-2.4284
0.0887,-9.7129,12.064,-2.3493
0.0888,-9.8305,12.101,-2.2671
0.0889,-9.9308,12.117,-2.1823
0.089,-10.013,12.113,-2.0949
0.0891,-10.077,12.088,-2.0052
0.0892,-10.124,12.042,-1.9135
0.0893,-10.153,11.978,-1.8197
0.0894,-10.167,11.895,-1.7241
0.0895,-10.165,11.796,-1.6266
0.0896,-10.15,11.679,-1.5272
0.0897,-10.121,11.547,-1.4257
0.0898,-10.078,11.4,-1.322
0.0899,-10.022,11.236,-1.2161
0.09,-9.9535,11.058,-1.1079
0.0901,-9.8725,10.865,-0.99741
0.0902,-9.7793,10.657,-0.8848
0.0903,-9.6742,10.435,-0.77034
0.0904,-9.5576,10.201,-0.6543
0.0905,-9.4294,9.9534,-0.53705
0.0906,-9.2892,9.6933,-0.419
0.0907,-9.1367,9.4203,-0.30047
0.0908,-8.9708,9.134,-0.1818
0.0909,-8.7907,8.8336,-0.063315
0.091,-8.5954,8.5186,0.054717
0.0911,-8.3842,8.1886,0.17209
0.0912,-8.1569,7.8436,0.2886
0.0913,-7.914,7.4841,0.40413
0.0914,-7.6565,7.1112,0.5186
0.0915,-7.3859,6.7266,0.63202
0.0916,-7.1039,6.3318,0.74436
0.0917,-6.8123,5.9288,0.85567
0.0918,-6.513,5.5192,0.96604
0.0919,-6.2071,5.1042,1.0755
0.092,-5.8957,4.6848,1.184
0.0921,-5.5792,4.2614,1.2915
0.0922,-5.2576,3.8342,1.398
0.0923,-4.9307,3.4032,1.5032
0.0924,-4.5981,2.9681,1.6069
0.0925,-4.2596,2.5292,1.7089
0.0926,-3.9152,2.0866,1.8088
0.0927,-3.5649,1.6405,1.9062
0.0928,-3.2087,1.1916,2.001
0.0929,-2.8469,0.74026,2.0925
0.093,-2.4796,0.28696,2.1807
0.0931,-2.107,-0.16791,2.2651
0.0932,-1.7293,-0.624,2.3457
0.0933,-1.3467,-1.081,2.4223
0.0934,-0.95974,-1.5385,2.4948
0.0935,-0.56897,-1.9959,2.5634
0.0936,-0.17545,-2.4523,2.6281
0.0937,0.21948,-2.9065,2.6889
0.0938,0.61421,-3.357,2.7461
0.0939,1.007,-3.8022,2.7995
0.094,1.3962,-4.2404,2.8494
0.0941,1.7803,-4.6703,2.8955
0.0942,2.1585,-5.0908,2.9379
0.0943,2.5301,-5.5012,2.9764
0.0944,2.8952,-5.9015,3.011
0.0945,3.254,-6.2919,3.0414
0.0946,3.6073,-6.6728,3.0675
0.0947,3.9556,-7.0447,3.0892
0.0948,4.2997,-7.4081,3.1061
0.0949,4.6398,-7.7629,3.1182
0.095,4.9759,-8.1092,3.1252
0.0951,5.3077,-8.4462,3.1271
0.0952,5.6346,-8.7734,3.1237
0.0953,5.9558,-9.0899,3.115
0.0954,6.2703,-9.3949,3.1013
0.0955,6.5774,-9.6875,3.0825
0.0956,6.8759,-9.967,3.059
0.0957,7.1652,-10.233,3.031
0.0958,7.4444,-10.484,2.9988
0.0959,7.7126,-10.721,2.9626
0.096,7.969,-10.942,2.9226
0.0961,8.2127,-11.147,2.879
0.0962,8.4428,-11.334,2.832
0.0963,8.6584,-11.504,2.7816
0.0964,8.8591,-11.655,2.728
0.0965,9.0446,-11.788,2.6709
0.0966,9.215,-11.902,2.6105
0.0967,9.3707,-11.997,2.5466
0.0968,9.5128,-12.075,2.479
0.0969,9.6419,-12.137,2.4078
0.097,9.7591,-12.182,2.3328
0.0971,9.8651,-12.212,2.254
0.0972,9.9603,-12.228,2.1716
0.0973,10.045,-12.229,2.0856
0.0974,10.118,-12.215,1.9961
0.0975,10.178,-12.186,1.9033
0.0976,10.226,-12.14,1.8076
0.0977,10.259,-12.076,1.7091
0.0978,10.277,-11.995,1.6082
0.0979,10.279,-11.896,1.5051
0.098,10.264,-11.778,1.4003
0.0981,10.232,-11.641,1.2939
0.0982,10.183,-11.486,1.1863
0.0983,10.118,-11.313,1.0777
0.0984,10.036,-11.123,0.96824
0.0985,9.9384,-10.916,0.85796
0.0986,9.8254,-10.693,0.74689
0.0987,9.6976,-10.454,0.63498
0.0988,9.5557,-10.201,0.52215
0.0989,9.4003,-9.9323,0.40836
0.099,9.2324,-9.6504,0.29358
0.0991,9.0528,-9.3559,0.17784
0.0992,8.8625,-9.0496,0.061209
0.0993,8.6621,-8.7326,-0.056159
0.0994,8.4522,-8.4054,-0.17406
0.0995,8.233,-8.0687,-0.29225
0.0996,8.0044,-7.7225,-0.41046
0.0997,7.7659,-7.3667,-0.52836
0.0998,7.517,-7.0011,-0.64565
0.0999,7.2569,-6.6252,-0.762
0.1,6.9849,-6.2387,-0.87711
0.1001,6.7006,-5.8414,-0.99069
0.1002,6.4039,-5.4336,-1.1025
0.1003,6.0952,-5.0158,-1.2123
0.1004,5.7752,-4.5888,-1.32
0.1005,5.445,-4.1538,-1.4254
0.1006,5.1059,-3.7122,-1.5286
0.1007,4.7592,-3.2653,-1.6295
0.1008,4.4063,-2.8144,-1.7282
0.1009,4.0485,-2.3607,-1.8247
0.101,3.6867,-1.9051,-1.9191
0.1011,3.3217,-1.4484,-2.0113
0.1012,2.9542,-0.9912,-2.1014
0.1013,2.5846,-0.53412,-2.1892
0.1014,2.2135,-0.077652,-2.2747
0.1015,1.8411,0.37769,-2.3576
0.1016,1.4677,0.83143,-2.4377
0.1017,1.0934,1.2831,-2.5148
0.1018,0.71838,1.7324,-2.5885
0.1019,0.34255,2.179,-2.6585
0.102,-0.034225,2.6227,-2.7245
0.1021,-0.41212,3.0636,-2.7862
0.1022,-0.79125,3.5014,-2.8434
0.1023,-1.1716,3.9362,-2.8958
0.1024,-1.553,4.3674,-2.9435
0.1025,-1.9348,4.7947,-2.9863
0.1026,-2.3161,5.2171,-3.0242
0.1027,-2.6959,5.6336,-3.0574
0.1028,-3.0726,6.0427,-3.086
0.1029,-3.4448,6.4432,-3.1099
0.103,-3.811,6.8336,-3.1295
0.1031,-4.17,7.2128,-3.1448
0.1032,-4.5207,7.5798,-3.1559
0.1033,-4.8625,7.9339,-3.1628
0.1034,-5.1949,8.2748,-3.1658
0.1035,-5.5179,8.6024,-3.1647
0.1036,-5.8317,8.9167,-3.1595
0.1037,-6.1364,9.2178,-3.1502
0.1038,-6.4323,9.5059,-3.1366
0.1039,-6.7195,9.7809,-3.1186
0.104,-6.9983,10.043,-3.0961
0.1041,-7.2686,10.291,-3.0689
0.1042,-7.5302,10.526,-3.037
0.1043,-7.783,10.748,-3.0004
0.1044,-8.0267,10.955,-2.9591
0.1045,-8.2611,11.148,-2.9131
0.1046,-8.4856,11.327,-2.8626
0.1047,-8.6996,11.49,-2.8079
0.1048,-8.9025,11.638,-2.749
0.1049,-9.0935,11.77,-2.6864
0.105,-9.2714,11.885,-2.6202
0.1051,-9.4354,11.982,-2.5507
0.1052,-9.5843,12.06,-2.4781
0.1053,-9.7176,12.12,-2.4026
0.1054,-9.8345,12.16,-2.3243
0.1055,-9.9348,12.181,-2.2433
0.1056,-10.019,12.182,-2.1597
0.1057,-10.086,12.164,-2.0735
0.1058,-10.139,12.128,-1.9846
0.1059,-10.177,12.074,-1.8931
0.106,-10.201,12.003,-1.7989
0.1061,-10.212,11.917,-1.7021
0.1062,-10.21,11.815,-1.6025
0.1063,-10.197,11.698,-1.5004
0.1064,-10.171,11.566,-1.3957
0.1065,-10.133,11.419,-1.2886
0.1066,-10.081,11.257,-1.1794
0.1067,-10.017,11.08,-1.0681
0.1068,-9.9389,10.887,-0.95521
0.1069,-9.8465,10.678,-0.84092
0.107,-9.7395,10.454,-0.72555
0.1071,-9.6175,10.214,-0.60943
0.1072,-9.4803,9.9582,-0.49286
0.1073,-9.328,9.6872,-0.3761
0.1074,-9.1604,9.4009,-0.25936
0.1075,-8.9777,9.1,-0.14279
0.1076,-8.7804,8.7847,-0.026505
0.1077,-8.5689,8.4557,0.089457
0.1078,-8.3439,8.1137,0.20508
0.1079,-8.1063,7.7597,0.32036
0.108,-7.8573,7.3947,0.4353
0.1081,-7.5978,7.0199,0.54989
0.1082,-7.3291,6.6365,0.6641
0.1083,-7.0521,6.2454,0.77785
0.1084,-6.7676,5.8475,0.89104
0.1085,-6.476,5.4435,1.0035
0.1086,-6.1774,5.0337,1.1151
0.1087,-5.8719,4.6182,1.2255
0.1088,-5.5591,4.1971,1.3345
0.1089,-5.2386,3.7702,1.4419
0.109,-4.9101,3.3376,1.5472
0.1091,-4.5734,2.8992,1.6502
0.1092,-4.2284,2.4552,1.7507
0.1093,-3.8752,2.0062,1.8484
0.1094,-3.5145,1.5528,1.943
0.1095,-3.1467,1.0956,2.0345
0.1096,-2.7729,0.63578,2.1226
0.1097,-2.3939,0.17416,2.2075
0.1098,-2.0107,-0.28821,2.289
0.1099,-1.6245,-0.75032,2.3671
0.11,-1.4749,-0.92501,2.3943
0.1101,-1.4026,-1.0095,2.4087
0.1102,-1.3322,-1.0921,2.4227
0.1103,-1.2579,-1.1726,2.4306
0.1104,-1.1789,-1.2485,2.429
0.1105,-1.0978,-1.3217,2.4224
0.1106,-1.0149,-1.3969,2.4154
0.1107,-0.92844,-1.4709,2.4036
0.1108,-0.83778,-1.5392,2.3815
0.1109,-0.74422,-1.6044,2.353
0.111,-0.65094,-1.669,2.3238
0.1111,-0.56178,-1.7304,2.2951
0.1112,-0.47643,-1.7877,2.2659
0.1113,-0.39099,-1.8428,2.234
0.1114,-0.30329,-1.8949,2.1966
0.1115,-0.21437,-1.9441,2.1546
0.1116,-0.12421,-1.9938,2.1117
0.1117,-0.03218,-2.0442,2.0673
0.1118,0.06127,-2.092,2.0188
0.1119,0.15465,-2.1366,1.9669
0.112,0.24554,-2.1786,1.9148
0.1121,0.33095,-2.2159,1.8635
0.1122,0.41162,-2.2479,1.8115
0.1123,0.49147,-2.2763,1.7568
0.1124,0.57238,-2.3015,1.6979
0.1125,0.65409,-2.3231,1.6347
0.1126,0.73805,-2.3432,1.5677
0.1127,0.82542,-2.3612,1.4953
0.1128,0.91466,-2.374,1.4159
0.1129,1.003,-2.3825,1.333
0.113,1.0885,-2.3891,1.2512
0.1131,1.1696,-2.3915,1.1697
0.1132,1.2461,-2.3871,1.0862
0.1133,1.32,-2.3782,1.0013
0.1134,1.3925,-2.3672,0.91595
0.1135,1.4623,-2.3524,0.82997
0.1136,1.5296,-2.3347,0.7441
0.1137,1.596,-2.3163,0.65891
0.1138,1.6608,-2.2951,0.57301
0.1139,1.7218,-2.269,0.48628
0.114,1.7788,-2.2399,0.40076
0.1141,1.8326,-2.2086,0.31675
0.1142,1.883,-2.1734,0.23227
0.1143,1.9312,-2.1344,0.14668
0.1144,1.9786,-2.0936,0.060148
0.1145,2.0249,-2.0498,-0.027968
0.1146,2.0688,-2.0017,-0.11771
0.1147,2.1102,-1.9503,-0.2081
0.1148,2.149,-1.8957,-0.29889
0.1149,2.1836,-1.837,-0.38965
0.115,2.2139,-1.775,-0.47925
0.1151,2.2412,-1.7105,-0.56833
0.1152,2.2669,-1.6428,-0.65901
0.1153,2.2912,-1.5725,-0.75075
0.1154,2.3138,-1.502,-0.84107
0.1155,2.3334,-1.4307,-0.92914
0.1156,2.3491,-1.3575,-1.0154
0.1157,2.3598,-1.2824,-1.0985
0.1158,2.3644,-1.2056,-1.1775
0.1159,2.3618,-1.1259,-1.2527
0.116,2.353,-1.044,-1.3241
0.1161,2.3398,-0.9618,-1.3919
0.1162,2.3236,-0.87893,-1.4578
0.1163,2.3057,-0.79498,-1.5234
0.1164,2.2874,-0.71118,-1.5887
0.1165,2.2685,-0.62746,-1.6535
0.1166,2.2471,-0.54219,-1.7176
0.1167,2.2223,-0.45542,-1.7801
0.1168,2.194,-0.36773,-1.8402
0.1169,2.161,-0.27794,-1.898
0.117,2.1231,-0.18572,-1.9537
0.1171,2.0819,-0.092689,-2.007
0.1172,2.0386,0.00047523,-2.0588
0.1173,1.9932,0.093872,-2.1089
0.1174,1.9457,0.18611,-2.1559
0.1175,1.8964,0.2764,-2.1992
0.1176,1.8446,0.36617,-2.2397
0.1177,1.7893,0.45596,-2.2766
0.1178,1.7301,0.54449,-2.3085
0.1179,1.6669,0.63175,-2.3351
0.118,1.5998,0.71849,-2.3573
0.1181,1.5294,0.80364,-2.3745
0.1182,1.457,0.88686,-2.3878
0.1183,1.3829,0.96906,-2.3982
0.1184,1.3068,1.0502,-2.4053
0.1185,1.2289,1.1294,-2.4085
0.1186,1.1495,1.2072,-2.4085
0.1187,1.0684,1.2846,-2.4062
0.1188,0.98635,1.3607,-2.4013
0.1189,0.90407,1.4351,-2.3941
0.119,0.82192,1.5083,-2.3856
0.1191,0.74016,1.5798,-2.3754
0.1192,0.65889,1.6485,-2.3626
0.1193,0.57736,1.7149,-2.3467
0.1194,0.49451,1.7794,-2.3274
0.1195,0.40981,1.8417,-2.3036
0.1196,0.32291,1.9019,-2.2751
0.1197,0.23352,1.9603,-2.242
0.1198,0.14236,2.0158,-2.204
0.1199,0.050613,2.0675,-2.1612
0.12,-0.040976,2.1156,-2.1148
0.1201,-0.13175,2.16,-2.0654
0.1202,-0.2211,2.2003,-2.013
0.1203,-0.30955,2.2368,-1.9576
0.1204,-0.39825,2.2704,-1.8991
0.1205,-0.48749,2.3011,-1.837
0.1206,-0.57704,2.3288,-1.7716
0.1207,-0.66698,2.3546,-1.7038
0.1208,-0.75668,2.3783,-1.6342
0.1209,-0.84461,2.3988,-1.5633
0.121,-0.92983,2.4161,-1.4919
0.1211,-1.0122,2.4302,-1.4204
0.1212,-1.0915,2.4406,-1.3485
0.1213,-1.1676,2.447,-1.2761
0.1214,-1.2416,2.4503,-1.2029
0.1215,-1.3146,2.4507,-1.1282
0.1216,-1.3866,2.4474,-1.0513
0.1217,-1.4579,2.4407,-0.97195
0.1218,-1.5286,2.4306,-0.89011
0.1219,-1.5983,2.4165,-0.80558
0.122,-1.6662,2.3982,-0.71895
0.1221,-1.7323,2.3763,-0.63073
0.1222,-1.7966,2.3504,-0.5407
0.1223,-1.8589,2.3202,-0.44875
0.1224,-1.9191,2.2864,-0.35557
0.1225,-1.9771,2.2493,-0.26165
