0.1,0.42795,0.10296,-0.46167
0.1001,0.41518,0.12245,-0.46886
0.1002,0.40162,0.14176,-0.47554
0.1003,0.38735,0.16083,-0.48168
0.1004,0.3724,0.17958,-0.48722
0.1005,0.35684,0.19794,-0.49214
0.1006,0.34072,0.21585,-0.49639
0.1007,0.3241,0.23327,-0.49994
0.1008,0.30701,0.25018,-0.50277
0.1009,0.2895,0.26657,-0.50487
0.101,0.27161,0.28245,-0.50623
0.1011,0.25337,0.29783,-0.50687
0.1012,0.23479,0.31275,-0.50681
0.1013,0.21592,0.32723,-0.50606
0.1014,0.059604,0.31863,-0.34478
0.1015,-0.01015,0.32696,-0.28591
0.1016,-0.058829,0.33791,-0.2493
0.1017,-0.097957,0.34908,-0.22202
0.1018,-0.098912,0.35929,-0.23171
0.1019,-0.10053,0.37731,-0.24793
0.102,-0.14078,0.3897,-0.21986
0.1021,-0.1832,0.40048,-0.18842
0.1022,-0.21611,0.4116,-0.16675
0.1023,-0.27883,0.42507,-0.11745
0.1024,-0.35512,0.43029,-0.046503
0.1025,-0.40338,0.43751,-0.0056389
0.1026,-0.43715,0.44495,0.02085
0.1027,-0.46374,0.45262,0.040105
0.1028,-0.4607,0.45824,0.031848
0.1029,-0.45881,0.46981,0.018992
0.103,-0.5041,0.47643,0.058291
0.1031,-0.57989,0.47897,0.1319
0.1032,-0.66252,0.4777,0.21605
0.1033,-0.75948,0.47665,0.31434
0.1034,-0.84346,0.46931,0.40595
0.1035,-0.87947,0.46563,0.44604
0.1036,-0.89192,0.46427,0.46046
0.1037,-0.90082,0.46381,0.47049
0.1038,-0.87939,0.4612,0.45233
0.1039,-0.84029,0.4652,0.40993
0.104,-0.8269,0.46709,0.39534
0.1041,-0.83144,0.46649,0.40112
0.1042,-0.83845,0.46399,0.41127
0.1043,-0.87451,0.46301,0.44897
0.1044,-0.92774,0.45479,0.51109
0.1045,-0.94469,0.44755,0.53597
0.1046,-0.92822,0.44375,0.52392
0.1047,-0.91526,0.44255,0.5127
0.1048,-0.89795,0.43742,0.501
0.1049,-0.87738,0.43567,0.4826
0.105,-0.89108,0.43121,0.5011
0.1051,-0.93402,0.42223,0.55339
0.1052,-0.96635,0.40938,0.59901
0.1053,-0.99296,0.39987,0.63549
0.1054,-1.0243,0.38698,0.68007
0.1055,-1.0297,0.37464,0.69805
0.1056,-0.99593,0.36454,0.67454
0.1057,-0.94608,0.35816,0.63091
0.1058,-0.88049,0.34934,0.57381
0.1059,-0.79928,0.3436,0.49782
0.106,-0.73859,0.33688,0.44314
0.1061,-0.7163,0.32736,0.42968
0.1062,-0.70912,0.31336,0.43591
0.1063,-0.70833,0.30131,0.44656
0.1064,-0.71224,0.28694,0.46417
0.1065,-0.69673,0.27381,0.46104
0.1066,-0.65657,0.26249,0.43121
0.1067,-0.61841,0.25356,0.40073
0.1068,-0.58441,0.24066,0.37828
0.1069,-0.54381,0.22869,0.34822
0.107,-0.51513,0.21553,0.33109
0.1071,-0.50928,0.20055,0.33854
0.1072,-0.5044,0.18259,0.3499
0.1073,-0.49637,0.16768,0.35492
0.1074,-0.49194,0.1511,0.36504
0.1075,-0.46421,0.13468,0.35157
0.1076,-0.39156,0.12001,0.2912
0.1077,-0.29893,0.1091,0.20693
0.1078,-0.20616,0.095222,0.12547
0.1079,-0.11119,0.081655,0.041601
0.108,-0.033115,0.067499,-0.02459
0.1081,0.007958,0.051853,-0.052094
0.1082,0.033637,0.032291,-0.060137
0.1083,0.063147,0.015419,-0.074492
0.1084,0.086619,-0.0015064,-0.082446
0.1085,0.10981,-0.019009,-0.089235
0.1086,0.15426,-0.037228,-0.11621
0.1087,0.21261,-0.052569,-0.15949
0.1088,0.27042,-0.069889,-0.1998
0.1089,0.33278,-0.086859,-0.24462
0.109,0.39295,-0.10315,-0.28752
0.1091,0.43017,-0.11837,-0.30819
0.1092,0.45234,-0.13637,-0.31081
0.1093,0.48179,-0.15271,-0.3222
0.1094,0.52367,-0.16848,-0.34635
0.1095,0.58397,-0.18322,-0.38984
0.1096,0.67097,-0.19744,-0.46047
0.1097,0.77562,-0.20901,-0.55139
0.1098,0.87758,-0.22041,-0.63981
0.1099,0.96971,-0.23156,-0.71877
0.11,1.0473,-0.24221,-0.78378
0.1101,1.0991,-0.25214,-0.8238
0.1102,1.1288,-0.26367,-0.84034
0.1103,1.1501,-0.27476,-0.84898
0.1104,1.1666,-0.28597,-0.85293
0.1105,1.1852,-0.29756,-0.85861
0.1106,1.2219,-0.30924,-0.88247
0.1107,1.2771,-0.31798,-0.92784
0.1108,1.3345,-0.32525,-0.97704
0.1109,1.3874,-0.33146,-1.023
0.111,1.4342,-0.33642,-1.0641
0.1111,1.4644,-0.33986,-1.0902
0.1112,1.4809,-0.34476,-1.1013
0.1113,1.5037,-0.34949,-1.1189
0.1114,1.5401,-0.35296,-1.1514
0.1115,1.5857,-0.35523,-1.1945
0.1116,1.6448,-0.35723,-1.2514
0.1117,1.7166,-0.35646,-1.3237
0.1118,1.7841,-0.35371,-1.3938
0.1119,1.836,-0.35019,-1.4491
0.112,1.8716,-0.34658,-1.4883
0.1121,1.8839,-0.34217,-1.505
0.1122,1.8696,-0.33964,-1.4932
0.1123,1.8436,-0.33873,-1.4682
0.1124,1.8218,-0.33814,-1.447
0.1125,1.8092,-0.33653,-1.4361
0.1126,1.8115,-0.33424,-1.4408
0.1127,1.8299,-0.32923,-1.4644
0.1128,1.8519,-0.32201,-1.4938
0.1129,1.8664,-0.31379,-1.5167
0.113,1.8731,-0.30582,-1.5317
0.1131,1.8709,-0.29744,-1.5381
0.1132,1.8597,-0.29026,-1.5342
0.1133,1.8498,-0.28372,-1.531
0.1134,1.847,-0.27715,-1.535
0.1135,1.8514,-0.26925,-1.5473
0.1136,1.8646,-0.26111,-1.5687
0.1137,1.8867,-0.25086,-1.6011
0.1138,1.9052,-0.23938,-1.6311
0.1139,1.9066,-0.22765,-1.6442
0.114,1.8882,-0.21746,-1.6359
0.1141,1.8485,-0.20777,-1.6059
0.1142,1.7884,-0.20011,-1.5534
0.1143,1.7221,-0.19352,-1.4935
0.1144,1.6655,-0.18664,-1.4437
0.1145,1.6212,-0.17748,-1.4084
0.1146,1.589,-0.16737,-1.3862
0.1147,1.5714,-0.15513,-1.3806
0.1148,1.5614,-0.14129,-1.3841
0.1149,1.5471,-0.12666,-1.384
0.115,1.5263,-0.11316,-1.3762
0.1151,1.4995,-0.099502,-1.3625
0.1152,1.4632,-0.086634,-1.3386
0.1153,1.4212,-0.074426,-1.3083
0.1154,1.3849,-0.062561,-1.2833
0.1155,1.3581,-0.049147,-1.2692
0.1156,1.3378,-0.035362,-1.262
0.1157,1.3218,-0.020832,-1.2598
0.1158,1.3025,-0.0061564,-1.2543
0.1159,1.2676,0.0083117,-1.233
0.116,1.2129,0.02084,-1.1902
0.1161,1.1427,0.032638,-1.1313
0.1162,1.0611,0.043718,-1.0605
0.1163,0.9759,0.054931,-0.98644
0.1164,0.89871,0.066562,-0.92098
0.1165,0.83522,0.080209,-0.87128
0.1166,0.78578,0.094956,-0.83668
0.1167,0.7508,0.11118,-0.81797
0.1168,0.72558,0.12847,-0.81001
0.1169,0.69887,0.14666,-0.80143
0.117,0.66384,0.16403,-0.78385
0.1171,0.61952,0.18121,-0.75703
0.1172,0.56533,0.1976,-0.71981
0.1173,0.50536,0.21327,-0.67635
0.1174,0.44976,0.22809,-0.6366
0.1175,0.40268,0.2435,-0.60599
0.1176,0.36016,0.25853,-0.5795
0.1177,0.31908,0.27313,-0.55399
0.1178,0.27567,0.28701,-0.52545
0.1179,0.22128,0.3005,-0.48556
0.118,0.15196,0.31219,-0.42907
0.1181,0.072184,0.32285,-0.36123
0.1182,-0.013579,0.33266,-0.28661
0.1183,-0.10078,0.34195,-0.21003
0.1184,-0.17879,0.35041,-0.14169
0.1185,-0.23872,0.35967,-0.091997
0.1186,-0.28079,0.36971,-0.060619
0.1187,-0.30886,0.38065,-0.043832
0.1188,-0.32795,0.3921,-0.036285
0.1189,-0.34814,0.40434,-0.028288
0.119,-0.37823,0.41576,-0.0095222
0.1191,-0.41851,0.42606,0.020502
0.1192,-0.46544,0.43494,0.058556
0.1193,-0.51576,0.44272,0.10112
0.1194,-0.56365,0.44881,0.14299
0.1195,-0.60429,0.45428,0.17831
0.1196,-0.63884,0.45905,0.20834
0.1197,-0.67073,0.46329,0.23631
0.1198,-0.70265,0.46659,0.26531
0.1199,-0.7399,0.46939,0.30017
0.12,-0.78684,0.47063,0.34628
0.1201,-0.84125,0.47029,0.40145
0.1202,-0.89734,0.46832,0.45995
0.1203,-0.94901,0.46543,0.51497
0.1204,-0.98757,0.46165,0.55783
0.1205,-1.0063,0.45847,0.58028
0.1206,-1.0069,0.45625,0.58375
0.1207,-0.99607,0.45509,0.5747
0.1208,-0.97983,0.45427,0.55993
0.1209,-0.96613,0.45386,0.54724
0.121,-0.96235,0.45256,0.54536
0.1211,-0.96892,0.44993,0.5551
0.1212,-0.98187,0.44583,0.57268
0.1213,-0.99851,0.44087,0.59479
0.1214,-1.0144,0.43469,0.61733
0.1215,-1.0233,0.42823,0.63321
0.1216,-1.0243,0.42185,0.64098
0.1217,-1.0214,0.41567,0.64455
0.1218,-1.0177,0.40885,0.64799
0.1219,-1.0168,0.4016,0.65457
0.122,-1.0225,0.39313,0.66897
0.1221,-1.0335,0.38328,0.68999
0.1222,-1.0427,0.37218,0.71037
0.1223,-1.0435,0.36099,0.72249
0.1224,-1.0315,0.34986,0.72158
0.1225,-1.0032,0.33954,0.70343
0.1226,-0.96007,0.33014,0.66932
0.1227,-0.90868,0.32159,0.62596
0.1228,-0.85587,0.31285,0.58122
0.1229,-0.80769,0.30379,0.5413
0.123,-0.76991,0.29371,0.51275
0.1231,-0.74447,0.28241,0.49768
0.1232,-0.72793,0.2698,0.49277
0.1233,-0.71551,0.25669,0.49243
0.1234,-0.70207,0.24311,0.49144
0.1235,-0.68211,0.22962,0.48371
0.1236,-0.65395,0.21631,0.46742
0.1237,-0.62104,0.20321,0.44601
0.1238,-0.58716,0.1895,0.42408
0.1239,-0.55486,0.17528,0.40413
0.124,-0.52644,0.16026,0.38874
0.1241,-0.50099,0.14459,0.37688
0.1242,-0.47308,0.12841,0.36298
0.1243,-0.43776,0.11261,0.34119
0.1244,-0.39235,0.097119,0.30895
0.1245,-0.33464,0.082122,0.26389
0.1246,-0.26505,0.067526,0.20659
0.1247,-0.18936,0.053341,0.14292
0.1248,-0.11483,0.038745,0.081016
0.1249,-0.047025,0.023698,0.02654
0.125,0.0093316,0.0079483,-0.015502
0.1251,0.05226,-0.0085101,-0.043111
0.1252,0.085706,-0.025851,-0.060045
0.1253,0.1163,-0.043351,-0.073631
0.1254,0.14924,-0.06089,-0.089159
0.1255,0.18849,-0.078219,-0.11082
0.1256,0.23612,-0.095331,-0.1407
0.1257,0.29,-0.11188,-0.17703
0.1258,0.34608,-0.12827,-0.21541
0.1259,0.4017,-0.14437,-0.25337
0.126,0.45528,-0.16019,-0.28936
0.1261,0.50635,-0.17553,-0.32319
0.1262,0.55766,-0.19062,-0.3574
0.1263,0.61347,-0.20504,-0.39674
0.1264,0.67664,-0.21876,-0.44413
0.1265,0.74827,-0.23159,-0.50089
0.1266,0.82719,-0.24356,-0.56586
0.1267,0.90808,-0.25443,-0.634
0.1268,0.98367,-0.26466,-0.69759
0.1269,1.0485,-0.27443,-0.75103
0.127,1.0996,-0.28406,-0.79105
0.1271,1.1369,-0.29362,-0.81735
0.1272,1.1644,-0.30343,-0.8338
0.1273,1.1887,-0.31307,-0.84738
0.1274,1.215,-0.32235,-0.8634
0.1275,1.2466,-0.33089,-0.88557
0.1276,1.2855,-0.33853,-0.91605
0.1277,1.3302,-0.34475,-0.95382
0.1278,1.3764,-0.34975,-0.99444
0.1279,1.4207,-0.35366,-1.0344
0.128,1.4614,-0.35677,-1.0715
0.1281,1.4975,-0.35917,-1.1049
0.1282,1.531,-0.36129,-1.1359
0.1283,1.5659,-0.36287,-1.169
0.1284,1.6051,-0.36366,-1.2072
0.1285,1.6484,-0.3633,-1.2507
0.1286,1.6936,-0.36183,-1.2972
0.1287,1.7364,-0.35907,-1.3427
0.1288,1.7707,-0.35544,-1.3807
0.1289,1.7923,-0.35138,-1.4063
0.129,1.8001,-0.34741,-1.4181
0.1291,1.7956,-0.34361,-1.4175
0.1292,1.7828,-0.34021,-1.4082
0.1293,1.7679,-0.33687,-1.3967
0.1294,1.7566,-0.33316,-1.3893
0.1295,1.7521,-0.32852,-1.3895
0.1296,1.7552,-0.3228,-1.3985
0.1297,1.7641,-0.31579,-1.4146
0.1298,1.7746,-0.3078,-1.4332
0.1299,1.7823,-0.29928,-1.4496
0.13,1.7854,-0.29077,-1.4613
0.1301,1.7835,-0.28236,-1.4679
0.1302,1.7783,-0.27424,-1.4709
0.1303,1.7729,-0.26608,-1.4737
0.1304,1.7695,-0.25756,-1.4787
0.1305,1.7675,-0.24834,-1.4859
0.1306,1.765,-0.23852,-1.4931
0.1307,1.7587,-0.22813,-1.4971
0.1308,1.7444,-0.21756,-1.4933
0.1309,1.7189,-0.20716,-1.478
0.131,1.6822,-0.19727,-1.4509
0.1311,1.6363,-0.18771,-1.4144
0.1312,1.5853,-0.17837,-1.3725
0.1313,1.5351,-0.16877,-1.3316
0.1314,1.4912,-0.15841,-1.2978
0.1315,1.4561,-0.14687,-1.2739
0.1316,1.4294,-0.13423,-1.2593
0.1317,1.4088,-0.12063,-1.2518
0.1318,1.39,-0.10649,-1.2466
0.1319,1.3687,-0.092236,-1.2389
0.132,1.3428,-0.078312,-1.2262
0.1321,1.3119,-0.064676,-1.2083
0.1322,1.2773,-0.051312,-1.1862
0.1323,1.2407,-0.038014,-1.1622
0.1324,1.2045,-0.024624,-1.1387
0.1325,1.169,-0.010919,-1.1161
0.1326,1.1327,0.0029457,-1.0929
0.1327,1.0933,0.016879,-1.0667
0.1328,1.0478,0.030676,-1.0343
0.1329,0.99363,0.044242,-0.99319
0.133,0.93082,0.057459,-0.94322
0.1331,0.86191,0.070595,-0.88726
0.1332,0.79106,0.083898,-0.82971
0.1333,0.72332,0.097729,-0.77596
0.1334,0.66318,0.11232,-0.73069
0.1335,0.61249,0.12789,-0.69589
0.1336,0.57028,0.14424,-0.67038
0.1337,0.53379,0.16118,-0.6512
0.1338,0.49894,0.17835,-0.63396
0.1339,0.4614,0.19546,-0.61406
0.134,0.41856,0.21211,-0.58855
0.1341,0.37,0.22819,-0.55695
0.1342,0.31671,0.24357,-0.52009
0.1343,0.26082,0.25826,-0.48008
0.1344,0.20495,0.27226,-0.43948
0.1345,0.15035,0.28574,-0.39965
0.1346,0.096203,0.29867,-0.35969
0.1347,0.040705,0.31104,-0.31779
0.1348,-0.018205,0.3228,-0.27183
0.1349,-0.082227,0.33395,-0.22014
0.135,-0.15109,0.34436,-0.16286
0.1351,-0.222,0.35422,-0.10291
0.1352,-0.29097,0.36364,-0.044382
0.1353,-0.35397,0.37286,0.0085016
0.1354,-0.40761,0.38203,0.052245
0.1355,-0.45057,0.39142,0.085289
0.1356,-0.48434,0.40103,0.1091
0.1357,-0.5123,0.41077,0.12713
0.1358,-0.53864,0.42036,0.1438
0.1359,-0.56754,0.42951,0.16351
0.136,-0.60168,0.43777,0.1894
0.1361,-0.64123,0.44484,0.22189
0.1362,-0.68447,0.45057,0.25943
0.1363,-0.72879,0.45501,0.29939
0.1364,-0.77151,0.45826,0.33897
0.1365,-0.81109,0.46061,0.37639
0.1366,-0.84792,0.46219,0.41187
0.1367,-0.88345,0.46308,0.44679
0.1368,-0.91918,0.46323,0.4827
0.1369,-0.9561,0.4626,0.52061
0.137,-0.9938,0.46107,0.56022
0.1371,-1.0299,0.45871,0.59914
0.1372,-1.0612,0.4557,0.63387
0.1373,-1.0845,0.45235,0.66104
0.1374,-1.0977,0.44896,0.67815
0.1375,-1.1004,0.44583,0.68452
0.1376,-1.0949,0.44306,0.68231
0.1377,-1.0852,0.4405,0.67566
0.1378,-1.0756,0.4378,0.66923
0.1379,-1.0698,0.43462,0.66708
0.138,-1.07,0.43053,0.67174
0.1381,-1.0757,0.42534,0.68297
0.1382,-1.0845,0.41907,0.69844
0.1383,-1.0937,0.41196,0.71506
0.1384,-1.1006,0.40422,0.73003
0.1385,-1.1036,0.39612,0.74137
0.1386,-1.1026,0.3878,0.74889
0.1387,-1.0988,0.37922,0.75377
0.1388,-1.0934,0.37024,0.75743
0.1389,-1.0872,0.36076,0.76073
0.139,-1.08,0.35071,0.76358
0.1391,-1.0704,0.34016,0.76433
0.1392,-1.0557,0.32934,0.76022
0.1393,-1.0336,0.31855,0.74866
0.1394,-1.0032,0.30799,0.72833
0.1395,-0.96491,0.29777,0.69967
0.1396,-0.92133,0.28778,0.66535
0.1397,-0.87644,0.27775,0.62959
0.1398,-0.83418,0.26731,0.59679
0.1399,-0.7975,0.25616,0.57016
0.14,-0.76768,0.24414,0.5512
0.1401,-0.74389,0.23122,0.53907
0.1402,-0.72359,0.21758,0.53107
0.1403,-0.70368,0.20346,0.52382
0.1404,-0.68138,0.18906,0.51433
0.1405,-0.65482,0.17454,0.50056
0.1406,-0.62358,0.15993,0.48205
0.1407,-0.58862,0.14518,0.45984
0.1408,-0.55132,0.13017,0.43543
0.1409,-0.51263,0.11488,0.40983
0.141,-0.47277,0.099335,0.38326
0.1411,-0.43083,0.083635,0.35474
0.1412,-0.38498,0.067931,0.32234
0.1413,-0.33362,0.052399,0.28434
0.1414,-0.27625,0.037084,0.24025
0.1415,-0.21375,0.021947,0.19105
0.1416,-0.14842,0.00686,0.13923
0.1417,-0.083682,-0.0083533,0.088427
0.1418,-0.022939,-0.023905,0.042291
0.1419,0.031545,-0.039903,0.0032048
0.142,0.079081,-0.056375,-0.028112
0.1421,0.12077,-0.073257,-0.052832
0.1422,0.15938,-0.09042,-0.073842
0.1423,0.19831,-0.10765,-0.094778
0.1424,0.24046,-0.12475,-0.11875
0.1425,0.28757,-0.14157,-0.14769
0.1426,0.33991,-0.15796,-0.18204
0.1427,0.39629,-0.17386,-0.22073
0.1428,0.45488,-0.18923,-0.26202
0.1429,0.5142,-0.20407,-0.30451
0.143,0.57356,-0.21835,-0.34755
0.1431,0.63318,-0.23203,-0.39146
0.1432,0.69402,-0.24507,-0.43725
0.1433,0.75701,-0.2574,-0.48598
0.1434,0.82224,-0.26898,-0.53781
0.1435,0.88868,-0.27979,-0.59172
0.1436,0.95419,-0.28986,-0.64556
0.1437,1.0159,-0.29927,-0.69634
0.1438,1.0709,-0.30815,-0.74113
0.1439,1.1176,-0.31667,-0.77813
0.144,1.156,-0.32493,-0.80725
0.1441,1.1879,-0.33298,-0.83013
0.1442,1.2163,-0.34076,-0.84989
0.1443,1.2447,-0.3481,-0.87018
0.1444,1.2759,-0.35478,-0.89397
0.1445,1.3111,-0.36057,-0.92279
0.1446,1.3502,-0.36532,-0.95664
0.1447,1.3917,-0.36896,-0.9941
0.1448,1.4335,-0.37155,-1.033
0.1449,1.4739,-0.37324,-1.0714
0.145,1.5119,-0.37415,-1.1082
0.1451,1.5474,-0.37438,-1.1433
0.1452,1.581,-0.37397,-1.1771
0.1453,1.6134,-0.37287,-1.2105
0.1454,1.6448,-0.37099,-1.2438
0.1455,1.6743,-0.36826,-1.276
0.1456,1.7002,-0.36474,-1.3053
0.1457,1.7202,-0.36053,-1.3296
0.1458,1.7326,-0.35586,-1.3467
0.1459,1.7365,-0.35096,-1.3556
0.146,1.733,-0.346,-1.3571
0.1461,1.7242,-0.341,-1.3535
0.1462,1.7134,-0.33586,-1.348
0.1463,1.7039,-0.33038,-1.344
0.1464,1.6979,-0.32431,-1.3443
0.1465,1.6963,-0.31749,-1.3496
0.1466,1.6984,-0.30987,-1.3594
0.1467,1.7025,-0.30156,-1.3718
0.1468,1.7061,-0.29276,-1.3843
0.1469,1.7073,-0.2837,-1.3945
0.147,1.705,-0.27456,-1.4014
0.1471,1.6991,-0.26539,-1.4045
0.1472,1.69,-0.25615,-1.4046
0.1473,1.6786,-0.24672,-1.4025
0.1474,1.6651,-0.23696,-1.3987
0.1475,1.6491,-0.2268,-1.3926
0.1476,1.6294,-0.21629,-1.3832
0.1477,1.6047,-0.20555,-1.369
0.1478,1.5739,-0.1947,-1.3487
0.1479,1.5369,-0.18385,-1.3223
0.148,1.4952,-0.17301,-1.291
0.1481,1.451,-0.16204,-1.2574
0.1482,1.4073,-0.15075,-1.2246
0.1483,1.3666,-0.13895,-1.1952
0.1484,1.3308,-0.12647,-1.1714
0.1485,1.3002,-0.11329,-1.1534
0.1486,1.2735,-0.099512,-1.1399
0.1487,1.2488,-0.085344,-1.1287
0.1488,1.2234,-0.071013,-1.1169
0.1489,1.1953,-0.056734,-1.1023
0.149,1.1633,-0.042623,-1.0836
0.1491,1.1272,-0.028695,-1.0606
0.1492,1.0876,-0.014879,-1.0341
0.1493,1.0454,-0.0010851,-1.005
0.1494,1.0011,0.012778,-0.97393
0.1495,0.95482,0.026747,-0.94104
0.1496,0.90591,0.04081,-0.90572
0.1497,0.85363,0.054928,-0.86721
0.1498,0.79746,0.069086,-0.82499
0.1499,0.7376,0.083291,-0.77931
0.15,0.67529,0.097612,-0.73147
0.1501,0.61259,0.11215,-0.68366
0.1502,0.55191,0.12704,-0.63837
0.1503,0.49539,0.14233,-0.59779
0.1504,0.44423,0.15806,-0.56311
0.1505,0.39827,0.17415,-0.5341
0.1506,0.35602,0.19046,-0.50908
0.1507,0.31516,0.20676,-0.48552
0.1508,0.27317,0.22284,-0.46071
0.1509,0.22802,0.23848,-0.43242
0.151,0.17869,0.25351,-0.39946
0.1511,0.12531,0.26784,-0.36185
0.1512,0.068807,0.28144,-0.32046
0.1513,0.010429,0.29432,-0.27651
0.1514,-0.048692,0.30654,-0.23116
0.1515,-0.10798,0.31816,-0.18502
0.1516,-0.16746,0.32926,-0.13808
0.1517,-0.22746,0.33987,-0.090054
0.1518,-0.28815,0.35002,-0.040788
0.1519,-0.34921,0.35973,0.0093842
0.152,-0.40954,0.36901,0.059343
0.1521,-0.46737,0.37792,0.10728
0.1522,-0.52074,0.38653,0.1512
0.1523,-0.56816,0.3949,0.18953
0.1524,-0.60905,0.40308,0.22166
0.1525,-0.64409,0.41107,0.24827
0.1526,-0.67512,0.41878,0.27125
0.1527,-0.70458,0.42604,0.29319
0.1528,-0.73488,0.43267,0.31667
0.1529,-0.76776,0.43841,0.34366
0.153,-0.80385,0.4431,0.37496
0.1531,-0.84266,0.44662,0.41018
0.1532,-0.88283,0.44897,0.44798
0.1533,-0.92276,0.45025,0.48667
0.1534,-0.96103,0.45061,0.52467
0.1535,-0.99683,0.45022,0.56101
0.1536,-1.03,0.44921,0.59541
0.1537,-1.0608,0.44764,0.62804
0.1538,-1.0894,0.44555,0.65903
0.1539,-1.1156,0.44294,0.68819
0.154,-1.1386,0.43985,0.71472
0.1541,-1.1573,0.43634,0.73733
0.1542,-1.1703,0.43253,0.75465
0.1543,-1.1771,0.42855,0.76586
0.1544,-1.1777,0.42451,0.77102
0.1545,-1.1734,0.42041,0.77131
0.1546,-1.1664,0.41618,0.76888
0.1547,-1.1589,0.41164,0.76633
0.1548,-1.1532,0.40658,0.766
0.1549,-1.1505,0.4008,0.76937
0.155,-1.151,0.39417,0.77674
0.1551,-1.1536,0.38669,0.78718
0.1552,-1.1569,0.37846,0.79889
0.1553,-1.1588,0.36964,0.80986
0.1554,-1.158,0.36041,0.81842
0.1555,-1.1536,0.35092,0.82358
0.1556,-1.1454,0.34123,0.82514
0.1557,-1.1338,0.33133,0.82342
0.1558,-1.1192,0.32121,0.81881
0.1559,-1.1017,0.31084,0.81145
0.156,-1.0809,0.30024,0.80104
0.1561,-1.0565,0.28946,0.78693
0.1562,-1.0276,0.2786,0.76846
0.1563,-0.99437,0.2677,0.74543
0.1564,-0.95722,0.25679,0.7184
0.1565,-0.91753,0.24577,0.68883
0.1566,-0.87726,0.23451,0.65878
0.1567,-0.83847,0.22282,0.63053
0.1568,-0.8028,0.21055,0.60587
0.1569,-0.771,0.19758,0.58568
0.157,-0.74275,0.18391,0.56962
0.1571,-0.71674,0.16963,0.55632
0.1572,-0.69107,0.15488,0.5437
0.1573,-0.66379,0.13981,0.52966
0.1574,-0.63336,0.12458,0.51254
0.1575,-0.59899,0.10925,0.49145
0.1576,-0.56059,0.093863,0.46631
0.1577,-0.51864,0.078415,0.43763
0.1578,-0.479,0.06159,0.41264
0.1579,-0.48113,0.036884,0.43738
0.158,-0.48964,0.012483,0.46825
0.1581,-0.49938,-0.012019,0.50062
0.1582,-0.49629,-0.034723,0.51875
0.1583,-0.47629,-0.058482,0.52158
0.1584,-0.45449,-0.080928,0.52196
0.1585,-0.43757,-0.10313,0.52771
0.1586,-0.41017,-0.12154,0.51988
0.1587,-0.36472,-0.13757,0.4922
0.1588,-0.31824,-0.15152,0.46185
0.1589,-0.28383,-0.16685,0.44523
0.159,-0.26067,-0.18162,0.43939
0.1591,-0.24511,-0.19748,0.4423
0.1592,-0.23112,-0.21393,0.44738
0.1593,-0.21261,-0.232,0.44961
0.1594,-0.19499,-0.24883,0.45164
0.1595,-0.18494,-0.26589,0.46165
0.1596,-0.17696,-0.28148,0.47235
0.1597,-0.16403,-0.29586,0.47689
0.1598,-0.15278,-0.30881,0.48161
0.1599,-0.14791,-0.3228,0.49351
0.16,-0.14685,-0.33615,0.5083
0.1601,-0.14594,-0.34867,0.5221
0.1602,-0.14111,-0.36126,0.53168
0.1603,-0.1274,-0.37646,0.53461
0.1604,-0.10623,-0.3924,0.53069
0.1605,-0.079688,-0.40813,0.52136
0.1606,-0.043006,-0.42209,0.50032
0.1607,0.0037161,-0.43434,0.4678
0.1608,0.047547,-0.44407,0.43589
0.1609,0.080769,-0.45242,0.41335
0.161,0.10962,-0.45831,0.39266
0.1611,0.13889,-0.46201,0.36904
0.1612,0.16489,-0.46401,0.3464
0.1613,0.18627,-0.46598,0.32748
0.1614,0.20428,-0.46699,0.31002
0.1615,0.21727,-0.46825,0.29705
0.1616,0.22532,-0.47062,0.28955
0.1617,0.23209,-0.47445,0.2846
0.1618,0.23651,-0.478,0.28181
0.1619,0.23572,-0.48196,0.28481
0.162,0.23322,-0.48573,0.28946
0.1621,0.23463,-0.48872,0.2895
0.1622,0.24088,-0.49028,0.28329
0.1623,0.25271,-0.49182,0.27144
0.1624,0.27147,-0.4923,0.25154
0.1625,0.29511,-0.49118,0.22509
0.1626,0.3207,-0.48859,0.19521
0.1627,0.34759,-0.4861,0.16417
0.1628,0.37317,-0.48326,0.13414
0.1629,0.39537,-0.48033,0.10746
0.163,0.41816,-0.47666,0.079432
0.1631,0.44509,-0.47194,0.046108
0.1632,0.47158,-0.46535,0.011174
0.1633,0.49284,-0.45757,-0.019861
0.1634,0.50958,-0.44793,-0.048197
0.1635,0.52152,-0.43653,-0.07325
0.1636,0.52563,-0.42358,-0.091414
0.1637,0.52224,-0.41,-0.10183
0.1638,0.51319,-0.39522,-0.10683
0.1639,0.49889,-0.38028,-0.10596
0.164,0.48266,-0.36613,-0.10179
0.1641,0.47078,-0.3533,-0.10043
0.1642,0.4652,-0.3408,-0.10516
0.1643,0.46474,-0.32887,-0.11469
0.1644,0.46976,-0.31673,-0.13015
0.1645,0.47933,-0.30353,-0.15145
0.1646,0.48965,-0.28868,-0.17529
0.1647,0.49996,-0.2731,-0.19983
0.1648,0.51208,-0.25633,-0.22723
0.1649,0.52546,-0.23825,-0.25704
0.165,0.53918,-0.21904,-0.28809
0.1651,0.55435,-0.19964,-0.32051
0.1652,0.5691,-0.18001,-0.35255
0.1653,0.57923,-0.16092,-0.37929
0.1654,0.58439,-0.14241,-0.40042
0.1655,0.58622,-0.12424,-0.41792
0.1656,0.58244,-0.10565,-0.43028
0.1657,0.57096,-0.086931,-0.43518
0.1658,0.55401,-0.067487,-0.43545
0.1659,0.53415,-0.047218,-0.43381
0.166,0.51214,-0.026403,-0.4308
0.1661,0.49015,-0.0058023,-0.42793
0.1662,0.46998,0.014953,-0.42744
0.1663,0.45058,0.035369,-0.42784
0.1664,0.43131,0.054821,-0.42791
0.1665,0.41388,0.07297,-0.42902
0.1666,0.39927,0.09046,-0.43269
0.1667,0.38814,0.10723,-0.43943
0.1668,0.38241,0.12389,-0.45167
0.1669,0.38234,0.14121,-0.47031
0.167,0.38518,0.15973,-0.49312
0.1671,0.38891,0.17887,-0.51756
0.1672,0.39197,0.19861,-0.54218
0.1673,0.39118,0.21864,-0.56358
0.1674,0.38427,0.23856,-0.57922
0.1675,0.37189,0.25775,-0.58922
0.1676,0.3538,0.27619,-0.59333
0.1677,0.32908,0.29327,-0.59012
0.1678,0.30015,0.30887,-0.58188
0.1679,0.27068,0.32332,-0.57251
0.168,0.24098,0.33721,-0.56281
0.1681,0.21047,0.35053,-0.552
0.1682,0.17999,0.36379,-0.54137
0.1683,0.14945,0.3772,-0.53092
0.1684,0.11801,0.39048,-0.51956
0.1685,0.087576,0.40304,-0.50872
0.1686,0.060977,0.41514,-0.50149
0.1687,0.038945,0.42663,-0.49823
0.1688,0.021806,0.43718,-0.49872
0.1689,0.010438,0.4467,-0.50319
0.169,0.0036577,0.45563,-0.50998
0.1691,-0.00089116,0.46384,-0.51581
0.1692,-0.0043124,0.4716,-0.51943
0.1693,-0.0079468,0.47946,-0.52018
0.1694,-0.014516,0.4879,-0.51665
0.1695,-0.02531,0.49663,-0.50861
0.1696,-0.040011,0.50563,-0.49735
0.1697,-0.058901,0.51464,-0.48279
0.1698,-0.081954,0.52326,-0.4647
0.1699,-0.10765,0.53105,-0.44403
0.17,-0.13557,0.53801,-0.42087
0.1701,-0.16659,0.54382,-0.39357
0.1702,-0.1999,0.5483,-0.3623
0.1703,-0.23312,0.55158,-0.32896
0.1704,-0.26473,0.554,-0.29488
0.1705,-0.29302,0.55555,-0.26155
0.1706,-0.31569,0.55658,-0.23185
0.1707,-0.33214,0.55724,-0.20725
0.1708,-0.34344,0.5574,-0.18737
0.1709,-0.35009,0.55679,-0.17202
0.171,-0.35284,0.55562,-0.16086
0.1711,-0.35367,0.55386,-0.15187
0.1712,-0.354,0.55142,-0.14332
0.1713,-0.35416,0.54828,-0.13469
0.1714,-0.35529,0.5445,-0.12488
0.1715,-0.35834,0.53977,-0.11263
0.1716,-0.36271,0.53394,-0.09851
0.1717,-0.36823,0.5271,-0.082969
0.1718,-0.37635,0.5194,-0.064835
0.1719,-0.38792,0.511,-0.04321
0.172,-0.40298,0.50243,-0.018128
0.1721,-0.42218,0.49399,0.011162
0.1722,-0.44521,0.48578,0.044751
0.1723,-0.46945,0.47782,0.080327
0.1724,-0.49237,0.46997,0.11534
0.1725,-0.51272,0.46152,0.14873
