0.1,0.033329,-0.21083,0.19864
0.1001,0.043825,-0.2129,0.1938
0.1002,0.054298,-0.21449,0.18861
0.1003,0.064754,-0.2156,0.18306
0.1004,0.075199,-0.21626,0.17711
0.1005,0.085641,-0.21649,0.17074
0.1006,0.096082,-0.21635,0.16395
0.1007,0.10652,-0.21588,0.15676
0.1008,0.11694,-0.21515,0.14922
0.1009,0.12731,-0.21422,0.14137
0.101,0.13759,-0.21314,0.13326
0.1011,0.14774,-0.21196,0.12496
0.1012,0.15769,-0.21071,0.1165
0.1013,0.16736,-0.20941,0.10794
0.1014,0.17669,-0.20806,0.099317
0.1015,0.18558,-0.20665,0.090646
0.1016,0.19397,-0.20512,0.081937
0.1017,0.20178,-0.20344,0.073183
0.1018,0.20897,-0.20155,0.064365
0.1019,0.21547,-0.19939,0.055453
0.102,0.22128,-0.19689,0.04641
0.1021,0.22637,-0.194,0.0372
0.1022,0.23078,-0.19068,0.027783
0.1023,0.23454,-0.18691,0.018131
0.1024,0.23769,-0.18268,0.0082226
0.1025,0.24032,-0.178,-0.0019496
0.1026,0.24248,-0.1729,-0.01238
0.1027,0.24426,-0.16743,-0.023048
0.1028,0.24573,-0.16164,-0.033919
0.1029,0.24695,-0.1556,-0.044947
0.103,0.24798,-0.14936,-0.05608
0.1031,0.24884,-0.143,-0.067258
0.1032,0.24956,-0.13655,-0.078423
0.1033,0.25015,-0.13003,-0.089516
0.1034,0.25059,-0.12345,-0.10049
0.1035,0.25087,-0.11681,-0.11128
0.1036,0.25096,-0.11008,-0.12187
0.1037,0.25082,-0.10324,-0.13221
0.1038,0.25042,-0.096242,-0.14227
0.1039,0.24971,-0.089037,-0.15202
0.104,0.24869,-0.081575,-0.16142
0.1041,0.24731,-0.073809,-0.17046
0.1042,0.24558,-0.065698,-0.17908
0.1043,0.24349,-0.05722,-0.18726
0.1044,0.24105,-0.048363,-0.19498
0.1045,0.23829,-0.039139,-0.2022
0.1046,0.23523,-0.029572,-0.20892
0.1047,0.23191,-0.019707,-0.21511
0.1048,0.22835,-0.0095978,-0.22078
0.1049,0.22459,0.00069114,-0.22594
0.105,0.22067,0.011094,-0.23059
0.1051,0.21658,0.021546,-0.23474
0.1052,0.21236,0.031991,-0.23842
0.1053,0.208,0.042382,-0.24161
0.1054,0.20348,0.052691,-0.24434
0.1055,0.19879,0.062901,-0.24661
0.1056,0.17963,0.085686,-0.22313
0.1057,0.16874,0.098709,-0.21718
0.1058,0.16424,0.10923,-0.21491
0.1059,0.16199,0.12449,-0.20531
0.106,0.15326,0.13327,-0.19275
0.1061,0.14564,0.13908,-0.18451
0.1062,0.14962,0.14696,-0.17766
0.1063,0.14342,0.15614,-0.16102
0.1064,0.13514,0.16624,-0.14251
0.1065,0.13195,0.17703,-0.12474
0.1066,0.13157,0.18101,-0.1101
0.1067,0.13111,0.17903,-0.098081
0.1068,0.13559,0.17502,-0.08612
0.1069,0.13923,0.16775,-0.070846
0.107,0.14186,0.15807,-0.054394
0.1071,0.14666,0.14909,-0.038513
0.1072,0.15597,0.14052,-0.023203
0.1073,0.16195,0.13154,-0.0055549
0.1074,0.16479,0.12253,0.014784
0.1075,0.16744,0.11214,0.034621
0.1076,0.17212,0.096082,0.053359
0.1077,0.17875,0.075941,0.071609
0.1078,0.18868,0.055268,0.089127
0.1079,0.19924,0.033855,0.10671
0.108,0.21059,0.0095512,0.12556
0.1081,0.2236,-0.015749,0.14439
0.1082,0.23541,-0.041164,0.16378
0.1083,0.24124,-0.066481,0.18564
0.1084,0.24283,-0.093236,0.20988
0.1085,0.24559,-0.12175,0.23235
0.1086,0.25066,-0.15257,0.25214
0.1087,0.25308,-0.18524,0.27228
0.1088,0.25284,-0.21928,0.29319
0.1089,0.24849,-0.2547,0.31284
0.109,0.23343,-0.29181,0.33213
0.1091,0.1974,-0.32913,0.35285
0.1092,0.13094,-0.36636,0.37458
0.1093,0.0227,-0.40422,0.39698
0.1094,-0.11629,-0.44318,0.42094
0.1095,-0.24762,-0.48292,0.4457
0.1096,-0.33849,-0.52421,0.46883
0.1097,-0.38365,-0.56708,0.48993
0.1098,-0.38909,-0.61091,0.51073
0.1099,-0.36869,-0.65509,0.53152
0.11,-0.33874,-0.70013,0.55155
0.1101,-0.307,-0.74533,0.57103
0.1102,-0.27371,-0.78947,0.59091
0.1103,-0.2449,-0.83208,0.61107
0.1104,-0.22128,-0.87425,0.63005
0.1105,-0.19199,-0.91659,0.6465
0.1106,-0.13938,-0.95919,0.66049
0.1107,-0.055352,-1.0017,0.67268
0.1108,0.054786,-1.0444,0.6831
0.1109,0.17616,-1.0873,0.69135
0.111,0.29412,-1.1298,0.69818
0.1111,0.39901,-1.1708,0.705
0.1112,0.48939,-1.2107,0.7126
0.1113,0.56876,-1.2502,0.72107
0.1114,0.64355,-1.2898,0.73029
0.1115,0.71669,-1.329,0.73946
0.1116,0.78721,-1.3686,0.74784
0.1117,0.85281,-1.4093,0.7557
0.1118,0.91148,-1.4508,0.76395
0.1119,0.9613,-1.4923,0.77272
0.112,1.0021,-1.5333,0.78177
0.1121,1.0343,-1.5734,0.79127
0.1122,1.0592,-1.6116,0.80121
0.1123,1.0788,-1.6474,0.81085
0.1124,1.0958,-1.6816,0.81929
0.1125,1.1118,-1.7151,0.82621
0.1126,1.128,-1.7475,0.83123
0.1127,1.1445,-1.7786,0.8342
0.1128,1.1618,-1.8088,0.83506
0.1129,1.1792,-1.8381,0.83499
0.113,1.1962,-1.8659,0.83368
0.1131,1.2111,-1.8913,0.83176
0.1132,1.2232,-1.9147,0.82998
0.1133,1.2331,-1.9363,0.82798
0.1134,1.2422,-1.9561,0.82472
0.1135,1.2505,-1.9741,0.81991
0.1136,1.2584,-1.991,0.81424
0.1137,1.2658,-2.0074,0.80812
0.1138,1.2727,-2.0232,0.80166
0.1139,1.2779,-2.0378,0.79516
0.114,1.2813,-2.0508,0.78883
0.1141,1.2827,-2.062,0.78238
0.1142,1.2823,-2.0709,0.77535
0.1143,1.2801,-2.0774,0.76756
0.1144,1.2765,-2.082,0.75873
0.1145,1.2725,-2.0848,0.74838
0.1146,1.2686,-2.086,0.73627
0.1147,1.2647,-2.0852,0.72273
0.1148,1.2609,-2.0828,0.70809
0.1149,1.2574,-2.0785,0.6923
0.115,1.2538,-2.0721,0.67541
0.1151,1.2493,-2.0629,0.65766
0.1152,1.244,-2.0513,0.63898
0.1153,1.2386,-2.0374,0.61883
0.1154,1.2333,-2.0215,0.59704
0.1155,1.2275,-2.004,0.57421
0.1156,1.221,-1.9853,0.55102
0.1157,1.2136,-1.9658,0.52778
0.1158,1.205,-1.9455,0.50479
0.1159,1.1946,-1.9237,0.48239
0.116,1.1825,-1.9004,0.4605
0.1161,1.169,-1.8752,0.43876
0.1162,1.1543,-1.8484,0.4169
0.1163,1.1386,-1.8196,0.39473
0.1164,1.1227,-1.7893,0.37188
0.1165,1.1072,-1.7577,0.34816
0.1166,1.0921,-1.7252,0.32384
0.1167,1.0773,-1.6915,0.29927
0.1168,1.0629,-1.6566,0.27452
0.1169,1.0488,-1.6205,0.24957
0.117,1.0351,-1.5826,0.22438
0.1171,1.0215,-1.5426,0.19869
0.1172,1.0086,-1.5006,0.17217
0.1173,0.99638,-1.4571,0.14477
0.1174,0.98444,-1.4124,0.11688
0.1175,0.97235,-1.367,0.089
0.1176,0.96014,-1.3213,0.061635
0.1177,0.94796,-1.2758,0.035261
0.1178,0.93612,-1.2303,0.010137
0.1179,0.92503,-1.1844,-0.013773
0.118,0.91536,-1.1379,-0.036603
0.1181,0.90765,-1.0909,-0.058509
0.1182,0.90213,-1.0431,-0.079783
0.1183,0.89777,-0.99449,-0.10075
0.1184,0.89172,-0.94538,-0.12143
0.1185,0.87969,-0.89623,-0.14157
0.1186,0.85838,-0.84725,-0.16097
0.1187,0.82701,-0.79837,-0.17956
0.1188,0.78748,-0.74958,-0.19729
0.1189,0.74296,-0.70078,-0.2142
0.119,0.69647,-0.65172,-0.23093
0.1191,0.64956,-0.60202,-0.24762
0.1192,0.60303,-0.5519,-0.2643
0.1193,0.55729,-0.50166,-0.28086
0.1194,0.51271,-0.45162,-0.29703
0.1195,0.46932,-0.40202,-0.31233
0.1196,0.4274,-0.35327,-0.32636
0.1197,0.38731,-0.30571,-0.33874
0.1198,0.34937,-0.25885,-0.35016
0.1199,0.3133,-0.21286,-0.36011
0.12,0.27918,-0.16744,-0.36926
0.1201,0.24664,-0.12268,-0.37758
0.1202,0.21556,-0.078517,-0.3853
0.1203,0.18571,-0.034954,-0.39257
0.1204,0.1569,0.0076478,-0.39906
0.1205,0.12899,0.049064,-0.40452
0.1206,0.10207,0.089243,-0.40893
0.1207,0.076106,0.12829,-0.41244
0.1208,0.051277,0.16629,-0.41517
0.1209,0.027857,0.20343,-0.41746
0.121,0.0061391,0.2398,-0.41966
0.1211,-0.01395,0.27547,-0.42189
0.1212,-0.032463,0.31024,-0.42399
0.1213,-0.04951,0.34382,-0.42578
0.1214,-0.065253,0.37589,-0.42692
0.1215,-0.080046,0.40627,-0.42709
0.1216,-0.09405,0.4348,-0.426
0.1217,-0.10734,0.46148,-0.42369
0.1218,-0.11997,0.48638,-0.42024
0.1219,-0.1321,0.50968,-0.41576
0.122,-0.14365,0.53146,-0.41038
0.1221,-0.15447,0.55175,-0.40429
0.1222,-0.16444,0.57044,-0.39748
0.1223,-0.1736,0.58739,-0.38983
0.1224,-0.18193,0.60237,-0.38112
0.1225,-0.1894,0.61523,-0.37129
0.1226,-0.196,0.62595,-0.36039
0.1227,-0.20175,0.63475,-0.34862
0.1228,-0.20655,0.64181,-0.3363
0.1229,-0.21029,0.64733,-0.3237
0.123,-0.21292,0.65144,-0.31098
0.1231,-0.21446,0.65426,-0.29819
0.1232,-0.21483,0.65567,-0.28527
0.1233,-0.21397,0.65549,-0.27205
0.1234,-0.21185,0.65349,-0.25832
0.1235,-0.20853,0.64958,-0.24398
0.1236,-0.20405,0.64365,-0.22898
0.1237,-0.19857,0.63568,-0.21335
0.1238,-0.19235,0.62574,-0.19709
0.1239,-0.18564,0.61401,-0.18031
0.124,-0.17864,0.6006,-0.16304
0.1241,-0.17149,0.58554,-0.14521
0.1242,-0.16426,0.56881,-0.12674
0.1243,-0.15696,0.55039,-0.10756
0.1244,-0.14947,0.53018,-0.087647
0.1245,-0.14166,0.50816,-0.067074
0.1246,-0.13338,0.48438,-0.046039
0.1247,-0.12458,0.45902,-0.024849
0.1248,-0.11528,0.43224,-0.0037405
0.1249,-0.10568,0.4042,0.017136
0.125,-0.096035,0.37505,0.037698
0.1251,-0.086704,0.3449,0.057913
0.1252,-0.07811,0.31374,0.077883
0.1253,-0.070819,0.28147,0.097754
0.1254,-0.065642,0.24804,0.11761
0.1255,-0.063893,0.21342,0.13748
0.1256,-0.067753,0.17758,0.1574
0.1257,-0.080822,0.14051,0.17741
0.1258,-0.10881,0.10225,0.19757
0.1259,-0.15967,0.062871,0.21802
0.126,-0.23969,0.022279,0.23907
0.1261,-0.34262,-0.019509,0.26093
0.1262,-0.44332,-0.06238,0.28344
0.1263,-0.51298,-0.10611,0.3061
0.1264,-0.53879,-0.15053,0.32837
0.1265,-0.52627,-0.1954,0.34981
0.1266,-0.49058,-0.24044,0.36998
0.1267,-0.44805,-0.28547,0.38869
0.1268,-0.41047,-0.33047,0.40621
0.1269,-0.38261,-0.37544,0.42289
0.127,-0.36303,-0.42032,0.43884
0.1271,-0.34536,-0.46504,0.45393
0.1272,-0.31911,-0.50958,0.46796
0.1273,-0.27276,-0.5539,0.48065
0.1274,-0.19962,-0.59796,0.49161
0.1275,-0.10223,-0.64161,0.50061
0.1276,0.0081022,-0.68476,0.50762
0.1277,0.11704,-0.72735,0.51294
0.1278,0.21465,-0.76952,0.51726
0.1279,0.29829,-0.81146,0.52151
0.128,0.37012,-0.85341,0.52643
0.1281,0.43358,-0.89551,0.53223
0.1282,0.49137,-0.93773,0.53864
0.1283,0.54476,-0.97992,0.5451
0.1284,0.59381,-1.0219,0.55103
0.1285,0.63809,-1.0636,0.55601
0.1286,0.67723,-1.1048,0.55995
0.1287,0.71109,-1.1453,0.56303
0.1288,0.73984,-1.1851,0.56559
0.1289,0.76403,-1.2238,0.56788
0.129,0.78456,-1.2615,0.56986
0.1291,0.80254,-1.2979,0.57121
0.1292,0.81904,-1.3328,0.5714
0.1293,0.83506,-1.3663,0.56975
0.1294,0.85133,-1.3981,0.56566
0.1295,0.86818,-1.4282,0.55881
0.1296,0.88544,-1.4567,0.54935
0.1297,0.90248,-1.4837,0.53789
0.1298,0.91849,-1.5093,0.52521
0.1299,0.93275,-1.5335,0.51196
0.13,0.94492,-1.5564,0.49845
0.1301,0.95518,-1.5778,0.48452
0.1302,0.96399,-1.5977,0.46975
0.1303,0.97182,-1.616,0.45371
0.1304,0.97896,-1.6327,0.43617
0.1305,0.9854,-1.6481,0.41718
0.1306,0.99089,-1.6621,0.39698
0.1307,0.99509,-1.6747,0.37594
0.1308,0.99765,-1.686,0.35439
0.1309,0.99844,-1.6957,0.33243
0.131,0.99754,-1.7037,0.3099
0.1311,0.99528,-1.7097,0.28637
0.1312,0.99218,-1.7136,0.26131
0.1313,0.98884,-1.7152,0.23423
0.1314,0.98573,-1.7145,0.20487
0.1315,0.98304,-1.7114,0.17334
0.1316,0.98069,-1.7061,0.14007
0.1317,0.97834,-1.6989,0.10568
0.1318,0.97564,-1.6898,0.07069
0.1319,0.97233,-1.679,0.035399
0.132,0.96828,-1.6664,-0.00014578
0.1321,0.96347,-1.6522,-0.036031
0.1322,0.95787,-1.6362,-0.072344
0.1323,0.95138,-1.6186,-0.10901
0.1324,0.94379,-1.5995,-0.14578
0.1325,0.93494,-1.579,-0.18223
0.1326,0.92467,-1.557,-0.21796
0.1327,0.91301,-1.5338,-0.25264
0.1328,0.90009,-1.5092,-0.28612
0.1329,0.8862,-1.4832,-0.31851
0.133,0.87173,-1.4557,-0.35012
0.1331,0.85713,-1.4268,-0.38134
0.1332,0.84274,-1.3962,-0.41249
0.1333,0.82883,-1.364,-0.44365
0.1334,0.81546,-1.3303,-0.4747
0.1335,0.80259,-1.2951,-0.50529
0.1336,0.79011,-1.2584,-0.535
0.1337,0.77801,-1.2204,-0.56353
0.1338,0.76633,-1.181,-0.59079
0.1339,0.75516,-1.1403,-0.61685
0.134,0.74445,-1.0984,-0.64188
0.1341,0.73407,-1.0554,-0.66595
0.1342,0.72386,-1.0115,-0.68903
0.1343,0.71376,-0.967,-0.71089
0.1344,0.70397,-0.92198,-0.73119
0.1345,0.69496,-0.87664,-0.74958
0.1346,0.68745,-0.83102,-0.76582
0.1347,0.68225,-0.78511,-0.77984
0.1348,0.67992,-0.73886,-0.79184
0.1349,0.6801,-0.69217,-0.80218
0.135,0.68057,-0.64498,-0.81124
0.1351,0.67692,-0.5973,-0.81935
0.1352,0.6639,-0.54918,-0.82667
0.1353,0.63829,-0.50079,-0.83311
0.1354,0.60077,-0.45226,-0.83852
0.1355,0.5551,-0.40372,-0.84275
0.1356,0.50569,-0.35522,-0.84576
0.1357,0.45575,-0.30675,-0.84768
0.1358,0.40688,-0.25828,-0.84877
0.1359,0.35954,-0.20978,-0.84928
0.136,0.31363,-0.1613,-0.84936
0.1361,0.26907,-0.11296,-0.84899
0.1362,0.22589,-0.064908,-0.84804
0.1363,0.18432,-0.017354,-0.84626
0.1364,0.14462,0.029575,-0.84345
0.1365,0.10696,0.075679,-0.83943
0.1366,0.071358,0.12089,-0.83423
0.1367,0.037729,0.16518,-0.82801
0.1368,0.0059248,0.2086,-0.8211
0.1369,-0.024213,0.25122,-0.81381
0.137,-0.052876,0.29308,-0.80639
0.1371,-0.080262,0.33417,-0.79889
0.1372,-0.10657,0.37445,-0.79122
0.1373,-0.13193,0.41384,-0.78321
0.1374,-0.15635,0.45228,-0.77475
0.1375,-0.17969,0.48971,-0.76583
0.1376,-0.20171,0.52613,-0.75662
0.1377,-0.22216,0.56151,-0.74731
0.1378,-0.24087,0.5958,-0.73811
0.1379,-0.25788,0.6289,-0.72908
0.138,-0.27339,0.66071,-0.72014
0.1381,-0.28772,0.69108,-0.71104
0.1382,-0.30122,0.71989,-0.70147
0.1383,-0.31421,0.74703,-0.69113
0.1384,-0.32685,0.77243,-0.67983
0.1385,-0.33918,0.79605,-0.6675
0.1386,-0.35109,0.81793,-0.65427
0.1387,-0.36233,0.83808,-0.64037
0.1388,-0.37268,0.85653,-0.62605
0.1389,-0.38195,0.87329,-0.61147
0.139,-0.39009,0.88831,-0.59666
0.1391,-0.39716,0.90155,-0.58152
0.1392,-0.40331,0.91296,-0.56592
0.1393,-0.40864,0.92254,-0.54977
0.1394,-0.41318,0.93032,-0.53307
0.1395,-0.41689,0.93639,-0.51596
0.1396,-0.41962,0.94083,-0.49864
0.1397,-0.42121,0.94369,-0.48129
0.1398,-0.42155,0.945,-0.46404
0.1399,-0.42059,0.94471,-0.44687
0.14,-0.41839,0.94276,-0.42966
0.1401,-0.41507,0.93903,-0.4122
0.1402,-0.41081,0.93342,-0.39427
0.1403,-0.4058,0.92586,-0.37571
0.1404,-0.40021,0.91632,-0.35644
0.1405,-0.39417,0.9048,-0.33652
0.1406,-0.38773,0.89139,-0.31606
0.1407,-0.38092,0.87617,-0.29521
0.1408,-0.37373,0.85923,-0.27408
0.1409,-0.36619,0.84061,-0.25268
0.141,-0.3583,0.82037,-0.23099
0.1411,-0.35008,0.79851,-0.20896
0.1412,-0.3415,0.77508,-0.18661
0.1413,-0.3325,0.75011,-0.16402
0.1414,-0.32306,0.72369,-0.14135
0.1415,-0.31317,0.69589,-0.11882
0.1416,-0.30293,0.6668,-0.096613
0.1417,-0.29255,0.63649,-0.074828
0.1418,-0.28238,0.605,-0.05348
0.1419,-0.27291,0.57238,-0.032477
0.142,-0.2648,0.53864,-0.011673
0.1421,-0.25895,0.50377,0.0090974
0.1422,-0.25666,0.46776,0.029954
0.1423,-0.25984,0.4306,0.050959
0.1424,-0.27143,0.39229,0.072117
0.1425,-0.29565,0.35281,0.093435
0.1426,-0.3377,0.31216,0.11495
0.1427,-0.4006,0.27031,0.13678
0.1428,-0.47858,0.22731,0.15897
0.1429,-0.55361,0.18331,0.1814
0.143,-0.60487,0.13852,0.20372
0.1431,-0.62233,0.09317,0.22554
0.1432,-0.60977,0.047523,0.24651
0.1433,-0.57859,0.0017571,0.26632
0.1434,-0.5411,-0.043954,0.28481
0.1435,-0.5061,-0.089618,0.30205
0.1436,-0.47716,-0.13525,0.31823
0.1437,-0.45275,-0.18085,0.33345
0.1438,-0.42735,-0.22637,0.3476
0.1439,-0.39277,-0.27177,0.36057
0.144,-0.34093,-0.31697,0.37221
0.1441,-0.26802,-0.3619,0.38234
0.1442,-0.17752,-0.40646,0.39086
0.1443,-0.079072,-0.45056,0.3978
0.1444,0.016525,-0.49418,0.40341
0.1445,0.10236,-0.53745,0.40819
0.1446,0.17668,-0.58053,0.41277
0.1447,0.24092,-0.62361,0.41766
0.1448,0.29743,-0.66678,0.42302
0.1449,0.34816,-0.70997,0.42866
0.145,0.39428,-0.75302,0.43417
0.1451,0.43627,-0.79574,0.43911
0.1452,0.47425,-0.83798,0.44316
0.1453,0.50825,-0.87956,0.4462
0.1454,0.53833,-0.92036,0.44828
0.1455,0.56469,-0.96027,0.44958
0.1456,0.58774,-0.99915,0.45026
0.1457,0.60813,-1.0369,0.45027
0.1458,0.62665,-1.0734,0.44937
0.1459,0.64406,-1.1085,0.44719
0.146,0.66101,-1.1421,0.44327
0.1461,0.67798,-1.1741,0.43721
0.1462,0.69515,-1.2044,0.42884
0.1463,0.71235,-1.2331,0.41833
0.1464,0.7291,-1.2603,0.40611
0.1465,0.74482,-1.2861,0.39279
0.1466,0.75897,-1.3106,0.37887
0.1467,0.77132,-1.3337,0.36461
0.1468,0.78193,-1.3555,0.34995
0.1469,0.79113,-1.3757,0.33461
0.147,0.79922,-1.3944,0.31832
0.1471,0.80643,-1.4115,0.30091
0.1472,0.81277,-1.4271,0.28239
0.1473,0.81815,-1.4412,0.26291
0.1474,0.82236,-1.4538,0.24274
0.1475,0.8252,-1.4649,0.22209
0.1476,0.8266,-1.4744,0.20108
0.1477,0.82665,-1.4821,0.17958
0.1478,0.82559,-1.4879,0.15734
0.1479,0.82381,-1.4916,0.134
0.148,0.82171,-1.493,0.10926
0.1481,0.81962,-1.4922,0.082977
0.1482,0.81767,-1.489,0.05528
0.1483,0.81579,-1.4838,0.026527
0.1484,0.81378,-1.4765,-0.0028131
0.1485,0.81138,-1.4675,-0.0323
0.1486,0.80836,-1.4568,-0.061653
0.1487,0.80458,-1.4444,-0.090766
0.1488,0.79998,-1.4304,-0.11965
0.1489,0.79448,-1.4147,-0.14833
0.149,0.78795,-1.3975,-0.17673
0.1491,0.78028,-1.3787,-0.20469
0.1492,0.77136,-1.3584,-0.23196
0.1493,0.76118,-1.3367,-0.25829
0.1494,0.7498,-1.3135,-0.28347
0.1495,0.73741,-1.2889,-0.30745
0.1496,0.72429,-1.2629,-0.33033
0.1497,0.71075,-1.2355,-0.35237
0.1498,0.69715,-1.2065,-0.37389
0.1499,0.68376,-1.176,-0.39512
0.15,0.67078,-1.1439,-0.41619
0.1501,0.6583,-1.1103,-0.43701
0.1502,0.64632,-1.0751,-0.45739
0.1503,0.63483,-1.0385,-0.47705
0.1504,0.62387,-1.0006,-0.49578
0.1505,0.61348,-0.96143,-0.5135
0.1506,0.60373,-0.92104,-0.53026
0.1507,0.59456,-0.87957,-0.54615
0.1508,0.58586,-0.83714,-0.56129
0.1509,0.57751,-0.7939,-0.57561
0.151,0.56957,-0.75001,-0.58901
0.1511,0.56234,-0.70559,-0.6013
0.1512,0.55643,-0.66076,-0.61227
0.1513,0.55265,-0.61556,-0.6218
0.1514,0.55178,-0.56999,-0.62991
0.1515,0.55398,-0.52405,-0.63674
0.1516,0.55804,-0.47767,-0.64258
0.1517,0.56049,-0.43083,-0.64773
0.1518,0.55597,-0.38355,-0.6524
0.1519,0.53934,-0.3359,-0.65669
0.152,0.50854,-0.28799,-0.66054
0.1521,0.46564,-0.23995,-0.66385
0.1522,0.41533,-0.19188,-0.66651
0.1523,0.36229,-0.14384,-0.66853
0.1524,0.30969,-0.095866,-0.66997
0.1525,0.25898,-0.047967,-0.67102
0.1526,0.21044,-0.00012598,-0.6718
0.1527,0.1639,0.047553,-0.67239
0.1528,0.11915,0.094992,-0.67274
0.1529,0.076145,0.14207,-0.67272
0.153,0.034999,0.18865,-0.67218
0.1531,-0.0041291,0.23459,-0.67096
0.1532,-0.041148,0.27978,-0.66895
0.1533,-0.076061,0.32415,-0.6662
0.1534,-0.10896,0.36767,-0.66287
0.1535,-0.13996,0.41037,-0.6592
0.1536,-0.16925,0.45229,-0.65543
0.1537,-0.19698,0.49344,-0.6517
0.1538,-0.22338,0.53384,-0.64802
0.1539,-0.24861,0.57341,-0.64428
0.154,-0.27279,0.61211,-0.64033
0.1541,-0.29592,0.64986,-0.63608
0.1542,-0.31789,0.68662,-0.6315
0.1543,-0.33851,0.72233,-0.62668
0.1544,-0.35761,0.75692,-0.62176
0.1545,-0.37512,0.79032,-0.61682
0.1546,-0.39113,0.82242,-0.61185
0.1547,-0.40585,0.8531,-0.60672
0.1548,-0.4196,0.88226,-0.60123
0.1549,-0.43266,0.90982,-0.5951
0.155,-0.44528,0.93569,-0.58813
0.1551,-0.45756,0.95985,-0.58017
0.1552,-0.46949,0.98227,-0.57122
0.1553,-0.4809,1.003,-0.56141
0.1554,-0.49158,1.022,-0.55093
0.1555,-0.50128,1.0393,-0.53998
0.1556,-0.50986,1.0548,-0.52869
0.1557,-0.51729,1.0687,-0.51706
0.1558,-0.52362,1.0808,-0.50503
0.1559,-0.52896,1.0911,-0.4925
0.156,-0.53341,1.0996,-0.47939
0.1561,-0.53702,1.1064,-0.46574
0.1562,-0.53974,1.1115,-0.45164
0.1563,-0.54148,1.115,-0.43723
0.1564,-0.54212,1.1169,-0.42262
0.1565,-0.54158,1.1171,-0.40787
0.1566,-0.53988,1.1156,-0.39294
0.1567,-0.53707,1.1124,-0.37769
0.1568,-0.5333,1.1073,-0.36196
0.1569,-0.52872,1.1003,-0.34557
0.157,-0.5235,1.0914,-0.32841
0.1571,-0.51779,1.0805,-0.31046
0.1572,-0.51166,1.0677,-0.29177
0.1573,-0.50515,1.053,-0.27248
0.1574,-0.49825,1.0365,-0.25272
0.1575,-0.49093,1.0183,-0.23257
0.1576,-0.4832,0.99844,-0.21207
0.1577,-0.47505,0.97699,-0.19121
0.1578,-0.46646,0.95397,-0.17001
0.1579,-0.45742,0.92944,-0.14851
0.158,-0.44789,0.90345,-0.1268
0.1581,-0.43787,0.87607,-0.10502
0.1582,-0.42742,0.84736,-0.083356
0.1583,-0.41667,0.81738,-0.061911
0.1584,-0.40589,0.78616,-0.040743
0.1585,-0.39857,0.75748,-0.021999
0.1586,-0.39707,0.73445,-0.0086735
0.1587,-0.39992,0.71555,-2.1002e-05
0.1588,-0.40571,0.69788,0.0065053
0.1589,-0.41583,0.68415,0.0085748
0.159,-0.42802,0.67416,0.0050251
0.1591,-0.43892,0.66171,0.0029847
0.1592,-0.4489,0.64655,0.0010438
0.1593,-0.45794,0.63367,-0.0057056
0.1594,-0.46472,0.62199,-0.015039
0.1595,-0.46873,0.60812,-0.021953
0.1596,-0.469,0.59441,-0.029554
0.1597,-0.46576,0.58245,-0.03825
0.1598,-0.46063,0.5696,-0.045107
0.1599,-0.45416,0.55545,-0.050394
0.16,-0.44499,0.54027,-0.05651
0.1601,-0.43298,0.52016,-0.059492
0.1602,-0.41867,0.49307,-0.057814
0.1603,-0.40192,0.4622,-0.054347
0.1604,-0.38327,0.42985,-0.050441
0.1605,-0.36513,0.3966,-0.044757
0.1606,-0.34855,0.36601,-0.040519
0.1607,-0.33689,0.34299,-0.034913
0.1608,-0.32795,0.32314,-0.027058
0.1609,-0.32172,0.30602,-0.016475
0.161,-0.31714,0.29317,-0.0050153
0.1611,-0.31744,0.28413,0.0088918
0.1612,-0.32076,0.27756,0.022535
0.1613,-0.32344,0.27267,0.032058
0.1614,-0.32903,0.27466,0.038923
0.1615,-0.34017,0.2813,0.047206
0.1616,-0.35138,0.29052,0.054456
0.1617,-0.36058,0.30127,0.058674
0.1618,-0.37087,0.31318,0.063024
0.1619,-0.38032,0.32037,0.070612
0.162,-0.38552,0.32214,0.079416
0.1621,-0.38803,0.31834,0.090619
0.1622,-0.38825,0.308,0.10538
0.1623,-0.38289,0.29037,0.12072
0.1624,-0.37333,0.27119,0.13266
0.1625,-0.36332,0.25153,0.14315
0.1626,-0.35219,0.2303,0.15294
0.1627,-0.33912,0.20827,0.16101
0.1628,-0.32738,0.18881,0.16755
0.1629,-0.31701,0.1691,0.17485
0.163,-0.30573,0.1485,0.18133
0.1631,-0.2951,0.12949,0.18632
0.1632,-0.28726,0.11426,0.19066
0.1633,-0.28107,0.10149,0.19524
0.1634,-0.27824,0.094451,0.1989
0.1635,-0.28145,0.094497,0.20261
0.1636,-0.28783,0.098913,0.2057
0.1637,-0.29359,0.10433,0.20722
0.1638,-0.30061,0.11176,0.20776
0.1639,-0.3084,0.11805,0.20979
0.164,-0.31184,0.11931,0.21209
0.1641,-0.30969,0.11499,0.21393
0.1642,-0.30462,0.10729,0.21582
0.1643,-0.29509,0.094688,0.21781
0.1644,-0.28006,0.077913,0.21841
0.1645,-0.26351,0.058827,0.21991
0.1646,-0.24768,0.038112,0.22376
0.1647,-0.23014,0.014505,0.22865
0.1648,-0.21158,-0.0096794,0.2328
0.1649,-0.19454,-0.033131,0.23735
0.165,-0.17804,-0.055199,0.24077
0.1651,-0.16118,-0.074612,0.24118
0.1652,-0.14717,-0.088547,0.23918
0.1653,-0.13719,-0.097446,0.23652
0.1654,-0.12968,-0.1012,0.23158
0.1655,-0.1248,-0.099922,0.22471
0.1656,-0.1232,-0.095068,0.21804
0.1657,-0.12272,-0.089669,0.21248
0.1658,-0.12254,-0.083489,0.20689
0.1659,-0.12318,-0.077378,0.20255
0.166,-0.12277,-0.073225,0.19925
0.1661,-0.11889,-0.0714,0.19488
0.1662,-0.11263,-0.069695,0.18826
0.1663,-0.10441,-0.069589,0.18132
0.1664,-0.092607,-0.072831,0.17426
0.1665,-0.077495,-0.079127,0.16711
0.1666,-0.060525,-0.087996,0.16079
0.1667,-0.040305,-0.10169,0.15615
0.1668,-0.016533,-0.11921,0.1518
0.1669,0.0078788,-0.1377,0.14773
0.167,0.0311,-0.15558,0.1441
0.1671,0.053232,-0.17232,0.14032
0.1672,0.071927,-0.18446,0.13521
0.1673,0.08526,-0.19039,0.12914
0.1674,0.094773,-0.19094,0.12144
0.1675,0.10158,-0.18697,0.11191
0.1676,0.10443,-0.17804,0.10131
0.1677,0.10461,-0.16626,0.090593
0.1678,0.10473,-0.15337,0.078878
0.1679,0.10474,-0.13974,0.066521
0.168,0.10431,-0.12558,0.05401
0.1681,0.1055,-0.11267,0.041084
0.1682,0.10846,-0.10114,0.02755
0.1683,0.11152,-0.091407,0.015391
0.1684,0.11556,-0.084755,0.0049314
0.1685,0.1227,-0.082328,-0.004977
0.1686,0.13219,-0.083322,-0.014767
0.1687,0.14337,-0.087833,-0.023795
0.1688,0.15709,-0.095388,-0.033538
0.1689,0.17256,-0.10439,-0.044856
0.169,0.18729,-0.11298,-0.057113
0.1691,0.20083,-0.12083,-0.070099
0.1692,0.2131,-0.12648,-0.085377
0.1693,0.22247,-0.1287,-0.10262
0.1694,0.22802,-0.12753,-0.12093
0.1695,0.23038,-0.12337,-0.14056
0.1696,0.22913,-0.11503,-0.16195
0.1697,0.22398,-0.10264,-0.18336
0.1698,0.21629,-0.087045,-0.20381
0.1699,0.20719,-0.068341,-0.22302
0.17,0.19658,-0.046524,-0.23997
0.1701,0.18561,-0.023987,-0.25406
0.1702,0.17584,-0.0026146,-0.26732
0.1703,0.16751,0.016671,-0.28109
0.1704,0.16122,0.032442,-0.29617
0.1705,0.15876,0.042754,-0.31444
0.1706,0.15999,0.048319,-0.33905
0.1707,0.1633,0.050475,-0.37222
0.1708,0.16832,0.049852,-0.41757
0.1709,0.17476,0.047549,-0.47908
0.171,0.18061,0.046136,-0.55326
0.1711,0.18502,0.046446,-0.62306
0.1712,0.18883,0.048299,-0.66975
0.1713,0.19159,0.05215,-0.68285
0.1714,0.19199,0.058774,-0.66287
0.1715,0.19046,0.067591,-0.62228
0.1716,0.18742,0.078853,-0.57619
0.1717,0.18167,0.093454,-0.53148
0.1718,0.17279,0.11155,-0.49091
0.1719,0.16172,0.13229,-0.45636
0.172,0.14846,0.15539,-0.4274
0.1721,0.133,0.17963,-0.40224
0.1722,0.11712,0.20319,-0.38092
0.1723,0.10272,0.22482,-0.36366
0.1724,0.090391,0.24396,-0.34969
0.1725,0.08105,0.25947,-0.33818
