0.05,-0.43541,0.26795,0.17693
0.0501,-0.43644,0.25504,0.19426
0.0502,-0.43653,0.24179,0.21112
0.0503,-0.43566,0.22818,0.22747
0.0504,-0.43381,0.21419,0.2433
0.0505,-0.43102,0.19982,0.25861
0.0506,-0.42735,0.18503,0.27343
0.0507,-0.4229,0.16982,0.28783
0.0508,-0.41779,0.15423,0.30188
0.0509,-0.41215,0.13831,0.31563
0.051,-0.40612,0.12209,0.32912
0.0511,-0.39982,0.10565,0.34239
0.0512,-0.39334,0.089044,0.35542
0.0513,-0.38671,0.07231,0.36817
0.0514,-0.37998,0.055482,0.38058
0.0515,-0.37311,0.038589,0.39258
0.0516,-0.36608,0.021655,0.40405
0.0517,-0.35882,0.0046931,0.41488
0.0518,-0.35125,-0.012283,0.42495
0.0519,-0.34328,-0.029256,0.43414
0.052,-0.3348,-0.046222,0.4423
0.0521,-0.32573,-0.063181,0.44936
0.0522,-0.31596,-0.080133,0.45524
0.0523,-0.30542,-0.097086,0.45991
0.0524,-0.29409,-0.11405,0.46338
0.0525,-0.28197,-0.13103,0.4657
0.0526,-0.26908,-0.14801,0.46695
0.0527,-0.25553,-0.16497,0.46725
0.0528,-0.24142,-0.1819,0.46673
0.0529,-0.22687,-0.19874,0.46552
0.053,-0.21203,-0.21545,0.46375
0.0531,-0.19701,-0.232,0.46154
0.0532,-0.18192,-0.24834,0.45898
0.0533,-0.16685,-0.26443,0.45616
0.0534,-0.15183,-0.28024,0.45311
0.0535,-0.13688,-0.29572,0.44985
0.0536,-0.12201,-0.31084,0.44637
0.0537,-0.10718,-0.32555,0.44262
0.0538,-0.092347,-0.33981,0.43853
0.0539,-0.077427,-0.35354,0.43401
0.054,-0.062322,-0.36672,0.42895
0.0541,-0.046937,-0.37927,0.42326
0.0542,-0.04659,-0.091964,-2.9322
0.0543,-0.03222,-0.00069714,-4.1057
0.0544,-0.017221,0.047229,-4.8083
0.0545,-0.012531,0.11938,-5.6798
0.0546,-0.01235,0.18239,-6.2879
0.0547,-0.0027183,0.21467,-6.6446
0.0548,0.011593,0.26283,-7.3348
0.0549,0.016121,0.36314,-8.4525
0.055,0.012831,0.49476,-9.753
0.0551,0.016507,0.61246,-11.045
0.0552,0.026612,0.70721,-12.196
0.0553,0.037876,0.78125,-13.063
0.0554,0.048296,0.84501,-13.806
0.0555,0.058434,0.89573,-14.396
0.0556,0.065883,0.93617,-14.796
0.0557,0.074037,0.99039,-15.341
0.0558,0.085372,1.0784,-16.371
0.0559,0.097146,1.1952,-17.722
0.056,0.10737,1.3237,-19.148
0.0561,0.12217,1.4383,-20.479
0.0562,0.13916,1.5204,-21.486
0.0563,0.15552,1.5716,-22.069
0.0564,0.17237,1.6122,-22.506
0.0565,0.19103,1.6519,-22.929
0.0566,0.2077,1.6803,-23.159
0.0567,0.22411,1.7015,-23.263
0.0568,0.24095,1.7344,-23.529
0.0569,0.25601,1.7855,-23.957
0.057,0.26951,1.8404,-24.404
0.0571,0.28866,1.8856,-24.866
0.0572,0.31087,1.9203,-25.302
0.0573,0.32862,1.9525,-25.6
0.0574,0.3418,1.982,-25.8
0.0575,0.35759,2.005,-26.004
0.0576,0.36897,2.0288,-26.186
0.0577,0.37429,2.0655,-26.469
0.0578,0.37612,2.1123,-26.92
0.0579,0.37754,2.1499,-27.315
0.058,0.375,2.1694,-27.482
0.0581,0.37021,2.1784,-27.534
0.0582,0.36527,2.1791,-27.526
0.0583,0.35908,2.1692,-27.34
0.0584,0.35005,2.1519,-27.008
0.0585,0.34087,2.1323,-26.644
0.0586,0.33002,2.1088,-26.211
0.0587,0.31757,2.0855,-25.725
0.0588,0.30679,2.0684,-25.344
0.0589,0.30023,2.0554,-25.074
0.059,0.29526,2.0381,-24.771
0.0591,0.29223,2.0161,-24.419
0.0592,0.29029,1.9913,-24.049
0.0593,0.28696,1.9654,-23.61
0.0594,0.28169,1.9402,-23.127
0.0595,0.27838,1.917,-22.692
0.0596,0.27578,1.8931,-22.275
0.0597,0.27228,1.8671,-21.814
0.0598,0.26933,1.8364,-21.331
0.0599,0.26869,1.7964,-20.792
0.06,0.26711,1.7463,-20.134
0.0601,0.26448,1.6935,-19.417
0.0602,0.26135,1.6385,-18.683
0.0603,0.25624,1.5762,-17.828
0.0604,0.24753,1.5073,-16.833
0.0605,0.23866,1.4393,-15.835
0.0606,0.23066,1.3729,-14.877
0.0607,0.22348,1.3069,-13.921
0.0608,0.21836,1.2434,-13.03
0.0609,0.21657,1.1827,-12.232
0.061,0.21431,1.1211,-11.422
0.0611,0.21047,1.0591,-10.567
0.0612,0.20638,0.99906,-9.7333
0.0613,0.20202,0.93993,-8.906
0.0614,0.19556,0.87856,-8.0245
0.0615,0.18944,0.81409,-7.117
0.0616,0.18454,0.74418,-6.196
0.0617,0.17947,0.66839,-5.2152
0.0618,0.17382,0.58911,-4.2008
0.0619,0.16963,0.50875,-3.2129
0.062,0.16481,0.4269,-2.2224
0.0621,0.15742,0.34526,-1.1962
0.0622,0.14795,0.26383,-0.15564
0.0623,0.13771,0.17984,0.91779
0.0624,0.1259,0.092695,2.0445
0.0625,0.11444,0.0069711,3.1519
0.0626,0.10504,-0.076991,4.189
0.0627,0.097444,-0.16167,5.2006
0.0628,0.09032,-0.24586,6.192
0.0629,0.083882,-0.32604,7.1262
0.063,0.07721,-0.40231,8.0131
0.0631,0.069616,-0.47574,8.8895
0.0632,0.061503,-0.54643,9.7398
0.0633,0.053559,-0.6161,10.567
0.0634,0.044897,-0.68908,11.429
0.0635,0.036223,-0.76645,12.331
0.0636,0.028353,-0.84631,13.227
0.0637,0.02071,-0.92666,14.109
0.0638,0.012092,-1.0065,14.983
0.0639,0.0029911,-1.0843,15.828
0.064,-0.0073187,-1.1597,16.647
0.0641,-0.02004,-1.2328,17.471
0.0642,-0.034592,-1.3033,18.288
0.0643,-0.048914,-1.3716,19.065
0.0644,-0.063131,-1.4383,19.809
0.0645,-0.077339,-1.5021,20.515
0.0646,-0.090885,-1.5627,21.158
0.0647,-0.10392,-1.6209,21.749
0.0648,-0.1182,-1.6755,22.309
0.0649,-0.13396,-1.7241,22.815
0.065,-0.15093,-1.7678,23.264
0.0651,-0.16944,-1.8096,23.697
0.0652,-0.18988,-1.8505,24.131
0.0653,-0.21107,-1.8908,24.545
0.0654,-0.23229,-1.9318,24.948
0.0655,-0.2529,-1.9731,25.342
0.0656,-0.27187,-2.0117,25.687
0.0657,-0.28786,-2.0462,25.968
0.0658,-0.30071,-2.0773,26.212
0.0659,-0.31029,-2.1044,26.426
0.066,-0.31662,-2.1273,26.6
0.0661,-0.31985,-2.1468,26.745
0.0662,-0.32038,-2.164,26.867
0.0663,-0.31755,-2.1773,26.925
0.0664,-0.31269,-2.1885,26.95
0.0665,-0.30595,-2.196,26.928
0.0666,-0.29817,-2.1992,26.846
0.0667,-0.28976,-2.1967,26.698
0.0668,-0.2818,-2.1886,26.493
0.0669,-0.27443,-2.1751,26.24
0.067,-0.26749,-2.1586,25.952
0.0671,-0.26083,-2.1414,25.655
0.0672,-0.25479,-2.1242,25.358
0.0673,-0.24863,-2.1062,25.041
0.0674,-0.2422,-2.0874,24.694
0.0675,-0.23578,-2.0669,24.318
0.0676,-0.22982,-2.0433,23.9
0.0677,-0.22423,-2.0153,23.428
0.0678,-0.21971,-1.9834,22.915
0.0679,-0.21629,-1.9482,22.376
0.068,-0.21346,-1.9099,21.802
0.0681,-0.21061,-1.8694,21.193
0.0682,-0.20796,-1.8275,20.563
0.0683,-0.20512,-1.7841,19.91
0.0684,-0.20188,-1.7387,19.221
0.0685,-0.19843,-1.6906,18.501
0.0686,-0.19524,-1.6391,17.752
0.0687,-0.19197,-1.5836,16.964
0.0688,-0.18864,-1.5248,16.147
0.0689,-0.18522,-1.4641,15.317
0.069,-0.18152,-1.4023,14.481
0.0691,-0.17696,-1.3402,13.636
0.0692,-0.17164,-1.2779,12.785
0.0693,-0.16552,-1.2148,11.918
0.0694,-0.15879,-1.1503,11.027
0.0695,-0.15171,-1.084,10.115
0.0696,-0.1449,-1.0158,9.1858
0.0697,-0.13837,-0.94509,8.238
0.0698,-0.13219,-0.87267,7.2759
0.0699,-0.12614,-0.79933,6.309
0.07,-0.12003,-0.7254,5.3344
0.0701,-0.11358,-0.65082,4.348
0.0702,-0.10707,-0.576,3.3571
0.0703,-0.10042,-0.50058,2.3623
0.0704,-0.093708,-0.42375,1.3546
0.0705,-0.087138,-0.34499,0.336
0.0706,-0.08101,-0.26467,-0.68263
0.0707,-0.074921,-0.18327,-1.6972
0.0708,-0.06874,-0.10163,-2.7021
0.0709,-0.062369,-0.020413,-3.6862
0.071,-0.055555,0.060035,-4.65
0.0711,-0.04774,0.13998,-5.6048
0.0712,-0.039171,0.21977,-6.5548
0.0713,-0.030118,0.3001,-7.5013
0.0714,-0.020706,0.38124,-8.45
0.0715,-0.011003,0.46307,-9.3994
0.0716,-0.0015111,0.54516,-10.34
0.0717,0.0078717,0.62723,-11.27
0.0718,0.017404,0.70827,-12.188
0.0719,0.027199,0.78737,-13.085
0.072,0.037043,0.86423,-13.957
0.0721,0.047123,0.93919,-14.809
0.0722,0.057366,1.0122,-15.641
0.0723,0.06763,1.0837,-16.451
0.0724,0.077767,1.1542,-17.244
0.0725,0.08798,1.2239,-18.019
0.0726,0.098288,1.2917,-18.765
0.0727,0.10896,1.3572,-19.475
0.0728,0.12027,1.4201,-20.15
0.0729,0.13258,1.4802,-20.79
0.073,0.146,1.5372,-21.394
0.0731,0.16072,1.5919,-21.969
0.0732,0.17657,1.6446,-22.519
0.0733,0.19337,1.6956,-23.044
0.0734,0.21092,1.745,-23.542
0.0735,0.22909,1.7927,-24.015
0.0736,0.24752,1.8384,-24.459
0.0737,0.26605,1.8815,-24.871
0.0738,0.28443,1.9215,-25.25
0.0739,0.30216,1.9579,-25.59
0.074,0.31862,1.9908,-25.891
0.0741,0.3333,2.0205,-26.156
0.0742,0.34553,2.0471,-26.385
0.0743,0.35468,2.0707,-26.573
0.0744,0.36042,2.0911,-26.717
0.0745,0.36287,2.1079,-26.816
0.0746,0.36214,2.121,-26.866
0.0747,0.35869,2.1302,-26.866
0.0748,0.35324,2.1356,-26.821
0.0749,0.34649,2.1373,-26.736
0.075,0.33892,2.1358,-26.612
0.0751,0.33106,2.1317,-26.455
0.0752,0.32327,2.1252,-26.267
0.0753,0.31582,2.1164,-26.046
0.0754,0.30886,2.1051,-25.791
0.0755,0.30267,2.0913,-25.502
0.0756,0.2973,2.0745,-25.178
0.0757,0.29275,2.0545,-24.817
0.0758,0.28896,2.0314,-24.421
0.0759,0.28578,2.0054,-23.994
0.076,0.28291,1.9767,-23.533
0.0761,0.28013,1.9455,-23.043
0.0762,0.27722,1.9121,-22.523
0.0763,0.27397,1.8761,-21.968
0.0764,0.27034,1.8373,-21.378
0.0765,0.26642,1.7956,-20.751
0.0766,0.26222,1.7509,-20.088
0.0767,0.25779,1.7033,-19.392
0.0768,0.25327,1.653,-18.666
0.0769,0.2487,1.6006,-17.917
0.077,0.24394,1.5464,-17.147
0.0771,0.23908,1.4908,-16.358
0.0772,0.2342,1.4339,-15.553
0.0773,0.2293,1.3757,-14.731
0.0774,0.22441,1.3158,-13.891
0.0775,0.2197,1.2542,-13.034
0.0776,0.21519,1.1907,-12.158
0.0777,0.21076,1.1252,-11.264
0.0778,0.20632,1.058,-10.353
0.0779,0.20185,0.98932,-9.4292
0.078,0.19711,0.91929,-8.4917
0.0781,0.19193,0.84813,-7.5409
0.0782,0.18631,0.77585,-6.5786
0.0783,0.18028,0.70231,-5.6044
0.0784,0.17378,0.6274,-4.6176
0.0785,0.16693,0.55122,-3.6215
0.0786,0.15979,0.47386,-2.6197
0.0787,0.15235,0.39543,-1.6138
0.0788,0.14459,0.31626,-0.60676
0.0789,0.13658,0.23669,0.3975
0.079,0.12835,0.15683,1.3978
0.0791,0.11995,0.076749,2.3941
0.0792,0.11151,-0.0034898,3.385
0.0793,0.10316,-0.083937,4.3699
0.0794,0.094954,-0.16471,5.3494
0.0795,0.086972,-0.24573,6.3222
0.0796,0.079205,-0.32683,7.2861
0.0797,0.071558,-0.4078,8.24
0.0798,0.063907,-0.48843,9.1827
0.0799,0.056171,-0.5685,10.113
0.08,0.048181,-0.64788,11.03
0.0801,0.039823,-0.72656,11.935
0.0802,0.031083,-0.80449,12.828
0.0803,0.021964,-0.88161,13.706
0.0804,0.012376,-0.95778,14.568
0.0805,0.0023154,-1.0327,15.412
0.0806,-0.0082094,-1.1062,16.234
0.0807,-0.019271,-1.1778,17.031
0.0808,-0.030963,-1.2474,17.802
0.0809,-0.043234,-1.3147,18.545
0.081,-0.056062,-1.3798,19.26
0.0811,-0.069468,-1.4426,19.948
0.0812,-0.083424,-1.5033,20.608
0.0813,-0.097857,-1.562,21.24
0.0814,-0.11284,-1.6187,21.845
0.0815,-0.12847,-1.6732,22.42
0.0816,-0.14484,-1.7255,22.964
0.0817,-0.16206,-1.7752,23.475
0.0818,-0.18025,-1.8225,23.952
0.0819,-0.19941,-1.8671,24.397
0.082,-0.21932,-1.9091,24.807
0.0821,-0.23958,-1.9485,25.184
0.0822,-0.25956,-1.9854,25.528
0.0823,-0.27838,-2.0195,25.836
0.0824,-0.29505,-2.0509,26.107
0.0825,-0.3087,-2.0793,26.339
0.0826,-0.31867,-2.1044,26.532
0.0827,-0.32468,-2.1259,26.683
0.0828,-0.32688,-2.1439,26.793
0.0829,-0.32572,-2.1582,26.861
0.083,-0.32184,-2.169,26.888
0.0831,-0.31598,-2.1764,26.875
0.0832,-0.30879,-2.1804,26.822
0.0833,-0.30083,-2.1812,26.729
0.0834,-0.29253,-2.1787,26.596
0.0835,-0.28425,-2.1731,26.424
0.0836,-0.27618,-2.1643,26.212
0.0837,-0.26845,-2.1523,25.962
0.0838,-0.26116,-2.1374,25.675
0.0839,-0.25433,-2.1197,25.352
0.084,-0.24792,-2.0994,24.996
0.0841,-0.24193,-2.0766,24.607
0.0842,-0.23637,-2.0515,24.186
0.0843,-0.23121,-2.0239,23.732
0.0844,-0.22647,-1.9939,23.245
0.0845,-0.22216,-1.9613,22.725
0.0846,-0.21831,-1.926,22.172
0.0847,-0.21484,-1.8881,21.587
0.0848,-0.2117,-1.8476,20.972
0.0849,-0.20881,-1.8045,20.328
0.085,-0.20606,-1.7591,19.657
0.0851,-0.20328,-1.7114,18.959
0.0852,-0.20039,-1.6615,18.236
0.0853,-0.19728,-1.6093,17.488
0.0854,-0.19385,-1.5549,16.716
0.0855,-0.19004,-1.4983,15.919
0.0856,-0.18582,-1.4395,15.101
0.0857,-0.18115,-1.3787,14.26
0.0858,-0.17601,-1.3162,13.399
0.0859,-0.17044,-1.252,12.521
0.086,-0.16448,-1.1863,11.625
0.0861,-0.15818,-1.1193,10.714
0.0862,-0.15166,-1.0512,9.7882
0.0863,-0.14503,-0.98178,8.8494
0.0864,-0.13837,-0.91122,7.8981
0.0865,-0.13178,-0.83949,6.9358
0.0866,-0.12532,-0.76666,5.964
0.0867,-0.119,-0.69278,4.984
0.0868,-0.11281,-0.61794,3.9975
0.0869,-0.10673,-0.54221,3.0063
0.087,-0.10067,-0.46566,2.0118
0.0871,-0.09454,-0.38829,1.0149
0.0872,-0.088307,-0.31009,0.017015
0.0873,-0.081913,-0.23106,-0.98069
0.0874,-0.075284,-0.15122,-1.9772
0.0875,-0.06836,-0.070637,-2.9709
0.0876,-0.061106,0.010574,-3.9602
0.0877,-0.053456,0.092266,-4.944
0.0878,-0.045369,0.17425,-5.9213
0.0879,-0.036859,0.25635,-6.8909
0.088,-0.027968,0.33839,-7.8519
0.0881,-0.018735,0.42021,-8.8039
0.0882,-0.0092477,0.50162,-9.7457
0.0883,0.00038854,0.58245,-10.676
0.0884,0.010097,0.66252,-11.593
0.0885,0.019832,0.7416,-12.494
0.0886,0.029537,0.81948,-13.379
0.0887,0.039202,0.89597,-14.244
0.0888,0.048858,0.9709,-15.089
0.0889,0.058557,1.0441,-15.912
0.089,0.068355,1.1157,-16.711
0.0891,0.078353,1.1854,-17.487
0.0892,0.088664,1.2533,-18.237
0.0893,0.099411,1.3194,-18.962
0.0894,0.11072,1.3836,-19.66
0.0895,0.12275,1.4457,-20.33
0.0896,0.13562,1.5058,-20.971
0.0897,0.14945,1.5637,-21.583
0.0898,0.16431,1.6193,-22.165
0.0899,0.18022,1.6725,-22.717
0.09,0.19714,1.7235,-23.239
0.0901,0.21494,1.772,-23.729
0.0902,0.23342,1.8181,-24.189
0.0903,0.25227,1.8616,-24.617
0.0904,0.27108,1.9025,-25.011
0.0905,0.28937,1.9407,-25.37
0.0906,0.30657,1.9758,-25.693
0.0907,0.32209,2.0078,-25.978
0.0908,0.33539,2.0366,-26.224
0.0909,0.34599,2.0621,-26.43
0.091,0.35356,2.0842,-26.594
0.0911,0.35796,2.103,-26.717
0.0912,0.35926,2.1183,-26.797
0.0913,0.35773,2.1303,-26.835
0.0914,0.3538,2.1389,-26.832
0.0915,0.34806,2.1441,-26.787
0.0916,0.34111,2.1461,-26.701
0.0917,0.33353,2.1448,-26.576
0.0918,0.32583,2.1405,-26.413
0.0919,0.31839,2.1331,-26.213
0.092,0.31148,2.1229,-25.977
0.0921,0.30524,2.1098,-25.705
0.0922,0.2997,2.094,-25.4
0.0923,0.29485,2.0754,-25.06
0.0924,0.29059,2.0541,-24.686
0.0925,0.2868,2.03,-24.279
0.0926,0.28335,2.0033,-23.838
0.0927,0.28008,1.9738,-23.364
0.0928,0.27687,1.9417,-22.856
0.0929,0.27361,1.9069,-22.316
0.093,0.27019,1.8694,-21.743
0.0931,0.26656,1.8294,-21.138
0.0932,0.2627,1.7869,-20.502
0.0933,0.25861,1.7419,-19.835
0.0934,0.25431,1.6944,-19.14
0.0935,0.24986,1.6446,-18.417
0.0936,0.24529,1.5926,-17.669
0.0937,0.24065,1.5385,-16.898
0.0938,0.23599,1.4825,-16.105
0.0939,0.23133,1.4246,-15.291
0.094,0.2267,1.365,-14.459
0.0941,0.22208,1.3037,-13.608
0.0942,0.21748,1.2408,-12.74
0.0943,0.21287,1.1762,-11.856
0.0944,0.2082,1.1101,-10.954
0.0945,0.20342,1.0424,-10.037
0.0946,0.19847,0.97332,-9.1053
0.0947,0.19329,0.90282,-8.16
0.0948,0.18779,0.83104,-7.2022
0.0949,0.18196,0.75805,-6.2335
0.095,0.17576,0.68394,-5.2551
0.0951,0.16918,0.60876,-4.2685
0.0952,0.16225,0.5326,-3.2753
0.0953,0.15497,0.45549,-2.2773
0.0954,0.1474,0.37752,-1.2761
0.0955,0.13958,0.29878,-0.27356
0.0956,0.13159,0.21937,0.7284
0.0957,0.12351,0.1394,1.7281
0.0958,0.1154,0.058994,2.7241
0.0959,0.10729,-0.021744,3.7149
0.096,0.099235,-0.10271,4.6995
0.0961,0.091249,-0.18382,5.6771
0.0962,0.083326,-0.26496,6.6469
0.0963,0.075444,-0.34605,7.608
0.0964,0.067558,-0.42696,8.5596
0.0965,0.059609,-0.50756,9.5008
0.0966,0.051522,-0.58771,10.431
0.0967,0.04322,-0.66725,11.348
0.0968,0.034626,-0.74599,12.251
0.0969,0.025672,-0.82377,13.138
0.097,0.016302,-0.90043,14.009
0.0971,0.0064738,-0.97579,14.861
0.0972,-0.0038416,-1.0497,15.693
0.0973,-0.014658,-1.122,16.503
0.0974,-0.025985,-1.1926,17.29
0.0975,-0.037824,-1.2613,18.052
0.0976,-0.050174,-1.328,18.788
0.0977,-0.063035,-1.3926,19.496
0.0978,-0.076423,-1.4551,20.177
0.0979,-0.090365,-1.5155,20.829
0.098,-0.10491,-1.5736,21.452
0.0981,-0.12012,-1.6295,22.045
0.0982,-0.1361,-1.6831,22.608
0.0983,-0.15293,-1.7344,23.14
0.0984,-0.1707,-1.7834,23.64
0.0985,-0.18941,-1.8299,24.107
0.0986,-0.209,-1.8739,24.542
0.0987,-0.22921,-1.9153,24.943
0.0988,-0.24955,-1.9541,25.309
0.0989,-0.26934,-1.9901,25.64
0.099,-0.28767,-2.0232,25.934
0.0991,-0.3036,-2.0533,26.191
0.0992,-0.31627,-2.0803,26.41
0.0993,-0.32513,-2.104,26.588
0.0994,-0.33,-2.1242,26.726
0.0995,-0.33107,-2.1411,26.823
0.0996,-0.32889,-2.1544,26.879
0.0997,-0.32414,-2.1642,26.893
0.0998,-0.31757,-2.1705,26.866
0.0999,-0.30984,-2.1734,26.798
0.1,-0.30152,-2.173,26.69
0.1001,-0.293,-2.1693,26.542
0.1002,-0.28458,-2.1625,26.355
0.1003,-0.27646,-2.1527,26.13
0.1004,-0.26873,-2.1399,25.868
0.1005,-0.26147,-2.1242,25.569
0.1006,-0.25471,-2.1058,25.235
0.1007,-0.24845,-2.0848,24.867
0.1008,-0.24269,-2.0612,24.466
0.1009,-0.23742,-2.0352,24.032
0.101,-0.23261,-2.0067,23.567
0.1011,-0.22825,-1.9757,23.069
0.1012,-0.22428,-1.9422,22.539
0.1013,-0.22067,-1.9062,21.977
0.1014,-0.21736,-1.8675,21.384
0.1015,-0.21427,-1.8263,20.761
0.1016,-0.21133,-1.7825,20.107
0.1017,-0.20844,-1.7362,19.426
0.1018,-0.20548,-1.6876,18.717
0.1019,-0.20238,-1.6367,17.983
0.102,-0.19902,-1.5836,17.224
0.1021,-0.19532,-1.5283,16.442
0.1022,-0.19124,-1.471,15.637
0.1023,-0.18673,-1.4117,14.811
0.1024,-0.18179,-1.3505,13.963
0.1025,-0.17645,-1.2876,13.097
0.1026,-0.17074,-1.2231,12.212
0.1027,-0.16475,-1.1571,11.311
0.1028,-0.15853,-1.0897,10.394
0.1029,-0.15217,-1.0211,9.4637
0.103,-0.14573,-0.95129,8.5209
0.1031,-0.13929,-0.88037,7.5667
0.1032,-0.13288,-0.80839,6.6023
0.1033,-0.12654,-0.73535,5.6288
0.1034,-0.12028,-0.6613,4.6475
0.1035,-0.1141,-0.58625,3.6595
0.1036,-0.10796,-0.51024,2.6664
0.1037,-0.10179,-0.4333,1.6695
0.1038,-0.095511,-0.35548,0.6704
0.1039,-0.089082,-0.27683,-0.32932
0.104,-0.082438,-0.19739,-1.3282
0.1041,-0.075521,-0.11723,-2.3248
0.1042,-0.068284,-0.036447,-3.3179
0.1043,-0.060694,0.044863,-4.306
0.1044,-0.052736,0.12657,-5.2882
0.1045,-0.044414,0.20852,-6.2634
0.1046,-0.035751,0.29055,-7.2305
0.1047,-0.02679,0.37247,-8.1887
0.1048,-0.017582,0.4541,-9.1368
0.1049,-0.0081896,0.53524,-10.074
0.105,0.0013261,0.6157,-10.998
0.1051,0.01091,0.69529,-11.909
0.1052,0.020523,0.77384,-12.803
0.1053,0.030143,0.85116,-13.681
0.1054,0.039771,0.92711,-14.539
0.1055,0.049438,1.0015,-15.377
0.1056,0.0592,1.0743,-16.193
0.1057,0.069139,1.1454,-16.986
0.1058,0.079356,1.2147,-17.754
0.1059,0.089969,1.2821,-18.496
0.106,0.1011,1.3475,-19.212
0.1061,0.11287,1.411,-19.901
0.1062,0.1254,1.4723,-20.562
0.1063,0.13879,1.5316,-21.194
0.1064,0.15312,1.5886,-21.797
0.1065,0.16843,1.6434,-22.369
0.1066,0.18473,1.6959,-22.912
0.1067,0.20196,1.746,-23.423
0.1068,0.22,1.7937,-23.903
0.1069,0.23861,1.8388,-24.35
0.107,0.25748,1.8813,-24.765
0.1071,0.27618,1.9211,-25.146
0.1072,0.2942,1.9581,-25.492
0.1073,0.31094,1.9921,-25.802
0.1074,0.32581,2.023,-26.073
0.1075,0.33826,2.0508,-26.306
0.1076,0.34788,2.0753,-26.498
0.1077,0.35437,2.0964,-26.649
0.1078,0.35768,2.1141,-26.757
0.1079,0.35796,2.1283,-26.824
0.108,0.35557,2.1391,-26.848
0.1081,0.35102,2.1466,-26.83
0.1082,0.34488,2.1507,-26.772
0.1083,0.33778,2.1515,-26.673
0.1084,0.33025,2.1492,-26.536
0.1085,0.32274,2.1438,-26.36
0.1086,0.31557,2.1354,-26.148
0.1087,0.30897,2.1241,-25.899
0.1088,0.30302,2.1099,-25.615
0.1089,0.29773,2.093,-25.297
0.109,0.29306,2.0733,-24.944
0.1091,0.2889,2.051,-24.558
0.1092,0.28513,2.0259,-24.138
0.1093,0.28164,1.9983,-23.685
0.1094,0.27828,1.9679,-23.199
0.1095,0.27496,1.9349,-22.681
0.1096,0.27159,1.8993,-22.129
0.1097,0.26809,1.8611,-21.545
0.1098,0.26443,1.8202,-20.929
0.1099,0.26059,1.7769,-20.282
0.11,0.25656,1.731,-19.606
0.1101,0.25238,1.6828,-18.901
0.1102,0.24806,1.6323,-18.171
0.1103,0.24364,1.5797,-17.415
0.1104,0.23915,1.525,-16.636
0.1105,0.23463,1.4683,-15.836
0.1106,0.23009,1.4098,-15.016
0.1107,0.22553,1.3496,-14.177
0.1108,0.22095,1.2876,-13.319
0.1109,0.21634,1.224,-12.444
0.111,0.21164,1.1588,-11.552
0.1111,0.20683,1.092,-10.645
0.1112,0.20185,1.0238,-9.722
0.1113,0.19665,0.95427,-8.785
0.1114,0.19119,0.88337,-7.8348
0.1115,0.18544,0.81121,-6.8727
0.1116,0.17938,0.73787,-5.9
0.1117,0.17299,0.66342,-4.9183
0.1118,0.16628,0.58794,-3.929
0.1119,0.15927,0.51149,-2.9339
0.112,0.15197,0.43414,-1.9347
0.1121,0.1444,0.35598,-0.93308
0.1122,0.13413,0.31451,-0.34728
0.1123,0.12192,0.32337,-0.3357
0.1124,0.11033,0.33077,-0.3235
0.1125,0.097683,0.33753,-0.31207
0.1126,0.081981,0.34682,-0.30281
0.1127,0.064045,0.35877,-0.29485
0.1128,0.046521,0.36901,-0.28682
0.1129,0.029159,0.37732,-0.27895
0.113,0.0092736,0.38846,-0.27368
0.1131,-0.013091,0.40251,-0.27067
0.1132,-0.035179,0.41475,-0.26731
0.1133,-0.055651,0.42366,-0.26187
0.1134,-0.074941,0.43028,-0.25495
0.1135,-0.093656,0.43488,-0.24653
0.1136,-0.11255,0.43873,-0.23697
0.1137,-0.13176,0.44271,-0.22664
0.1138,-0.14984,0.44471,-0.21523
0.1139,-0.16611,0.44325,-0.20194
0.114,-0.18157,0.44053,-0.18776
0.1141,-0.19674,0.43793,-0.17323
0.1142,-0.21082,0.43374,-0.15754
0.1143,-0.22355,0.42707,-0.14014
0.1144,-0.23544,0.4193,-0.12218
0.1145,-0.24697,0.41142,-0.10415
0.1146,-0.25884,0.40404,-0.085991
0.1147,-0.27166,0.39768,-0.067852
0.1148,-0.28507,0.39196,-0.050316
0.1149,-0.2992,0.38709,-0.033801
0.115,-0.31505,0.38491,-0.019254
0.1151,-0.33213,0.38485,-0.0064078
0.1152,-0.34826,0.38342,0.0062574
0.1153,-0.36288,0.37972,0.019487
0.1154,-0.37699,0.37603,0.032322
0.1155,-0.39056,0.37256,0.044909
0.1156,-0.4026,0.36759,0.058306
0.1157,-0.41297,0.361,0.072849
0.1158,-0.42161,0.35294,0.088383
0.1159,-0.42815,0.34235,0.10563
0.116,-0.4331,0.32968,0.12445
0.1161,-0.43731,0.31641,0.14394
0.1162,-0.44031,0.30201,0.1639
0.1163,-0.44163,0.28548,0.18476
0.1164,-0.44188,0.26827,0.20563
0.1165,-0.44166,0.25177,0.22566
0.1166,-0.44081,0.23564,0.24495
0.1167,-0.43966,0.22002,0.26359
0.1168,-0.43863,0.2059,0.28089
0.1169,-0.43756,0.19294,0.29692
0.117,-0.43641,0.18051,0.31216
0.1171,-0.43549,0.16856,0.32688
0.1172,-0.43449,0.1566,0.34121
0.1173,-0.43323,0.14422,0.3554
0.1174,-0.43231,0.13264,0.36897
0.1175,-0.43178,0.12228,0.38174
0.1176,-0.43044,0.11146,0.39443
0.1177,-0.42761,0.099015,0.40763
0.1178,-0.42352,0.085482,0.42092
0.1179,-0.41804,0.070605,0.43423
0.118,-0.41086,0.053562,0.44772
0.1181,-0.40225,0.03463,0.46107
0.1182,-0.39239,0.014177,0.47386
0.1183,-0.38127,-0.008149,0.48634
0.1184,-0.36954,-0.031469,0.49828
0.1185,-0.35808,-0.054103,0.5091
0.1186,-0.34691,-0.075627,0.51865
0.1187,-0.33589,-0.096187,0.52713
0.1188,-0.32519,-0.1151,0.53412
0.1189,-0.31461,-0.13239,0.53941
0.119,-0.30368,-0.1489,0.54333
0.1191,-0.29266,-0.16457,0.54589
0.1192,-0.28183,-0.1788,0.54673
0.1193,-0.27095,-0.19205,0.54606
0.1194,-0.26,-0.20465,0.54416
0.1195,-0.24921,-0.21645,0.54117
0.1196,-0.2381,-0.22824,0.53751
0.1197,-0.22613,-0.24114,0.53389
0.1198,-0.21354,-0.25472,0.53024
0.1199,-0.20048,-0.2685,0.52637
0.12,-0.18624,-0.28343,0.52263
0.1201,-0.17054,-0.30009,0.51938
0.1202,-0.15374,-0.31768,0.51624
0.1203,-0.13605,-0.33588,0.51312
0.1204,-0.11756,-0.35473,0.51018
0.1205,-0.098827,-0.37341,0.50717
0.1206,-0.080186,-0.39114,0.50369
0.1207,-0.061512,-0.40824,0.49992
0.1208,-0.042948,-0.42458,0.49587
0.1209,-0.024949,-0.43933,0.49113
0.121,-0.007605,-0.45208,0.48534
0.1211,0.0090227,-0.4627,0.47838
0.1212,0.024746,-0.4706,0.46984
0.1213,0.039748,-0.47578,0.45951
0.1214,0.054532,-0.47899,0.44772
0.1215,0.069247,-0.48071,0.43486
0.1216,0.084032,-0.4812,0.42115
0.1217,0.099259,-0.48128,0.40706
0.1218,0.11503,-0.48142,0.39299
0.1219,0.13117,-0.4816,0.37912
0.122,0.1479,-0.48235,0.36571
0.1221,0.16536,-0.48423,0.35314
0.1222,0.18314,-0.48667,0.34121
0.1223,0.20087,-0.48899,0.32953
0.1224,0.21873,-0.49138,0.31805
0.1225,0.23673,-0.49385,0.30672
