0.05,-1.3753,0.84857,0.50426
0.0501,-1.3658,0.88963,0.45605
0.0502,-1.3543,0.92944,0.40735
0.0503,-1.341,0.96793,0.35825
0.0504,-1.3258,1.005,0.3088
0.0505,-1.3087,1.0407,0.25905
0.0506,-1.2898,1.0749,0.20904
0.0507,-1.2691,1.1075,0.1588
0.0508,-1.2466,1.1386,0.10835
0.0509,-1.2223,1.1681,0.057679
0.051,-1.1964,1.1961,0.0068225
0.0511,-1.1687,1.2223,-0.044181
0.0512,-1.1395,1.247,-0.095292
0.0513,-1.1086,1.27,-0.14646
0.0514,-1.0763,1.2912,-0.1976
0.0515,-1.0425,1.3106,-0.24865
0.0516,-1.0073,1.3283,-0.29951
0.0517,-0.97078,1.344,-0.35008
0.0518,-0.93303,1.3577,-0.40024
0.0519,-0.8941,1.3693,-0.44989
0.052,-0.85405,1.3789,-0.49891
0.0521,-0.81293,1.3863,-0.5472
0.0522,-0.77081,1.3914,-0.59465
0.0523,-0.72772,1.3943,-0.64119
0.0524,-0.68372,1.3949,-0.68674
0.0525,-0.63884,1.3932,-0.73124
0.0526,-0.59313,1.3892,-0.77465
0.0527,-0.54662,1.383,-0.81693
0.0528,-0.49935,1.3747,-0.85806
0.0529,-0.45138,1.3643,-0.89802
0.053,-0.40275,1.3518,-0.93681
0.0531,-0.35352,1.3373,-0.97441
0.0532,-0.30376,1.321,-1.0108
0.0533,-0.25352,1.3029,-1.046
0.0534,-0.2029,1.2831,-1.0799
0.0535,-0.15196,1.2616,-1.1126
0.0536,-0.10078,1.2385,-1.1438
0.0537,-0.049425,1.2138,-1.1737
0.0538,0.0020258,1.1876,-1.202
0.0539,0.053485,1.1599,-1.2287
0.054,0.10487,1.1307,-1.2537
0.0541,0.1561,1.1,-1.2768
0.0542,0.31732,-2.1581,-0.78436
0.0543,0.42335,-3.6269,-0.57888
0.0544,0.51456,-4.6861,-0.43981
0.0545,0.58608,-5.8009,-0.27191
0.0546,0.62639,-6.7204,-0.10334
0.0547,0.67322,-7.4169,0.01748
0.0548,0.74779,-8.2991,0.14048
0.0549,0.81451,-9.5542,0.34681
0.055,0.86546,-11.12,0.63647
0.0551,0.93818,-12.853,0.93386
0.0552,1.0298,-14.559,1.2035
0.0553,1.1122,-16.088,1.4528
0.0554,1.1874,-17.48,1.6826
0.0555,1.2549,-18.689,1.8843
0.0556,1.303,-19.676,2.0643
0.0557,1.352,-20.674,2.2479
0.0558,1.4292,-22.089,2.4808
0.0559,1.5249,-23.921,2.7769
0.056,1.6242,-26.01,3.1228
0.0561,1.7349,-28.245,3.4863
0.0562,1.8459,-30.326,3.8175
0.0563,1.936,-32.012,4.0958
0.0564,2.0112,-33.47,4.3465
0.0565,2.0801,-34.836,4.5869
0.0566,2.1268,-35.92,4.7954
0.0567,2.1558,-36.728,4.9695
0.0568,2.1879,-37.624,5.1555
0.0569,2.222,-38.783,5.3933
0.057,2.2566,-40.108,5.6652
0.0571,2.3165,-41.552,5.9338
0.0572,2.3981,-43.071,6.1918
0.0573,2.4668,-44.503,6.4505
0.0574,2.5175,-45.77,6.6986
0.0575,2.5723,-46.902,6.9156
0.0576,2.6239,-47.929,7.1134
0.0577,2.6645,-48.984,7.3289
0.0578,2.7105,-50.235,7.5713
0.0579,2.7661,-51.586,7.8179
0.058,2.8098,-52.853,8.056
0.0581,2.8435,-54.076,8.2915
0.0582,2.8801,-55.285,8.5148
0.0583,2.9083,-56.297,8.7087
0.0584,2.9128,-57.035,8.8741
0.0585,2.9028,-57.603,9.0195
0.0586,2.8783,-57.985,9.14
0.0587,2.8335,-58.169,9.2413
0.0588,2.7838,-58.39,9.3505
0.0589,2.7486,-58.822,9.4821
0.059,2.7221,-59.332,9.6181
0.0591,2.7006,-59.808,9.7427
0.0592,2.6863,-60.295,9.861
0.0593,2.6694,-60.736,9.9749
0.0594,2.6403,-61.05,10.078
0.0595,2.6142,-61.301,10.165
0.0596,2.5871,-61.507,10.243
0.0597,2.5528,-61.657,10.318
0.0598,2.5134,-61.746,10.385
0.0599,2.4815,-61.836,10.443
0.06,2.4481,-61.837,10.485
0.0601,2.415,-61.816,10.522
0.0602,2.3819,-61.745,10.549
0.0603,2.3408,-61.516,10.552
0.0604,2.2775,-61.028,10.528
0.0605,2.198,-60.361,10.487
0.0606,2.1129,-59.62,10.435
0.0607,2.0241,-58.817,10.376
0.0608,1.9382,-58.022,10.316
0.0609,1.8677,-57.346,10.264
0.061,1.8067,-56.742,10.216
0.0611,1.7449,-56.11,10.167
0.0612,1.6854,-55.478,10.117
0.0613,1.6298,-54.866,10.072
0.0614,1.5653,-54.179,10.027
0.0615,1.491,-53.358,9.9753
0.0616,1.4145,-52.475,9.9243
0.0617,1.3335,-51.513,9.8743
0.0618,1.2456,-50.466,9.8216
0.0619,1.1632,-49.41,9.7567
0.062,1.0891,-48.377,9.6747
0.0621,1.0128,-47.312,9.5781
0.0622,0.92873,-46.153,9.4567
0.0623,0.83971,-44.893,9.3058
0.0624,0.74103,-43.502,9.1274
0.0625,0.63301,-41.995,8.9244
0.0626,0.52686,-40.452,8.6978
0.0627,0.42874,-38.904,8.4531
0.0628,0.33538,-37.347,8.1948
0.0629,0.25049,-35.833,7.9266
0.063,0.17736,-34.397,7.6515
0.0631,0.11115,-33.003,7.3723
0.0632,0.048176,-31.631,7.0898
0.0633,-0.010118,-30.285,6.8069
0.0634,-0.070304,-28.894,6.521
0.0635,-0.13825,-27.391,6.2248
0.0636,-0.20935,-25.81,5.9156
0.0637,-0.27877,-24.194,5.5979
0.0638,-0.34921,-22.546,5.2751
0.0639,-0.41798,-20.895,4.9511
0.064,-0.48277,-19.277,4.6309
0.0641,-0.55105,-17.652,4.3165
0.0642,-0.62876,-15.983,4.0063
0.0643,-0.70998,-14.298,3.6999
0.0644,-0.79282,-12.606,3.3968
0.0645,-0.88005,-10.886,3.0962
0.0646,-0.96679,-9.1625,2.7963
0.0647,-1.0457,-7.4739,2.497
0.0648,-1.1198,-5.8202,2.2011
0.0649,-1.189,-4.2281,1.9149
0.065,-1.2468,-2.7517,1.6413
0.0651,-1.2943,-1.3752,1.3787
0.0652,-1.3399,-0.040152,1.1241
0.0653,-1.3841,1.2716,0.87459
0.0654,-1.4258,2.5803,0.6236
0.0655,-1.4685,3.9315,0.36592
0.0656,-1.5123,5.3144,0.10257
0.0657,-1.5505,6.6739,-0.16246
0.0658,-1.5841,8.0075,-0.42811
0.0659,-1.6178,9.3328,-0.69213
0.066,-1.6514,10.622,-0.94972
0.0661,-1.6839,11.861,-1.1978
0.0662,-1.719,13.072,-1.4373
0.0663,-1.7555,14.255,-1.6691
0.0664,-1.7895,15.395,-1.8948
0.0665,-1.8219,16.507,-2.1156
0.0666,-1.8524,17.584,-2.3309
0.0667,-1.877,18.605,-2.5403
0.0668,-1.8939,19.536,-2.7387
0.0669,-1.9038,20.364,-2.9218
0.067,-1.9059,21.076,-3.0885
0.0671,-1.9005,21.687,-3.2404
0.0672,-1.8928,22.244,-3.3815
0.0673,-1.8838,22.773,-3.5156
0.0674,-1.8709,23.27,-3.6463
0.0675,-1.854,23.75,-3.7756
0.0676,-1.8346,24.213,-3.9032
0.0677,-1.8107,24.635,-4.0266
0.0678,-1.7829,25.007,-4.1438
0.0679,-1.7551,25.341,-4.2522
0.068,-1.7273,25.616,-4.3484
0.0681,-1.6972,25.808,-4.4302
0.0682,-1.6661,25.933,-4.4992
0.0683,-1.6356,26.015,-4.5582
0.0684,-1.6036,26.047,-4.6091
0.0685,-1.5686,26.029,-4.6522
0.0686,-1.532,25.964,-4.6867
0.0687,-1.4914,25.825,-4.7098
0.0688,-1.4439,25.583,-4.7182
0.0689,-1.3914,25.241,-4.7104
0.069,-1.3364,24.818,-4.687
0.0691,-1.2782,24.321,-4.6502
0.0692,-1.2172,23.769,-4.6034
0.0693,-1.1548,23.184,-4.5494
0.0694,-1.0899,22.568,-4.4902
0.0695,-1.0213,21.923,-4.4273
0.0696,-0.9512,21.259,-4.3611
0.0697,-0.88021,20.563,-4.2874
0.0698,-0.80866,19.836,-4.2072
0.0699,-0.73607,19.053,-4.1152
0.07,-0.6635,18.211,-4.0107
0.0701,-0.59,17.308,-3.8943
0.0702,-0.51573,16.351,-3.7678
0.0703,-0.4422,15.361,-3.6336
0.0704,-0.36919,14.336,-3.4918
0.0705,-0.29473,13.275,-3.3445
0.0706,-0.21935,12.164,-3.1878
0.0707,-0.14305,11.012,-3.0232
0.0708,-0.065354,9.7994,-2.8473
0.0709,0.013112,8.5347,-2.6602
0.071,0.09092,7.235,-2.4633
0.0711,0.16929,5.9016,-2.2579
0.0712,0.24936,4.5345,-2.0456
0.0713,0.33015,3.1512,-1.8284
0.0714,0.41118,1.765,-1.6085
0.0715,0.49327,0.37503,-1.3872
0.0716,0.57504,-1.0172,-1.1634
0.0717,0.65516,-2.4131,-0.93526
0.0718,0.73485,-3.8305,-0.70133
0.0719,0.81506,-5.279,-0.46086
0.072,0.8941,-6.7488,-0.21438
0.0721,0.97153,-8.2327,0.036875
0.0722,1.0482,-9.7303,0.29115
0.0723,1.1242,-11.232,0.54683
0.0724,1.1986,-12.735,0.80385
0.0725,1.2723,-14.246,1.0627
0.0726,1.3454,-15.766,1.3234
0.0727,1.4157,-17.286,1.5869
0.0728,1.4839,-18.801,1.8517
0.0729,1.5502,-20.316,2.1187
0.073,1.6147,-21.823,2.3868
0.0731,1.6779,-23.314,2.6541
0.0732,1.7404,-24.787,2.9189
0.0733,1.8022,-26.227,3.1796
0.0734,1.8627,-27.64,3.4372
0.0735,1.9218,-29.022,3.6915
0.0736,1.98,-30.378,3.9431
0.0737,2.0369,-31.713,4.193
0.0738,2.0922,-33.029,4.4418
0.0739,2.1459,-34.327,4.6892
0.074,2.1976,-35.602,4.934
0.0741,2.2466,-36.843,5.1747
0.0742,2.293,-38.05,5.4103
0.0743,2.3368,-39.225,5.6407
0.0744,2.3768,-40.36,5.8659
0.0745,2.4119,-41.446,6.0844
0.0746,2.4428,-42.497,6.2985
0.0747,2.4678,-43.497,6.5067
0.0748,2.4865,-44.443,6.7087
0.0749,2.5003,-45.341,6.9043
0.075,2.5096,-46.187,7.0925
0.0751,2.5136,-46.961,7.2701
0.0752,2.5143,-47.688,7.4406
0.0753,2.5115,-48.352,7.6013
0.0754,2.5049,-48.952,7.7526
0.0755,2.4949,-49.493,7.8957
0.0756,2.4826,-49.984,8.0314
0.0757,2.4679,-50.424,8.1597
0.0758,2.4506,-50.809,8.2802
0.0759,2.4312,-51.141,8.3926
0.076,2.4094,-51.408,8.4942
0.0761,2.3865,-51.634,8.5893
0.0762,2.3614,-51.801,8.6744
0.0763,2.3339,-51.908,8.7492
0.0764,2.3031,-51.953,8.814
0.0765,2.268,-51.931,8.8691
0.0766,2.2283,-51.839,8.914
0.0767,2.1844,-51.679,8.9485
0.0768,2.1354,-51.439,8.9707
0.0769,2.0843,-51.155,8.9858
0.077,2.0301,-50.806,8.99
0.0771,1.9732,-50.392,8.983
0.0772,1.9139,-49.917,8.9656
0.0773,1.8526,-49.385,8.9388
0.0774,1.7894,-48.799,8.9028
0.0775,1.7248,-48.162,8.8584
0.0776,1.659,-47.478,8.806
0.0777,1.592,-46.747,8.746
0.0778,1.524,-45.969,8.6782
0.0779,1.4555,-45.145,8.6031
0.078,1.3868,-44.282,8.5213
0.0781,1.3174,-43.377,8.4335
0.0782,1.2468,-42.429,8.3403
0.0783,1.1743,-41.435,8.2432
0.0784,1.0991,-40.397,8.1436
0.0785,1.0207,-39.313,8.0426
0.0786,0.93941,-38.186,7.9391
0.0787,0.85566,-37.02,7.8294
0.0788,0.76979,-35.817,7.7078
0.0789,0.68235,-34.574,7.5678
0.079,0.5941,-33.292,7.4052
0.0791,0.50582,-31.973,7.2198
0.0792,0.41806,-30.622,7.015
0.0793,0.33134,-29.245,6.7953
0.0794,0.24599,-27.847,6.5646
0.0795,0.16215,-26.429,6.3256
0.0796,0.079801,-24.993,6.08
0.0797,-0.00072854,-23.544,5.8284
0.0798,-0.079091,-22.08,5.5699
0.0799,-0.15508,-20.6,5.3041
0.08,-0.22896,-19.106,5.0316
0.0801,-0.30118,-17.597,4.7529
0.0802,-0.37224,-16.072,4.4693
0.0803,-0.44259,-14.535,4.1827
0.0804,-0.51288,-12.993,3.8952
0.0805,-0.58353,-11.452,3.6079
0.0806,-0.65485,-9.9132,3.3211
0.0807,-0.72716,-8.3758,3.0347
0.0808,-0.80075,-6.8386,2.7483
0.0809,-0.87536,-5.299,2.4616
0.081,-0.95044,-3.7564,2.1741
0.0811,-1.0256,-2.2128,1.8862
0.0812,-1.1005,-0.67249,1.5987
0.0813,-1.1745,0.85926,1.3127
0.0814,-1.247,2.3767,1.0286
0.0815,-1.3172,3.8733,0.74725
0.0816,-1.3845,5.3419,0.46948
0.0817,-1.4477,6.7772,0.19542
0.0818,-1.5063,8.1792,-0.075387
0.0819,-1.5603,9.5509,-0.34337
0.082,-1.6099,10.895,-0.60869
0.0821,-1.6555,12.215,-0.87147
0.0822,-1.6978,13.511,-1.1317
0.0823,-1.7374,14.783,-1.3888
0.0824,-1.7748,16.027,-1.6421
0.0825,-1.8105,17.24,-1.8911
0.0826,-1.8448,18.421,-2.1356
0.0827,-1.8778,19.569,-2.3752
0.0828,-1.9092,20.68,-2.6094
0.0829,-1.9388,21.754,-2.8379
0.083,-1.9666,22.79,-3.0605
0.0831,-1.9927,23.789,-3.277
0.0832,-2.0167,24.743,-3.4857
0.0833,-2.0391,25.669,-3.6892
0.0834,-2.059,26.549,-3.8851
0.0835,-2.0756,27.378,-4.0726
0.0836,-2.088,28.151,-4.2515
0.0837,-2.0952,28.864,-4.4215
0.0838,-2.0966,29.512,-4.5818
0.0839,-2.0923,30.095,-4.7323
0.084,-2.0823,30.615,-4.873
0.0841,-2.0668,31.075,-5.0041
0.0842,-2.0466,31.477,-5.1258
0.0843,-2.0227,31.825,-5.2385
0.0844,-1.9956,32.124,-5.3427
0.0845,-1.9661,32.375,-5.4387
0.0846,-1.9347,32.58,-5.5266
0.0847,-1.9014,32.735,-5.6061
0.0848,-1.8663,32.838,-5.6767
0.0849,-1.8298,32.889,-5.738
0.085,-1.7921,32.886,-5.7895
0.0851,-1.7534,32.828,-5.8309
0.0852,-1.7136,32.715,-5.8622
0.0853,-1.6727,32.546,-5.8832
0.0854,-1.6301,32.318,-5.8935
0.0855,-1.5849,32.029,-5.8933
0.0856,-1.5368,31.68,-5.8828
0.0857,-1.4851,31.269,-5.8618
0.0858,-1.4294,30.795,-5.8302
0.0859,-1.3695,30.259,-5.7877
0.086,-1.3056,29.662,-5.7346
0.0861,-1.238,29.008,-5.6713
0.0862,-1.1674,28.301,-5.598
0.0863,-1.0944,27.546,-5.5154
0.0864,-1.0196,26.747,-5.4242
0.0865,-0.94344,25.907,-5.3249
0.0866,-0.86626,25.028,-5.2177
0.0867,-0.78845,24.112,-5.1027
0.0868,-0.71044,23.158,-4.9798
0.0869,-0.63267,22.167,-4.849
0.087,-0.55563,21.141,-4.7102
0.0871,-0.47946,20.077,-4.5632
0.0872,-0.40409,18.976,-4.4081
0.0873,-0.32935,17.836,-4.2449
0.0874,-0.25483,16.656,-4.0736
0.0875,-0.17996,15.437,-3.8941
0.0876,-0.10434,14.178,-3.7065
0.0877,-0.0276,12.882,-3.5105
0.0878,0.050602,11.549,-3.3061
0.0879,0.13038,10.182,-3.0933
0.088,0.21144,8.7864,-2.8728
0.0881,0.2935,7.3667,-2.6452
0.0882,0.37628,5.9273,-2.4113
0.0883,0.45946,4.4722,-2.1722
0.0884,0.54268,3.0046,-1.9288
0.0885,0.62584,1.5259,-1.6816
0.0886,0.70861,0.037123,-1.4311
0.0887,0.79046,-1.46,-1.1775
0.0888,0.87088,-2.9635,-0.92127
0.0889,0.94951,-4.4719,-0.66254
0.089,1.0259,-5.9835,-0.40165
0.0891,1.0998,-7.4961,-0.13897
0.0892,1.1713,-9.008,0.12501
0.0893,1.2405,-10.517,0.38984
0.0894,1.3075,-12.022,0.6552
0.0895,1.3727,-13.522,0.92092
0.0896,1.4367,-15.017,1.187
0.0897,1.4997,-16.507,1.4533
0.0898,1.5619,-17.989,1.7198
0.0899,1.6233,-19.459,1.986
0.09,1.684,-20.914,2.2513
0.0901,1.7436,-22.349,2.5151
0.0902,1.8022,-23.759,2.7767
0.0903,1.8598,-25.142,3.0355
0.0904,1.9162,-26.495,3.291
0.0905,1.971,-27.816,3.5429
0.0906,2.0238,-29.104,3.791
0.0907,2.0744,-30.358,4.0352
0.0908,2.1221,-31.578,4.2753
0.0909,2.1663,-32.761,4.5109
0.091,2.2066,-33.907,4.7418
0.0911,2.2427,-35.011,4.9672
0.0912,2.274,-36.072,5.1867
0.0913,2.3007,-37.085,5.3996
0.0914,2.3227,-38.049,5.6057
0.0915,2.3401,-38.964,5.8048
0.0916,2.3531,-39.828,5.9967
0.0917,2.3621,-40.641,6.1815
0.0918,2.367,-41.401,6.3589
0.0919,2.3682,-42.107,6.5287
0.092,2.3659,-42.757,6.6906
0.0921,2.3607,-43.351,6.8444
0.0922,2.3527,-43.887,6.9897
0.0923,2.3423,-44.364,7.1263
0.0924,2.3296,-44.781,7.254
0.0925,2.3147,-45.137,7.3726
0.0926,2.2974,-45.433,7.4823
0.0927,2.2777,-45.67,7.583
0.0928,2.2553,-45.847,7.6745
0.0929,2.2299,-45.963,7.7566
0.093,2.2011,-46.017,7.8291
0.0931,2.1689,-46.011,7.8917
0.0932,2.133,-45.942,7.9439
0.0933,2.0933,-45.811,7.9858
0.0934,2.0499,-45.619,8.0174
0.0935,2.0029,-45.366,8.0386
0.0936,1.9522,-45.053,8.0497
0.0937,1.8983,-44.681,8.0506
0.0938,1.8413,-44.252,8.0416
0.0939,1.7816,-43.766,8.0227
0.094,1.7197,-43.224,7.9941
0.0941,1.6562,-42.629,7.9558
0.0942,1.5913,-41.982,7.9081
0.0943,1.5255,-41.284,7.8512
0.0944,1.459,-40.537,7.7856
0.0945,1.3918,-39.745,7.7116
0.0946,1.3239,-38.907,7.6297
0.0947,1.2551,-38.025,7.5401
0.0948,1.1852,-37.101,7.4434
0.0949,1.1138,-36.135,7.3397
0.095,1.0407,-35.127,7.2296
0.0951,0.96573,-34.078,7.1132
0.0952,0.88875,-32.992,6.991
0.0953,0.80968,-31.868,6.8625
0.0954,0.72859,-30.71,6.7269
0.0955,0.64562,-29.52,6.5823
0.0956,0.56098,-28.298,6.4262
0.0957,0.47507,-27.046,6.256
0.0958,0.38841,-25.765,6.0705
0.0959,0.3015,-24.456,5.8697
0.096,0.21485,-23.12,5.6551
0.0961,0.12903,-21.759,5.4287
0.0962,0.044465,-20.376,5.1929
0.0963,-0.038585,-18.974,4.9496
0.0964,-0.11991,-17.556,4.7005
0.0965,-0.19938,-16.124,4.4463
0.0966,-0.27706,-14.679,4.1876
0.0967,-0.3531,-13.222,3.9247
0.0968,-0.42766,-11.754,3.6578
0.0969,-0.50093,-10.276,3.3871
0.097,-0.57324,-8.7908,3.1133
0.0971,-0.64485,-7.3005,2.837
0.0972,-0.71611,-5.8086,2.5589
0.0973,-0.78741,-4.3173,2.2796
0.0974,-0.85914,-2.8286,1.9997
0.0975,-0.93149,-1.3431,1.7193
0.0976,-1.0045,0.13934,1.4387
0.0977,-1.078,1.6191,1.1577
0.0978,-1.1517,3.0963,0.87639
0.0979,-1.225,4.5699,0.59495
0.098,-1.2974,6.0378,0.31373
0.0981,-1.3683,7.4961,0.033325
0.0982,-1.4371,8.9398,-0.24548
0.0983,-1.5031,10.364,-0.52194
0.0984,-1.5659,11.765,-0.79543
0.0985,-1.6251,13.138,-1.0655
0.0986,-1.6803,14.484,-1.332
0.0987,-1.7317,15.8,-1.5947
0.0988,-1.7792,17.088,-1.8539
0.0989,-1.823,18.348,-2.1093
0.099,-1.8635,19.578,-2.3608
0.0991,-1.901,20.777,-2.6082
0.0992,-1.9361,21.944,-2.851
0.0993,-1.969,23.078,-3.0888
0.0994,-2.0001,24.176,-3.3214
0.0995,-2.0296,25.237,-3.5484
0.0996,-2.0574,26.261,-3.7696
0.0997,-2.0835,27.249,-3.9849
0.0998,-2.1076,28.199,-4.1943
0.0999,-2.1296,29.112,-4.3974
0.1,-2.1491,29.985,-4.5939
0.1001,-2.1657,30.816,-4.7833
0.1002,-2.179,31.599,-4.9648
0.1003,-2.1884,32.331,-5.1379
0.1004,-2.1934,33.009,-5.3019
0.1005,-2.1936,33.627,-5.4565
0.1006,-2.1886,34.185,-5.6013
0.1007,-2.1783,34.682,-5.7362
0.1008,-2.1629,35.117,-5.8612
0.1009,-2.1425,35.494,-5.9765
0.101,-2.1176,35.812,-6.0822
0.1011,-2.089,36.075,-6.1786
0.1012,-2.0573,36.284,-6.2657
0.1013,-2.0231,36.441,-6.3438
0.1014,-1.9869,36.546,-6.413
0.1015,-1.9491,36.599,-6.4731
0.1016,-1.91,36.602,-6.5243
0.1017,-1.8697,36.553,-6.5664
0.1018,-1.8284,36.452,-6.5993
0.1019,-1.7859,36.298,-6.6228
0.102,-1.7421,36.09,-6.6366
0.1021,-1.6967,35.826,-6.6405
0.1022,-1.6492,35.504,-6.6341
0.1023,-1.5993,35.123,-6.6173
0.1024,-1.5464,34.682,-6.5899
0.1025,-1.4901,34.181,-6.552
0.1026,-1.4301,33.62,-6.5035
0.1027,-1.3663,33.001,-6.4446
0.1028,-1.2988,32.324,-6.3755
0.1029,-1.2279,31.594,-6.2965
0.103,-1.1541,30.813,-6.208
0.1031,-1.0779,29.984,-6.1104
0.1032,-1.0001,29.111,-6.0041
0.1033,-0.92113,28.196,-5.8895
0.1034,-0.8416,27.243,-5.767
0.1035,-0.76198,26.252,-5.6367
0.1036,-0.68265,25.226,-5.499
0.1037,-0.60386,24.165,-5.3538
0.1038,-0.52579,23.069,-5.2013
0.1039,-0.44847,21.938,-5.0411
0.104,-0.37182,20.77,-4.8733
0.1041,-0.2956,19.566,-4.6976
0.1042,-0.21949,18.325,-4.5137
0.1043,-0.14313,17.047,-4.3216
0.1044,-0.066155,15.733,-4.121
0.1045,0.011769,14.386,-3.9119
0.1046,0.090852,13.006,-3.6945
0.1047,0.17117,11.598,-3.4691
0.1048,0.25267,10.165,-3.2363
0.1049,0.33512,8.7094,-2.9967
0.105,0.41822,7.2357,-2.7513
0.1051,0.50164,5.7468,-2.5009
0.1052,0.58496,4.2456,-2.2464
0.1053,0.66778,2.7349,-1.9886
0.1054,0.74968,1.217,-1.7282
0.1055,0.78577,1.0314,-1.6789
0.1056,0.81254,0.97376,-1.6475
0.1057,0.83465,0.91702,-1.612
0.1058,0.86192,0.86527,-1.5818
0.1059,0.90177,0.81783,-1.5673
0.106,0.94273,0.77393,-1.5567
0.1061,0.97512,0.72997,-1.5359
0.1062,1.0101,0.68963,-1.5182
0.1063,1.0579,0.654,-1.5159
0.1064,1.1088,0.62093,-1.5169
0.1065,1.1523,0.58475,-1.5075
0.1066,1.1887,0.54658,-1.4901
0.1067,1.2201,0.50588,-1.4662
0.1068,1.2481,0.46283,-1.4369
0.1069,1.2777,0.41695,-1.408
0.107,1.3063,0.36998,-1.378
0.1071,1.3259,0.31961,-1.3365
0.1072,1.3373,0.26663,-1.2853
0.1073,1.348,0.2128,-1.234
0.1074,1.3554,0.15927,-1.1813
0.1075,1.3563,0.10473,-1.1225
0.1076,1.3515,0.050994,-1.0599
0.1077,1.3426,-0.00069918,-0.99607
0.1078,1.331,-0.04972,-0.93303
0.1079,1.322,-0.096499,-0.87539
0.108,1.3161,-0.1398,-0.82423
0.1081,1.3109,-0.18007,-0.77578
0.1082,1.3094,-0.2163,-0.73382
0.1083,1.3162,-0.24791,-0.70328
0.1084,1.3239,-0.27585,-0.67637
0.1085,1.3249,-0.30328,-0.64256
0.1086,1.3215,-0.32961,-0.6055
0.1087,1.3181,-0.35425,-0.57031
0.1088,1.3109,-0.37864,-0.53229
0.1089,1.2983,-0.40509,-0.48783
0.109,1.2818,-0.43279,-0.43948
0.1091,1.2599,-0.46254,-0.38485
0.1092,1.2311,-0.49522,-0.32154
0.1093,1.2003,-0.52972,-0.25522
0.1094,1.1689,-0.56344,-0.1896
0.1095,1.1324,-0.59692,-0.11963
0.1096,1.0902,-0.62964,-0.045383
0.1097,1.0473,-0.65962,0.026518
0.1098,1.004,-0.68551,0.094374
0.1099,0.96015,-0.70834,0.15949
0.11,0.91871,-0.72715,0.21823
0.1101,0.8803,-0.74124,0.26943
0.1102,0.84217,-0.75112,0.31649
0.1103,0.80532,-0.75791,0.35968
0.1104,0.77058,-0.76117,0.39775
0.1105,0.73555,-0.76147,0.43373
0.1106,0.69985,-0.75921,0.46828
0.1107,0.66676,-0.75431,0.49793
0.1108,0.63475,-0.74683,0.52399
0.1109,0.59929,-0.73876,0.55272
0.111,0.55961,-0.73083,0.58543
0.1111,0.51701,-0.72315,0.62082
0.1112,0.46965,-0.71603,0.66099
0.1113,0.41696,-0.71027,0.7073
0.1114,0.36034,-0.70503,0.75751
0.1115,0.29952,-0.70024,0.81184
0.1116,0.23432,-0.69595,0.87053
0.1117,0.16898,-0.69135,0.92864
0.1118,0.10658,-0.68457,0.98134
0.1119,0.046735,-0.67532,1.0288
0.112,-0.010294,-0.66302,1.0702
0.1121,-0.063411,-0.64667,1.1036
0.1122,-0.1148,-0.62589,1.1308
0.1123,-0.16566,-0.6015,1.1538
0.1124,-0.21408,-0.57313,1.1705
0.1125,-0.2598,-0.54071,1.1804
0.1126,-0.30495,-0.50513,1.1865
0.1127,-0.34845,-0.46751,1.1888
0.1128,-0.38914,-0.42804,1.1864
0.1129,-0.42964,-0.38805,1.183
0.113,-0.47172,-0.34873,1.1815
0.1131,-0.51316,-0.31004,1.1796
0.1132,-0.55461,-0.27158,1.1775
0.1133,-0.59968,-0.23445,1.1797
0.1134,-0.64887,-0.19882,1.1868
0.1135,-0.70014,-0.16403,1.196
0.1136,-0.75376,-0.12982,1.2074
0.1137,-0.80917,-0.096498,1.2207
0.1138,-0.86348,-0.062954,1.2321
0.1139,-0.91561,-0.02833,1.2397
0.114,-0.96678,0.0073587,1.2448
0.1141,-1.0158,0.044318,1.2464
0.1142,-1.0606,0.083852,1.2412
0.1143,-1.101,0.12638,1.2287
0.1144,-1.1369,0.17192,1.209
0.1145,-1.1671,0.22072,1.1808
0.1146,-1.1926,0.27275,1.145
0.1147,-1.215,0.3268,1.1046
0.1148,-1.2345,0.38196,1.0605
0.1149,-1.2518,0.43749,1.0141
0.115,-1.2688,0.4924,0.96825
0.1151,-1.2861,0.54565,0.92445
0.1152,-1.3034,0.5969,0.88275
0.1153,-1.3221,0.64551,0.84521
0.1154,-1.3429,0.69101,0.81283
0.1155,-1.3636,0.73377,0.78302
0.1156,-1.3829,0.77458,0.75397
0.1157,-1.4017,0.81356,0.72645
0.1158,-1.4197,0.85132,0.69955
0.1159,-1.4358,0.88877,0.67153
0.116,-1.4511,0.92636,0.64296
0.1161,-1.4653,0.96417,0.61368
0.1162,-1.4762,1.0032,0.58045
0.1163,-1.4824,1.0439,0.54156
0.1164,-1.4843,1.0862,0.49776
0.1165,-1.4808,1.1296,0.44823
0.1166,-1.4707,1.1743,0.39167
0.1167,-1.4551,1.2198,0.32973
0.1168,-1.4351,1.2652,0.26408
0.1169,-1.4107,1.3101,0.19479
0.117,-1.3835,1.3543,0.12384
0.1171,-1.3566,1.3967,0.055022
0.1172,-1.3305,1.4365,-0.010316
0.1173,-1.3053,1.4737,-0.071978
0.1174,-1.282,1.5076,-0.12843
0.1175,-1.2602,1.5379,-0.17932
0.1176,-1.2386,1.5649,-0.22639
0.1177,-1.217,1.5889,-0.26979
0.1178,-1.1961,1.6099,-0.30882
0.1179,-1.1749,1.6286,-0.34522
0.118,-1.1518,1.6459,-0.38152
0.1181,-1.1267,1.6622,-0.41858
0.1182,-1.0989,1.6778,-0.45772
0.1183,-1.0674,1.6929,-0.50095
0.1184,-1.0321,1.7074,-0.54848
0.1185,-0.99359,1.721,-0.59961
0.1186,-0.95125,1.7336,-0.65488
0.1187,-0.90503,1.7451,-0.71422
0.1188,-0.85607,1.7553,-0.77599
0.1189,-0.80491,1.7635,-0.83904
0.119,-0.75203,1.7697,-0.90259
0.1191,-0.69874,1.7731,-0.9647
0.1192,-0.64577,1.7734,-1.024
0.1193,-0.59273,1.7707,-1.0806
0.1194,-0.54025,1.7647,-1.1336
0.1195,-0.48956,1.7554,-1.1812
0.1196,-0.44089,1.7425,-1.2229
0.1197,-0.39429,1.7264,-1.2587
0.1198,-0.35063,1.7069,-1.2876
0.1199,-0.30944,1.6839,-1.3101
0.12,-0.26887,1.6583,-1.3288
0.1201,-0.22807,1.6304,-1.3454
0.1202,-0.18675,1.6007,-1.3604
0.1203,-0.14338,1.5697,-1.3761
0.1204,-0.096707,1.5384,-1.3947
0.1205,-0.046914,1.5071,-1.4162
0.1206,0.0059287,1.4762,-1.4409
0.1207,0.062173,1.4463,-1.4696
0.1208,0.12071,1.4177,-1.5012
0.1209,0.17989,1.3898,-1.5334
0.121,0.23926,1.3622,-1.5655
0.1211,0.29861,1.3347,-1.5969
0.1212,0.35696,1.3063,-1.6258
0.1213,0.41393,1.2763,-1.6511
0.1214,0.46952,1.2443,-1.6723
0.1215,0.52289,1.2097,-1.6881
0.1216,0.57308,1.1719,-1.697
0.1217,0.61979,1.1304,-1.6981
0.1218,0.66414,1.0868,-1.6943
0.1219,0.70506,1.0402,-1.6835
0.122,0.74294,0.99124,-1.6669
0.1221,0.77874,0.94065,-1.6461
0.1222,0.81247,0.88911,-1.6221
0.1223,0.84483,0.8367,-1.5955
0.1224,0.87712,0.78439,-1.5688
0.1225,0.91013,0.73275,-1.5432
