0.05,3.6726,-1.4718,0.054723
0.0501,4.7049,-1.5022,-0.14771
0.0502,5.239,-1.5126,-0.26901
0.0503,5.7529,-1.5014,-0.40395
0.0504,6.0327,-1.4608,-0.52724
0.0505,6.0896,-1.4273,-0.5993
0.0506,6.2997,-1.4195,-0.66754
0.0507,6.7854,-1.4027,-0.79944
0.0508,7.4414,-1.369,-0.98582
0.0509,8.1155,-1.3528,-1.1536
0.051,8.6662,-1.3478,-1.2819
0.0511,8.9258,-1.3309,-1.3674
0.0512,8.9552,-1.3052,-1.4147
0.0513,8.7941,-1.2703,-1.4324
0.0514,8.4739,-1.2173,-1.4384
0.0515,8.1674,-1.1655,-1.4466
0.0516,8.1207,-1.1398,-1.4736
0.0517,8.3305,-1.1273,-1.5365
0.0518,8.6814,-1.1096,-1.6338
0.0519,9.0251,-1.0943,-1.7266
0.052,9.0808,-1.0746,-1.7626
0.0521,8.7283,-1.0342,-1.7397
0.0522,8.2118,-0.97823,-1.6996
0.0523,7.6401,-0.91634,-1.6535
0.0524,6.8169,-0.83673,-1.5737
0.0525,5.7795,-0.74517,-1.4639
0.0526,4.8721,-0.65977,-1.3702
0.0527,4.1945,-0.57916,-1.3172
0.0528,3.6019,-0.50011,-1.2797
0.0529,3.0709,-0.44168,-1.2316
0.053,2.598,-0.39936,-1.1739
0.0531,2.0427,-0.3448,-1.1138
0.0532,1.3428,-0.2759,-1.0401
0.0533,0.57587,-0.21282,-0.94523
0.0534,-0.17756,-0.15182,-0.84802
0.0535,-0.90946,-0.084575,-0.76171
0.0536,-1.5686,-0.024152,-0.67996
0.0537,-2.1772,0.026509,-0.59532
0.0538,-2.8303,0.085106,-0.50905
0.0539,-3.5332,0.14859,-0.41808
0.054,-4.2767,0.20524,-0.30875
0.0541,-5.1306,0.26543,-0.17985
0.0542,-6.1008,0.34223,-0.04526
0.0543,-7.123,0.42666,0.092404
0.0544,-8.2214,0.51381,0.24521
0.0545,-9.3895,0.60764,0.40511
0.0546,-10.444,0.69867,0.54586
0.0547,-11.298,0.77419,0.66474
0.0548,-12.101,0.84081,0.7849
0.0549,-12.916,0.90407,0.91095
0.055,-13.67,0.96112,1.0328
0.0551,-14.39,1.0171,1.1491
0.0552,-15.156,1.0782,1.2694
0.0553,-15.919,1.1354,1.3936
0.0554,-16.619,1.1863,1.5137
0.0555,-17.309,1.2402,1.6297
0.0556,-18.015,1.2956,1.7482
0.0557,-18.692,1.3431,1.8712
0.0558,-19.35,1.3884,1.9947
0.0559,-20.016,1.4364,2.1168
0.056,-20.68,1.4823,2.2426
0.0561,-21.382,1.5297,2.3753
0.0562,-22.166,1.59,2.5106
0.0563,-22.973,1.6568,2.6432
0.0564,-23.736,1.7186,2.7734
0.0565,-24.453,1.7769,2.8982
0.0566,-25.082,1.8314,3.0092
0.0567,-25.566,1.8727,3.1062
0.0568,-25.969,1.904,3.1989
0.0569,-26.357,1.9349,3.2881
0.057,-26.672,1.9627,3.3659
0.0571,-26.897,1.9831,3.4337
0.0572,-27.129,2.0041,3.5018
0.0573,-27.391,2.0273,3.5723
0.0574,-27.619,2.0462,3.6404
0.0575,-27.823,2.0614,3.7067
0.0576,-28.04,2.0761,3.7743
0.0577,-28.211,2.0827,3.84
0.0578,-28.296,2.079,3.8988
0.0579,-28.354,2.0743,3.9508
0.058,-28.418,2.0722,3.9996
0.0581,-28.473,2.069,4.0464
0.0582,-28.525,2.068,4.089
0.0583,-28.568,2.07,4.1246
0.0584,-28.555,2.0668,4.1539
0.0585,-28.475,2.0551,4.1783
0.0586,-28.339,2.0392,4.1946
0.0587,-28.121,2.0173,4.1994
0.0588,-27.808,1.9866,4.1941
0.0589,-27.432,1.9513,4.1794
0.059,-26.994,1.9142,4.1529
0.0591,-26.488,1.8729,4.1165
0.0592,-25.974,1.8306,4.0791
0.0593,-25.499,1.7913,4.0447
0.0594,-25.019,1.7507,4.0101
0.0595,-24.509,1.7054,3.9738
0.0596,-23.995,1.6583,3.9379
0.0597,-23.461,1.6081,3.8999
0.0598,-22.867,1.5532,3.8547
0.0599,-22.244,1.4991,3.8015
0.06,-21.623,1.4492,3.7426
0.0601,-20.974,1.3981,3.6779
0.0602,-20.277,1.3444,3.6059
0.0603,-19.562,1.2913,3.5277
0.0604,-18.825,1.2361,3.4463
0.0605,-18.045,1.1743,3.3625
0.0606,-17.233,1.11,3.2736
0.0607,-16.383,1.0449,3.176
0.0608,-15.471,0.97475,3.0699
0.0609,-14.508,0.90062,2.9569
0.061,-13.531,0.82848,2.8373
0.0611,-12.543,0.75746,2.7126
0.0612,-11.553,0.6849,2.5881
0.0613,-10.587,0.6129,2.4666
0.0614,-9.633,0.54144,2.3452
0.0615,-8.6574,0.4663,2.2225
0.0616,-7.6765,0.3889,2.1003
0.0617,-6.7104,0.31327,1.9777
0.0618,-5.7335,0.23898,1.8502
0.0619,-4.7358,0.165,1.7169
0.062,-3.7419,0.09341,1.5805
0.0621,-2.7468,0.022789,1.441
0.0622,-1.7293,-0.049612,1.2979
0.0623,-0.70582,-0.12273,1.1526
0.0624,0.30351,-0.19503,1.0083
0.0625,1.3245,-0.26966,0.86245
0.0626,2.3719,-0.34612,0.71228
0.0627,3.4307,-0.42191,0.55744
0.0628,4.4971,-0.49733,0.39958
0.0629,5.5673,-0.57274,0.23969
0.063,6.6149,-0.64454,0.079252
0.0631,7.6284,-0.7129,-0.079836
0.0632,8.6192,-0.7813,-0.23531
0.0633,9.5854,-0.84991,-0.38683
0.0634,10.524,-0.91676,-0.53577
0.0635,11.449,-0.98377,-0.68329
0.0636,12.364,-1.051,-0.82892
0.0637,13.254,-1.1152,-0.97396
0.0638,14.131,-1.1762,-1.1207
0.0639,15.009,-1.237,-1.2689
0.064,15.87,-1.2963,-1.4155
0.0641,16.694,-1.3526,-1.5592
0.0642,17.497,-1.4079,-1.7001
0.0643,18.28,-1.4633,-1.8374
0.0644,19.027,-1.5165,-1.9704
0.0645,19.753,-1.5686,-2.1015
0.0646,20.479,-1.6208,-2.2325
0.0647,21.188,-1.6711,-2.3626
0.0648,21.859,-1.7172,-2.4902
0.0649,22.498,-1.7608,-2.6145
0.065,23.102,-1.8019,-2.7346
0.0651,23.656,-1.8397,-2.8488
0.0652,24.162,-1.8753,-2.9561
0.0653,24.631,-1.9102,-3.0566
0.0654,25.056,-1.9424,-3.151
0.0655,25.435,-1.9712,-3.2402
0.0656,25.786,-1.9974,-3.3259
0.0657,26.11,-2.0207,-3.409
0.0658,26.404,-2.0401,-3.4893
0.0659,26.67,-2.0567,-3.5662
0.066,26.903,-2.0706,-3.6379
0.0661,27.089,-2.0805,-3.7032
0.0662,27.232,-2.0866,-3.7621
0.0663,27.337,-2.0903,-3.814
0.0664,27.409,-2.0905,-3.8614
0.0665,27.437,-2.0863,-3.903
0.0666,27.431,-2.0783,-3.9399
0.0667,27.386,-2.0661,-3.972
0.0668,27.291,-2.0486,-3.9984
0.0669,27.151,-2.0275,-4.0187
0.067,26.975,-2.0043,-4.0324
0.0671,26.753,-1.9785,-4.0389
0.0672,26.484,-1.9497,-4.0383
0.0673,26.179,-1.9192,-4.0313
0.0674,25.836,-1.8864,-4.0183
0.0675,25.451,-1.8502,-4.0002
0.0676,25.038,-1.8114,-3.978
0.0677,24.602,-1.7713,-3.9519
0.0678,24.132,-1.7286,-3.921
0.0679,23.625,-1.6833,-3.8847
0.068,23.088,-1.637,-3.8424
0.0681,22.52,-1.5895,-3.7942
0.0682,21.918,-1.5399,-3.7404
0.0683,21.291,-1.4889,-3.6819
0.0684,20.639,-1.4366,-3.6186
0.0685,19.953,-1.3813,-3.5504
0.0686,19.234,-1.3227,-3.4776
0.0687,18.488,-1.262,-3.4005
0.0688,17.712,-1.199,-3.318
0.0689,16.904,-1.1341,-3.2299
0.069,16.071,-1.0683,-3.1366
0.0691,15.215,-1.0016,-3.038
0.0692,14.334,-0.9334,-2.9346
0.0693,13.434,-0.86413,-2.8275
0.0694,12.524,-0.79426,-2.7176
0.0695,11.602,-0.72335,-2.6053
0.0696,10.668,-0.65137,-2.4905
0.0697,9.7248,-0.5792,-2.373
0.0698,8.7684,-0.50656,-2.252
0.0699,7.7952,-0.4333,-2.1273
0.07,6.812,-0.36031,-1.9991
0.0701,5.8226,-0.28796,-1.8677
0.0702,4.8235,-0.21521,-1.7336
0.0703,3.8168,-0.14199,-1.5972
0.0704,2.8061,-0.068534,-1.4588
0.0705,1.7883,0.0057876,-1.3186
0.0706,0.7628,0.081251,-1.1765
0.0707,-0.26348,0.15655,-1.0326
0.0708,-1.2901,0.23132,-0.88634
0.0709,-2.3211,0.30606,-0.73777
0.071,-3.3521,0.38045,-0.58722
0.0711,-4.3771,0.45376,-0.43527
0.0712,-5.3966,0.52657,-0.28248
0.0713,-6.4075,0.59901,-0.1298
0.0714,-7.4028,0.67034,0.022226
0.0715,-8.383,0.74047,0.17365
0.0716,-9.3529,0.80999,0.32473
0.0717,-10.31,0.87825,0.47544
0.0718,-11.25,0.94462,0.6259
0.0719,-12.176,1.0093,0.77604
0.072,-13.087,1.0725,0.92545
0.0721,-13.977,1.1337,1.0736
0.0722,-14.848,1.1937,1.2203
0.0723,-15.704,1.253,1.3652
0.0724,-16.541,1.3115,1.508
0.0725,-17.355,1.3685,1.6485
0.0726,-18.148,1.4245,1.7868
0.0727,-18.918,1.4789,1.9229
0.0728,-19.663,1.5312,2.0567
0.0729,-20.381,1.5817,2.188
0.073,-21.072,1.6305,2.3162
0.0731,-21.73,1.6771,2.4407
0.0732,-22.352,1.7215,2.5609
0.0733,-22.941,1.7641,2.6768
0.0734,-23.496,1.8046,2.7883
0.0735,-24.015,1.8427,2.8956
0.0736,-24.502,1.8783,2.9989
0.0737,-24.955,1.9112,3.0982
0.0738,-25.37,1.9407,3.1934
0.0739,-25.747,1.9667,3.2841
0.074,-26.089,1.9898,3.3703
0.0741,-26.393,2.0097,3.4514
0.0742,-26.657,2.0262,3.5271
0.0743,-26.885,2.0399,3.5976
0.0744,-27.077,2.0504,3.6628
0.0745,-27.229,2.0572,3.7227
0.0746,-27.344,2.0604,3.7775
0.0747,-27.422,2.0602,3.8272
0.0748,-27.461,2.0562,3.8717
0.0749,-27.458,2.0485,3.9105
0.075,-27.415,2.0375,3.9432
0.0751,-27.329,2.0235,3.9696
0.0752,-27.199,2.0062,3.9895
0.0753,-27.029,1.9861,4.0033
0.0754,-26.82,1.9634,4.011
0.0755,-26.571,1.9377,4.0131
0.0756,-26.284,1.909,4.0097
0.0757,-25.961,1.8774,4.0011
0.0758,-25.6,1.843,3.987
0.0759,-25.202,1.8058,3.9675
0.076,-24.77,1.7663,3.9425
0.0761,-24.303,1.7246,3.9118
0.0762,-23.802,1.6808,3.8754
0.0763,-23.268,1.6348,3.8336
0.0764,-22.703,1.5869,3.7866
0.0765,-22.107,1.5367,3.7346
0.0766,-21.481,1.4844,3.6778
0.0767,-20.827,1.4301,3.6161
0.0768,-20.143,1.374,3.5495
0.0769,-19.429,1.316,3.4777
0.077,-18.687,1.2564,3.4007
0.0771,-17.918,1.1955,3.3186
0.0772,-17.123,1.1332,3.2316
0.0773,-16.305,1.0695,3.1399
0.0774,-15.464,1.0046,3.044
0.0775,-14.602,0.93818,2.944
0.0776,-13.72,0.87021,2.8402
0.0777,-12.818,0.80096,2.7327
0.0778,-11.9,0.73072,2.6214
0.0779,-10.964,0.65943,2.5064
0.078,-10.014,0.58738,2.3879
0.0781,-9.0516,0.51485,2.266
0.0782,-8.0768,0.44175,2.1408
0.0783,-7.0913,0.368,2.0128
0.0784,-6.0983,0.29387,1.8823
0.0785,-5.0984,0.2194,1.7494
0.0786,-4.0909,0.14448,1.6141
0.0787,-3.0772,0.069323,1.4766
0.0788,-2.0587,-0.0057668,1.3367
0.0789,-1.0355,-0.080764,1.1945
0.079,-0.0091136,-0.1555,1.05
0.0791,1.017,-0.22969,0.90372
0.0792,2.0415,-0.30329,0.75589
0.0793,3.0637,-0.37651,0.6068
0.0794,4.0814,-0.44922,0.45679
0.0795,5.093,-0.52137,0.30609
0.0796,6.0982,-0.59296,0.15485
0.0797,7.0956,-0.6639,0.00313
0.0798,8.0835,-0.73388,-0.14895
0.0799,9.0612,-0.8029,-0.30128
0.08,10.028,-0.87096,-0.45359
0.0801,10.98,-0.93791,-0.60553
0.0802,11.918,-1.0037,-0.75671
0.0803,12.838,-1.0684,-0.90676
0.0804,13.741,-1.1321,-1.0554
0.0805,14.624,-1.1944,-1.2023
0.0806,15.488,-1.2555,-1.3476
0.0807,16.332,-1.3152,-1.4911
0.0808,17.154,-1.3732,-1.6327
0.0809,17.952,-1.4295,-1.7721
0.081,18.727,-1.484,-1.9092
0.0811,19.475,-1.5367,-2.0436
0.0812,20.196,-1.5874,-2.1749
0.0813,20.888,-1.6363,-2.303
0.0814,21.55,-1.6833,-2.4275
0.0815,22.181,-1.7283,-2.5484
0.0816,22.781,-1.7713,-2.6655
0.0817,23.348,-1.8121,-2.779
0.0818,23.883,-1.8506,-2.8886
0.0819,24.384,-1.8867,-2.9942
0.082,24.85,-1.9204,-3.0957
0.0821,25.281,-1.9516,-3.1927
0.0822,25.675,-1.9801,-3.2851
0.0823,26.032,-2.0059,-3.3726
0.0824,26.352,-2.0288,-3.4552
0.0825,26.635,-2.0485,-3.5328
0.0826,26.88,-2.0647,-3.6054
0.0827,27.086,-2.0773,-3.6729
0.0828,27.254,-2.086,-3.7351
0.0829,27.382,-2.0907,-3.7919
0.083,27.47,-2.0915,-3.8432
0.0831,27.517,-2.0884,-3.8886
0.0832,27.523,-2.0816,-3.9281
0.0833,27.489,-2.0711,-3.9616
0.0834,27.414,-2.0573,-3.9892
0.0835,27.299,-2.0401,-4.0108
0.0836,27.144,-2.0197,-4.0266
0.0837,26.949,-1.9963,-4.0368
0.0838,26.717,-1.9699,-4.0413
0.0839,26.445,-1.9408,-4.0402
0.084,26.136,-1.9091,-4.0333
0.0841,25.789,-1.8749,-4.0208
0.0842,25.405,-1.8385,-4.0026
0.0843,24.986,-1.7998,-3.9789
0.0844,24.533,-1.7591,-3.9498
0.0845,24.046,-1.7162,-3.9154
0.0846,23.525,-1.6712,-3.8757
0.0847,22.972,-1.6241,-3.831
0.0848,22.387,-1.5748,-3.781
0.0849,21.771,-1.5235,-3.7259
0.085,21.123,-1.4702,-3.6655
0.0851,20.446,-1.4151,-3.5999
0.0852,19.74,-1.358,-3.5292
0.0853,19.005,-1.2992,-3.4534
0.0854,18.244,-1.2386,-3.3727
0.0855,17.458,-1.1763,-3.2874
0.0856,16.648,-1.1123,-3.1977
0.0857,15.815,-1.0469,-3.1036
0.0858,14.961,-0.98001,-3.0053
0.0859,14.086,-0.9119,-2.9028
0.086,13.191,-0.84265,-2.7963
0.0861,12.279,-0.7725,-2.686
0.0862,11.351,-0.70155,-2.572
0.0863,10.407,-0.62988,-2.4545
0.0864,9.4496,-0.55756,-2.3339
0.0865,8.48,-0.4847,-2.2102
0.0866,7.499,-0.41132,-2.0836
0.0867,6.5078,-0.33751,-1.9543
0.0868,5.5077,-0.26341,-1.8224
0.0869,4.4998,-0.1891,-1.6878
0.087,3.4851,-0.11464,-1.5508
0.0871,2.4652,-0.040147,-1.4115
0.0872,1.4415,0.034353,-1.2699
0.0873,0.41544,0.10883,-1.1263
0.0874,-0.61129,0.18322,-0.98103
0.0875,-1.637,0.25741,-0.83416
0.0876,-2.6606,0.33135,-0.68589
0.0877,-3.681,0.40494,-0.53638
0.0878,-4.6963,0.478,-0.38581
0.0879,-5.7055,0.5504,-0.23436
0.088,-6.7071,0.62204,-0.082248
0.0881,-7.6996,0.69277,0.070256
0.0882,-8.6815,0.7625,0.22287
0.0883,-9.6516,0.83119,0.37528
0.0884,-10.609,0.89879,0.52724
0.0885,-11.551,0.96521,0.67845
0.0886,-12.478,1.0304,0.82871
0.0887,-13.389,1.0943,0.9778
0.0888,-14.281,1.1567,1.1255
0.0889,-15.154,1.2177,1.2717
0.089,-16.007,1.2772,1.4161
0.0891,-16.838,1.3352,1.5584
0.0892,-17.645,1.3916,1.6985
0.0893,-18.428,1.4463,1.836
0.0894,-19.184,1.4995,1.9708
0.0895,-19.914,1.5509,2.1027
0.0896,-20.615,1.6006,2.2315
0.0897,-21.287,1.6485,2.3572
0.0898,-21.93,1.6944,2.4795
0.0899,-22.541,1.7382,2.5982
0.09,-23.121,1.7799,2.7134
0.0901,-23.668,1.8193,2.8246
0.0902,-24.18,1.8563,2.9317
0.0903,-24.658,1.8908,3.0346
0.0904,-25.101,1.9228,3.133
0.0905,-25.508,1.9519,3.2269
0.0906,-25.878,1.9781,3.316
0.0907,-26.212,2.0012,3.4004
0.0908,-26.507,2.0211,3.4798
0.0909,-26.765,2.0374,3.5541
0.091,-26.983,2.0503,3.6233
0.0911,-27.162,2.0594,3.687
0.0912,-27.301,2.0649,3.7452
0.0913,-27.399,2.0668,3.7979
0.0914,-27.457,2.065,3.8448
0.0915,-27.475,2.0597,3.886
0.0916,-27.453,2.051,3.9216
0.0917,-27.391,2.0389,3.9513
0.0918,-27.289,2.0236,3.9754
0.0919,-27.147,2.0052,3.9937
0.092,-26.966,1.9838,4.0062
0.0921,-26.746,1.9597,4.0131
0.0922,-26.487,1.9328,4.0141
0.0923,-26.191,1.9033,4.0095
0.0924,-25.857,1.8712,3.9992
0.0925,-25.487,1.8366,3.9832
0.0926,-25.08,1.7995,3.9617
0.0927,-24.638,1.7599,3.9347
0.0928,-24.161,1.7179,3.9022
0.0929,-23.651,1.6735,3.8643
0.093,-23.106,1.6268,3.821
0.0931,-22.529,1.5779,3.7724
0.0932,-21.92,1.527,3.7184
0.0933,-21.28,1.474,3.6592
0.0934,-20.61,1.4191,3.5949
0.0935,-19.911,1.3623,3.5257
0.0936,-19.185,1.3038,3.4515
0.0937,-18.432,1.2437,3.3726
0.0938,-17.654,1.182,3.2891
0.0939,-16.852,1.1189,3.2011
0.094,-16.027,1.0544,3.1087
0.0941,-15.18,0.98859,3.0119
0.0942,-14.312,0.92163,2.911
0.0943,-13.424,0.85354,2.806
0.0944,-12.519,0.78438,2.6972
0.0945,-11.596,0.71422,2.5847
0.0946,-10.658,0.64312,2.4687
0.0947,-9.7045,0.57113,2.3492
0.0948,-8.738,0.49836,2.2265
0.0949,-7.7594,0.42491,2.1007
0.095,-6.7698,0.35088,1.9718
0.0951,-5.7707,0.27641,1.8402
0.0952,-4.7636,0.20163,1.706
0.0953,-3.7499,0.12665,1.5692
0.0954,-2.7309,0.051565,1.4302
0.0955,-1.7083,-0.023521,1.2891
0.0956,-0.68342,-0.0985,1.1461
0.0957,0.3424,-0.17326,1.0014
0.0958,1.3678,-0.24767,0.85504
0.0959,2.3912,-0.32162,0.7073
0.096,3.4116,-0.39502,0.5583
0.0961,4.4274,-0.46779,0.40824
0.0962,5.4374,-0.53984,0.25732
0.0963,6.44,-0.61112,0.10577
0.0964,7.4342,-0.6816,-0.046195
0.0965,8.4186,-0.75123,-0.19834
0.0966,9.3918,-0.81995,-0.35044
0.0967,10.353,-0.88773,-0.50228
0.0968,11.3,-0.9545,-0.65363
0.0969,12.233,-1.0202,-0.80425
0.097,13.15,-1.0847,-0.9539
0.0971,14.048,-1.148,-1.1023
0.0972,14.928,-1.21,-1.2492
0.0973,15.788,-1.2706,-1.3944
0.0974,16.626,-1.3298,-1.5376
0.0975,17.441,-1.3873,-1.6785
0.0976,18.231,-1.4433,-1.817
0.0977,18.996,-1.4975,-1.9528
0.0978,19.735,-1.5499,-2.0857
0.0979,20.446,-1.6005,-2.2156
0.098,21.128,-1.649,-2.3423
0.0981,21.78,-1.6956,-2.4656
0.0982,22.401,-1.7401,-2.5854
0.0983,22.99,-1.7825,-2.7015
0.0984,23.547,-1.8227,-2.8136
0.0985,24.07,-1.8607,-2.9218
0.0986,24.559,-1.8964,-3.0257
0.0987,25.014,-1.9296,-3.1255
0.0988,25.433,-1.9603,-3.2208
0.0989,25.816,-1.9883,-3.3115
0.099,26.162,-2.0133,-3.3976
0.0991,26.471,-2.0351,-3.4788
0.0992,26.742,-2.0537,-3.5549
0.0993,26.974,-2.0687,-3.6259
0.0994,27.167,-2.08,-3.6916
0.0995,27.321,-2.0876,-3.7518
0.0996,27.434,-2.0912,-3.8065
0.0997,27.508,-2.0909,-3.8555
0.0998,27.541,-2.0868,-3.8987
0.0999,27.534,-2.079,-3.9361
0.1,27.486,-2.0675,-3.9677
0.1001,27.397,-2.0526,-3.9934
0.1002,27.269,-2.0344,-4.0132
0.1003,27.101,-2.0131,-4.0271
0.1004,26.893,-1.9888,-4.0353
0.1005,26.647,-1.9618,-4.0376
0.1006,26.362,-1.932,-4.0343
0.1007,26.04,-1.8997,-4.0254
0.1008,25.681,-1.865,-4.0109
0.1009,25.286,-1.8279,-3.991
0.101,24.856,-1.7885,-3.9656
0.1011,24.39,-1.7469,-3.9348
0.1012,23.891,-1.7032,-3.8987
0.1013,23.359,-1.6574,-3.8572
0.1014,22.793,-1.6095,-3.8105
0.1015,22.196,-1.5596,-3.7585
0.1016,21.568,-1.5077,-3.7014
0.1017,20.909,-1.4539,-3.6391
0.1018,20.222,-1.3982,-3.5718
0.1019,19.506,-1.3406,-3.4995
0.102,18.762,-1.2812,-3.4222
0.1021,17.993,-1.2201,-3.3402
0.1022,17.198,-1.1573,-3.2535
0.1023,16.38,-1.0931,-3.1623
0.1024,15.539,-1.0273,-3.0666
0.1025,14.677,-0.96028,-2.9668
0.1026,13.794,-0.89198,-2.8628
0.1027,12.894,-0.82255,-2.755
0.1028,11.975,-0.75213,-2.6435
0.1029,11.041,-0.68083,-2.5285
0.103,10.092,-0.60877,-2.41
0.1031,9.1291,-0.53607,-2.2884
0.1032,8.154,-0.46284,-2.1637
0.1033,7.1679,-0.38918,-2.036
0.1034,6.1721,-0.31517,-1.9057
0.1035,5.1678,-0.24091,-1.7727
0.1036,4.1564,-0.16646,-1.6372
0.1037,3.1391,-0.091898,-1.4995
0.1038,2.1174,-0.017285,-1.3595
0.1039,1.1487,0.055529,-1.2264
0.104,1.1124,0.097046,-1.2404
0.1041,1.0764,0.13589,-1.2518
0.1042,1.0389,0.17359,-1.2595
0.1043,1.0025,0.21705,-1.2705
0.1044,0.96628,0.27029,-1.2909
0.1045,0.92995,0.32451,-1.3113
0.1046,0.89141,0.37408,-1.3234
0.1047,0.85384,0.42747,-1.3379
0.1048,0.81793,0.49059,-1.3625
0.1049,0.78233,0.55491,-1.3866
0.105,0.74381,0.6137,-1.4023
0.1051,0.70371,0.66784,-1.4123
0.1052,0.66141,0.71771,-1.4159
0.1053,0.61807,0.76641,-1.4171
0.1054,0.57322,0.81629,-1.4186
0.1055,0.52765,0.86351,-1.4171
0.1056,0.47989,0.90368,-1.4064
0.1057,0.43071,0.93881,-1.3893
0.1058,0.38073,0.97298,-1.3711
0.1059,0.3303,1.0046,-1.3504
0.106,0.27799,1.0313,-1.3234
0.1061,0.22515,1.0541,-1.2922
0.1062,0.17214,1.075,-1.2593
0.1063,0.11912,1.0954,-1.2261
0.1064,0.065499,1.1182,-1.195
0.1065,0.012405,1.1434,-1.1664
0.1066,-0.040429,1.1695,-1.1383
0.1067,-0.091829,1.1992,-1.1141
0.1068,-0.14133,1.235,-1.097
0.1069,-0.18948,1.2707,-1.0805
0.107,-0.2382,1.3011,-1.0576
0.1071,-0.28632,1.3285,-1.0324
0.1072,-0.3333,1.3557,-1.0083
0.1073,-0.37983,1.3793,-0.98168
0.1074,-0.42727,1.3982,-0.9502
0.1075,-0.47476,1.4126,-0.91536
0.1076,-0.52305,1.4212,-0.87487
0.1077,-0.57243,1.4232,-0.82779
0.1078,-0.62214,1.4228,-0.77869
0.1079,-0.67072,1.4203,-0.72918
0.108,-0.71913,1.4125,-0.67486
0.1081,-0.76696,1.3995,-0.61635
0.1082,-0.81312,1.3854,-0.55869
0.1083,-0.85705,1.3704,-0.50259
0.1084,-0.8998,1.3541,-0.44657
0.1085,-0.94053,1.3385,-0.39334
0.1086,-0.9789,1.3245,-0.34413
0.1087,-1.0152,1.3107,-0.29691
0.1088,-1.0504,1.2974,-0.25124
0.1089,-1.0838,1.2849,-0.2078
0.109,-1.1159,1.2717,-0.16466
0.1091,-1.1464,1.2578,-0.12209
0.1092,-1.1749,1.2453,-0.082715
0.1093,-1.2013,1.2323,-0.044996
0.1094,-1.2268,1.2152,-0.0042486
0.1095,-1.2511,1.1933,0.039873
0.1096,-1.2741,1.1676,0.086245
0.1097,-1.2957,1.1369,0.13621
0.1098,-1.3164,1.101,0.19042
0.1099,-1.3354,1.0607,0.24755
0.11,-1.353,1.0158,0.30841
0.1101,-1.3695,0.96663,0.37284
0.1102,-1.3844,0.91675,0.43679
0.1103,-1.3967,0.86822,0.49727
0.1104,-1.407,0.82052,0.55508
0.1105,-1.4148,0.77408,0.6094
0.1106,-1.4196,0.72999,0.65863
0.1107,-1.4215,0.68671,0.70426
0.1108,-1.4211,0.6435,0.74785
0.1109,-1.4178,0.60176,0.78749
0.111,-1.4115,0.56162,0.82296
0.1111,-1.4027,0.52141,0.85632
0.1112,-1.3917,0.48174,0.88746
0.1113,-1.3783,0.44285,0.91575
0.1114,-1.3632,0.40246,0.94412
0.1115,-1.3468,0.35942,0.97397
0.1116,-1.3286,0.31543,1.0032
0.1117,-1.3084,0.26973,1.032
0.1118,-1.287,0.21973,1.0638
0.1119,-1.2646,0.16536,1.0987
0.112,-1.2408,0.10832,1.1349
0.1121,-1.2158,0.048563,1.1723
0.1122,-1.19,-0.013053,1.2107
0.1123,-1.163,-0.074272,1.2473
0.1124,-1.1347,-0.13441,1.2812
0.1125,-1.1053,-0.19425,1.3135
0.1126,-1.0749,-0.25245,1.343
0.1127,-1.0427,-0.30744,1.3674
0.1128,-1.0087,-0.35913,1.3865
0.1129,-0.97278,-0.40746,1.4001
0.113,-0.93453,-0.45167,1.4072
0.1131,-0.8938,-0.49277,1.4085
0.1132,-0.85122,-0.53211,1.406
0.1133,-0.80693,-0.57001,1.4001
0.1134,-0.76115,-0.60704,1.3915
0.1135,-0.71424,-0.64469,1.382
0.1136,-0.66671,-0.68319,1.3723
0.1137,-0.61857,-0.72264,1.3626
0.1138,-0.57041,-0.76417,1.3545
0.1139,-0.52252,-0.80799,1.3485
0.114,-0.47478,-0.85229,1.3429
0.1141,-0.42682,-0.89642,1.3364
0.1142,-0.37892,-0.94087,1.3302
0.1143,-0.3309,-0.98516,1.3234
0.1144,-0.28252,-1.0285,1.3151
0.1145,-0.23384,-1.0715,1.3061
0.1146,-0.18511,-1.1135,1.296
0.1147,-0.1358,-1.1526,1.2824
0.1148,-0.085727,-1.1879,1.2642
0.1149,-0.035128,-1.2196,1.2421
0.115,0.015888,-1.2467,1.2153
0.1151,0.067664,-1.2686,1.1826
0.1152,0.11987,-1.286,1.1453
0.1153,0.1723,-1.2995,1.1044
0.1154,0.22504,-1.3091,1.0594
0.1155,0.27813,-1.316,1.012
0.1156,0.33087,-1.3224,0.96473
0.1157,0.38298,-1.3289,0.91845
0.1158,0.43431,-1.3355,0.87331
0.1159,0.48453,-1.343,0.83043
0.116,0.53322,-1.3512,0.79
0.1161,0.58053,-1.3593,0.75091
0.1162,0.62631,-1.3671,0.71338
0.1163,0.67037,-1.3752,0.67802
0.1164,0.7128,-1.3823,0.64363
0.1165,0.75413,-1.3873,0.60861
0.1166,0.79446,-1.3898,0.57247
0.1167,0.83407,-1.3892,0.53426
0.1168,0.87324,-1.3844,0.49269
0.1169,0.91206,-1.3756,0.44774
0.117,0.95025,-1.3629,0.39978
0.1171,0.98784,-1.3457,0.34818
0.1172,1.0248,-1.3242,0.29295
0.1173,1.0607,-1.2991,0.2352
0.1174,1.0954,-1.2708,0.17555
0.1175,1.1289,-1.2398,0.11449
0.1176,1.1606,-1.2074,0.053457
0.1177,1.1905,-1.1741,-0.0066845
0.1178,1.2185,-1.1399,-0.066087
0.1179,1.2446,-1.1055,-0.12406
0.118,1.2685,-1.072,-0.17922
0.1181,1.2903,-1.0396,-0.23127
0.1182,1.3097,-1.0084,-0.28
0.1183,1.3266,-0.97891,-0.32462
0.1184,1.3408,-0.95055,-0.36557
0.1185,1.3527,-0.92181,-0.40463
0.1186,1.3622,-0.89196,-0.44261
0.1187,1.3693,-0.86066,-0.47988
0.1188,1.3741,-0.82662,-0.51793
0.1189,1.3768,-0.78889,-0.55815
0.119,1.3775,-0.74757,-0.60054
0.1191,1.3763,-0.70261,-0.64533
0.1192,1.3735,-0.65375,-0.69309
0.1193,1.3694,-0.60192,-0.74299
0.1194,1.3637,-0.54837,-0.79347
0.1195,1.3565,-0.49345,-0.84408
0.1196,1.3479,-0.43748,-0.89446
0.1197,1.3377,-0.38137,-0.94345
0.1198,1.3257,-0.32558,-0.99033
0.1199,1.3118,-0.27032,-1.0349
0.12,1.2958,-0.21639,-1.0761
0.1201,1.2776,-0.16458,-1.1129
0.1202,1.257,-0.11477,-1.1454
0.1203,1.2343,-0.066846,-1.1738
0.1204,1.2092,-0.02086,-1.198
0.1205,1.1819,0.023617,-1.2183
0.1206,1.1526,0.067259,-1.2356
0.1207,1.1212,0.11033,-1.2502
0.1208,1.0878,0.15347,-1.2627
0.1209,1.0527,0.19771,-1.2745
0.121,1.0162,0.24363,-1.2862
0.1211,0.9784,0.29132,-1.2983
0.1212,0.93959,0.34111,-1.311
0.1213,0.90011,0.39301,-1.3249
0.1214,0.86008,0.44651,-1.3393
0.1215,0.81962,0.50125,-1.354
0.1216,0.77895,0.55706,-1.3692
0.1217,0.73808,0.61298,-1.3837
0.1218,0.69677,0.66778,-1.3963
0.1219,0.65487,0.72073,-1.406
0.122,0.61216,0.77107,-1.4121
0.1221,0.56832,0.8179,-1.4133
0.1222,0.5231,0.86108,-1.4093
0.1223,0.47651,0.90093,-1.4005
0.1224,0.42851,0.93749,-1.3868
0.1225,0.37904,0.97085,-1.3683
