0.05,0.41377,0.11307,-0.45713
0.0501,0.40075,0.13266,-0.46421
0.0502,0.38693,0.1521,-0.47075
0.0503,0.37236,0.17125,-0.47671
0.0504,0.35712,0.19002,-0.48204
0.0505,0.3413,0.20828,-0.48667
0.0506,0.32499,0.22594,-0.49055
0.0507,0.30825,0.24293,-0.49366
0.0508,0.29115,0.25922,-0.49597
0.0509,0.27371,0.27481,-0.49747
0.051,0.25596,0.28975,-0.49818
0.0511,0.23792,0.30411,-0.49814
0.0512,0.2196,0.31798,-0.49739
0.0513,0.20101,0.33145,-0.49601
0.0514,0.18218,0.34462,-0.49407
0.0515,0.1631,0.35757,-0.49161
0.0516,0.14383,0.37033,-0.48868
0.0517,0.12436,0.38294,-0.48527
0.0518,0.10474,0.39538,-0.4814
0.0519,0.084992,0.40762,-0.47702
0.052,0.065164,0.41961,-0.47211
0.0521,0.045311,0.43127,-0.4666
0.0522,0.025499,0.44253,-0.46043
0.0523,0.0057987,0.45328,-0.45349
0.0524,-0.013718,0.4634,-0.44572
0.0525,-0.033,0.4728,-0.43702
0.0526,-0.052005,0.48139,-0.42731
0.0527,-0.070715,0.48911,-0.41654
0.0528,-0.089128,0.49594,-0.40467
0.0529,-0.10726,0.50187,-0.3917
0.053,-0.12511,0.50695,-0.37768
0.0531,-0.1427,0.51122,-0.36268
0.0532,-0.16005,0.51478,-0.34683
0.0533,-0.17715,0.5177,-0.33022
0.0534,-0.19401,0.52006,-0.31301
0.0535,-0.21063,0.52195,-0.2953
0.0536,-0.227,0.52344,-0.27723
0.0537,-0.24313,0.52458,-0.25889
0.0538,-0.25899,0.52543,-0.24038
0.0539,-0.27457,0.52599,-0.22177
0.054,-0.28983,0.52624,-0.20312
0.0541,-0.3047,0.52614,-0.18446
0.0542,-0.31916,0.52562,-0.16581
0.0543,-0.33314,0.52456,-0.14717
0.0544,-0.3466,0.52286,-0.1285
0.0545,-0.35948,0.52039,-0.10977
0.0546,-0.37176,0.51704,-0.090943
0.0547,-0.3834,0.51274,-0.071974
0.0548,-0.39441,0.50741,-0.052846
0.0549,-0.40479,0.50102,-0.033545
0.055,-0.41455,0.49354,-0.014086
0.0551,-0.42369,0.485,0.0054979
0.0552,-0.43225,0.47542,0.025159
0.0553,-0.44025,0.46485,0.044843
0.0554,-0.4477,0.45336,0.064484
0.0555,-0.45465,0.44105,0.084009
0.0556,-0.46111,0.42799,0.10334
0.0557,-0.46712,0.41429,0.12241
0.0558,-0.47268,0.40004,0.14113
0.0559,-0.47778,0.38533,0.15944
0.056,-0.4824,0.37021,0.17728
0.0561,-0.48651,0.35473,0.19463
0.0562,-0.49008,0.33891,0.21147
0.0563,-0.49305,0.32273,0.22781
0.0564,-0.4954,0.30619,0.24369
0.0565,-0.4971,0.28924,0.25915
0.0566,-0.49811,0.27187,0.27423
0.0567,-0.49842,0.25404,0.28898
0.0568,-0.49802,0.23574,0.30343
0.0569,-0.49688,0.21696,0.31758
0.057,-0.49501,0.19773,0.33148
0.0571,-0.49241,0.17809,0.34511
0.0572,-0.48909,0.15809,0.35845
0.0573,-0.48505,0.13782,0.37147
0.0574,-0.48034,0.11738,0.38411
0.0575,-0.47496,0.096887,0.39631
0.0576,-0.46893,0.076461,0.40801
0.0577,-0.46225,0.056214,0.41913
0.0578,-0.4549,0.036246,0.42962
0.0579,-0.44684,0.016631,0.43941
0.058,-0.43803,-0.0025862,0.44846
0.0581,-0.42844,-0.021393,0.45677
0.0582,-0.41802,-0.039801,0.46431
0.0583,-0.40676,-0.057846,0.47112
0.0584,-0.39466,-0.075579,0.47723
0.0585,-0.38171,-0.093062,0.48268
0.0586,-0.36793,-0.11036,0.48752
0.0587,-0.35336,-0.12753,0.49181
0.0588,-0.33802,-0.14462,0.49558
0.0589,-0.32198,-0.16167,0.49888
0.059,-0.30527,-0.17869,0.50174
0.0591,-0.28797,-0.19568,0.50418
0.0592,-0.27015,-0.2126,0.50621
0.0593,-0.25189,-0.22938,0.50781
0.0594,-0.23328,-0.24594,0.50897
0.0595,-0.21441,-0.26217,0.50964
0.0596,-0.19536,-0.27795,0.50976
0.0597,2.1804,-0.30047,2.7605
0.0598,2.9615,-0.33073,3.1095
0.0599,3.5453,-0.36233,3.0657
0.06,4.3854,-0.3975,3.159
0.0601,4.972,-0.44291,2.8732
0.0602,5.5614,-0.48903,2.5052
0.0603,6.6597,-0.53033,2.6124
0.0604,7.9336,-0.58031,2.8223
0.0605,9.2097,-0.64099,2.8835
0.0606,10.622,-0.70251,2.8854
0.0607,12.017,-0.76763,2.6772
0.0608,13.219,-0.84221,2.0951
0.0609,14.467,-0.91899,1.4114
0.061,15.775,-0.99985,0.69282
0.0611,17.027,-1.0841,-0.092367
0.0612,18.536,-1.1713,-0.64279
0.0613,20.472,-1.2572,-0.83148
0.0614,22.559,-1.3486,-0.98257
0.0615,24.581,-1.4484,-1.4244
0.0616,26.574,-1.5531,-2.0848
0.0617,28.352,-1.662,-3.2175
0.0618,29.959,-1.7779,-4.6962
0.0619,31.668,-1.8971,-6.1757
0.062,33.513,-2.0198,-7.6044
0.0621,35.351,-2.1464,-9.0678
0.0622,37.227,-2.2739,-10.483
0.0623,39.146,-2.4009,-11.846
0.0624,41.08,-2.5338,-13.228
0.0625,43.018,-2.6735,-14.666
0.0626,44.958,-2.817,-16.187
0.0627,46.857,-2.9676,-17.872
0.0628,48.784,-3.1332,-19.586
0.0629,50.794,-3.3147,-21.253
0.063,52.911,-3.51,-22.808
0.0631,55.098,-3.7229,-24.264
0.0632,57.327,-3.9466,-25.664
0.0633,59.522,-4.1649,-27.126
0.0634,61.553,-4.3865,-28.802
0.0635,63.409,-4.603,-30.706
0.0636,65.212,-4.7842,-32.742
0.0637,67.005,-4.9329,-34.863
0.0638,68.751,-5.0725,-37.05
0.0639,70.477,-5.1946,-39.224
0.064,72.194,-5.2995,-41.351
0.0641,73.815,-5.4074,-43.463
0.0642,75.298,-5.5135,-45.533
0.0643,76.679,-5.5965,-47.52
0.0644,77.923,-5.6702,-49.491
0.0645,78.948,-5.7461,-51.518
0.0646,79.765,-5.8065,-53.567
0.0647,80.407,-5.8458,-55.597
0.0648,80.839,-5.8814,-57.612
0.0649,81.021,-5.9165,-59.576
0.065,80.913,-5.9537,-61.474
0.0651,80.411,-6.0013,-63.378
0.0652,79.445,-6.0607,-65.327
0.0653,78.03,-6.1242,-67.277
0.0654,76.162,-6.1888,-69.233
0.0655,73.842,-6.2552,-71.235
0.0656,71.164,-6.3248,-73.235
0.0657,68.218,-6.3941,-75.192
0.0658,65.016,-6.4627,-77.14
0.0659,61.635,-6.5314,-79.058
0.066,58.213,-6.599,-80.862
0.0661,54.809,-6.6615,-82.547
0.0662,51.446,-6.7198,-84.145
0.0663,48.23,-6.7738,-85.632
0.0664,45.246,-6.8224,-87.003
0.0665,42.484,-6.8648,-88.316
0.0666,39.962,-6.9034,-89.578
0.0667,37.733,-6.9373,-90.768
0.0668,35.766,-6.9658,-91.923
0.0669,33.99,-6.9885,-93.07
0.067,32.398,-7.0065,-94.188
0.0671,30.985,-7.0178,-95.258
0.0672,29.701,-7.0236,-96.285
0.0673,28.534,-7.0252,-97.239
0.0674,27.514,-7.0222,-98.094
0.0675,26.626,-7.0139,-98.88
0.0676,25.838,-7.0027,-99.603
0.0677,25.156,-6.9875,-100.23
0.0678,24.556,-6.9675,-100.77
0.0679,23.985,-6.9427,-101.24
0.068,23.429,-6.9135,-101.6
0.0681,22.886,-6.8775,-101.81
0.0682,22.321,-6.8346,-101.92
0.0683,21.726,-6.7862,-101.93
0.0684,21.132,-6.7322,-101.81
0.0685,20.537,-6.6716,-101.6
0.0686,19.932,-6.6064,-101.34
0.0687,19.346,-6.537,-101.03
0.0688,18.79,-6.4622,-100.65
0.0689,18.226,-6.3816,-100.23
0.069,17.644,-6.2966,-99.753
0.0691,17.061,-6.2064,-99.196
0.0692,16.459,-6.1106,-98.551
0.0693,15.826,-6.01,-97.83
0.0694,15.198,-5.906,-97.025
0.0695,14.587,-5.7981,-96.145
0.0696,13.971,-5.6872,-95.209
0.0697,13.355,-5.5742,-94.207
0.0698,12.755,-5.4588,-93.125
0.0699,12.146,-5.34,-91.966
0.07,11.501,-5.2178,-90.717
0.0701,10.827,-5.0912,-89.353
0.0702,10.115,-4.9598,-87.895
0.0703,9.346,-4.824,-86.372
0.0704,8.5403,-4.6847,-84.782
0.0705,7.7324,-4.5412,-83.133
0.0706,6.9275,-4.3944,-81.468
0.0707,6.1338,-4.2449,-79.794
0.0708,5.3694,-4.0917,-78.085
0.0709,4.6236,-3.9331,-76.342
0.071,3.8765,-3.7693,-74.572
0.0711,3.133,-3.5982,-72.735
0.0712,2.3953,-3.4192,-70.848
0.0713,1.6469,-3.2332,-68.909
0.0714,0.88872,-3.0454,-66.94
0.0715,0.1369,-2.8579,-64.942
0.0716,-0.61631,-2.6725,-62.926
0.0717,-1.3794,-2.4901,-60.902
0.0718,-2.1408,-2.3099,-58.858
0.0719,-2.9126,-2.1309,-56.781
0.072,-3.7115,-1.9551,-54.678
0.0721,-4.5473,-1.7841,-52.534
0.0722,-5.4016,-1.62,-50.341
0.0723,-6.2676,-1.4664,-48.112
0.0724,-7.133,-1.3276,-45.856
0.0725,-7.961,-1.2041,-43.578
0.0726,-8.7352,-1.0971,-41.302
0.0727,-9.4675,-1.0051,-39.049
0.0728,-10.16,-0.92304,-36.811
0.0729,-10.814,-0.84502,-34.587
0.073,-11.449,-0.76806,-32.387
0.0731,-12.076,-0.6885,-30.202
0.0732,-12.692,-0.60399,-28.016
0.0733,-13.303,-0.51445,-25.841
0.0734,-13.913,-0.42224,-23.693
0.0735,-14.501,-0.32831,-21.567
0.0736,-15.059,-0.23363,-19.464
0.0737,-15.598,-0.1393,-17.401
0.0738,-16.122,-0.046877,-15.381
0.0739,-16.632,0.044154,-13.392
0.074,-17.146,0.13366,-11.436
0.0741,-17.671,0.22093,-9.5146
0.0742,-18.178,0.30488,-7.6215
0.0743,-18.647,0.38605,-5.7565
0.0744,-19.07,0.46338,-3.9335
0.0745,-19.422,0.53577,-2.1642
0.0746,-19.682,0.60278,-0.45613
0.0747,-19.858,0.66485,1.1809
0.0748,-19.957,0.72144,2.7462
0.0749,-19.977,0.77276,4.2432
0.075,-19.936,0.81936,5.6693
0.0751,-19.864,0.86217,7.0267
0.0752,-19.765,0.90096,8.3238
0.0753,-19.629,0.93554,9.5552
0.0754,-19.458,0.9653,10.71
0.0755,-19.248,0.99029,11.791
0.0756,-18.981,1.0101,12.804
0.0757,-18.653,1.0244,13.74
0.0758,-18.273,1.0328,14.599
0.0759,-17.84,1.0362,15.397
0.076,-17.352,1.0348,16.141
0.0761,-16.811,1.0284,16.82
0.0762,-16.209,1.0167,17.434
0.0763,-15.537,1.0004,17.982
0.0764,-14.794,0.97901,18.446
0.0765,-13.971,0.95149,18.807
0.0766,-13.056,0.91739,19.063
0.0767,-12.054,0.87744,19.215
0.0768,-10.978,0.83149,19.264
0.0769,-9.8309,0.77979,19.22
0.077,-8.6265,0.72333,19.099
0.0771,-7.3874,0.66326,18.909
0.0772,-6.1195,0.59936,18.655
0.0773,-4.8131,0.53167,18.339
0.0774,-3.4714,0.46035,17.957
0.0775,-2.1008,0.38537,17.503
0.0776,-0.69247,0.30595,16.974
0.0777,0.75867,0.22195,16.366
0.0778,2.2419,0.13341,15.68
0.0779,3.7534,0.040686,14.927
0.078,5.3007,-0.0562,14.114
0.0781,6.8824,-0.15692,13.24
0.0782,8.4921,-0.26134,12.307
0.0783,10.135,-0.36919,11.315
0.0784,11.817,-0.48091,10.254
0.0785,13.537,-0.59695,9.1088
0.0786,15.293,-0.71744,7.8795
0.0787,17.076,-0.84184,6.5716
0.0788,18.871,-0.97017,5.1868
0.0789,20.659,-1.1023,3.7334
0.079,22.425,-1.2377,2.231
0.0791,24.155,-1.3758,0.69369
0.0792,25.842,-1.5177,-0.87454
0.0793,27.487,-1.6644,-2.4667
0.0794,29.091,-1.8177,-4.0794
0.0795,30.647,-1.9809,-5.718
0.0796,32.159,-2.1592,-7.3867
0.0797,33.63,-2.3583,-9.085
0.0798,35.051,-2.5806,-10.81
0.0799,36.403,-2.8183,-12.558
0.08,37.674,-3.0526,-14.329
0.0801,38.838,-3.2654,-16.132
0.0802,39.871,-3.4486,-17.977
0.0803,40.761,-3.6023,-19.873
0.0804,41.512,-3.7327,-21.82
0.0805,42.126,-3.8499,-23.817
0.0806,42.603,-3.9624,-25.848
0.0807,42.945,-4.0739,-27.898
0.0808,43.145,-4.1861,-29.959
0.0809,43.185,-4.2977,-32.025
0.081,43.048,-4.403,-34.09
0.0811,42.727,-4.496,-36.151
0.0812,42.224,-4.5739,-38.213
0.0813,41.555,-4.6365,-40.272
0.0814,40.754,-4.6868,-42.317
0.0815,39.865,-4.732,-44.341
0.0816,38.929,-4.7795,-46.337
0.0817,37.982,-4.8326,-48.294
0.0818,37.043,-4.8919,-50.205
0.0819,36.113,-4.9564,-52.081
0.082,35.192,-5.0248,-53.932
0.0821,34.283,-5.0952,-55.765
0.0822,33.385,-5.1661,-57.586
0.0823,32.509,-5.2371,-59.397
0.0824,31.675,-5.308,-61.191
0.0825,30.898,-5.3784,-62.954
0.0826,30.185,-5.4478,-64.672
0.0827,29.539,-5.5158,-66.332
0.0828,28.958,-5.5816,-67.92
0.0829,28.423,-5.6437,-69.429
0.083,27.914,-5.7009,-70.851
0.0831,27.421,-5.7524,-72.183
0.0832,26.937,-5.7974,-73.425
0.0833,26.458,-5.8358,-74.58
0.0834,25.99,-5.8679,-75.649
0.0835,25.542,-5.8942,-76.638
0.0836,25.115,-5.9157,-77.557
0.0837,24.703,-5.9329,-78.41
0.0838,24.305,-5.9458,-79.196
0.0839,23.915,-5.9545,-79.914
0.084,23.527,-5.9588,-80.561
0.0841,23.139,-5.9583,-81.127
0.0842,22.748,-5.9526,-81.604
0.0843,22.355,-5.9417,-81.992
0.0844,21.959,-5.9262,-82.29
0.0845,21.561,-5.9059,-82.496
0.0846,21.156,-5.881,-82.612
0.0847,20.736,-5.8515,-82.642
0.0848,20.298,-5.8174,-82.578
0.0849,19.832,-5.7778,-82.413
0.085,19.334,-5.7321,-82.136
0.0851,18.81,-5.6801,-81.738
0.0852,18.266,-5.6216,-81.217
0.0853,17.706,-5.5565,-80.577
0.0854,17.137,-5.4852,-79.832
0.0855,16.562,-5.4086,-79.002
0.0856,15.982,-5.3271,-78.105
0.0857,15.392,-5.2412,-77.156
0.0858,14.791,-5.1512,-76.164
0.0859,14.178,-5.0574,-75.13
0.086,13.547,-4.9597,-74.049
0.0861,12.898,-4.8581,-72.914
0.0862,12.234,-4.7528,-71.715
0.0863,11.56,-4.6441,-70.448
0.0864,10.878,-4.5323,-69.113
0.0865,10.191,-4.4175,-67.712
0.0866,9.498,-4.2996,-66.246
0.0867,8.7937,-4.1787,-64.723
0.0868,8.0719,-4.0544,-63.143
0.0869,7.327,-3.926,-61.503
0.087,6.5545,-3.7933,-59.804
0.0871,5.7541,-3.6559,-58.051
0.0872,4.9287,-3.5138,-56.25
0.0873,4.0833,-3.3665,-54.409
0.0874,3.2258,-3.2142,-52.544
0.0875,2.3678,-3.0562,-50.667
0.0876,1.5178,-2.8914,-48.788
0.0877,0.67862,-2.7177,-46.913
0.0878,-0.15027,-2.534,-45.043
0.0879,-0.972,-2.3416,-43.177
0.088,-1.7949,-2.1448,-41.31
0.0881,-2.6278,-1.948,-39.434
0.0882,-3.4741,-1.7538,-37.547
0.0883,-4.335,-1.5622,-35.649
0.0884,-5.2119,-1.3727,-33.74
0.0885,-6.1035,-1.1849,-31.821
0.0886,-7.0044,-0.99958,-29.893
0.0887,-7.9105,-0.81892,-27.953
0.0888,-8.8188,-0.6463,-25.996
0.0889,-9.7263,-0.48572,-24.015
0.089,-10.63,-0.34115,-22.006
0.0891,-11.529,-0.21525,-19.974
0.0892,-12.423,-0.1082,-17.925
0.0893,-13.309,-0.01787,-15.872
0.0894,-14.182,0.059023,-13.834
0.0895,-15.038,0.12638,-11.828
0.0896,-15.872,0.18836,-9.8649
0.0897,-16.68,0.24896,-7.9481
0.0898,-17.461,0.31185,-6.0766
0.0899,-18.212,0.38012,-4.2421
0.09,-18.939,0.45518,-2.433
0.0901,-19.646,0.53636,-0.64175
0.0902,-20.337,0.62182,1.1338
0.0903,-21.015,0.70977,2.892
0.0904,-21.685,0.79875,4.6278
0.0905,-22.347,0.88748,6.333
0.0906,-22.995,0.97487,8.0008
0.0907,-23.623,1.0602,9.6285
0.0908,-24.228,1.1429,11.217
0.0909,-24.801,1.2225,12.769
0.091,-25.335,1.2987,14.289
0.0911,-25.825,1.3712,15.775
0.0912,-26.264,1.4399,17.225
0.0913,-26.644,1.5043,18.632
0.0914,-26.958,1.5642,19.984
0.0915,-27.2,1.6194,21.269
0.0916,-27.369,1.6697,22.479
0.0917,-27.467,1.7149,23.608
0.0918,-27.496,1.7549,24.655
0.0919,-27.465,1.7897,25.625
0.092,-27.38,1.8194,26.526
0.0921,-27.248,1.8441,27.365
0.0922,-27.069,1.8637,28.149
0.0923,-26.844,1.8784,28.881
0.0924,-26.567,1.8881,29.563
0.0925,-26.231,1.8928,30.192
0.0926,-25.83,1.8922,30.765
0.0927,-25.358,1.8866,31.277
0.0928,-24.815,1.8758,31.725
0.0929,-24.203,1.86,32.103
0.093,-23.522,1.839,32.408
0.0931,-22.775,1.8128,32.635
0.0932,-21.962,1.7814,32.781
0.0933,-21.078,1.7447,32.842
0.0934,-20.118,1.7025,32.814
0.0935,-19.078,1.6548,32.699
0.0936,-17.957,1.6018,32.496
0.0937,-16.756,1.5434,32.208
0.0938,-15.482,1.4801,31.84
0.0939,-14.145,1.4121,31.4
0.094,-12.76,1.3398,30.892
0.0941,-11.337,1.2635,30.321
0.0942,-9.8838,1.1833,29.69
0.0943,-8.4042,1.0994,29
0.0944,-6.8963,1.0115,28.251
0.0945,-5.3542,0.91967,27.442
0.0946,-3.7717,0.82364,26.572
0.0947,-2.1441,0.72344,25.641
0.0948,-0.46891,0.61915,24.648
0.0949,1.2541,0.51086,23.594
0.095,3.0225,0.39874,22.478
0.0951,4.8324,0.28306,21.3
0.0952,6.6795,0.16399,20.057
0.0953,8.5603,0.041516,18.747
0.0954,10.472,-0.084431,17.367
0.0955,12.411,-0.21393,15.919
0.0956,14.373,-0.34717,14.404
0.0957,16.353,-0.48444,12.829
0.0958,18.346,-0.626,11.203
0.0959,20.34,-0.77232,9.5374
0.096,22.329,-0.92437,7.8421
0.0961,24.306,-1.084,6.1262
0.0962,26.266,-1.2544,4.3962
0.0963,28.207,-1.4401,2.6552
0.0964,30.13,-1.6457,0.90377
0.0965,32.038,-1.8709,-0.8609
0.0966,33.927,-2.1042,-2.6452
0.0967,35.788,-2.3271,-4.459
0.0968,37.609,-2.5253,-6.314
0.0969,39.375,-2.6945,-8.2183
0.097,41.075,-2.8386,-10.172
0.0971,42.707,-2.9659,-12.167
0.0972,44.269,-3.085,-14.19
0.0973,45.763,-3.2026,-16.229
0.0974,47.183,-3.3214,-18.274
0.0975,48.514,-3.4407,-20.326
0.0976,49.734,-3.5573,-22.387
0.0977,50.814,-3.6657,-24.464
0.0978,51.726,-3.7602,-26.559
0.0979,52.445,-3.8373,-28.668
0.098,52.958,-3.8981,-30.778
0.0981,53.26,-3.9483,-32.871
0.0982,53.358,-3.9956,-34.925
0.0983,53.261,-4.0463,-36.925
0.0984,52.977,-4.1031,-38.864
0.0985,52.507,-4.1661,-40.75
0.0986,51.848,-4.234,-42.6
0.0987,50.998,-4.3053,-44.431
0.0988,49.964,-4.3785,-46.254
0.0989,48.758,-4.4526,-48.074
0.099,47.406,-4.5265,-49.882
0.0991,45.94,-4.5998,-51.665
0.0992,44.4,-4.6719,-53.405
0.0993,42.821,-4.7423,-55.086
0.0994,41.235,-4.8105,-56.697
0.0995,39.664,-4.8756,-58.235
0.0996,38.123,-4.937,-59.701
0.0997,36.62,-4.9938,-61.098
0.0998,35.161,-5.0454,-62.425
0.0999,33.751,-5.0909,-63.677
0.1,32.399,-5.1302,-64.848
0.1001,31.11,-5.1631,-65.93
0.1002,29.889,-5.1901,-66.922
0.1003,28.737,-5.2116,-67.827
0.1004,27.655,-5.2283,-68.651
0.1005,26.645,-5.2406,-69.401
0.1006,25.705,-5.2488,-70.08
0.1007,24.834,-5.2526,-70.691
0.1008,24.027,-5.2521,-71.23
0.1009,23.277,-5.2469,-71.693
0.101,22.574,-5.2368,-72.075
0.1011,21.908,-5.2217,-72.371
0.1012,21.268,-5.2016,-72.577
0.1013,20.645,-5.1765,-72.693
0.1014,20.027,-5.1463,-72.722
0.1015,19.408,-5.111,-72.664
0.1016,18.785,-5.0705,-72.516
0.1017,18.158,-5.0244,-72.271
0.1018,17.527,-4.9722,-71.921
0.1019,16.893,-4.9138,-71.459
0.102,16.255,-4.8491,-70.886
0.1021,15.608,-4.778,-70.209
0.1022,14.949,-4.7012,-69.441
0.1023,14.274,-4.6191,-68.6
0.1024,13.586,-4.5323,-67.7
0.1025,12.887,-4.4414,-66.755
0.1026,12.18,-4.3468,-65.769
0.1027,11.471,-4.2488,-64.744
0.1028,10.76,-4.1476,-63.675
0.1029,10.049,-4.0433,-62.554
0.103,9.3374,-3.9358,-61.372
0.1031,8.6221,-3.8252,-60.122
0.1032,7.8985,-3.7112,-58.804
0.1033,7.161,-3.594,-57.421
0.1034,6.4047,-3.4732,-55.977
0.1035,5.6267,-3.3488,-54.478
0.1036,4.8264,-3.2205,-52.925
0.1037,4.0032,-3.0881,-51.32
0.1038,3.1566,-2.9511,-49.666
0.1039,2.2868,-2.8093,-47.967
0.104,1.3953,-2.662,-46.227
0.1041,0.48497,-2.5084,-44.453
0.1042,-0.43834,-2.3468,-42.652
0.1043,-1.3674,-2.1747,-40.834
0.1044,-2.2959,-1.9893,-39.007
0.1045,-3.2199,-1.7908,-37.179
0.1046,-4.1381,-1.5847,-35.355
0.1047,-5.0515,-1.3783,-33.533
0.1048,-5.964,-1.1755,-31.713
0.1049,-6.8816,-0.97703,-29.888
0.105,-7.8103,-0.78206,-28.055
0.1051,-8.7553,-0.58973,-26.21
0.1052,-9.7192,-0.40012,-24.35
0.1053,-10.7,-0.21463,-22.472
0.1054,-11.693,-0.036131,-20.574
0.1055,-12.69,0.1313,-18.65
0.1056,-13.685,0.28335,-16.699
0.1057,-14.674,0.41662,-14.722
0.1058,-15.656,0.52984,-12.722
0.1059,-16.632,0.62423,-10.709
0.106,-17.605,0.70298,-8.694
0.1061,-18.576,0.77004,-6.6889
0.1062,-19.542,0.82916,-4.7069
0.1063,-20.499,0.88346,-2.7578
0.1064,-21.437,0.93577,-0.84715
0.1065,-22.348,0.9892,1.0245
0.1066,-23.224,1.0473,2.86
0.1067,-24.064,1.1129,4.6633
0.1068,-24.87,1.186,6.4384
0.1069,-25.649,1.265,8.1881
0.107,-26.41,1.3476,9.9128
0.1071,-27.159,1.432,11.61
0.1072,-27.902,1.5167,13.279
0.1073,-28.635,1.6006,14.916
0.1074,-29.352,1.683,16.522
0.1075,-30.043,1.763,18.095
0.1076,-30.698,1.8401,19.635
0.1077,-31.308,1.9138,21.142
0.1078,-31.867,1.9838,22.614
0.1079,-32.369,2.0497,24.047
0.108,-32.812,2.1114,25.435
0.1081,-33.192,2.1687,26.77
0.1082,-33.507,2.2216,28.043
0.1083,-33.753,2.2698,29.245
0.1084,-33.928,2.3129,30.369
0.1085,-34.032,2.3508,31.412
0.1086,-34.065,2.3832,32.372
0.1087,-34.028,2.4099,33.254
0.1088,-33.926,2.431,34.065
0.1089,-33.763,2.4467,34.813
0.109,-33.541,2.4571,35.504
0.1091,-33.26,2.4626,36.145
0.1092,-32.92,2.4632,36.739
0.1093,-32.517,2.4591,37.284
0.1094,-32.047,2.4504,37.775
0.1095,-31.508,2.437,38.206
0.1096,-30.898,2.4186,38.568
0.1097,-30.219,2.3951,38.854
0.1098,-29.469,2.3664,39.058
0.1099,-28.648,2.3322,39.177
0.11,-27.754,2.2927,39.211
0.1101,-26.786,2.2478,39.161
0.1102,-25.74,2.1977,39.026
0.1103,-24.615,2.1423,38.807
0.1104,-23.412,2.0819,38.506
0.1105,-22.133,2.0164,38.122
0.1106,-20.785,1.946,37.659
0.1107,-19.377,1.8708,37.118
0.1108,-17.92,1.7911,36.504
0.1109,-16.423,1.7071,35.823
0.111,-14.894,1.6191,35.08
0.1111,-13.336,1.5272,34.282
0.1112,-11.746,1.4317,33.432
0.1113,-10.122,1.3326,32.531
0.1114,-8.4583,1.2298,31.579
0.1115,-6.7507,1.1233,30.571
0.1116,-4.9966,1.0131,29.503
0.1117,-3.1957,0.89909,28.372
0.1118,-1.3499,0.78146,27.173
0.1119,-1.166,0.72445,26.045
0.112,-1.0998,0.67336,25.011
0.1121,-1.0332,0.6203,23.993
0.1122,-0.97224,0.57052,22.963
0.1123,-0.91763,0.53214,21.962
0.1124,-0.86379,0.49438,20.887
0.1125,-0.80299,0.44586,19.638
0.1126,-0.74677,0.40079,18.355
0.1127,-0.70233,0.37102,17.171
0.1128,-0.6637,0.34536,16.029
0.1129,-0.62092,0.31488,14.885
0.113,-0.57795,0.28428,13.793
0.1131,-0.53496,0.25335,12.734
0.1132,-0.48828,0.21944,11.611
0.1133,-0.43542,0.18433,10.363
0.1134,-0.3795,0.14702,8.9855
0.1135,-0.31782,0.10131,7.4712
0.1136,-0.25144,0.049425,5.8522
0.1137,-0.18541,-0.00030726,4.2449
0.1138,-0.12353,-0.046089,2.753
0.1139,-0.080844,-0.072225,1.979
0.114,-0.06034,-0.076345,1.9363
0.1141,-0.038585,-0.08122,1.8921
0.1142,-0.017884,-0.08304,1.8486
0.1143,-0.0010206,-0.077059,1.8047
0.1144,0.0097246,-0.063844,1.7604
0.1145,0.019019,-0.048343,1.7161
0.1146,0.023057,-0.026098,1.6722
0.1147,0.015614,0.0085791,1.6305
0.1148,-0.00011071,0.048554,1.5945
0.1149,-0.013016,0.083004,1.5625
0.115,-0.023688,0.11408,1.5309
0.1151,-0.034734,0.14585,1.4988
0.1152,-0.045286,0.17614,1.4685
0.1153,-0.054249,0.20376,1.4402
0.1154,-0.064483,0.23052,1.4147
0.1155,-0.07199,0.25273,1.3922
0.1156,-0.073988,0.26845,1.3711
0.1157,-0.073167,0.28141,1.3496
0.1158,-0.072846,0.29302,1.329
0.1159,-0.068595,0.29901,1.3087
0.116,-0.059924,0.30052,1.2871
0.1161,-0.050432,0.30197,1.2638
0.1162,-0.043052,0.30492,1.24
0.1163,-0.037323,0.31018,1.215
0.1164,-0.035905,0.32145,1.1882
0.1165,-0.039433,0.33873,1.1617
0.1166,-0.048356,0.36082,1.1377
0.1167,-0.062995,0.38834,1.1163
0.1168,-0.082273,0.41972,1.0978
0.1169,-0.10081,0.44958,1.0816
0.117,-0.11919,0.47889,1.0668
0.1171,-0.14145,0.51157,1.0536
0.1172,-0.16751,0.54529,1.0439
0.1173,-0.19245,0.5746,1.0378
0.1174,-0.21624,0.60002,1.0346
0.1175,-0.23845,0.62179,1.0336
0.1176,-0.25634,0.63749,1.0342
0.1177,-0.26876,0.64724,1.0353
0.1178,-0.27825,0.65315,1.0375
0.1179,-0.28385,0.65432,1.0406
0.118,-0.2844,0.65066,1.0433
0.1181,-0.28312,0.64627,1.0446
0.1182,-0.2841,0.64434,1.0454
0.1183,-0.28727,0.64468,1.0459
0.1184,-0.29376,0.64894,1.046
0.1185,-0.30497,0.65789,1.0467
0.1186,-0.3199,0.66926,1.0494
0.1187,-0.33653,0.68221,1.0532
0.1188,-0.35553,0.69871,1.0571
0.1189,-0.37656,0.71788,1.0618
0.119,-0.39947,0.73849,1.0684
0.1191,-0.42586,0.76198,1.0772
0.1192,-0.45589,0.78754,1.0889
0.1193,-0.48519,0.80994,1.104
0.1194,-0.51185,0.82765,1.1217
0.1195,-0.53693,0.84254,1.1411
0.1196,-0.55931,0.85313,1.1624
0.1197,-0.57595,0.85631,1.1855
0.1198,-0.58767,0.85344,1.2097
0.1199,-0.59555,0.84638,1.2344
0.12,-0.599,0.83509,1.2589
0.1201,-0.59928,0.8215,1.2825
0.1202,-0.60029,0.80917,1.3056
0.1203,-0.6026,0.79817,1.3289
0.1204,-0.60539,0.7877,1.3521
0.1205,-0.60968,0.77908,1.3751
0.1206,-0.61656,0.77318,1.3982
0.1207,-0.62516,0.76953,1.4211
0.1208,-0.63665,0.76973,1.4435
0.1209,-0.65281,0.77493,1.4664
0.121,-0.67313,0.78341,1.491
0.1211,-0.69599,0.79353,1.5174
0.1212,-0.72094,0.80506,1.5453
0.1213,-0.74584,0.81565,1.575
0.1214,-0.76826,0.82288,1.606
0.1215,-0.7881,0.82698,1.638
0.1216,-0.8056,0.82776,1.6712
0.1217,-0.81844,0.82259,1.7054
0.1218,-0.82603,0.81134,1.74
0.1219,-0.83033,0.79636,1.7743
0.122,-0.8323,0.77822,1.8084
0.1221,-0.83157,0.75631,1.8422
0.1222,-0.82965,0.73211,1.8755
0.1223,-0.82753,0.70645,1.9085
0.1224,-0.82447,0.67873,1.9406
0.1225,-0.82099,0.65027,1.971
