0.05,0.032968,-0.20174,0.19098
0.0501,0.043628,-0.20428,0.18657
0.0502,0.054175,-0.2062,0.18176
0.0503,0.064604,-0.20747,0.17648
0.0504,0.074926,-0.20809,0.17071
0.0505,0.08515,-0.2081,0.1644
0.0506,0.095304,-0.20757,0.15758
0.0507,0.10542,-0.20662,0.15029
0.0508,0.11551,-0.20535,0.14259
0.0509,0.12557,-0.20389,0.13458
0.051,0.13559,-0.20237,0.12634
0.0511,0.14555,-0.20087,0.11798
0.0512,0.15538,-0.19947,0.10955
0.0513,0.16504,-0.1982,0.10114
0.0514,0.17445,-0.19708,0.092749
0.0515,0.18353,-0.19607,0.084406
0.0516,0.19219,-0.19513,0.076099
0.0517,0.20036,-0.19416,0.0678
0.0518,0.20795,-0.19308,0.059462
0.0519,0.21485,-0.19175,0.051033
0.052,0.22103,-0.19008,0.042449
0.0521,0.22643,-0.18793,0.033641
0.0522,0.23106,-0.18522,0.024548
0.0523,0.23494,-0.18189,0.015123
0.0524,0.23811,-0.1779,0.0053305
0.0525,0.24064,-0.17326,-0.0048361
0.0526,0.24263,-0.16803,-0.015359
0.0527,0.24418,-0.16228,-0.026192
0.0528,0.24537,-0.15612,-0.037273
0.0529,0.24629,-0.14966,-0.048522
0.053,0.24702,-0.14302,-0.059856
0.0531,0.24762,-0.13633,-0.071193
0.0532,0.24815,-0.12966,-0.08246
0.0533,0.24864,-0.12308,-0.093589
0.0534,0.24908,-0.11661,-0.10453
0.0535,0.24948,-0.11027,-0.11524
0.0536,0.24979,-0.10403,-0.12568
0.0537,0.24996,-0.097841,-0.13583
0.0538,0.24995,-0.091616,-0.1457
0.0539,0.24967,-0.08525,-0.15525
0.054,0.24907,-0.078628,-0.16449
0.0541,0.24811,-0.071642,-0.17341
0.0542,0.24675,-0.064194,-0.18198
0.0543,0.24497,-0.056214,-0.19017
0.0544,0.24277,-0.047668,-0.19795
0.0545,0.24018,-0.038559,-0.2053
0.0546,0.23722,-0.028921,-0.21218
0.0547,0.23393,-0.018826,-0.21855
0.0548,0.23035,-0.0083652,-0.22441
0.0549,0.22653,0.0023532,-0.22976
0.055,0.22251,0.013215,-0.23459
0.0551,0.21835,0.0241,-0.23892
0.0552,0.21408,0.034904,-0.24273
0.0553,0.20973,0.045537,-0.24604
0.0554,0.20531,0.055932,-0.24883
0.0555,0.20081,0.066053,-0.25111
0.0556,0.19621,0.075902,-0.25287
0.0557,0.19147,0.085511,-0.25413
0.0558,0.18653,0.094941,-0.25493
0.0559,0.18135,0.10427,-0.25531
0.056,0.17586,0.1136,-0.25533
0.0561,0.17001,0.12301,-0.25505
0.0562,0.16375,0.13258,-0.25456
0.0563,0.15704,0.14235,-0.25391
0.0564,0.1499,0.15234,-0.25318
0.0565,0.14234,0.16252,-0.2524
0.0566,0.13439,0.17284,-0.25162
0.0567,0.1261,0.18322,-0.25083
0.0568,0.11752,0.19354,-0.25002
0.0569,0.10871,0.20367,-0.24919
0.057,0.099754,0.21347,-0.24827
0.0571,0.090701,0.22279,-0.24721
0.0572,0.081612,0.2315,-0.24593
0.0573,0.072521,0.2395,-0.24437
0.0574,0.063449,0.24668,-0.24244
0.0575,0.054401,0.25299,-0.24009
0.0576,0.045362,0.25842,-0.23727
0.0577,0.036302,0.26298,-0.23395
0.0578,0.027184,0.26674,-0.23014
0.0579,0.017968,0.26979,-0.22586
0.058,0.0086119,0.27223,-0.22116
0.0581,-0.00092469,0.27419,-0.21608
0.0582,-0.01067,0.2758,-0.2107
0.0583,-0.020646,0.27717,-0.20509
0.0584,-0.030864,0.27844,-0.19931
0.0585,-0.041316,0.27967,-0.19342
0.0586,-0.051982,0.28095,-0.18748
0.0587,-0.062823,0.2823,-0.18152
0.0588,-0.073784,0.28373,-0.17555
0.0589,-0.084795,0.28518,-0.16955
0.059,-0.095775,0.2866,-0.1635
0.0591,-0.10664,0.2879,-0.15733
0.0592,-0.1173,0.28897,-0.151
0.0593,-0.12769,0.28969,-0.14444
0.0594,-0.13771,0.28998,-0.13759
0.0595,-0.14732,0.28974,-0.13039
0.0596,-0.15646,0.28893,-0.12278
0.0597,-0.16509,0.28751,-0.11475
0.0598,-0.17319,0.28551,-0.10629
0.0599,-0.18075,0.28295,-0.097405
0.06,-0.18778,0.2799,-0.08814
0.0601,-0.19428,0.27646,-0.078544
0.0602,-0.20033,0.27271,-0.068686
0.0603,-0.20593,0.26876,-0.058638
0.0604,-0.21115,0.26472,-0.048479
0.0605,-0.21601,0.26067,-0.03828
0.0606,-0.22055,0.25667,-0.028108
0.0607,-0.22478,0.25276,-0.018011
0.0608,-0.22872,0.24895,-0.0080209
0.0609,-0.23234,0.24521,0.0018557
0.061,-0.23564,0.24147,0.011629
0.0611,-0.2386,0.23764,0.021334
0.0612,-0.24118,0.23365,0.031013
0.0613,-0.24337,0.22937,0.040718
0.0614,-0.24514,0.22471,0.050497
0.0615,-0.24649,0.21959,0.060392
0.0616,-0.24741,0.21391,0.070425
0.0617,-0.24792,0.20763,0.080606
0.0618,-0.24802,0.20074,0.090917
0.0619,-0.24776,0.19326,0.10133
0.062,-0.24717,0.18524,0.11177
0.0621,-0.24631,0.17677,0.12218
0.0622,-0.24521,0.16794,0.13247
0.0623,-0.24395,0.15888,0.14254
0.0624,-0.24254,0.14971,0.1523
0.0625,-0.24103,0.14052,0.16164
0.0626,-0.23943,0.13141,0.17049
0.0627,-0.23774,0.12244,0.17875
0.0628,-0.23592,0.11364,0.18638
0.0629,-0.23397,0.105,0.19336
0.063,-0.23183,0.096487,0.19965
0.0631,-0.22945,0.08804,0.20529
0.0632,-0.22679,0.079576,0.21027
0.0633,-0.2238,0.070996,0.21466
0.0634,-0.22044,0.062208,0.21851
0.0635,-0.21668,0.053121,0.22189
0.0636,-0.2125,0.043666,0.22489
0.0637,-0.20789,0.03379,0.22757
0.0638,-0.20288,0.023477,0.23
0.0639,-0.19748,0.012737,0.23226
0.064,-0.19173,0.0016159,0.23437
0.0641,-0.18568,-0.0098151,0.23636
0.0642,-0.1794,-0.021453,0.23822
0.0643,-0.17292,-0.033186,0.23995
0.0644,-0.16627,-0.044886,0.2415
0.0645,-0.1595,-0.056434,0.24282
0.0646,-0.15262,-0.067713,0.24385
0.0647,-0.14565,-0.078632,0.24454
0.0648,-0.13859,-0.089113,0.24483
0.0649,-0.13142,-0.099108,0.2447
0.065,-0.12413,-0.10859,0.24411
0.0651,-0.11668,-0.11754,0.24306
0.0652,5.2664,-2.047,0.084804
0.0653,7.0157,-2.8102,0.03178
0.0654,7.9232,-3.1709,0.0075001
0.0655,9.1742,-3.5991,-0.035405
0.0656,9.9237,-3.9092,-0.079337
0.0657,10.102,-3.7375,-0.090308
0.0658,10.812,-3.435,-0.095043
0.0659,12.382,-3.685,-0.1451
0.066,14.412,-4.4129,-0.22834
0.0661,16.422,-5.0659,-0.29167
0.0662,18.216,-5.6042,-0.33891
0.0663,19.489,-6.0055,-0.37898
0.0664,20.298,-6.0424,-0.39844
0.0665,20.607,-5.5951,-0.39593
0.0666,20.53,-4.7959,-0.3897
0.0667,20.732,-3.9517,-0.3897
0.0668,21.681,-3.3154,-0.39665
0.0669,23.196,-3.0142,-0.42143
0.067,25.125,-3.1901,-0.47064
0.0671,27.143,-3.7155,-0.52384
0.0672,28.344,-3.9044,-0.54643
0.0673,28.499,-3.4209,-0.53991
0.0674,28.471,-2.7164,-0.53208
0.0675,28.383,-1.8236,-0.52182
0.0676,27.534,-0.20817,-0.48405
0.0677,26.31,1.7979,-0.43293
0.0678,25.774,3.2679,-0.40684
0.0679,25.822,4.2127,-0.40672
0.068,25.812,5.1684,-0.40052
0.0681,25.869,6.0024,-0.38372
0.0682,26.142,6.5333,-0.37329
0.0683,26.069,7.312,-0.36261
0.0684,25.309,8.8083,-0.32566
0.0685,24.208,10.782,-0.26681
0.0686,23.19,12.822,-0.21404
0.0687,22.433,14.702,-0.17677
0.0688,21.921,16.286,-0.1408
0.0689,21.483,17.547,-0.10653
0.069,21.076,18.522,-0.085573
0.0691,20.722,19.322,-0.072314
0.0692,20.12,20.274,-0.04785
0.0693,18.938,21.73,-0.014712
0.0694,17.509,23.465,0.011107
0.0695,15.804,25.558,0.027027
0.0696,13.596,28.151,0.025663
0.0697,11.206,30.973,-0.031417
0.0698,9.3596,33.423,-0.17009
0.0699,8.0488,35.436,-0.36546
0.07,6.8082,37.324,-0.56202
0.0701,5.6885,39.03,-0.71526
0.0702,4.7807,40.493,-0.81678
0.0703,3.6003,42.159,-0.87166
0.0704,1.8918,44.292,-0.87858
0.0705,0.03968,46.544,-0.86922
0.0706,-1.7375,48.674,-0.89203
0.0707,-3.6206,50.834,-0.95258
0.0708,-5.5845,53.013,-1.0224
0.0709,-7.3664,54.92,-1.0983
0.071,-8.8813,56.435,-1.1723
0.0711,-10.293,57.721,-1.2005
0.0712,-11.882,59.026,-1.1554
0.0713,-13.865,60.528,-1.0575
0.0714,-16.227,62.304,-0.91837
0.0715,-18.895,64.412,-0.73946
0.0716,-21.842,66.855,-0.55395
0.0717,-24.767,69.348,-0.40208
0.0718,-27.212,71.483,-0.28015
0.0719,-29.207,73.218,-0.1679
0.072,-31.094,74.732,-0.048391
0.0721,-32.833,75.928,0.10906
0.0722,-34.329,76.707,0.33475
0.0723,-35.99,77.39,0.62282
0.0724,-38.121,78.268,0.95383
0.0725,-40.463,79.216,1.3044
0.0726,-42.841,80.172,1.6351
0.0727,-45.386,81.295,1.9181
0.0728,-47.888,82.43,2.1541
0.0729,-49.907,83.145,2.3407
0.073,-51.491,83.372,2.483
0.0731,-53.026,83.396,2.604
0.0732,-54.677,83.368,2.7199
0.0733,-56.478,83.295,2.827
0.0734,-58.529,83.264,2.9252
0.0735,-60.836,83.355,3.0225
0.0736,-63.228,83.431,3.1195
0.0737,-65.466,83.187,3.2031
0.0738,-67.349,82.389,3.2673
0.0739,-68.841,80.983,3.3181
0.074,-70.018,78.938,3.358
0.0741,-70.852,76.148,3.3798
0.0742,-71.398,72.731,3.3886
0.0743,-72.051,69.123,3.4025
0.0744,-73.114,65.625,3.4287
0.0745,-74.414,62.181,3.4583
0.0746,-75.759,58.766,3.4896
0.0747,-77.19,55.466,3.5258
0.0748,-78.511,52.136,3.5585
0.0749,-79.352,48.561,3.5742
0.075,-79.789,44.9,3.577
0.0751,-80.17,41.482,3.5778
0.0752,-80.53,38.371,3.5784
0.0753,-80.802,35.553,3.5764
0.0754,-81.213,33.179,3.5789
0.0755,-81.938,31.33,3.5932
0.0756,-82.706,29.731,3.6091
0.0757,-83.341,28.184,3.6181
0.0758,-83.766,26.571,3.6162
0.0759,-83.848,24.796,3.6018
0.076,-83.457,22.801,3.5716
0.0761,-82.677,20.685,3.5248
0.0762,-81.759,18.702,3.472
0.0763,-80.957,17.095,3.4257
0.0764,-80.386,15.917,3.3883
0.0765,-79.982,15.05,3.3548
0.0766,-79.657,14.393,3.326
0.0767,-79.378,13.877,3.3021
0.0768,-78.992,13.312,3.2745
0.0769,-78.277,12.518,3.2335
0.077,-77.264,11.562,3.1832
0.0771,-76.143,10.606,3.1301
0.0772,-74.927,9.6595,3.0738
0.0773,-73.631,8.7626,3.0145
0.0774,-72.5,8.1072,2.962
0.0775,-71.659,7.734,2.9197
0.0776,-70.87,7.4064,2.8792
0.0777,-69.898,6.9193,2.8319
0.0778,-68.702,6.2211,2.7767
0.0779,-67.195,5.2485,2.7116
0.078,-65.277,3.968,2.6331
0.0781,-63.093,2.5393,2.5437
0.0782,-60.916,1.2049,2.4535
0.0783,-58.873,0.094966,2.369
0.0784,-56.992,-0.76412,2.2904
0.0785,-55.307,-1.3692,2.2169
0.0786,-53.801,-1.7501,2.1506
0.0787,-52.359,-2.0133,2.0889
0.0788,-50.806,-2.3404,2.0235
0.0789,-48.999,-2.8748,1.9484
0.079,-46.934,-3.6073,1.867
0.0791,-44.719,-4.4492,1.7828
0.0792,-42.442,-5.3514,1.6957
0.0793,-40.21,-6.2255,1.6086
0.0794,-38.195,-6.9161,1.5296
0.0795,-36.43,-7.4184,1.4588
0.0796,-34.699,-7.925,1.3875
0.0797,-32.818,-8.5589,1.3106
0.0798,-30.775,-9.3056,1.2294
0.0799,-28.514,-10.207,1.1415
0.08,-25.943,-11.32,1.0431
0.0801,-23.178,-12.526,0.93799
0.0802,-20.46,-13.63,0.83549
0.0803,-17.9,-14.552,0.73895
0.0804,-15.541,-15.261,0.64836
0.0805,-13.482,-15.694,0.56595
0.0806,-11.723,-15.876,0.4934
0.0807,-10.079,-15.973,0.42511
0.0808,-8.3467,-16.16,0.35352
0.0809,-6.4371,-16.522,0.27634
0.081,-4.3466,-17.046,0.19628
0.0811,-2.1239,-17.674,0.11463
0.0812,0.14015,-18.337,0.032339
0.0813,2.3295,-18.945,-0.046375
0.0814,4.3404,-19.401,-0.11614
0.0815,6.1643,-19.707,-0.17818
0.0816,7.9055,-19.972,-0.23767
0.0817,9.6504,-20.264,-0.29646
0.0818,11.422,-20.585,-0.35401
0.0819,13.293,-21.003,-0.4144
0.082,15.348,-21.586,-0.48128
0.0821,17.494,-22.225,-0.55061
0.0822,19.523,-22.727,-0.61512
0.0823,21.332,-23.009,-0.6731
0.0824,22.884,-23.038,-0.72395
0.0825,24.107,-22.757,-0.76431
0.0826,25.024,-22.211,-0.79372
0.0827,25.831,-21.596,-0.81876
0.0828,26.697,-21.063,-0.84491
0.0829,27.647,-20.649,-0.87229
0.083,28.686,-20.359,-0.90018
0.0831,29.828,-20.194,-0.93016
0.0832,31.009,-20.083,-0.96098
0.0833,32.099,-19.906,-0.98773
0.0834,33.015,-19.569,-1.0066
0.0835,33.751,-19.05,-1.0186
0.0836,34.346,-18.39,-1.0254
0.0837,34.848,-17.646,-1.0275
0.0838,35.324,-16.881,-1.0267
0.0839,35.854,-16.187,-1.0274
0.084,36.465,-15.609,-1.0316
0.0841,37.049,-15.049,-1.0356
0.0842,37.451,-14.359,-1.0351
0.0843,37.605,-13.48,-1.0292
0.0844,37.493,-12.387,-1.0169
0.0845,37.083,-11.028,-0.99536
0.0846,36.422,-9.4426,-0.96503
0.0847,35.685,-7.7907,-0.9316
0.0848,35.006,-6.1944,-0.89882
0.0849,34.412,-4.6848,-0.86685
0.085,33.932,-3.3097,-0.83681
0.0851,33.6,-2.1084,-0.81093
0.0852,33.324,-0.99683,-0.78676
0.0853,32.937,0.17369,-0.75877
0.0854,32.359,1.4816,-0.7243
0.0855,31.589,2.9361,-0.6844
0.0856,30.643,4.5273,-0.63979
0.0857,29.564,6.209,-0.59166
0.0858,28.449,7.8928,-0.54402
0.0859,27.376,9.5055,-0.50224
0.086,26.341,11.044,-0.46895
0.0861,25.268,12.575,-0.44555
0.0862,24.085,14.177,-0.4378
0.0863,22.75,15.898,-0.46107
0.0864,21.231,17.786,-0.53957
0.0865,19.508,19.893,-0.68339
0.0866,17.636,22.175,-0.8512
0.0867,15.732,24.473,-0.98218
0.0868,13.883,26.639,-1.0503
0.0869,12.124,28.605,-1.068
0.087,10.503,30.326,-1.0657
0.0871,9.0453,31.804,-1.074
0.0872,7.6681,33.176,-1.111
0.0873,6.2476,34.611,-1.1792
0.0874,4.7273,36.165,-1.2706
0.0875,3.0838,37.809,-1.3698
0.0876,1.2734,39.504,-1.4519
0.0877,-0.70756,41.17,-1.4888
0.0878,-2.7908,42.674,-1.4627
0.0879,-4.9132,43.932,-1.372
0.088,-7.0581,44.964,-1.2306
0.0881,-9.2144,45.837,-1.0663
0.0882,-11.363,46.632,-0.91256
0.0883,-13.513,47.443,-0.78968
0.0884,-15.714,48.334,-0.69362
0.0885,-18.01,49.274,-0.60308
0.0886,-20.389,50.132,-0.49046
0.0887,-22.793,50.735,-0.32983
0.0888,-25.165,50.95,-0.10459
0.0889,-27.467,50.722,0.18533
0.089,-29.649,50.061,0.52274
0.0891,-31.683,49.061,0.87422
0.0892,-33.608,47.902,1.1977
0.0893,-35.488,46.762,1.4644
0.0894,-37.351,45.712,1.673
0.0895,-39.233,44.749,1.8383
0.0896,-41.202,43.839,1.9786
0.0897,-43.273,42.904,2.1064
0.0898,-45.379,41.834,2.226
0.0899,-47.446,40.59,2.3365
0.09,-49.439,39.234,2.4362
0.0901,-51.326,37.854,2.524
0.0902,-53.093,36.529,2.5997
0.0903,-54.786,35.334,2.6656
0.0904,-56.469,34.314,2.7253
0.0905,-58.15,33.431,2.7811
0.0906,-59.792,32.588,2.8325
0.0907,-61.347,31.694,2.8785
0.0908,-62.771,30.69,2.9191
0.0909,-64.024,29.55,2.9539
0.091,-65.081,28.296,2.9814
0.0911,-65.954,27.001,3.0022
0.0912,-66.71,25.77,3.0194
0.0913,-67.436,24.684,3.0355
0.0914,-68.19,23.77,3.0516
0.0915,-69.004,23.024,3.0688
0.0916,-69.88,22.426,3.0881
0.0917,-70.762,21.918,3.1083
0.0918,-71.54,21.417,3.1261
0.0919,-72.142,20.877,3.1398
0.092,-72.575,20.298,3.1491
0.0921,-72.867,19.683,3.1535
0.0922,-73.053,19.036,3.1526
0.0923,-73.202,18.384,3.1475
0.0924,-73.371,17.756,3.14
0.0925,-73.542,17.133,3.13
0.0926,-73.65,16.477,3.1158
0.0927,-73.637,15.766,3.0967
0.0928,-73.44,14.992,3.0722
0.0929,-72.996,14.145,3.0412
0.093,-72.294,13.232,3.0033
0.0931,-71.395,12.297,2.9603
0.0932,-70.404,11.396,2.9157
0.0933,-69.421,10.571,2.8717
0.0934,-68.515,9.8404,2.8297
0.0935,-67.71,9.2131,2.7907
0.0936,-66.977,8.6748,2.7546
0.0937,-66.241,8.176,2.719
0.0938,-65.41,7.6538,2.6808
0.0939,-64.43,7.0747,2.6384
0.094,-63.296,6.4348,2.5914
0.0941,-62.02,5.7321,2.5393
0.0942,-60.626,4.9731,2.4825
0.0943,-59.176,4.1914,2.4232
0.0944,-57.723,3.4171,2.3634
0.0945,-56.267,2.6417,2.303
0.0946,-54.77,1.841,2.2409
0.0947,-53.201,1.0034,2.1762
0.0948,-51.518,0.11276,2.108
0.0949,-49.675,-0.85296,2.0343
0.095,-47.672,-1.883,1.9552
0.0951,-45.572,-2.9223,1.8729
0.0952,-43.447,-3.9083,1.7901
0.0953,-41.352,-4.796,1.7089
0.0954,-39.332,-5.5555,1.6309
0.0955,-37.408,-6.18,1.5573
0.0956,-35.563,-6.7046,1.4875
0.0957,-33.746,-7.1999,1.419
0.0958,-31.903,-7.7387,1.3493
0.0959,-30.001,-8.3689,1.2769
0.096,-28.018,-9.1127,1.2009
0.0961,-25.949,-9.9705,1.1207
0.0962,-23.812,-10.909,1.037
0.0963,-21.648,-11.867,0.95184
0.0964,-19.491,-12.79,0.86674
0.0965,-17.339,-13.663,0.78163
0.0966,-15.172,-14.494,0.69607
0.0967,-12.977,-15.299,0.60986
0.0968,-10.737,-16.113,0.52219
0.0969,-8.4347,-16.97,0.43199
0.097,-6.0898,-17.871,0.33971
0.0971,-3.7606,-18.774,0.24733
0.0972,-1.4989,-19.631,0.15677
0.0973,0.66269,-20.401,0.069367
0.0974,2.6944,-21.043,-0.013359
0.0975,4.5852,-21.541,-0.090425
0.0976,6.3693,-21.923,-0.1626
0.0977,8.1089,-22.251,-0.23194
0.0978,9.8581,-22.59,-0.30018
0.0979,11.656,-22.989,-0.36838
0.098,13.526,-23.483,-0.43727
0.0981,15.461,-24.073,-0.50694
0.0982,17.417,-24.72,-0.57616
0.0983,19.34,-25.366,-0.64313
0.0984,21.19,-25.962,-0.70694
0.0985,22.955,-26.486,-0.76776
0.0986,24.642,-26.929,-0.82593
0.0987,26.264,-27.296,-0.8819
0.0988,27.848,-27.607,-0.9367
0.0989,29.417,-27.886,-0.99122
0.099,30.965,-28.13,-1.0449
0.0991,32.454,-28.31,-1.0961
0.0992,33.845,-28.397,-1.1432
0.0993,35.102,-28.365,-1.1851
0.0994,36.19,-28.19,-1.2203
0.0995,37.098,-27.869,-1.2485
0.0996,37.863,-27.443,-1.2711
0.0997,38.552,-26.972,-1.2902
0.0998,39.222,-26.506,-1.3075
0.0999,39.921,-26.078,-1.3243
0.1,40.677,-25.708,-1.3413
0.1001,41.484,-25.38,-1.3582
0.1002,42.293,-25.046,-1.3733
0.1003,43.044,-24.656,-1.385
0.1004,43.692,-24.173,-1.3924
0.1005,44.204,-23.577,-1.3951
0.1006,44.564,-22.867,-1.3933
0.1007,44.782,-22.062,-1.3877
0.1008,44.888,-21.191,-1.3798
0.1009,44.913,-20.28,-1.3708
0.101,44.868,-19.328,-1.3606
0.1011,44.746,-18.313,-1.3485
0.1012,44.529,-17.206,-1.3333
0.1013,44.196,-15.981,-1.3142
0.1014,43.729,-14.62,-1.2897
0.1015,43.127,-13.129,-1.2598
0.1016,42.426,-11.556,-1.2254
0.1017,41.677,-9.9584,-1.1883
0.1018,40.919,-8.3875,-1.1497
0.1019,40.183,-6.8806,-1.1109
0.102,39.488,-5.4569,-1.0728
0.1021,38.816,-4.0994,-1.0354
0.1022,38.122,-2.758,-0.99768
0.1023,37.354,-1.3783,-0.95846
0.1024,36.474,0.082498,-0.9174
0.1025,35.455,1.6528,-0.87468
0.1026,34.286,3.3387,-0.83134
0.1027,32.99,5.1177,-0.79018
0.1028,31.603,6.9517,-0.75619
0.1029,30.159,8.8117,-0.73687
0.103,28.675,10.689,-0.74404
0.1031,27.158,12.594,-0.79444
0.1032,25.607,14.548,-0.89627
0.1033,24.007,16.571,-1.0237
0.1034,22.336,18.662,-1.13
0.1035,20.581,20.792,-1.1913
0.1036,18.763,22.918,-1.2163
0.1037,16.924,24.999,-1.2276
0.1038,15.11,27.011,-1.248
0.1039,13.367,28.942,-1.2933
0.104,11.721,30.793,-1.366
0.1041,10.152,32.58,-1.4544
0.1042,8.5924,34.323,-1.5392
0.1043,6.9626,36.035,-1.5983
0.1044,5.1974,37.721,-1.6102
0.1045,3.2521,39.383,-1.5619
0.1046,1.1207,41.02,-1.4554
0.1047,-1.1496,42.626,-1.3069
0.1048,-3.4814,44.198,-1.142
0.1049,-5.8026,45.739,-0.98686
0.105,-8.0483,47.259,-0.85636
0.1051,-10.235,48.735,-0.74552
0.1052,-12.366,50.145,-0.63541
0.1053,-14.501,51.444,-0.50043
0.1054,-16.693,52.597,-0.31866
0.1055,-18.959,53.569,-0.08108
0.1056,-21.286,54.332,0.20375
0.1057,-23.624,54.881,0.51361
0.1058,-25.897,55.234,0.81764
0.1059,-28.034,55.411,1.0872
0.106,-30.001,55.429,1.3094
0.1061,-31.814,55.305,1.4878
0.1062,-33.533,55.042,1.6329
0.1063,-35.242,54.629,1.7563
0.1064,-37.019,54.055,1.8672
0.1065,-38.901,53.325,1.9712
0.1066,-40.875,52.456,2.0694
0.1067,-42.887,51.462,2.1608
0.1068,-44.86,50.356,2.2438
0.1069,-46.728,49.145,2.3176
0.107,-48.456,47.825,2.382
0.1071,-50.034,46.386,2.4373
0.1072,-51.481,44.829,2.4851
0.1073,-52.838,43.17,2.5279
0.1074,-54.139,41.43,2.5676
0.1075,-55.395,39.634,2.6053
0.1076,-56.6,37.807,2.6413
0.1077,-57.733,35.972,2.6752
0.1078,-58.755,34.153,2.7054
0.1079,-59.637,32.367,2.7311
0.108,-60.377,30.626,2.7519
0.1081,-61.001,28.949,2.7684
0.1082,-61.544,27.362,2.7819
0.1083,-62.04,25.888,2.7938
0.1084,-62.522,24.553,2.8053
0.1085,-62.996,23.372,2.8171
0.1086,-63.449,22.34,2.829
0.1087,-63.86,21.42,2.8399
0.1088,-64.202,20.561,2.8476
0.1089,-64.451,19.709,2.8508
0.109,-64.586,18.823,2.8478
0.1091,-64.598,17.883,2.8383
0.1092,-64.486,16.896,2.8227
0.1093,-64.256,15.888,2.8022
0.1094,-63.915,14.889,2.7781
0.1095,-63.463,13.923,2.7511
0.1096,-62.895,13.002,2.7217
0.1097,-62.215,12.124,2.6903
0.1098,-61.422,11.269,2.6564
0.1099,-60.524,10.414,2.6198
0.11,-59.543,9.5428,2.5807
0.1101,-58.508,8.6557,2.5397
0.1102,-57.443,7.7716,2.4971
0.1103,-56.366,6.9206,2.4539
0.1104,-55.292,6.1315,2.4105
0.1105,-54.224,5.419,2.3672
0.1106,-53.148,4.7755,2.3234
0.1107,-52.042,4.1698,2.2782
0.1108,-50.881,3.5586,2.2304
0.1109,-49.637,2.9015,2.1788
0.111,-48.289,2.169,2.123
0.1111,-46.83,1.3479,2.0628
0.1112,-45.269,0.44672,1.9988
0.1113,-43.623,-0.50924,1.9317
0.1114,-41.911,-1.49,1.8623
0.1115,-40.152,-2.4687,1.7912
0.1116,-38.356,-3.4257,1.7188
0.1117,-36.528,-4.3541,1.6454
0.1118,-34.666,-5.2601,1.5712
0.1119,-32.766,-6.1531,1.496
0.112,-30.831,-7.0363,1.4201
0.1121,-28.872,-7.9054,1.344
0.1122,-26.907,-8.7511,1.2679
0.1123,-24.958,-9.5612,1.1924
0.1124,-23.048,-10.33,1.1178
0.1125,-21.193,-11.062,1.0442
0.1126,-19.386,-11.777,0.97083
0.1127,-17.605,-12.499,0.89698
0.1128,-15.818,-13.256,0.8216
0.1129,-13.986,-14.067,0.74378
0.113,-12.076,-14.942,0.66283
0.1131,-10.073,-15.877,0.57858
0.1132,-7.9842,-16.853,0.4914
0.1133,-5.8314,-17.845,0.40212
0.1134,-3.6468,-18.825,0.31174
0.1135,-1.4663,-19.776,0.22131
0.1136,0.68093,-20.686,0.13172
0.1137,2.7789,-21.555,0.043587
0.1138,4.8251,-22.392,-0.042983
0.1139,6.8258,-23.203,-0.12801
0.114,8.7892,-23.987,-0.21141
0.1141,10.72,-24.735,-0.2929
0.1142,12.617,-25.439,-0.37224
0.1143,14.473,-26.088,-0.44902
0.1144,16.278,-26.676,-0.52278
0.1145,18.025,-27.209,-0.59336
0.1146,19.719,-27.704,-0.66109
0.1147,21.377,-28.185,-0.72645
0.1148,23.019,-28.675,-0.79007
0.1149,24.665,-29.198,-0.85272
0.115,26.333,-29.761,-0.91506
0.1151,28.024,-30.357,-0.97729
0.1152,29.724,-30.962,-1.0392
0.1153,31.408,-31.542,-1.1002
0.1154,33.049,-32.061,-1.1594
0.1155,34.619,-32.491,-1.216
0.1156,36.097,-32.814,-1.2692
0.1157,37.475,-33.029,-1.3184
0.1158,38.756,-33.143,-1.3635
0.1159,39.946,-33.169,-1.4044
0.116,41.051,-33.121,-1.4412
0.1161,42.075,-33.007,-1.4741
0.1162,43.019,-32.834,-1.5032
0.1163,43.877,-32.599,-1.5286
0.1164,44.649,-32.302,-1.5504
0.1165,45.34,-31.941,-1.5687
0.1166,45.965,-31.523,-1.5838
0.1167,46.543,-31.06,-1.5962
0.1168,47.096,-30.566,-1.6061
0.1169,47.637,-30.055,-1.6141
0.117,48.169,-29.535,-1.6206
0.1171,48.68,-29.001,-1.6255
0.1172,49.143,-28.437,-1.6287
0.1173,49.527,-27.822,-1.6295
0.1174,49.8,-27.131,-1.6276
0.1175,49.939,-26.342,-1.6222
0.1176,49.935,-25.442,-1.613
0.1177,49.795,-24.429,-1.5999
0.1178,49.537,-23.308,-1.583
0.1179,49.184,-22.092,-1.5626
0.118,48.755,-20.797,-1.5389
0.1181,48.262,-19.438,-1.5123
0.1182,47.709,-18.028,-1.4827
0.1183,47.094,-16.576,-1.4503
0.1184,46.411,-15.087,-1.415
0.1185,45.662,-13.57,-1.377
0.1186,44.853,-12.034,-1.3365
0.1187,43.993,-10.49,-1.2941
0.1188,43.097,-8.9487,-1.2505
0.1189,42.175,-7.415,-1.2064
0.119,41.23,-5.8871,-1.1625
0.1191,40.252,-4.3531,-1.1192
0.1192,39.222,-2.7942,-1.0768
0.1193,38.119,-1.1896,-1.0357
0.1194,36.935,0.24122,-1.0022
0.1195,35.882,0.2421,-1.0074
0.1196,34.86,0.24359,-1.0226
0.1197,33.817,0.24454,-1.0502
0.1198,32.773,0.24062,-1.0917
0.1199,31.755,0.23403,-1.1406
0.12,30.665,0.22445,-1.1811
0.1201,29.448,0.2129,-1.202
0.1202,28.235,0.19628,-1.2073
0.1203,27.117,0.17546,-1.2056
0.1204,26.039,0.15238,-1.1977
0.1205,24.971,0.13184,-1.1844
0.1206,23.96,0.11345,-1.1714
0.1207,22.985,0.097474,-1.1594
0.1208,21.958,0.081351,-1.1411
0.1209,20.814,0.0639,-1.1121
0.121,19.527,0.044402,-1.0707
0.1211,18.08,0.025444,-1.0158
0.1212,16.502,0.0054783,-0.94968
0.1213,14.901,-0.015098,-0.87987
0.1214,13.364,-0.034372,-0.81066
0.1215,11.873,-0.05027,-0.7428
0.1216,10.404,-0.065418,-0.67778
0.1217,9.0113,-0.07934,-0.61851
0.1218,7.6938,-0.092348,-0.56403
0.1219,6.3204,-0.10638,-0.51153
0.122,4.8152,-0.12402,-0.45994
0.1221,3.2394,-0.14377,-0.41199
0.1222,1.642,-0.16745,-0.36884
0.1223,1.3628,-0.16947,-0.35909
0.1224,1.363,-0.1685,-0.35735
0.1225,1.3599,-0.16715,-0.35548
