0.05,0.17299,-0.42313,0.25676
0.0501,0.18859,-0.41714,0.23728
0.0502,0.204,-0.41111,0.21825
0.0503,0.21894,-0.40486,0.19966
0.0504,0.23349,-0.39828,0.18138
0.0505,0.24779,-0.39138,0.16322
0.0506,0.26172,-0.38422,0.14517
0.0507,0.27521,-0.37662,0.12715
0.0508,0.2883,-0.36863,0.10912
0.0509,0.30117,-0.36046,0.091057
0.051,0.31398,-0.35223,0.072931
0.0511,0.32679,-0.34387,0.054582
0.0512,0.33944,-0.33546,0.03612
0.0513,0.35179,-0.32706,0.017711
0.0514,0.36378,-0.31867,-0.00061818
0.0515,0.37542,-0.31031,-0.018911
0.0516,0.38655,-0.30202,-0.037026
0.0517,0.39704,-0.29369,-0.054939
0.0518,0.40676,-0.28517,-0.072686
0.0519,0.41566,-0.27643,-0.09028
0.052,0.42369,-0.26739,-0.10775
0.0521,0.4308,-0.25787,-0.12522
0.0522,0.43678,-0.24778,-0.1426
0.0523,0.44149,-0.23709,-0.15973
0.0524,0.44499,-0.22579,-0.17664
0.0525,0.44741,-0.21385,-0.19342
0.0526,0.44873,-0.20134,-0.20997
0.0527,0.44903,-0.18825,-0.22631
0.0528,0.44854,-0.17464,-0.24255
0.0529,0.44746,-0.16071,-0.25869
0.053,0.44592,-0.1466,-0.27468
0.0531,0.44402,-0.13229,-0.29057
0.0532,0.44177,-0.11789,-0.30631
0.0533,0.43922,-0.10357,-0.3217
0.0534,0.43642,-0.089406,-0.33668
0.0535,0.43345,-0.075365,-0.35132
0.0536,0.43025,-0.061502,-0.36548
0.0537,0.42675,-0.04782,-0.37906
0.0538,0.42294,-0.034203,-0.39213
0.0539,0.41881,-0.020557,-0.40472
0.054,0.41422,-0.0068577,-0.41666
0.0541,0.40904,0.0070052,-0.42788
0.0542,0.40317,0.021159,-0.43833
0.0543,0.39652,0.035625,-0.4479
0.0544,0.38903,0.050402,-0.45646
0.0545,0.38077,0.065544,-0.46409
0.0546,0.37179,0.081037,-0.4708
0.0547,0.36212,0.096794,-0.47652
0.0548,0.35185,0.11274,-0.4813
0.0549,0.34115,0.12881,-0.48525
0.055,0.33007,0.14486,-0.48835
0.0551,0.31865,0.16083,-0.4906
0.0552,0.30694,0.17661,-0.49203
0.0553,0.29507,0.19206,-0.49268
0.0554,0.2831,0.20706,-0.49252
0.0555,0.27107,0.22159,-0.49165
0.0556,0.25901,0.23566,-0.4901
0.0557,0.2469,0.24922,-0.48786
0.0558,0.23471,0.26233,-0.48497
0.0559,0.22239,0.27507,-0.48148
0.056,0.2098,0.28748,-0.47729
0.0561,0.19682,0.29959,-0.47236
0.0562,0.18334,0.31153,-0.46674
0.0563,0.16931,0.32334,-0.46047
0.0564,0.15466,0.33501,-0.45352
0.0565,0.13945,0.34656,-0.44603
0.0566,0.12374,0.358,-0.43809
0.0567,0.10757,0.36924,-0.42971
0.0568,0.090998,0.38019,-0.42091
0.0569,0.07415,0.39077,-0.41179
0.057,0.057097,0.40087,-0.40234
0.0571,0.039895,0.41032,-0.39248
0.0572,0.022657,0.41898,-0.38222
0.0573,0.0055393,0.42674,-0.3716
0.0574,-0.011386,0.43348,-0.36057
0.0575,-0.028063,0.43911,-0.34914
0.0576,-0.044437,0.44365,-0.33734
0.0577,-0.060479,0.44709,-0.32518
0.0578,-0.076254,0.44943,-0.31257
0.0579,-0.091817,0.45075,-0.29952
0.058,-0.10725,0.45115,-0.28603
0.0581,-0.12264,0.4507,-0.27204
0.0582,-0.13807,0.44952,-0.25755
0.0583,-0.15357,0.44776,-0.24266
0.0584,-0.16916,0.44551,-0.22739
0.0585,-0.18487,0.44285,-0.21179
0.0586,-0.20069,0.43991,-0.19591
0.0587,-0.2166,0.43675,-0.17984
0.0588,-0.23257,0.43338,-0.16357
0.0589,-0.24854,0.42981,-0.14714
0.059,-0.26442,0.42601,-0.13057
0.0591,-0.28008,0.42191,-0.11386
0.0592,-0.29539,0.41741,-0.09701
0.0593,-0.31018,0.41244,-0.080095
0.0594,-0.32432,0.40692,-0.063131
0.0595,-0.33771,0.40076,-0.046109
0.0596,-0.35024,0.39394,-0.029043
0.0597,-0.36186,0.38642,-0.011929
0.0598,-0.37256,0.37816,0.0052994
0.0599,-0.38234,0.36919,0.022658
0.06,-0.39124,0.35959,0.040121
0.0601,-0.39927,0.34942,0.057689
0.0602,-0.40651,0.33876,0.075353
0.0603,-0.41299,0.32772,0.093025
0.0604,-0.41876,0.31643,0.11065
0.0605,-0.42392,0.30495,0.12822
0.0606,-0.42851,0.29338,0.14569
0.0607,-0.43259,0.2818,0.163
0.0608,-0.43622,0.27022,0.18015
0.0609,-0.4394,0.25864,0.19714
0.061,-0.4421,0.24703,0.21391
0.0611,-0.44427,0.23536,0.23042
0.0612,-0.44585,0.22353,0.24666
0.0613,-0.44676,0.21149,0.26258
0.0614,-0.44692,0.19919,0.27812
0.0615,-0.44629,0.18652,0.29329
0.0616,-0.44485,0.17344,0.3081
0.0617,-0.44258,0.15987,0.32254
0.0618,-0.4395,0.14579,0.33659
0.0619,-0.43565,0.1312,0.35026
0.062,-0.43108,0.11614,0.36353
0.0621,-0.42584,0.1007,0.37633
0.0622,-0.41999,0.084937,0.38863
0.0623,-0.41364,0.068971,0.40039
0.0624,-0.40686,0.052935,0.41153
0.0625,-0.39976,0.036932,0.42202
0.0626,-0.39241,0.021063,0.43183
0.0627,-0.38487,0.0054177,0.4409
0.0628,-0.37717,-0.0099465,0.44919
0.0629,-0.36929,-0.025025,0.45666
0.063,-0.3612,-0.03981,0.46325
0.0631,-0.35282,-0.054322,0.46889
0.0632,-0.3441,-0.068613,0.47357
0.0633,-0.33495,-0.082757,0.47726
0.0634,-0.3253,-0.096809,0.47996
0.0635,-0.31509,-0.11085,0.48171
0.0636,-0.3043,-0.12497,0.48257
0.0637,-0.29289,-0.1392,0.48259
0.0638,-0.28085,-0.15355,0.4818
0.0639,-0.26818,-0.16806,0.48029
0.064,-0.25494,-0.1827,0.4781
0.0641,-0.24114,-0.19739,0.47526
0.0642,-0.22687,-0.21207,0.47182
0.0643,-0.21225,-0.22665,0.46784
0.0644,-0.19737,-0.24101,0.46335
0.0645,-0.1823,-0.25503,0.45836
0.0646,-0.16714,-0.26861,0.45292
0.0647,-0.15196,-0.28166,0.44702
0.0648,-0.13681,-0.29407,0.44064
0.0649,-0.12169,-0.30579,0.43375
0.065,-0.10661,-0.31678,0.42632
0.0651,-0.091522,-0.32698,0.41831
0.0652,-0.076385,-0.33637,0.4097
0.0653,-0.061149,-0.34499,0.40048
0.0654,-0.045767,-0.35283,0.39067
0.0655,-0.030181,-0.35992,0.38029
0.0656,-0.014349,-0.36631,0.36936
0.0657,0.0017634,-0.37204,0.35794
0.0658,0.018178,-0.37713,0.34604
0.0659,0.034906,-0.38159,0.33371
0.066,0.051918,-0.38546,0.32099
0.0661,0.069168,-0.38875,0.30793
0.0662,0.086581,-0.39145,0.29454
0.0663,0.10407,-0.39354,0.28088
0.0664,0.12152,-0.39501,0.26699
0.0665,0.13884,-0.39581,0.25286
0.0666,0.15595,-0.3959,0.23852
0.0667,0.17276,-0.39528,0.22396
0.0668,0.18923,-0.39388,0.20917
0.0669,0.20532,-0.3917,0.19411
0.067,0.221,-0.38871,0.17878
0.0671,0.23627,-0.38495,0.16317
0.0672,0.25114,-0.38043,0.14723
0.0673,0.26562,-0.37521,0.13098
0.0674,0.27974,-0.36937,0.11441
0.0675,0.29353,-0.36298,0.097548
0.0676,0.30703,-0.35614,0.080403
0.0677,0.32025,-0.34894,0.063021
0.0678,0.33321,-0.34146,0.045435
0.0679,0.34589,-0.33378,0.027676
0.068,0.35824,-0.32594,0.0098067
0.0681,0.3702,-0.31799,-0.008106
0.0682,0.38166,-0.3099,-0.026015
0.0683,0.39252,-0.30166,-0.043869
0.0684,0.40266,-0.29324,-0.061611
0.0685,0.41198,-0.28457,-0.079211
0.0686,0.42038,-0.27557,-0.096666
0.0687,0.42777,-0.26618,-0.11397
0.0688,0.43411,-0.25633,-0.13112
0.0689,0.43935,-0.24595,-0.14815
0.069,0.4435,-0.23499,-0.16505
0.0691,0.44658,-0.22345,-0.18183
0.0692,0.44864,-0.21134,-0.19849
0.0693,0.44976,-0.19868,-0.21503
0.0694,0.45004,-0.18555,-0.23145
0.0695,0.44959,-0.17202,-0.24771
0.0696,0.44853,-0.15817,-0.26383
0.0697,0.44696,-0.14411,-0.27977
0.0698,0.44499,-0.12993,-0.29551
0.0699,0.4427,-0.11572,-0.311
0.07,0.44012,-0.10153,-0.32621
0.0701,0.43727,-0.087394,-0.34108
0.0702,0.43415,-0.07332,-0.35554
0.0703,0.43073,-0.059315,-0.36955
0.0704,0.42697,-0.045362,-0.38304
0.0705,0.4228,-0.031426,-0.39594
0.0706,0.41816,-0.017448,-0.40821
0.0707,0.41298,-0.003369,-0.41978
0.0708,0.4072,0.010871,-0.43059
0.0709,0.40077,0.025327,-0.44059
0.071,0.39363,0.040045,-0.44973
0.0711,0.38579,0.055037,-0.45794
0.0712,0.37723,0.070304,-0.46521
0.0713,0.36801,0.085824,-0.47153
0.0714,0.35818,0.10155,-0.4769
0.0715,0.34783,0.1174,-0.48135
0.0716,0.33703,0.13329,-0.48492
0.0717,0.32588,0.14915,-0.48765
0.0718,0.31446,0.16485,-0.48958
0.0719,0.30282,0.18033,-0.49073
0.072,0.29103,0.1955,-0.49113
0.0721,0.27911,0.21029,-0.49078
0.0722,0.26706,0.22468,-0.48971
0.0723,0.25488,0.23865,-0.4879
0.0724,0.24255,0.2522,-0.48539
0.0725,0.23002,0.26536,-0.48216
0.0726,0.21724,0.27817,-0.47824
0.0727,0.20415,0.29069,-0.47365
0.0728,0.19069,0.30296,-0.46839
0.0729,0.17677,0.31502,-0.46249
0.073,0.16235,0.32691,-0.45597
0.0731,0.14741,0.33862,-0.44887
0.0732,0.13198,0.35015,-0.44123
0.0733,0.11608,0.36145,-0.43308
0.0734,0.099785,0.37247,-0.42448
0.0735,0.083167,0.38311,-0.41546
0.0736,0.066317,0.39327,-0.40607
0.0737,0.049332,0.40284,-0.39632
0.0738,0.032301,0.41173,-0.38622
0.0739,0.015311,0.41982,-0.37577
0.074,-0.0015686,0.42702,-0.36496
0.0741,-0.018277,0.43324,-0.35378
0.0742,-0.034782,0.43843,-0.3422
0.0743,-0.051065,0.44256,-0.33021
0.0744,-0.067133,0.44564,-0.31779
0.0745,-0.083011,0.4477,-0.30492
0.0746,-0.098748,0.4488,-0.29159
0.0747,-0.11439,0.44902,-0.27781
0.0748,-0.13,0.44845,-0.26357
0.0749,-0.14563,0.4472,-0.2489
0.075,-0.16133,0.44538,-0.23383
0.0751,-0.1771,0.44308,-0.21839
0.0752,-0.19295,0.44039,-0.20264
0.0753,-0.20887,0.43736,-0.18662
0.0754,-0.2248,0.43405,-0.17039
0.0755,-0.24069,0.43047,-0.154
0.0756,-0.25646,0.42661,-0.13747
0.0757,-0.27201,0.42244,-0.12081
0.0758,-0.28725,0.41791,-0.10404
0.0759,-0.30207,0.41296,-0.087169
0.076,-0.31636,0.40752,-0.070214
0.0761,-0.33002,0.40153,-0.053182
0.0762,-0.34296,0.39495,-0.036078
0.0763,-0.3551,0.38773,-0.018898
0.0764,-0.3664,0.37986,-0.0016422
0.0765,-0.37682,0.37134,0.015693
0.0766,-0.38636,0.36221,0.033112
0.0767,-0.39504,0.3525,0.050614
0.0768,-0.4029,0.34228,0.068188
0.0769,-0.40998,0.33163,0.085816
0.077,-0.41635,0.32064,0.10347
0.0771,-0.42204,0.30938,0.12111
0.0772,-0.42712,0.29794,0.1387
0.0773,-0.43161,0.28637,0.15618
0.0774,-0.43555,0.27472,0.17352
0.0775,-0.43894,0.26301,0.19066
0.0776,-0.44179,0.25125,0.20758
0.0777,-0.44407,0.2394,0.22423
0.0778,-0.44575,0.22743,0.24059
0.0779,-0.44679,0.21529,0.25664
0.078,-0.44715,0.20291,0.27236
0.0781,-0.44679,0.19023,0.28774
0.0782,-0.44566,0.1772,0.30276
0.0783,-0.44376,0.16378,0.31742
0.0784,-0.4411,0.14991,0.3317
0.0785,-0.43767,0.1356,0.34559
0.0786,-0.43353,0.12087,0.35907
0.0787,-0.42874,0.10575,0.37211
0.0788,-0.42335,0.09032,0.38469
0.0789,-0.41743,0.074658,0.39676
0.079,-0.41106,0.058853,0.40828
0.0791,-0.40431,0.042997,0.41919
0.0792,-0.39723,0.02718,0.42943
0.0793,-0.38987,0.011477,0.43896
0.0794,-0.38226,-0.0040475,0.44773
0.0795,-0.37441,-0.019353,0.45568
0.0796,-0.3663,-0.034419,0.46277
0.0797,-0.35791,-0.049249,0.46895
0.0798,-0.34919,-0.063867,0.47419
0.0799,-0.34007,-0.078311,0.47846
0.08,-0.33051,-0.092631,0.48176
0.0801,-0.32044,-0.10689,0.48409
0.0802,-0.30981,-0.12113,0.48548
0.0803,-0.2986,-0.1354,0.48597
0.0804,-0.2868,-0.14974,0.48561
0.0805,-0.27441,-0.16416,0.48447
0.0806,-0.26146,-0.17865,0.48261
0.0807,-0.24801,-0.19319,0.4801
0.0808,-0.23411,-0.20772,0.47698
0.0809,-0.21985,-0.22216,0.47332
0.081,-0.20529,-0.23644,0.46913
0.0811,-0.19051,-0.25047,0.46444
0.0812,-0.17556,-0.26414,0.45926
0.0813,-0.16049,-0.27736,0.4536
0.0814,-0.14536,-0.29005,0.44743
0.0815,-0.1302,-0.30213,0.44076
0.0816,-0.11503,-0.31355,0.43356
0.0817,-0.099817,-0.32427,0.42581
0.0818,-0.084557,-0.33425,0.4175
0.0819,-0.069206,-0.34348,0.40861
0.082,-0.053723,-0.35195,0.39913
0.0821,-0.038063,-0.35967,0.38907
0.0822,-0.02219,-0.36665,0.37845
0.0823,-0.0060731,-0.37292,0.3673
0.0824,0.0103,-0.37848,0.35564
0.0825,0.026927,-0.38337,0.34352
0.0826,0.043789,-0.38758,0.33098
0.0827,0.06085,-0.39114,0.31806
0.0828,0.078055,-0.39407,0.30482
0.0829,0.09534,-0.39636,0.29128
0.083,0.11263,-0.39801,0.27748
0.0831,0.12984,-0.39901,0.26343
0.0832,0.1469,-0.39933,0.24916
0.0833,0.16373,-0.39896,0.23467
0.0834,0.18028,-0.39786,0.21994
0.0835,0.19651,-0.39603,0.20497
0.0836,0.21238,-0.39345,0.18975
0.0837,0.22789,-0.39013,0.17426
0.0838,0.24303,-0.38608,0.15848
0.0839,0.25783,-0.38135,0.14238
0.084,0.27229,-0.37598,0.12596
0.0841,0.28645,-0.37005,0.10921
0.0842,0.3003,-0.36361,0.09218
0.0843,0.31386,-0.35675,0.074883
0.0844,0.32713,-0.34953,0.057366
0.0845,0.34007,-0.34204,0.039674
0.0846,0.35265,-0.33431,0.021858
0.0847,0.36482,-0.32637,0.0039687
0.0848,0.37649,-0.31826,-0.013944
0.0849,0.38757,-0.30996,-0.031832
0.085,0.39798,-0.30145,-0.049654
0.0851,0.40761,-0.29269,-0.067374
0.0852,0.41638,-0.28364,-0.084965
0.0853,0.4242,-0.27424,-0.10241
0.0854,0.43102,-0.26443,-0.1197
0.0855,0.43679,-0.25417,-0.13684
0.0856,0.4415,-0.24342,-0.15383
0.0857,0.44517,-0.23215,-0.17068
0.0858,0.44784,-0.22036,-0.1874
0.0859,0.44957,-0.20805,-0.204
0.086,0.45046,-0.19528,-0.22048
0.0861,0.45058,-0.18209,-0.23684
0.0862,0.45004,-0.16855,-0.25306
0.0863,0.44894,-0.15474,-0.26912
0.0864,0.44735,-0.14073,-0.28499
0.0865,0.44535,-0.12661,-0.30065
0.0866,0.44299,-0.11245,-0.31603
0.0867,0.44031,-0.098275,-0.33111
0.0868,0.43731,-0.084107,-0.34581
0.0869,0.43398,-0.069959,-0.36008
0.087,0.43029,-0.055828,-0.37387
0.0871,0.42619,-0.041697,-0.38711
0.0872,0.42164,-0.027533,-0.39974
0.0873,0.41657,-0.013297,-0.4117
0.0874,0.41094,0.0010576,-0.42293
0.0875,0.4047,0.015571,-0.43338
0.0876,0.39781,0.030278,-0.44299
0.0877,0.39027,0.0452,-0.45173
0.0878,0.38208,0.060343,-0.45957
0.0879,0.37326,0.075694,-0.46647
0.088,0.36384,0.091222,-0.47244
0.0881,0.35388,0.10688,-0.47747
0.0882,0.34346,0.1226,-0.4816
0.0883,0.33263,0.13832,-0.48485
0.0884,0.32146,0.15395,-0.48726
0.0885,0.31003,0.16942,-0.48887
0.0886,0.29839,0.18467,-0.48971
0.0887,0.28656,0.19962,-0.48979
0.0888,0.27456,0.21424,-0.48914
0.0889,0.2624,0.22849,-0.48777
0.089,0.25006,0.24238,-0.48568
0.0891,0.23751,0.25589,-0.48288
0.0892,0.2247,0.26907,-0.47936
0.0893,0.2116,0.28192,-0.47515
0.0894,0.19815,0.2945,-0.47025
0.0895,0.18431,0.30682,-0.4647
0.0896,0.17003,0.31892,-0.45851
0.0897,0.15528,0.3308,-0.45173
0.0898,0.14007,0.34247,-0.44438
0.0899,0.12444,0.35388,-0.43652
0.09,0.10841,0.365,-0.42818
0.0901,0.092067,0.37575,-0.41939
0.0902,0.075467,0.38606,-0.4102
0.0903,0.058693,0.39583,-0.40063
0.0904,0.041826,0.40496,-0.39069
0.0905,0.024945,0.41336,-0.38039
0.0906,0.0081165,0.42095,-0.36973
0.0907,-0.0086048,0.42763,-0.35871
0.0908,-0.025181,0.43337,-0.3473
0.0909,-0.04159,0.4381,-0.3355
0.091,-0.057829,0.44183,-0.32328
0.0911,-0.073911,0.44456,-0.31062
0.0912,-0.08986,0.44634,-0.29751
0.0913,-0.10571,0.44721,-0.28395
0.0914,-0.12151,0.44726,-0.26995
0.0915,-0.13728,0.44656,-0.25551
0.0916,-0.15307,0.44521,-0.24066
0.0917,-0.1689,0.4433,-0.22543
0.0918,-0.18476,0.4409,-0.20985
0.0919,-0.20065,0.43809,-0.19398
0.092,-0.21655,0.43492,-0.17785
0.0921,-0.23239,0.43142,-0.16153
0.0922,-0.24813,0.4276,-0.14505
0.0923,-0.26367,0.42345,-0.12844
0.0924,-0.27893,0.41894,-0.11169
0.0925,-0.29381,0.41404,-0.094852
0.0926,-0.30824,0.4087,-0.077923
0.0927,-0.32211,0.40286,-0.060916
0.0928,-0.33534,0.39648,-0.043833
0.0929,-0.34787,0.38952,-0.026672
0.093,-0.35963,0.38197,-0.0094315
0.0931,-0.37059,0.37382,0.0078932
0.0932,-0.38073,0.36507,0.025302
0.0933,-0.39003,0.35576,0.04279
0.0934,-0.39851,0.34594,0.060348
0.0935,-0.40621,0.33566,0.07796
0.0936,-0.41314,0.32499,0.095603
0.0937,-0.41936,0.31399,0.11325
0.0938,-0.42491,0.30274,0.13086
0.0939,-0.4298,0.29129,0.14839
0.094,-0.43409,0.27969,0.1658
0.0941,-0.43777,0.26797,0.18305
0.0942,-0.44087,0.25613,0.2001
0.0943,-0.44337,0.24419,0.21691
0.0944,-0.44526,0.23212,0.23344
0.0945,-0.44651,0.21988,0.24967
0.0946,-0.44709,0.20744,0.26558
0.0947,-0.44698,0.19475,0.28115
0.0948,-0.44615,0.18177,0.29637
0.0949,-0.44458,0.16846,0.31123
0.095,-0.44229,0.15478,0.32571
0.0951,-0.43927,0.14071,0.33981
0.0952,-0.43555,0.12624,0.35352
0.0953,-0.43118,0.11141,0.3668
0.0954,-0.42621,0.096259,0.37964
0.0955,-0.42069,0.080855,0.39199
0.0956,-0.41469,0.065266,0.40383
0.0957,-0.40826,0.04957,0.4151
0.0958,-0.40146,0.033846,0.42574
0.0959,-0.39433,0.018164,0.4357
0.096,-0.38689,0.0025862,0.44493
0.0961,-0.37917,-0.012839,0.45337
0.0962,-0.37115,-0.028082,0.46097
0.0963,-0.36282,-0.043129,0.46768
0.0964,-0.35415,-0.057985,0.47345
0.0965,-0.34509,-0.072672,0.47827
0.0966,-0.33561,-0.087219,0.48213
0.0967,-0.32566,-0.10167,0.48501
0.0968,-0.3152,-0.11605,0.48695
0.0969,-0.30421,-0.13042,0.48797
0.097,-0.29266,-0.1448,0.48812
0.0971,-0.28056,-0.15919,0.48745
0.0972,-0.26793,-0.17362,0.48602
0.0973,-0.2548,-0.18806,0.48388
0.0974,-0.24122,-0.20247,0.4811
0.0975,-0.22726,-0.21682,0.47774
0.0976,-0.21298,-0.23103,0.47382
0.0977,-0.19845,-0.24503,0.46939
0.0978,-0.18371,-0.25874,0.46446
0.0979,-0.16881,-0.27208,0.45905
0.098,-0.15378,-0.28498,0.45314
0.0981,-0.13867,-0.29735,0.44672
0.0982,-0.12349,-0.30914,0.43979
0.0983,-0.10824,-0.32029,0.43232
0.0984,-0.092919,-0.33076,0.42429
0.0985,-0.077501,-0.34052,0.41569
0.0986,-0.061957,-0.34955,0.40652
0.0987,-0.046256,-0.35783,0.39677
0.0988,-0.030369,-0.36538,0.38646
0.0989,-0.014274,-0.37218,0.37559
0.099,0.0020423,-0.37825,0.36422
0.0991,0.018579,-0.38361,0.35235
0.0992,0.035321,-0.38824,0.34005
0.0993,0.052239,-0.39217,0.32734
0.0994,0.06929,-0.39542,0.31428
0.0995,0.086421,-0.398,0.30089
0.0996,0.10357,-0.39991,0.28722
0.0997,0.12067,-0.40115,0.27328
0.0998,0.13766,-0.40172,0.2591
0.0999,0.15448,-0.4016,0.24469
0.1,0.17107,-0.40079,0.23004
0.1001,0.18739,-0.39928,0.21516
0.1002,0.20342,-0.39706,0.20003
0.1003,0.21912,-0.39413,0.18464
0.1004,0.23449,-0.3905,0.16898
0.1005,0.24955,-0.38621,0.15303
0.1006,0.26428,-0.38129,0.13678
0.1007,0.27872,-0.37578,0.12021
0.1008,0.29285,-0.36974,0.10333
0.1009,0.30669,-0.36323,0.086183
0.101,0.32022,-0.35631,0.068789
0.1011,0.33342,-0.34904,0.051194
0.1012,0.34626,-0.34147,0.033444
0.1013,0.35868,-0.33365,0.015591
0.1014,0.37061,-0.32559,-0.0023131
0.1015,0.38197,-0.31731,-0.02022
0.1016,0.39267,-0.30879,-0.038083
0.1017,0.40263,-0.30002,-0.055867
0.1018,0.41177,-0.29097,-0.073539
0.1019,0.42001,-0.2816,-0.091079
0.102,0.4273,-0.27185,-0.10847
0.1021,0.43358,-0.2617,-0.12572
0.1022,0.43884,-0.25111,-0.14281
0.1023,0.44309,-0.24005,-0.15976
0.1024,0.44635,-0.22852,-0.17657
0.1025,0.44868,-0.21651,-0.19325
0.1026,0.45013,-0.20405,-0.20981
0.1027,0.4508,-0.19117,-0.22624
0.1028,0.45077,-0.17793,-0.24253
0.1029,0.45011,-0.16438,-0.25867
0.103,0.44892,-0.15059,-0.27464
0.1031,0.44725,-0.13663,-0.29041
0.1032,0.44516,-0.12255,-0.30593
0.1033,0.4427,-0.10841,-0.32117
0.1034,0.43987,-0.094232,-0.33607
0.1035,0.43668,-0.080021,-0.35057
0.1036,0.43311,-0.06579,-0.36463
0.1037,0.42913,-0.051537,-0.37817
0.1038,0.4247,-0.037248,-0.39115
0.1039,0.41979,-0.022899,-0.40349
0.104,0.41434,-0.0084601,-0.41514
0.1041,0.40831,0.0060997,-0.42604
0.1042,0.40169,0.020808,-0.43614
0.1043,0.39444,0.035685,-0.44539
0.1044,0.38658,0.05074,-0.45376
0.1045,0.3781,0.065969,-0.46122
0.1046,0.36905,0.081353,-0.46775
0.1047,0.35946,0.096857,-0.47336
0.1048,0.34939,0.11244,-0.47806
0.1049,0.33889,0.12803,-0.48186
0.105,0.32801,0.14358,-0.48479
0.1051,0.31683,0.15902,-0.4869
0.1052,0.30537,0.17429,-0.4882
0.1053,0.29369,0.18933,-0.48872
0.1054,0.28179,0.20409,-0.4885
0.1055,0.2697,0.21855,-0.48753
0.1056,0.2574,0.23267,-0.48584
0.1057,0.24487,0.24646,-0.48343
0.1058,0.23209,0.25993,-0.48032
0.1059,0.21903,0.27308,-0.4765
0.106,0.20564,0.28593,-0.472
0.1061,0.19191,0.29851,-0.46683
0.1062,0.17777,0.31084,-0.46101
0.1063,0.16321,0.32292,-0.45458
0.1064,0.14822,0.33475,-0.44757
0.1065,0.13282,0.34631,-0.44001
0.1066,0.11623,0.35988,-0.434
0.1067,0.099465,0.37343,-0.42796
0.1068,0.082436,0.38657,-0.4215
0.1069,0.065163,0.39919,-0.41459
0.107,0.047763,0.41123,-0.40729
0.1071,0.030336,0.42258,-0.39962
0.1072,0.012901,0.43309,-0.3915
0.1073,-0.0044904,0.44272,-0.38295
0.1074,-0.021796,0.45141,-0.37394
0.1075,-0.038976,0.45907,-0.36445
0.1076,-0.05599,0.4657,-0.35451
0.1077,-0.072795,0.47133,-0.34415
0.1078,-0.089448,0.47595,-0.33333
0.1079,-0.10601,0.47959,-0.32198
0.108,-0.1225,0.48233,-0.31013
0.1081,-0.13893,0.48424,-0.29781
0.1082,-0.15536,0.48536,-0.285
0.1083,-0.17179,0.48579,-0.27172
0.1084,-0.18823,0.48564,-0.25805
0.1085,-0.20467,0.48497,-0.24402
0.1086,-0.22105,0.48384,-0.22971
0.1087,-0.23732,0.48232,-0.21521
0.1088,-0.25346,0.48039,-0.20049
0.1089,-0.26945,0.47803,-0.18553
0.109,-0.28518,0.47524,-0.17035
0.1091,-0.30055,0.47199,-0.15499
0.1092,-0.31553,0.46821,-0.13939
0.1093,-0.33001,0.46387,-0.12359
0.1094,-0.3439,0.45896,-0.10763
0.1095,-0.35712,0.4534,-0.091507
0.1096,-0.3696,0.44718,-0.075201
0.1097,-0.38127,0.4403,-0.058758
0.1098,-0.39213,0.43275,-0.042155
0.1099,-0.40219,0.42452,-0.025324
0.11,-0.41143,0.41565,-0.0082916
0.1101,-0.41984,0.40621,0.0088705
0.1102,-0.42746,0.39624,0.026185
0.1103,-0.43432,0.38579,0.043634
0.1104,-0.44042,0.37497,0.061103
0.1105,-0.44578,0.36385,0.078523
0.1106,-0.45046,0.35246,0.095907
0.1107,-0.45446,0.34083,0.11321
0.1108,-0.45781,0.32899,0.13037
0.1109,-0.46053,0.31692,0.1474
0.111,-0.46262,0.30461,0.1643
0.1111,-0.46404,0.29206,0.18099
0.1112,-0.46477,0.27922,0.19746
0.1113,-0.46481,0.26605,0.21372
0.1114,-0.46412,0.25252,0.22973
0.1115,-0.46268,0.2386,0.24546
0.1116,-0.46049,0.22426,0.26092
0.1117,-0.45758,0.20944,0.27613
0.1118,-0.45396,0.19416,0.29107
0.1119,-0.44968,0.1784,0.30572
0.112,-0.44478,0.16221,0.32008
0.1121,-0.43929,0.14564,0.33407
0.1122,-0.43326,0.12878,0.34763
0.1123,-0.42675,0.11169,0.36072
0.1124,-0.4198,0.094467,0.37325
0.1125,-0.41244,0.077183,0.38514
0.1126,-0.40472,0.059889,0.39637
0.1127,-0.39667,0.042632,0.4069
0.1128,-0.38829,0.02547,0.41665
0.1129,-0.37958,0.0084214,0.42558
0.113,-0.37054,-0.0085154,0.43368
0.1131,-0.3611,-0.02533,0.44088
0.1132,-0.35123,-0.042032,0.44713
0.1133,-0.3409,-0.058672,0.45246
0.1134,-0.33007,-0.075282,0.4569
0.1135,-0.3187,-0.091879,0.46043
0.1136,-0.30679,-0.10851,0.46312
0.1137,-0.29435,-0.12521,0.46506
0.1138,-0.2814,-0.14198,0.46628
0.1139,-0.26794,-0.15879,0.46683
0.114,-0.25403,-0.17565,0.46677
0.1141,-0.23971,-0.19249,0.46613
0.1142,-0.22502,-0.20923,0.46492
0.1143,-0.21003,-0.22582,0.46317
0.1144,-0.1948,-0.24219,0.46091
0.1145,-0.17936,-0.25824,0.45814
0.1146,-0.16376,-0.2739,0.45486
0.1147,-0.14803,-0.28911,0.45109
0.1148,-0.13221,-0.30379,0.4468
0.1149,-0.1163,-0.31787,0.44196
0.115,-0.1003,-0.3313,0.43655
0.1151,-0.084205,-0.34404,0.43056
0.1152,-0.067984,-0.35604,0.42397
0.1153,-0.05161,-0.36729,0.41677
0.1154,-0.035078,-0.37778,0.40899
0.1155,-0.01837,-0.38751,0.40064
0.1156,-0.0014745,-0.39648,0.39176
0.1157,0.015604,-0.4047,0.38239
0.1158,0.032851,-0.41218,0.37257
0.1159,0.050263,-0.41891,0.3623
0.116,0.067804,-0.4249,0.35163
0.1161,0.085431,-0.43017,0.34059
0.1162,0.10309,-0.43471,0.32918
0.1163,0.12073,-0.43851,0.31745
0.1164,0.13828,-0.4416,0.30541
0.1165,0.15568,-0.44396,0.29309
0.1166,0.17287,-0.44557,0.28046
0.1167,0.18981,-0.44642,0.26753
0.1168,0.20646,-0.44651,0.25429
0.1169,0.22282,-0.44582,0.24071
0.117,0.23887,-0.44436,0.22676
0.1171,0.25459,-0.44215,0.21245
0.1172,0.27,-0.43921,0.19777
0.1173,0.28511,-0.43558,0.18267
0.1174,0.29989,-0.43131,0.1672
0.1175,0.31434,-0.42647,0.1514
0.1176,0.32846,-0.42111,0.13528
0.1177,0.34223,-0.41528,0.11887
0.1178,0.35561,-0.40904,0.10225
0.1179,0.36856,-0.40243,0.085437
0.118,0.38102,-0.39546,0.068461
0.1181,0.39292,-0.38817,0.051383
0.1182,0.40418,-0.38055,0.034259
0.1183,0.41473,-0.3726,0.017115
0.1184,0.42446,-0.36429,-1.4596e-05
0.1185,0.43332,-0.35559,-0.017096
0.1186,0.44122,-0.34647,-0.034125
0.1187,0.44813,-0.33686,-0.051112
0.1188,0.45401,-0.32674,-0.068057
0.1189,0.45888,-0.31607,-0.084969
0.119,0.46274,-0.30483,-0.10187
0.1191,0.46563,-0.29302,-0.11875
0.1192,0.46761,-0.28065,-0.13561
0.1193,0.46873,-0.26776,-0.15245
0.1194,0.46907,-0.25437,-0.16925
0.1195,0.46871,-0.24056,-0.18598
0.1196,0.46773,-0.22637,-0.20263
0.1197,0.4662,-0.21187,-0.21918
0.1198,0.46418,-0.19713,-0.23558
0.1199,0.46172,-0.1822,-0.25178
0.12,0.45884,-0.16712,-0.26775
0.1201,0.45557,-0.1519,-0.28342
0.1202,0.45187,-0.13658,-0.29873
0.1203,0.44774,-0.12114,-0.31361
0.1204,0.44315,-0.10558,-0.32803
0.1205,0.43807,-0.089905,-0.34192
0.1206,0.43245,-0.074073,-0.35522
0.1207,0.42627,-0.058055,-0.36791
0.1208,0.41951,-0.041827,-0.37992
0.1209,0.41213,-0.025374,-0.39121
0.121,0.40415,-0.008678,-0.40174
0.1211,0.39555,0.0082606,-0.41148
0.1212,0.38636,0.025421,-0.42038
0.1213,0.3766,0.042775,-0.42842
0.1214,0.36631,0.060288,-0.43561
0.1215,0.35556,0.077905,-0.44194
0.1216,0.34438,0.095566,-0.44743
0.1217,0.33284,0.11321,-0.45211
0.1218,0.32099,0.13078,-0.456
0.1219,0.30886,0.1482,-0.45913
0.122,0.29648,0.16542,-0.4615
0.1221,0.28386,0.1824,-0.46313
0.1222,0.27101,0.19909,-0.46404
0.1223,0.25792,0.21549,-0.46422
0.1224,0.24457,0.23158,-0.4637
0.1225,0.23094,0.24739,-0.46249
