0.05,-0.22548,-1.0904,1.338
0.0501,-0.17281,-1.1238,1.3173
0.0502,-0.11991,-1.1558,1.2947
0.0503,-0.066873,-1.1863,1.2703
0.0504,-0.013771,-1.2152,1.2439
0.0505,0.039314,-1.2426,1.2159
0.0506,0.092306,-1.2685,1.1861
0.0507,0.14512,-1.2926,1.1547
0.0508,0.19769,-1.315,1.1217
0.0509,0.24994,-1.3357,1.0872
0.051,0.3018,-1.3546,1.0511
0.0511,0.3532,-1.3715,1.0136
0.0512,0.40408,-1.3865,0.97471
0.0513,0.45438,-1.3995,0.93444
0.0514,0.50403,-1.4105,0.89285
0.0515,0.55298,-1.4194,0.85002
0.0516,0.60116,-1.4262,0.806
0.0517,0.64851,-1.4309,0.76086
0.0518,0.69498,-1.4334,0.71468
0.0519,0.74052,-1.4338,0.66754
0.052,0.78507,-1.4321,0.61952
0.0521,0.82858,-1.4283,0.57071
0.0522,0.87098,-1.4223,0.52119
0.0523,0.91224,-1.4142,0.47104
0.0524,0.95227,-1.404,0.42034
0.0525,0.99104,-1.3916,0.36917
0.0526,1.0285,-1.3772,0.3176
0.0527,1.0646,-1.3607,0.26567
0.0528,1.0992,-1.3422,0.21347
0.0529,1.1324,-1.3216,0.16103
0.053,1.1641,-1.2991,0.1084
0.0531,1.1942,-1.2746,0.055658
0.0532,1.2227,-1.2481,0.0028431
0.0533,1.2496,-1.2198,-0.049984
0.0534,1.2748,-1.1897,-0.10276
0.0535,1.2982,-1.1578,-0.15542
0.0536,1.3198,-1.1242,-0.20789
0.0537,1.3397,-1.089,-0.2601
0.0538,1.3577,-1.0522,-0.31196
0.0539,1.3739,-1.014,-0.36339
0.054,1.3881,-0.97438,-0.41432
0.0541,1.4004,-0.93347,-0.46466
0.0542,1.4108,-0.89136,-0.51433
0.0543,1.4191,-0.84812,-0.56324
0.0544,1.4254,-0.80384,-0.61132
0.0545,1.4297,-0.75859,-0.65849
0.0546,1.4319,-0.71243,-0.70469
0.0547,1.432,-0.66542,-0.74987
0.0548,1.43,-0.61763,-0.79397
0.0549,1.4258,-0.56908,-0.83696
0.055,1.4194,-0.51983,-0.8788
0.0551,1.4109,-0.46992,-0.91946
0.0552,1.4002,-0.41938,-0.9589
0.0553,1.3873,-0.36827,-0.99709
0.0554,1.3723,-0.31663,-1.034
0.0555,1.3552,-0.26453,-1.0696
0.0556,1.336,-0.21202,-1.1038
0.0557,1.3148,-0.15919,-1.1366
0.0558,1.2916,-0.1061,-1.168
0.0559,1.2664,-0.052863,-1.1978
0.056,1.2394,0.00044162,-1.2261
0.0561,1.2106,0.053711,-1.2527
0.0562,1.1801,0.10685,-1.2777
0.0563,1.1479,0.15976,-1.3008
0.0564,1.1141,0.21234,-1.3222
0.0565,1.0788,0.2645,-1.3416
0.0566,1.042,0.31617,-1.3592
0.0567,1.0037,0.36728,-1.3748
0.0568,0.96419,0.41779,-1.3884
0.0569,0.92336,0.46762,-1.4001
0.057,0.88132,0.51675,-1.4097
0.0571,0.83811,0.56513,-1.4173
0.0572,0.7938,0.61271,-1.4228
0.0573,0.74846,0.65947,-1.4264
0.0574,0.70213,0.70537,-1.4278
0.0575,0.65488,0.75036,-1.4272
0.0576,0.60677,0.79439,-1.4246
0.0577,0.55787,0.83742,-1.4198
0.0578,0.50824,0.8794,-1.413
0.0579,0.45796,0.92025,-1.4041
0.058,0.40708,0.95992,-1.3931
0.0581,0.35568,0.99832,-1.3799
0.0582,0.30383,1.0354,-1.3647
0.0583,0.25162,1.0711,-1.3474
0.0584,0.1991,1.1053,-1.328
0.0585,0.14636,1.1379,-1.3066
0.0586,0.093463,1.169,-1.2831
0.0587,0.040491,1.1984,-1.2577
0.0588,-0.012483,1.2261,-1.2303
0.0589,-0.065388,1.252,-1.2011
0.059,-0.11815,1.2763,-1.1701
0.0591,-0.1707,1.2987,-1.1375
0.0592,-0.22297,1.3193,-1.1031
0.0593,-0.27487,1.3381,-1.0673
0.0594,-0.32636,1.3551,-1.03
0.0595,-0.37737,1.3702,-0.99134
0.0596,-0.42784,1.3835,-0.95138
0.0597,-0.4777,1.3949,-0.91022
0.0598,-0.5269,1.4044,-0.86792
0.0599,-0.57536,1.4119,-0.82455
0.06,-0.62303,1.4175,-0.78015
0.0601,-0.66984,1.4211,-0.73478
0.0602,-0.71574,1.4226,-0.6885
0.0603,-0.76065,1.422,-0.64133
0.0604,-0.80452,1.4193,-0.59332
0.0605,-0.8473,1.4144,-0.54453
0.0606,-0.88892,1.4073,-0.49498
0.0607,-0.92935,1.3979,-0.44474
0.0608,-0.96852,1.3863,-0.39385
0.0609,-1.0064,1.3725,-0.34239
0.061,-1.0429,1.3566,-0.29043
0.0611,-1.078,1.3384,-0.23804
0.0612,-1.1117,1.3182,-0.18531
0.0613,-1.1439,1.2959,-0.13233
0.0614,-1.1745,1.2717,-0.079187
0.0615,-1.2036,1.2456,-0.025989
0.0616,-1.231,1.2176,0.027171
0.0617,-1.2568,1.188,0.0802
0.0618,-1.2809,1.1567,0.13301
0.0619,-1.3033,1.1239,0.18552
0.062,-1.3238,1.0895,0.23765
0.0621,-1.3426,1.0537,0.28933
0.0622,-1.3595,1.0165,0.34052
0.0623,-1.3745,0.9779,0.39118
0.0624,-1.3876,0.93805,0.44126
0.0625,-1.3987,0.89693,0.49071
0.0626,-1.4079,0.8546,0.5395
0.0627,-1.415,0.8111,0.58757
0.0628,-1.4202,0.76646,0.63489
0.0629,-1.4232,0.72075,0.68139
0.063,-1.4241,0.67402,0.72704
0.0631,-1.4229,0.62633,0.77176
0.0632,-1.4195,0.57776,0.8155
0.0633,-1.414,0.52838,0.85818
0.0634,-1.4063,0.47827,0.89973
0.0635,-1.3964,0.42753,0.94008
0.0636,-1.3843,0.37625,0.97916
0.0637,-1.3701,0.3245,1.0169
0.0638,-1.3537,0.27239,1.0532
0.0639,-1.3353,0.21999,1.0881
0.064,-1.3148,0.16737,1.1214
0.0641,-1.2922,0.11462,1.1532
0.0642,-1.2677,0.061795,1.1833
0.0643,-1.2413,0.0089599,1.2119
0.0644,-1.2131,-0.043824,1.2387
0.0645,-1.1831,-0.096499,1.2639
0.0646,-1.1514,-0.14901,1.2874
0.0647,-1.1181,-0.2013,1.3091
0.0648,-1.0832,-0.25331,1.3291
0.0649,-1.0468,-0.30499,1.3473
0.065,-1.009,-0.35628,1.3637
0.0651,-0.96984,-0.40713,1.3784
0.0652,-0.65401,-0.26867,3.6076
0.0653,-0.53193,-0.27003,4.2185
0.0654,-0.45387,-0.30116,4.4515
0.0655,-0.37593,-0.31253,4.7842
0.0656,-0.34184,-0.33503,4.8739
0.0657,-0.31504,-0.38115,4.7931
0.0658,-0.23441,-0.41152,5.0031
0.0659,-0.13705,-0.41132,5.4584
0.066,-0.056603,-0.40174,5.894
0.0661,0.042757,-0.39817,6.3558
0.0662,0.13049,-0.41842,6.5993
0.0663,0.1971,-0.45331,6.6631
0.0664,0.24342,-0.50197,6.5508
0.0665,0.27945,-0.5524,6.3831
0.0666,0.29758,-0.60079,6.1518
0.0667,0.32915,-0.6426,6.0146
0.0668,0.41089,-0.66678,6.1752
0.0669,0.51939,-0.6751,6.5311
0.067,0.61964,-0.68062,6.858
0.0671,0.70185,-0.7018,7.003
0.0672,0.74997,-0.74884,6.8264
0.0673,0.7523,-0.81658,6.3293
0.0674,0.73521,-0.88918,5.7261
0.0675,0.71694,-0.95968,5.1369
0.0676,0.6852,-1.0279,4.4972
0.0677,0.64548,-1.0947,3.8301
0.0678,0.62155,-1.1557,3.2536
0.0679,0.60756,-1.2087,2.7519
0.068,0.59204,-1.2593,2.2337
0.0681,0.58441,-1.3199,1.6729
0.0682,0.57959,-1.3907,1.0445
0.0683,0.55264,-1.4625,0.31423
0.0684,0.50982,-1.5302,-0.45544
0.0685,0.47616,-1.596,-1.1677
0.0686,0.45293,-1.6543,-1.8011
0.0687,0.434,-1.7025,-2.3634
0.0688,0.42491,-1.7492,-2.8914
0.0689,0.41181,-1.8052,-3.511
0.069,0.37223,-1.8692,-4.3155
0.0691,0.31174,-1.9403,-5.2588
0.0692,0.24189,-2.0211,-6.3034
0.0693,0.16101,-2.1022,-7.392
0.0694,0.062798,-2.1778,-8.5144
0.0695,-0.036986,-2.2486,-9.6041
0.0696,-0.13449,-2.3164,-10.672
0.0697,-0.23459,-2.3798,-11.731
0.0698,-0.32339,-2.4373,-12.722
0.0699,-0.39416,-2.4935,-13.646
0.07,-0.46394,-2.5519,-14.602
0.0701,-0.54193,-2.6128,-15.613
0.0702,-0.62068,-2.6726,-16.622
0.0703,-0.70325,-2.7282,-17.613
0.0704,-0.79213,-2.7777,-18.588
0.0705,-0.87501,-2.8241,-19.516
0.0706,-0.9482,-2.8701,-20.415
0.0707,-1.0242,-2.9178,-21.357
0.0708,-1.1022,-2.9686,-22.357
0.0709,-1.1734,-3.0256,-23.406
0.071,-1.2395,-3.0863,-24.512
0.0711,-1.2967,-3.1486,-25.664
0.0712,-1.3268,-3.2129,-26.824
0.0713,-1.3278,-3.2807,-28.009
0.0714,-1.3181,-3.3499,-29.244
0.0715,-1.3048,-3.42,-30.479
0.0716,-1.2883,-3.4902,-31.667
0.0717,-1.2815,-3.558,-32.81
0.0718,-1.2865,-3.6193,-33.889
0.0719,-1.2948,-3.6746,-34.876
0.072,-1.3127,-3.7236,-35.805
0.0721,-1.3465,-3.7645,-36.705
0.0722,-1.3829,-3.7973,-37.549
0.0723,-1.4187,-3.8259,-38.346
0.0724,-1.4693,-3.8516,-39.149
0.0725,-1.5379,-3.8748,-39.96
0.0726,-1.6177,-3.8957,-40.747
0.0727,-1.7154,-3.9122,-41.506
0.0728,-1.8333,-3.9195,-42.231
0.0729,-1.9556,-3.9164,-42.872
0.073,-2.0782,-3.9032,-43.42
0.0731,-2.2147,-3.8818,-43.927
0.0732,-2.3654,-3.854,-44.405
0.0733,-2.524,-3.8242,-44.845
0.0734,-2.6953,-3.7935,-45.263
0.0735,-2.8793,-3.7607,-45.651
0.0736,-3.0648,-3.7252,-45.962
0.0737,-3.2529,-3.6863,-46.182
0.0738,-3.4499,-3.6397,-46.313
0.0739,-3.648,-3.5841,-46.339
0.074,-3.8367,-3.5223,-46.268
0.0741,-4.0152,-3.4575,-46.148
0.0742,-4.1787,-3.3917,-46.009
0.0743,-4.3221,-3.3294,-45.874
0.0744,-4.447,-3.2736,-45.786
0.0745,-4.556,-3.2223,-45.751
0.0746,-4.6456,-3.1712,-45.718
0.0747,-4.7162,-3.1174,-45.652
0.0748,-4.7737,-3.0573,-45.551
0.0749,-4.8196,-2.9889,-45.399
0.075,-4.8537,-2.9125,-45.184
0.0751,-4.8837,-2.8281,-44.937
0.0752,-4.9149,-2.7332,-44.685
0.0753,-4.9429,-2.6208,-44.421
0.0754,-4.9649,-2.4746,-44.147
0.0755,-4.9824,-2.2685,-43.88
0.0756,-4.9918,-1.9945,-43.611
0.0757,-4.989,-1.6949,-43.314
0.0758,-4.977,-1.4237,-42.967
0.0759,-4.9575,-1.2007,-42.547
0.076,-4.9274,-1.0219,-42.034
0.0761,-4.8909,-0.87937,-41.447
0.0762,-4.8567,-0.75713,-40.823
0.0763,-4.8265,-0.63725,-40.191
0.0764,-4.7987,-0.51296,-39.582
0.0765,-4.7754,-0.38371,-39.01
0.0766,-4.7538,-0.24672,-38.443
0.0767,-4.7252,-0.10913,-37.832
0.0768,-4.6869,0.0099222,-37.147
0.0769,-4.6398,0.09832,-36.362
0.077,-4.582,0.15651,-35.448
0.0771,-4.5152,0.18686,-34.419
0.0772,-4.4471,0.19906,-33.327
0.0773,-4.3814,0.21262,-32.215
0.0774,-4.3169,0.23845,-31.123
0.0775,-4.2547,0.27144,-30.084
0.0776,-4.1935,0.30394,-29.09
0.0777,-4.1253,0.32665,-28.087
0.0778,-4.0452,0.32283,-27.025
0.0779,-3.9537,0.27965,-25.874
0.078,-3.8497,0.19886,-24.612
0.0781,-3.7332,0.090719,-23.249
0.0782,-3.6121,-0.026188,-21.848
0.0783,-3.4941,-0.13029,-20.474
0.0784,-3.3808,-0.21143,-19.172
0.0785,-3.2746,-0.26554,-17.967
0.0786,-3.1767,-0.28755,-16.852
0.0787,-3.0801,-0.27933,-15.772
0.0788,-2.9777,-0.24931,-14.674
0.0789,-2.8698,-0.20467,-13.529
0.079,-2.757,-0.15027,-12.323
0.0791,-2.6379,-0.091772,-11.07
0.0792,-2.5168,-0.034627,-9.8254
0.0793,-2.3994,0.018253,-8.6372
0.0794,-2.2841,0.066276,-7.5195
0.0795,-2.1688,0.10966,-6.4719
0.0796,-2.0553,0.14998,-5.4842
0.0797,-1.9417,0.1896,-4.5165
0.0798,-1.8224,0.23,-3.5245
0.0799,-1.6973,0.27095,-2.4948
0.08,-1.5691,0.31163,-1.4328
0.0801,-1.4367,0.35068,-0.34944
0.0802,-1.3014,0.38651,0.72282
0.0803,-1.1684,0.41837,1.7442
0.0804,-1.0397,0.44725,2.7033
0.0805,-0.91354,0.47469,3.6102
0.0806,-0.79159,0.50193,4.4725
0.0807,-0.67584,0.5294,5.3027
0.0808,-0.56482,0.55641,6.1166
0.0809,-0.45867,0.5809,6.9114
0.081,-0.35929,0.60065,7.672
0.0811,-0.26459,0.61427,8.3923
0.0812,-0.1705,0.62183,9.0695
0.0813,-0.075764,0.6248,9.7006
0.0814,0.021379,0.62557,10.298
0.0815,0.12398,0.62611,10.884
0.0816,0.23124,0.62723,11.464
0.0817,0.3399,0.62837,12.037
0.0818,0.44892,0.62803,12.602
0.0819,0.55625,0.6239,13.141
0.082,0.65735,0.61389,13.622
0.0821,0.7509,0.59717,14.032
0.0822,0.83899,0.57455,14.37
0.0823,0.92182,0.54801,14.641
0.0824,0.99958,0.52004,14.858
0.0825,1.0751,0.49256,15.047
0.0826,1.1488,0.46626,15.218
0.0827,1.217,0.44027,15.364
0.0828,1.2781,0.41282,15.476
0.0829,1.3323,0.38192,15.543
0.083,1.3781,0.34634,15.549
0.0831,1.4151,0.30608,15.486
0.0832,1.447,0.26225,15.367
0.0833,1.4767,0.21649,15.205
0.0834,1.5046,0.17031,15.015
0.0835,1.5328,0.12434,14.817
0.0836,1.5632,0.078076,14.619
0.0837,1.594,0.030237,14.413
0.0838,1.6228,-0.020583,14.184
0.0839,1.6492,-0.075546,13.917
0.084,1.6715,-0.13508,13.595
0.0841,1.6872,-0.19853,13.204
0.0842,1.6962,-0.26435,12.749
0.0843,1.6993,-0.33101,12.24
0.0844,1.6951,-0.3976,11.681
0.0845,1.6828,-0.46392,11.081
0.0846,1.6634,-0.53037,10.45
0.0847,1.6366,-0.59783,9.7875
0.0848,1.6023,-0.667,9.0908
0.0849,1.5628,-0.73771,8.3658
0.085,1.5204,-0.80894,7.6161
0.0851,1.4755,-0.87941,6.8431
0.0852,1.4292,-0.94788,6.0546
0.0853,1.3827,-1.0136,5.2581
0.0854,1.3348,-1.0769,4.4522
0.0855,1.2837,-1.1391,3.6325
0.0856,1.2296,-1.2018,2.7954
0.0857,1.1717,-1.2667,1.932
0.0858,1.109,-1.3343,1.0342
0.0859,1.0426,-1.4047,0.10369
0.086,0.97449,-1.4768,-0.8536
0.0861,0.90487,-1.5489,-1.8328
0.0862,0.83379,-1.6194,-2.8258
0.0863,0.76185,-1.6875,-3.8252
0.0864,0.68754,-1.7532,-4.8335
0.0865,0.60813,-1.8173,-5.8569
0.0866,0.52285,-1.8808,-6.8976
0.0867,0.43183,-1.9445,-7.9583
0.0868,0.33466,-2.0084,-9.0412
0.0869,0.23256,-2.0718,-10.139
0.087,0.12851,-2.1333,-11.238
0.0871,0.024259,-2.1919,-12.328
0.0872,-0.079491,-2.2468,-13.401
0.0873,-0.18132,-2.2982,-14.449
0.0874,-0.2806,-2.3469,-15.474
0.0875,-0.37848,-2.3943,-16.486
0.0876,-0.47549,-2.4417,-17.493
0.0877,-0.57081,-2.4898,-18.503
0.0878,-0.66376,-2.5389,-19.525
0.0879,-0.75268,-2.5886,-20.559
0.088,-0.83346,-2.6383,-21.6
0.0881,-0.90088,-2.6879,-22.646
0.0882,-0.94995,-2.7376,-23.695
0.0883,-0.978,-2.7887,-24.748
0.0884,-0.99103,-2.8418,-25.802
0.0885,-1.005,-2.8962,-26.853
0.0886,-1.0353,-2.9497,-27.886
0.0887,-1.0867,-2.9997,-28.882
0.0888,-1.1547,-3.0439,-29.832
0.0889,-1.2299,-3.0807,-30.735
0.089,-1.3039,-3.1103,-31.597
0.0891,-1.3731,-3.1342,-32.429
0.0892,-1.4399,-3.1542,-33.242
0.0893,-1.5105,-3.1715,-34.036
0.0894,-1.5922,-3.186,-34.8
0.0895,-1.6925,-3.1964,-35.516
0.0896,-1.8156,-3.2005,-36.167
0.0897,-1.9595,-3.1961,-36.733
0.0898,-2.1168,-3.1816,-37.209
0.0899,-2.2778,-3.157,-37.606
0.09,-2.4344,-3.1244,-37.945
0.0901,-2.5826,-3.0872,-38.254
0.0902,-2.7249,-3.0493,-38.557
0.0903,-2.8659,-3.0134,-38.863
0.0904,-3.0085,-2.9798,-39.16
0.0905,-3.1529,-2.947,-39.426
0.0906,-3.2966,-2.9123,-39.638
0.0907,-3.4341,-2.8736,-39.782
0.0908,-3.5583,-2.8304,-39.855
0.0909,-3.6647,-2.7833,-39.874
0.091,-3.7535,-2.7346,-39.857
0.0911,-3.829,-2.6862,-39.823
0.0912,-3.8967,-2.64,-39.786
0.0913,-3.9605,-2.5961,-39.748
0.0914,-4.0216,-2.5531,-39.698
0.0915,-4.0783,-2.5085,-39.618
0.0916,-4.1281,-2.4592,-39.491
0.0917,-4.1689,-2.4026,-39.303
0.0918,-4.1995,-2.3368,-39.053
0.0919,-4.2206,-2.2606,-38.749
0.092,-4.2345,-2.1731,-38.407
0.0921,-4.2433,-2.0715,-38.04
0.0922,-4.2484,-1.9494,-37.659
0.0923,-4.2509,-1.7943,-37.273
0.0924,-4.2504,-1.5948,-36.885
0.0925,-4.2462,-1.3589,-36.494
0.0926,-4.2377,-1.1187,-36.089
0.0927,-4.224,-0.90505,-35.651
0.0928,-4.2033,-0.72954,-35.162
0.0929,-4.1753,-0.58821,-34.609
0.093,-4.1421,-0.47009,-33.996
0.0931,-4.1064,-0.3628,-33.334
0.0932,-4.0701,-0.25684,-32.643
0.0933,-4.0346,-0.14793,-31.937
0.0934,-3.9996,-0.035816,-31.219
0.0935,-3.9626,0.076169,-30.477
0.0936,-3.9203,0.17997,-29.694
0.0937,-3.8702,0.26495,-28.851
0.0938,-3.8109,0.32316,-27.931
0.0939,-3.7426,0.35242,-26.929
0.094,-3.6683,0.3573,-25.854
0.0941,-3.5921,0.34824,-24.733
0.0942,-3.5172,0.33623,-23.598
0.0943,-3.4454,0.32649,-22.481
0.0944,-3.3763,0.31831,-21.395
0.0945,-3.3065,0.30835,-20.33
0.0946,-3.2312,0.29259,-19.258
0.0947,-3.147,0.26842,-18.149
0.0948,-3.0522,0.23671,-16.985
0.0949,-2.9473,0.20078,-15.761
0.095,-2.8353,0.16601,-14.497
0.0951,-2.7208,0.14272,-13.228
0.0952,-2.6076,0.14165,-11.989
0.0953,-2.4981,0.1616,-10.802
0.0954,-2.3932,0.19384,-9.6722
0.0955,-2.291,0.23233,-8.5845
0.0956,-2.1875,0.27498,-7.5122
0.0957,-2.0791,0.32144,-6.4275
0.0958,-1.9647,0.37113,-5.3124
0.0959,-1.8449,0.42256,-4.1673
0.096,-1.7222,0.47362,-3.0106
0.0961,-1.5998,0.52247,-1.8686
0.0962,-1.4801,0.56826,-0.76228
0.0963,-1.3636,0.61145,0.29759
0.0964,-1.2499,0.65315,1.3119
0.0965,-1.1377,0.69457,2.2935
0.0966,-1.0252,0.73651,3.2612
0.0967,-0.91077,0.77904,4.2305
0.0968,-0.79379,0.82125,5.2081
0.0969,-0.6743,0.86158,6.1918
0.097,-0.55308,0.89845,7.1693
0.0971,-0.43202,0.93059,8.1225
0.0972,-0.31287,0.95753,9.0372
0.0973,-0.19594,0.98,9.9082
0.0974,-0.080617,0.99948,10.738
0.0975,0.033804,1.0173,11.534
0.0976,0.14797,1.0338,12.306
0.0977,0.26173,1.0487,13.057
0.0978,0.37354,1.0606,13.782
0.0979,0.48179,1.0679,14.472
0.098,0.58595,1.07,15.119
0.0981,0.68627,1.0674,15.721
0.0982,0.78336,1.0613,16.278
0.0983,0.87844,1.0535,16.795
0.0984,0.97262,1.0453,17.281
0.0985,1.0663,1.0376,17.74
0.0986,1.1593,1.0302,18.175
0.0987,1.2513,1.0222,18.586
0.0988,1.3409,1.0122,18.963
0.0989,1.4263,0.99867,19.295
0.099,1.506,0.9805,19.574
0.0991,1.5797,0.95752,19.796
0.0992,1.6476,0.93035,19.966
0.0993,1.7112,0.90011,20.092
0.0994,1.7726,0.86789,20.185
0.0995,1.8327,0.83412,20.253
0.0996,1.8909,0.7983,20.294
0.0997,1.9465,0.75955,20.303
0.0998,1.9981,0.71711,20.273
0.0999,2.0441,0.67065,20.193
0.1,2.0838,0.62055,20.058
0.1001,2.117,0.56781,19.869
0.1002,2.144,0.51353,19.63
0.1003,2.1652,0.45852,19.346
0.1004,2.1818,0.40322,19.028
0.1005,2.1951,0.34771,18.682
0.1006,2.2055,0.29154,18.311
0.1007,2.2133,0.234,17.913
0.1008,2.218,0.17452,17.484
0.1009,2.2184,0.11285,17.015
0.101,2.2136,0.049152,16.503
0.1011,2.2036,-0.015967,15.949
0.1012,2.1885,-0.081772,15.353
0.1013,2.1685,-0.1479,14.721
0.1014,2.144,-0.21451,14.058
0.1015,2.1153,-0.28215,13.365
0.1016,2.0821,-0.3515,12.645
0.1017,2.0449,-0.42297,11.899
0.1018,2.004,-0.49636,11.127
0.1019,1.9596,-0.57091,10.329
0.102,1.9117,-0.64567,9.506
0.1021,1.8602,-0.71961,8.6576
0.1022,1.8052,-0.79196,7.7847
0.1023,1.7464,-0.8624,6.8882
0.1024,1.6837,-0.93111,5.9694
0.1025,1.6173,-0.9985,5.029
0.1026,1.5471,-1.0651,4.0669
0.1027,1.4727,-1.1316,3.0831
0.1028,1.3945,-1.198,2.0794
0.1029,1.3129,-1.2641,1.0593
0.103,1.2285,-1.3292,0.027099
0.1031,1.1421,-1.3928,-1.0124
0.1032,1.0543,-1.4545,-2.056
0.1033,0.96515,-1.5147,-3.1031
0.1034,0.87436,-1.5738,-4.1541
0.1035,0.78161,-1.6327,-5.2101
0.1036,0.68657,-1.6919,-6.2724
0.1037,0.58904,-1.7515,-7.3412
0.1038,0.48912,-1.8113,-8.4149
0.1039,0.38712,-1.8706,-9.491
0.104,0.28339,-1.9288,-10.566
0.1041,0.17851,-1.9853,-11.636
0.1042,0.073325,-2.0398,-12.698
0.1043,-0.031502,-2.0923,-13.747
0.1044,-0.13557,-2.1429,-14.786
0.1045,-0.23861,-2.1917,-15.814
0.1046,-0.3405,-2.239,-16.835
0.1047,-0.44102,-2.2847,-17.852
0.1048,-0.5393,-2.3285,-18.864
0.1049,-0.63355,-2.3701,-19.873
0.105,-0.72112,-2.4095,-20.875
0.1051,-0.79854,-2.4471,-21.872
0.1052,-0.86242,-2.484,-22.861
0.1053,-0.91217,-2.5213,-23.844
0.1054,-0.95374,-2.5594,-24.815
0.1055,-0.99954,-2.5977,-25.765
0.1056,-1.0614,-2.634,-26.679
0.1057,-1.1434,-2.6663,-27.544
0.1058,-1.2414,-2.693,-28.354
0.1059,-1.3484,-2.7133,-29.111
0.106,-1.4581,-2.7276,-29.824
0.1061,-1.5676,-2.737,-30.503
0.1062,-1.677,-2.7428,-31.156
0.1063,-1.7884,-2.7455,-31.783
0.1064,-1.9046,-2.7448,-32.376
0.1065,-2.028,-2.7396,-32.923
0.1066,-2.1592,-2.7285,-33.412
0.1067,-2.296,-2.7106,-33.835
0.1068,-2.4342,-2.6855,-34.193
0.1069,-2.5692,-2.6537,-34.497
0.107,-2.6979,-2.6171,-34.764
0.1071,-2.8191,-2.5782,-35.014
0.1072,-2.9335,-2.5396,-35.255
0.1073,-3.0416,-2.5029,-35.489
0.1074,-3.1435,-2.468,-35.704
0.1075,-3.2381,-2.4339,-35.882
0.1076,-3.3239,-2.3989,-36.009
0.1077,-3.3999,-2.3618,-36.074
0.1078,-3.4657,-2.3221,-36.078
0.1079,-3.5224,-2.2802,-36.027
0.108,-3.5715,-2.2368,-35.933
0.1081,-3.6151,-2.1927,-35.807
0.1082,-3.6551,-2.148,-35.659
0.1083,-3.6925,-2.102,-35.491
0.1084,-3.7274,-2.053,-35.299
0.1085,-3.7589,-1.9987,-35.075
0.1086,-3.7859,-1.9369,-34.808
0.1087,-3.8071,-1.8653,-34.495
0.1088,-3.8221,-1.7819,-34.137
0.1089,-3.8313,-1.6845,-33.74
0.109,-3.8356,-1.57,-33.313
0.1091,-3.8355,-1.4324,-32.865
0.1092,-3.8315,-1.2646,-32.403
0.1093,-3.8236,-1.0652,-31.932
0.1094,-3.8118,-0.84792,-31.449
0.1095,-3.7955,-0.63675,-30.944
0.1096,-3.7739,-0.45192,-30.403
0.1097,-3.7458,-0.30194,-29.811
0.1098,-3.7105,-0.18499,-29.157
0.1099,-3.6687,-0.093417,-28.44
0.11,-3.622,-0.017725,-27.67
0.1101,-3.5722,0.050299,-26.861
0.1102,-3.5209,0.11591,-26.026
0.1103,-3.4688,0.18149,-25.17
0.1104,-3.4153,0.24663,-24.291
0.1105,-3.3589,0.30777,-23.38
0.1106,-3.2983,0.35908,-22.428
0.1107,-3.2325,0.39513,-21.427
0.1108,-3.1617,0.41339,-20.376
0.1109,-3.0874,0.41569,-19.283
0.111,-3.0116,0.4074,-18.163
0.1111,-2.9361,0.39439,-17.037
0.1112,-2.8618,0.38036,-15.922
0.1113,-2.7878,0.36706,-14.825
0.1114,-2.7119,0.35579,-13.738
0.1115,-2.631,0.3486,-12.646
0.1116,-2.5423,0.34884,-11.533
0.1117,-2.444,0.36041,-10.386
0.1118,-2.336,0.38518,-9.2036
0.1119,-2.2201,0.42121,-7.9978
0.112,-2.0995,0.46429,-6.7871
0.1121,-1.9778,0.51027,-5.5922
0.1122,-1.8579,0.55627,-4.429
0.1123,-1.7413,0.60087,-3.304
0.1124,-1.6281,0.64404,-2.2133
0.1125,-1.5168,0.68672,-1.1455
0.1126,-1.4057,0.72996,-0.086127
0.1127,-1.2937,0.77436,0.97618
0.1128,-1.1806,0.81977,2.0449
0.1129,-1.0667,0.86554,3.1148
0.113,-0.95311,0.91085,4.1757
0.1131,-0.84038,0.9552,5.2168
0.1132,-0.72882,0.99862,6.2303
0.1133,-0.61834,1.0413,7.214
0.1134,-0.50852,1.0834,8.1709
0.1135,-0.39841,1.1247,9.1079
0.1136,-0.28693,1.1647,10.032
0.1137,-0.17317,1.2025,10.948
0.1138,-0.056643,1.2368,11.858
0.1139,0.062447,1.2664,12.756
0.114,0.18318,1.2907,13.634
0.1141,0.30436,1.3094,14.485
0.1142,0.42506,1.323,15.301
0.1143,0.54457,1.3325,16.08
0.1144,0.66221,1.3391,16.82
0.1145,0.77716,1.3435,17.52
0.1146,0.88833,1.346,18.177
0.1147,0.99455,1.3461,18.79
0.1148,1.0951,1.3434,19.357
0.1149,1.1899,1.3376,19.877
0.115,1.2799,1.3293,20.354
0.1151,1.3661,1.3191,20.794
0.1152,1.4497,1.308,21.201
0.1153,1.5319,1.2968,21.58
0.1154,1.6134,1.2856,21.936
0.1155,1.6946,1.2742,22.269
0.1156,1.7755,1.2617,22.575
0.1157,1.8552,1.2469,22.848
0.1158,1.9325,1.2285,23.081
0.1159,2.0063,1.2055,23.266
0.116,2.0758,1.1772,23.401
0.1161,2.1408,1.1438,23.487
0.1162,2.2017,1.1059,23.527
0.1163,2.2592,1.0643,23.528
0.1164,2.3132,1.0196,23.492
0.1165,2.3634,0.97205,23.418
0.1166,2.409,0.9217,23.304
0.1167,2.4491,0.86863,23.145
0.1168,2.4828,0.81307,22.939
0.1169,2.5096,0.75558,22.683
0.117,2.5291,0.69696,22.377
0.1171,2.5416,0.63797,22.023
0.1172,2.5475,0.57916,21.628
0.1173,2.5482,0.52081,21.199
0.1174,2.545,0.46286,20.742
0.1175,2.5391,0.40488,20.263
0.1176,2.5314,0.34618,19.763
0.1177,2.5221,0.28603,19.24
0.1178,2.5107,0.22382,18.689
0.1179,2.4967,0.1592,18.106
0.118,2.4796,0.092205,17.489
0.1181,2.4588,0.023059,16.834
0.1182,2.4336,-0.047997,16.142
0.1183,2.4036,-0.12079,15.411
0.1184,2.3683,-0.19519,14.643
0.1185,2.3276,-0.27103,13.841
0.1186,2.2817,-0.34796,13.009
0.1187,2.231,-0.42531,12.15
0.1188,2.1759,-0.50225,11.266
0.1189,2.1165,-0.57796,10.361
0.119,2.053,-0.65166,9.435
0.1191,1.9854,-0.72279,8.4899
0.1192,1.9139,-0.79112,7.5265
0.1193,1.8387,-0.85674,6.5456
0.1194,1.76,-0.92004,5.5476
0.1195,1.6778,-0.98161,4.533
0.1196,1.5925,-1.0421,3.503
0.1197,1.5045,-1.1021,2.46
0.1198,1.4145,-1.1619,1.4076
0.1199,1.3231,-1.2215,0.34995
0.12,1.3286,-1.212,0.090749
0.1201,1.3602,-1.187,0.024179
0.1202,1.3946,-1.1629,-0.044046
0.1203,1.4261,-1.135,-0.10806
0.1204,1.4483,-1.1003,-0.16783
0.1205,1.466,-1.063,-0.22498
0.1206,1.4859,-1.0274,-0.28069
0.1207,1.5016,-0.98932,-0.33194
0.1208,1.5054,-0.94341,-0.37712
0.1209,1.502,-0.89282,-0.41763
0.121,1.4989,-0.84268,-0.45807
0.1211,1.497,-0.79354,-0.5002
0.1212,1.4956,-0.74429,-0.54408
0.1213,1.4933,-0.69408,-0.5883
0.1214,1.4867,-0.64115,-0.63245
0.1215,1.477,-0.58672,-0.67645
0.1216,1.4695,-0.53394,-0.72126
0.1217,1.4635,-0.48322,-0.76658
0.1218,1.4547,-0.43157,-0.81125
0.1219,1.4441,-0.37975,-0.85525
0.122,1.4357,-0.3299,-0.90059
0.1221,1.4297,-0.28192,-0.94709
0.1222,1.4239,-0.23515,-0.99307
0.1223,1.4162,-0.18957,-1.0364
0.1224,1.4039,-0.14328,-1.0763
0.1225,1.3865,-0.095607,-1.1125
