0.05,1.338,-0.22547,-1.0905
0.0501,1.3173,-0.1728,-1.1238
0.0502,1.2947,-0.1199,-1.1558
0.0503,1.2703,-0.066858,-1.1863
0.0504,1.244,-0.013755,-1.2152
0.0505,1.2159,0.039332,-1.2427
0.0506,1.1862,0.092325,-1.2685
0.0507,1.1548,0.14514,-1.2926
0.0508,1.1218,0.19772,-1.315
0.0509,1.0873,0.24997,-1.3357
0.051,1.0512,0.30183,-1.3545
0.0511,1.0137,0.35323,-1.3715
0.0512,0.97484,0.40411,-1.3865
0.0513,0.93457,0.45441,-1.3995
0.0514,0.893,0.50407,-1.4105
0.0515,0.85018,0.55301,-1.4194
0.0516,0.80617,0.60119,-1.4262
0.0517,0.76104,0.64855,-1.4308
0.0518,0.71487,0.69502,-1.4334
0.0519,0.66774,0.74056,-1.4338
0.052,0.61973,0.78511,-1.4321
0.0521,0.57092,0.82862,-1.4282
0.0522,0.52141,0.87102,-1.4223
0.0523,0.47127,0.91228,-1.4142
0.0524,0.42058,0.95232,-1.4039
0.0525,0.36942,0.99108,-1.3916
0.0526,0.31785,1.0285,-1.3772
0.0527,0.26594,1.0646,-1.3607
0.0528,0.21374,1.0993,-1.3422
0.0529,0.1613,1.1325,-1.3216
0.053,0.10869,1.1642,-1.299
0.0531,0.055946,1.1943,-1.2745
0.0532,0.0031363,1.2228,-1.2481
0.0533,-0.049686,1.2496,-1.2198
0.0534,-0.10246,1.2748,-1.1897
0.0535,-0.15512,1.2982,-1.1578
0.0536,-0.20758,1.3199,-1.1242
0.0537,-0.25979,1.3397,-1.0889
0.0538,-0.31164,1.3577,-1.0522
0.0539,-0.36307,1.3739,-1.014
0.054,-0.414,1.3881,-0.97434
0.0541,-0.46434,1.4005,-0.93344
0.0542,-0.514,1.4108,-0.89132
0.0543,-0.56292,1.4192,-0.84809
0.0544,-0.61099,1.4255,-0.8038
0.0545,-0.65817,1.4298,-0.75855
0.0546,-0.70437,1.432,-0.71239
0.0547,-0.74955,1.432,-0.66538
0.0548,-0.79366,1.43,-0.61758
0.0549,-0.83665,1.4258,-0.56904
0.055,-0.87849,1.4195,-0.51979
0.0551,-0.91915,1.4109,-0.46988
0.0552,-0.9586,1.4002,-0.41934
0.0553,-0.99679,1.3874,-0.36823
0.0554,-1.0337,1.3724,-0.31659
0.0555,-1.0693,1.3552,-0.26449
0.0556,-1.1035,1.336,-0.21198
0.0557,-1.1364,1.3148,-0.15915
0.0558,-1.1677,1.2916,-0.10606
0.0559,-1.1976,1.2665,-0.052825
0.056,-1.2258,1.2395,0.00047943
0.0561,-1.2525,1.2107,0.053749
0.0562,-1.2774,1.1801,0.10689
0.0563,-1.3006,1.1479,0.15979
0.0564,-1.3219,1.1141,0.21238
0.0565,-1.3414,1.0788,0.26454
0.0566,-1.359,1.042,0.3162
0.0567,-1.3746,1.0038,0.36732
0.0568,-1.3883,0.96421,0.41782
0.0569,-1.4962,0.85357,0.63777
0.057,-1.5387,0.77825,0.75488
0.0571,-1.5591,0.71118,0.84127
0.0572,-1.5691,0.65008,0.91096
0.0573,-1.5734,0.59275,0.971
0.0574,-1.5706,0.5351,1.0241
0.0575,-1.5611,0.47626,1.0718
0.0576,-1.5507,0.41817,1.118
0.0577,-1.5409,0.3614,1.1637
0.0578,-1.5259,0.30279,1.2061
0.0579,-1.5069,0.24268,1.2461
0.058,-1.4841,0.18084,1.2844
0.0581,-1.4583,0.11852,1.3203
0.0582,-1.4301,0.056981,1.3532
0.0583,-1.4005,-0.0031265,1.3834
0.0584,-1.3682,-0.063346,1.4113
0.0585,-1.3321,-0.1242,1.4364
0.0586,-1.2943,-0.18492,1.4598
0.0587,-1.2563,-0.24476,1.4825
0.0588,-1.2171,-0.30452,1.504
0.0589,-1.1751,-0.36451,1.5231
0.059,-1.131,-0.42471,1.5404
0.0591,-1.0858,-0.48412,1.5559
0.0592,-1.0397,-0.54166,1.5687
0.0593,-0.99246,-0.59655,1.5779
0.0594,-0.94335,-0.64965,1.5835
0.0595,-0.89238,-0.70124,1.5857
0.0596,-0.84167,-0.75099,1.5865
0.0597,-0.79186,-0.79934,1.5869
0.0598,-0.7405,-0.8483,1.5865
0.0599,-0.68659,-0.8982,1.5846
0.06,-0.63234,-0.9479,1.5822
0.0601,-0.57838,-0.99635,1.5789
0.0602,-0.52295,-1.0436,1.5728
0.0603,-0.46595,-1.0889,1.5632
0.0604,-0.40765,-1.1326,1.5505
0.0605,-0.34741,-1.1747,1.534
0.0606,-0.28564,-1.2145,1.5136
0.0607,-0.22405,-1.2516,1.4904
0.0608,-0.16252,-1.2872,1.4654
0.0609,-0.09993,-1.3217,1.4381
0.061,-0.037264,-1.3547,1.409
0.0611,0.023879,-1.3855,1.379
0.0612,0.083942,-1.4141,1.3475
0.0613,0.14371,-1.44,1.3134
0.0614,0.2028,-1.4632,1.2771
0.0615,0.26108,-1.4842,1.2391
0.0616,0.31895,-1.5032,1.1993
0.0617,0.37638,-1.52,1.1575
0.0618,0.43352,-1.5351,1.1141
0.0619,0.49073,-1.5486,1.069
0.062,0.54718,-1.5601,1.0224
0.0621,0.60189,-1.5691,0.97499
0.0622,0.65554,-1.5763,0.92678
0.0623,0.70893,-1.5822,0.87731
0.0624,0.76148,-1.5864,0.82698
0.0625,0.8128,-1.5888,0.77593
0.0626,0.86348,-1.5895,0.72371
0.0627,0.91343,-1.5882,0.67014
0.0628,0.9623,-1.5848,0.61549
0.0629,1.0105,-1.5787,0.55878
0.063,1.058,-1.5704,0.5007
0.0631,1.1035,-1.5583,0.44097
0.0632,1.1467,-1.5426,0.3802
0.0633,1.188,-1.5239,0.31844
0.0634,1.2272,-1.5026,0.2566
0.0635,1.2635,-1.4793,0.19562
0.0636,1.2976,-1.4544,0.13564
0.0637,1.3297,-1.4278,0.076113
0.0638,1.3596,-1.3995,0.017236
0.0639,1.3874,-1.3693,-0.041243
0.064,1.4138,-1.337,-0.099949
0.0641,1.4383,-1.3022,-0.15916
0.0642,1.4611,-1.2653,-0.21855
0.0643,1.4829,-1.2265,-0.27839
0.0644,1.5033,-1.186,-0.3384
0.0645,1.5214,-1.1438,-0.39764
0.0646,1.5375,-1.1007,-0.45554
0.0647,1.552,-1.0569,-0.51246
0.0648,1.5646,-1.0121,-0.56821
0.0649,1.5747,-0.96603,-0.6227
0.065,1.5829,-0.91853,-0.67649
0.0651,1.589,-0.8689,-0.73019
0.0652,1.5925,-0.8171,-0.78339
0.0653,1.5938,-0.76362,-0.8359
0.0654,1.5931,-0.70886,-0.88775
0.0655,1.5901,-0.65267,-0.9386
0.0656,1.5843,-0.59541,-0.98776
0.0657,1.576,-0.5374,-1.0352
0.0658,1.565,-0.47873,-1.0807
0.0659,1.5509,-0.41944,-1.1239
0.066,1.5341,-0.35994,-1.1648
0.0661,1.515,-0.30024,-1.2038
0.0662,1.4935,-0.24034,-1.2408
0.0663,1.47,-0.18041,-1.2761
0.0664,1.4448,-0.12071,-1.3096
0.0665,1.4178,-0.061079,-1.3416
0.0666,1.3892,-0.0016316,-1.3719
0.0667,1.3592,0.05755,-1.4009
0.0668,1.3278,0.11667,-1.4286
0.0669,1.2942,0.17608,-1.4547
0.067,1.2586,0.23559,-1.4791
0.0671,1.2211,0.29498,-1.5017
0.0672,1.1815,0.35404,-1.5221
0.0673,1.1397,0.41251,-1.5399
0.0674,1.0962,0.4701,-1.5553
0.0675,1.051,0.52706,-1.5687
0.0676,1.0039,0.58352,-1.5797
0.0677,0.95505,0.63943,-1.5886
0.0678,0.90493,0.69471,-1.5958
0.0679,0.85337,0.74949,-1.6011
0.068,0.80028,0.80346,-1.6043
0.0681,0.74609,0.85628,-1.6052
0.0682,0.69089,0.90768,-1.6038
0.0683,0.63448,0.95735,-1.5995
0.0684,0.5772,1.0048,-1.592
0.0685,0.51948,1.05,-1.5818
0.0686,0.46132,1.0932,-1.5689
0.0687,0.40281,1.1345,-1.5536
0.0688,0.34429,1.1742,-1.5365
0.0689,0.28572,1.2126,-1.5179
0.069,0.22696,1.2499,-1.4977
0.0691,0.16825,1.2856,-1.4759
0.0692,0.10968,1.3198,-1.4524
0.0693,0.05089,1.3524,-1.4269
0.0694,-0.0082618,1.3833,-1.3991
0.0695,-0.067682,1.4124,-1.369
0.0696,-0.12751,1.4397,-1.3364
0.0697,-0.18782,1.4652,-1.3014
0.0698,-0.24823,1.4888,-1.264
0.0699,-0.3085,1.5105,-1.2247
0.07,-0.3686,1.5304,-1.1836
0.0701,-0.42826,1.5483,-1.1407
0.0702,-0.48705,1.5639,-1.0961
0.0703,-0.54492,1.5773,-1.05
0.0704,-0.6018,1.5881,-1.0023
0.0705,-0.65742,1.5964,-0.95307
0.0706,-0.71177,1.6023,-0.90255
0.0707,-0.76504,1.6059,-0.8507
0.0708,-0.81708,1.607,-0.79759
0.0709,-0.8677,1.6058,-0.74344
0.071,-0.91693,1.6022,-0.68828
0.0711,-0.96469,1.5962,-0.6322
0.0712,-1.0107,1.5878,-0.57553
0.0713,-1.0551,1.5773,-0.51849
0.0714,-1.0981,1.5648,-0.46104
0.0715,-1.1396,1.5505,-0.40334
0.0716,-1.1796,1.5344,-0.34554
0.0717,-1.2182,1.5165,-0.28749
0.0718,-1.2557,1.4968,-0.22897
0.0719,-1.2917,1.4751,-0.17002
0.072,-1.3263,1.4511,-0.1105
0.0721,-1.3596,1.4249,-0.05018
0.0722,-1.3913,1.396,0.010844
0.0723,-1.4209,1.3645,0.072209
0.0724,-1.4485,1.3307,0.13369
0.0725,-1.4741,1.2947,0.19501
0.0726,-1.4972,1.2567,0.25572
0.0727,-1.518,1.2169,0.3156
0.0728,-1.5364,1.1754,0.37469
0.0729,-1.5523,1.1321,0.43293
0.073,-1.5658,1.0869,0.4903
0.0731,-1.577,1.0401,0.5469
0.0732,-1.586,0.99167,0.60279
0.0733,-1.5928,0.94169,0.65785
0.0734,-1.5976,0.89046,0.71199
0.0735,-1.6004,0.8382,0.76506
0.0736,-1.601,0.78503,0.81684
0.0737,-1.5995,0.73124,0.86712
0.0738,-1.5961,0.67695,0.91592
0.0739,-1.5906,0.62212,0.96323
0.074,-1.583,0.56665,1.0091
0.0741,-1.5734,0.51052,1.0536
0.0742,-1.5617,0.45362,1.097
0.0743,-1.5479,0.39594,1.1392
0.0744,-1.5319,0.33757,1.18
0.0745,-1.5139,0.2786,1.2196
0.0746,-1.4936,0.21901,1.2577
0.0747,-1.4709,0.15887,1.2941
0.0748,-1.4457,0.098281,1.3288
0.0749,-1.4181,0.037315,1.3616
0.075,-1.3879,-0.023905,1.3923
0.0751,-1.3551,-0.085127,1.4207
0.0752,-1.3201,-0.14618,1.4469
0.0753,-1.283,-0.20694,1.4709
0.0754,-1.2437,-0.26719,1.4925
0.0755,-1.2027,-0.32676,1.5118
0.0756,-1.1601,-0.38559,1.5291
0.0757,-1.1161,-0.44361,1.5442
0.0758,-1.0708,-0.50074,1.5574
0.0759,-1.0243,-0.557,1.5687
0.076,-0.97656,-0.61241,1.5781
0.0761,-0.92765,-0.66684,1.5854
0.0762,-0.87765,-0.72016,1.5907
0.0763,-0.8266,-0.7723,1.5938
0.0764,-0.77444,-0.8232,1.5946
0.0765,-0.72129,-0.8728,1.5931
0.0766,-0.6672,-0.9212,1.5895
0.0767,-0.6121,-0.96851,1.5838
0.0768,-0.55602,-1.0148,1.576
0.0769,-0.49909,-1.0599,1.5662
0.077,-0.44132,-1.104,1.5543
0.0771,-0.38271,-1.1468,1.5402
0.0772,-0.32337,-1.1881,1.5238
0.0773,-0.26341,-1.2278,1.5049
0.0774,-0.20285,-1.2657,1.4834
0.0775,-0.14186,-1.3015,1.4592
0.0776,-0.080673,-1.3352,1.4324
0.0777,-0.019407,-1.3667,1.4031
0.0778,0.041784,-1.3961,1.3715
0.0779,0.10266,-1.4234,1.3379
0.078,0.16307,-1.4487,1.3025
0.0781,0.22294,-1.4719,1.2654
0.0782,0.28212,-1.493,1.2266
0.0783,0.3405,-1.5119,1.1863
0.0784,0.39815,-1.5289,1.1445
0.0785,0.45512,-1.5438,1.1011
0.0786,0.51137,-1.5567,1.0562
0.0787,0.56695,-1.5677,1.0099
0.0788,0.62191,-1.5767,0.96217
0.0789,0.67616,-1.5838,0.91302
0.079,0.7296,-1.5889,0.86262
0.0791,0.7822,-1.592,0.81099
0.0792,0.83389,-1.5931,0.75816
0.0793,0.88446,-1.592,0.70425
0.0794,0.93383,-1.5888,0.64932
0.0795,0.98195,-1.5832,0.59339
0.0796,1.0287,-1.5753,0.53655
0.0797,1.0739,-1.5651,0.47891
0.0798,1.1176,-1.5524,0.4205
0.0799,1.1597,-1.5372,0.36137
0.08,1.2,-1.5195,0.30163
0.0801,1.2384,-1.4991,0.2414
0.0802,1.2749,-1.4762,0.1808
0.0803,1.3093,-1.4508,0.12002
0.0804,1.3416,-1.4232,0.059265
0.0805,1.372,-1.3934,-0.0013261
0.0806,1.4003,-1.3616,-0.061636
0.0807,1.4266,-1.328,-0.12155
0.0808,1.4509,-1.2927,-0.18103
0.0809,1.4735,-1.2557,-0.24013
0.081,1.4942,-1.2171,-0.29884
0.0811,1.5131,-1.1768,-0.35721
0.0812,1.5303,-1.1348,-0.41527
0.0813,1.5457,-1.0912,-0.47295
0.0814,1.5591,-1.046,-0.53012
0.0815,1.5706,-0.99926,-0.58665
0.0816,1.5801,-0.95115,-0.6424
0.0817,1.5874,-0.90169,-0.69719
0.0818,1.5925,-0.85096,-0.75091
0.0819,1.5953,-0.79896,-0.80351
0.082,1.5957,-0.74569,-0.85492
0.0821,1.5936,-0.69119,-0.90507
0.0822,1.5891,-0.63555,-0.95395
0.0823,1.5822,-0.57883,-1.0015
0.0824,1.5729,-0.52116,-1.0476
0.0825,1.5611,-0.46271,-1.0922
0.0826,1.547,-0.40365,-1.1352
0.0827,1.5305,-0.34411,-1.1765
0.0828,1.5116,-0.28426,-1.2159
0.0829,1.4905,-0.22423,-1.2534
0.083,1.4671,-0.16411,-1.2891
0.0831,1.4416,-0.10395,-1.3229
0.0832,1.414,-0.043831,-1.3548
0.0833,1.3845,0.016201,-1.3849
0.0834,1.353,0.076106,-1.4132
0.0835,1.3197,0.13582,-1.4397
0.0836,1.2846,0.19531,-1.4645
0.0837,1.2478,0.25456,-1.4875
0.0838,1.2092,0.31356,-1.5086
0.0839,1.1687,0.37225,-1.5279
0.084,1.1265,0.43056,-1.5452
0.0841,1.0825,0.48843,-1.5604
0.0842,1.0367,0.54571,-1.5735
0.0843,0.98919,0.60226,-1.5843
0.0844,0.94008,0.65799,-1.5929
0.0845,0.88944,0.71277,-1.5991
0.0846,0.83742,0.76649,-1.603
0.0847,0.78417,0.81905,-1.6045
0.0848,0.7298,0.87037,-1.6038
0.0849,0.67446,0.92036,-1.6008
0.085,0.6183,0.96894,-1.5956
0.0851,0.5614,1.016,-1.5881
0.0852,0.50388,1.0615,-1.5783
0.0853,0.44586,1.1053,-1.5661
0.0854,0.38743,1.1474,-1.5517
0.0855,0.32863,1.1877,-1.5349
0.0856,0.26957,1.2262,-1.5158
0.0857,0.21028,1.2629,-1.4946
0.0858,0.1508,1.2979,-1.4712
0.0859,0.091145,1.3313,-1.4457
0.086,0.031385,1.3631,-1.4182
0.0861,-0.028462,1.3932,-1.3888
0.0862,-0.088381,1.4216,-1.3574
0.0863,-0.14832,1.4482,-1.324
0.0864,-0.20821,1.4731,-1.2886
0.0865,-0.26802,1.496,-1.2512
0.0866,-0.32764,1.5169,-1.2117
0.0867,-0.38693,1.5357,-1.1702
0.0868,-0.44576,1.5524,-1.1268
0.0869,-0.50399,1.5669,-1.0816
0.087,-0.56145,1.5791,-1.0348
0.0871,-0.61797,1.5891,-0.9865
0.0872,-0.6734,1.5968,-0.93679
0.0873,-0.72765,1.6021,-0.88581
0.0874,-0.78059,1.6051,-0.83368
0.0875,-0.83217,1.6057,-0.78051
0.0876,-0.88237,1.6041,-0.72637
0.0877,-0.93116,1.6001,-0.67134
0.0878,-0.97851,1.594,-0.61552
0.0879,-1.0244,1.5856,-0.55896
0.088,-1.0689,1.575,-0.50174
0.0881,-1.112,1.5622,-0.44393
0.0882,-1.1535,1.5473,-0.3856
0.0883,-1.1936,1.5303,-0.3268
0.0884,-1.2322,1.5111,-0.26759
0.0885,-1.2692,1.4898,-0.20803
0.0886,-1.3046,1.4665,-0.14818
0.0887,-1.3383,1.441,-0.088089
0.0888,-1.3704,1.4134,-0.027815
0.0889,-1.4006,1.3836,0.0326
0.089,-1.429,1.3517,0.093097
0.0891,-1.4554,1.3176,0.15359
0.0892,-1.4798,1.2814,0.21397
0.0893,-1.5021,1.243,0.27413
0.0894,-1.5222,1.2026,0.33389
0.0895,-1.5401,1.1603,0.39309
0.0896,-1.5556,1.1163,0.45159
0.0897,-1.5689,1.0706,0.50925
0.0898,-1.5799,1.0234,0.56594
0.0899,-1.5886,0.97483,0.62159
0.09,-1.595,0.92496,0.67617
0.0901,-1.5993,0.87391,0.72965
0.0902,-1.6015,0.82175,0.78199
0.0903,-1.6015,0.76857,0.83319
0.0904,-1.5995,0.71446,0.88322
0.0905,-1.5954,0.6595,0.932
0.0906,-1.5892,0.60378,0.97948
0.0907,-1.581,0.54738,1.0256
0.0908,-1.5706,0.49034,1.0703
0.0909,-1.558,0.43271,1.1136
0.091,-1.5432,0.37452,1.1553
0.0911,-1.5261,0.31578,1.1955
0.0912,-1.5068,0.25652,1.2341
0.0913,-1.4851,0.1968,1.271
0.0914,-1.4611,0.13668,1.3063
0.0915,-1.4348,0.076226,1.3398
0.0916,-1.4062,0.015547,1.3714
0.0917,-1.3754,-0.045246,1.4012
0.0918,-1.3424,-0.10604,1.4289
0.0919,-1.3072,-0.16669,1.4546
0.092,-1.2699,-0.22707,1.4781
0.0921,-1.2307,-0.28703,1.4995
0.0922,-1.1896,-0.34647,1.5187
0.0923,-1.1468,-0.40524,1.5358
0.0924,-1.1025,-0.46323,1.5507
0.0925,-1.0567,-0.52035,1.5634
0.0926,-1.0095,-0.57652,1.574
0.0927,-0.96111,-0.63168,1.5825
0.0928,-0.91156,-0.68581,1.5889
0.0929,-0.8609,-0.73889,1.5933
0.093,-0.80918,-0.79088,1.5956
0.0931,-0.75644,-0.84175,1.5958
0.0932,-0.70269,-0.89147,1.5939
0.0933,-0.64798,-0.93998,1.5898
0.0934,-0.59233,-0.98722,1.5834
0.0935,-0.53579,-1.0332,1.5749
0.0936,-0.4784,-1.0778,1.564
0.0937,-0.42024,-1.1209,1.5508
0.0938,-0.36138,-1.1626,1.5353
0.0939,-0.30192,-1.2028,1.5175
0.094,-0.24194,-1.2413,1.4973
0.0941,-0.18157,-1.2781,1.4749
0.0942,-0.12092,-1.3131,1.4501
0.0943,-0.060107,-1.3462,1.423
0.0944,0.00074189,-1.3774,1.3937
0.0945,0.061498,-1.4064,1.3621
0.0946,0.12205,-1.4334,1.3285
0.0947,0.18228,-1.4583,1.2928
0.0948,0.24209,-1.481,1.2551
0.0949,0.30137,-1.5016,1.2157
0.095,0.36005,-1.5202,1.1746
0.0951,0.41805,-1.5367,1.1319
0.0952,0.47532,-1.5511,1.0877
0.0953,0.53181,-1.5635,1.0421
0.0954,0.58749,-1.574,0.99509
0.0955,0.64234,-1.5823,0.94675
0.0956,0.69632,-1.5887,0.89711
0.0957,0.74941,-1.593,0.84621
0.0958,0.80153,-1.5952,0.79409
0.0959,0.85263,-1.5953,0.74081
0.096,0.90263,-1.5932,0.68644
0.0961,0.95142,-1.5889,0.63104
0.0962,0.99891,-1.5823,0.57471
0.0963,1.045,-1.5734,0.51753
0.0964,1.0896,-1.5621,0.45958
0.0965,1.1325,-1.5484,0.40099
0.0966,1.1738,-1.5323,0.34183
0.0967,1.2133,-1.5138,0.28221
0.0968,1.251,-1.4929,0.22222
0.0969,1.2868,-1.4697,0.16197
0.097,1.3208,-1.4441,0.10153
0.0971,1.3528,-1.4162,0.041016
0.0972,1.3828,-1.3862,-0.019491
0.0973,1.4109,-1.354,-0.079895
0.0974,1.437,-1.3199,-0.14011
0.0975,1.4612,-1.2839,-0.20004
0.0976,1.4834,-1.246,-0.25961
0.0977,1.5037,-1.2065,-0.31873
0.0978,1.5221,-1.1653,-0.37735
0.0979,1.5385,-1.1225,-0.4354
0.098,1.553,-1.0782,-0.49282
0.0981,1.5655,-1.0323,-0.54956
0.0982,1.5759,-0.98507,-0.60556
0.0983,1.5843,-0.93637,-0.66074
0.0984,1.5906,-0.8863,-0.71505
0.0985,1.5946,-0.83492,-0.76838
0.0986,1.5965,-0.7823,-0.82062
0.0987,1.596,-0.72851,-0.87168
0.0988,1.5932,-0.67364,-0.92146
0.0989,1.588,-0.61778,-0.96987
0.099,1.5805,-0.56101,-1.0168
0.0991,1.5705,-0.50343,-1.0623
0.0992,1.5581,-0.44515,-1.1062
0.0993,1.5434,-0.38625,-1.1484
0.0994,1.5263,-0.32685,-1.1891
0.0995,1.507,-0.26705,-1.228
0.0996,1.4853,-0.20697,-1.2652
0.0997,1.4615,-0.14669,-1.3006
0.0998,1.4355,-0.086324,-1.3341
0.0999,1.4073,-0.025946,-1.3659
0.1,1.3772,0.034369,-1.3957
0.1001,1.345,0.094554,-1.4237
0.1002,1.3109,0.15455,-1.4497
0.1003,1.2749,0.2143,-1.4739
0.1004,1.237,0.27373,-1.4961
0.1005,1.1974,0.3328,-1.5164
0.1006,1.156,0.39142,-1.5346
0.1007,1.1128,0.44954,-1.5509
0.1008,1.0681,0.50707,-1.5651
0.1009,1.0217,0.56393,-1.5772
0.101,0.97369,0.62002,-1.5872
0.1011,0.92425,0.67526,-1.595
0.1012,0.8734,0.72955,-1.6005
0.1013,0.82125,0.78278,-1.6038
0.1014,0.76788,0.83486,-1.6048
0.1015,0.71343,0.88567,-1.6035
0.1016,0.658,0.93514,-1.5999
0.1017,0.60172,0.98316,-1.594
0.1018,0.54469,1.0297,-1.5857
0.1019,0.48703,1.0747,-1.5752
0.102,0.42884,1.118,-1.5624
0.1021,0.37018,1.1597,-1.5473
0.1022,0.31115,1.1998,-1.53
0.1023,0.25181,1.2381,-1.5105
0.1024,0.1922,1.2747,-1.4887
0.1025,0.13239,1.3096,-1.4647
0.1026,0.072412,1.3426,-1.4385
0.1027,0.012323,1.3739,-1.4102
0.1028,-0.047827,1.4034,-1.3798
0.1029,-0.10798,1.4311,-1.3473
0.103,-0.16805,1.4569,-1.3129
0.1031,-0.22798,1.4808,-1.2764
0.1032,-0.28768,1.5027,-1.238
0.1033,-0.34703,1.5227,-1.1978
0.1034,-0.40594,1.5407,-1.1558
0.1035,-0.46428,1.5565,-1.112
0.1036,-0.52195,1.5702,-1.0665
0.1037,-0.57883,1.5817,-1.0195
0.1038,-0.63479,1.591,-0.97091
0.1039,-0.68974,1.5979,-0.92096
0.104,-0.74357,1.6026,-0.86972
0.1041,-0.79621,1.605,-0.8173
0.1042,-0.84756,1.6051,-0.7638
0.1043,-0.89757,1.603,-0.70934
0.1044,-0.94619,1.5985,-0.65399
0.1045,-0.99337,1.5918,-0.59785
0.1046,-1.0391,1.5829,-0.54099
0.1047,-1.0833,1.5718,-0.48348
0.1048,-1.1261,1.5584,-0.42538
0.1049,-1.1673,1.5428,-0.36675
0.105,-1.207,1.525,-0.30765
0.1051,-1.2451,1.5051,-0.24814
0.1052,-1.2816,1.4829,-0.18829
0.1053,-1.3164,1.4586,-0.12815
0.1054,-1.3495,1.4321,-0.067806
0.1055,-1.3808,1.4035,-0.007327
0.1056,-1.4102,1.3727,0.053199
0.1057,-1.4378,1.3398,0.11368
0.1058,-1.4633,1.3049,0.17403
0.1059,-1.4868,1.268,0.23413
0.106,-1.5082,1.2291,0.2939
0.1061,-1.5275,1.1883,0.35321
0.1062,-1.5446,1.1457,0.41197
0.1063,-1.5596,1.1013,0.47008
0.1064,-1.5723,1.0554,0.52741
0.1065,-1.5828,1.0079,0.58389
0.1066,-1.5911,0.95895,0.6394
0.1067,-1.5971,0.90874,0.69388
0.1068,-1.601,0.85732,0.74727
0.1069,-1.6027,0.80481,0.79949
0.107,-1.6022,0.75129,0.85049
0.1071,-1.5996,0.69683,0.90024
0.1072,-1.5948,0.64153,0.94868
0.1073,-1.5879,0.58543,0.99578
0.1074,-1.5787,0.52861,1.0415
0.1075,-1.5674,0.47112,1.0858
0.1076,-1.5539,0.41303,1.1286
0.1077,-1.5382,0.35439,1.1699
0.1078,-1.5202,0.29526,1.2096
0.1079,-1.4999,0.23571,1.2476
0.108,-1.4773,0.17578,1.284
0.1081,-1.4525,0.11556,1.3185
0.1082,-1.4254,0.055119,1.3513
0.1083,-1.396,-0.0054585,1.3821
0.1084,-1.3672,-0.055464,1.4191
0.1085,-1.3367,-0.10366,1.4564
0.1086,-1.3034,-0.1513,1.4921
0.1087,-1.2673,-0.19826,1.5258
0.1088,-1.2291,-0.24444,1.5577
0.1089,-1.1888,-0.28998,1.5876
0.109,-1.1464,-0.33489,1.6155
0.1091,-1.102,-0.37888,1.6413
0.1092,-1.0558,-0.42184,1.6649
0.1093,-1.0079,-0.4639,1.6863
0.1094,-0.95838,-0.50512,1.7057
0.1095,-0.90759,-0.54542,1.723
0.1096,-0.85551,-0.58488,1.7381
0.1097,-0.80214,-0.6235,1.7508
0.1098,-0.74763,-0.66117,1.7611
0.1099,-0.69203,-0.69793,1.769
0.11,-0.63517,-0.73384,1.7745
0.1101,-0.57708,-0.76879,1.7776
0.1102,-0.51794,-0.80263,1.7781
0.1103,-0.45788,-0.83541,1.7762
0.1104,-0.3971,-0.86713,1.7717
0.1105,-0.33585,-0.89772,1.7648
0.1106,-0.2742,-0.92716,1.7552
0.1107,-0.21223,-0.95545,1.7427
0.1108,-0.15015,-0.98245,1.7273
0.1109,-0.088074,-1.0081,1.7093
0.111,-0.025923,-1.0323,1.6885
0.1111,0.036213,-1.0551,1.6649
0.1112,0.095404,-1.0787,1.639
0.1113,0.14473,-1.1109,1.6119
0.1114,0.19336,-1.1421,1.5827
0.1115,0.241,-1.1717,1.5506
0.1116,0.2876,-1.1996,1.5158
0.1117,0.33344,-1.2259,1.4786
0.1118,0.37865,-1.2506,1.4392
0.1119,0.42306,-1.2736,1.3973
0.112,0.46661,-1.2949,1.3532
0.1121,0.50936,-1.3145,1.307
0.1122,0.55131,-1.3324,1.2589
0.1123,0.59244,-1.3486,1.2091
0.1124,0.63284,-1.3632,1.1576
0.1125,0.67248,-1.376,1.1046
0.1126,0.71116,-1.3868,1.0499
0.1127,0.74882,-1.3957,0.9937
0.1128,0.78548,-1.4025,0.93581
0.1129,0.82097,-1.4073,0.87627
0.113,0.85506,-1.4099,0.81521
0.1131,0.88778,-1.4103,0.75275
0.1132,0.91914,-1.4086,0.68916
0.1133,0.94909,-1.4047,0.62482
0.1134,0.9777,-1.3987,0.55989
0.1135,1.0051,-1.3904,0.49432
0.1136,1.0311,-1.3797,0.42819
0.1137,1.0559,-1.3667,0.36172
0.1138,1.0794,-1.3516,0.29492
0.1139,1.1014,-1.3342,0.2277
0.114,1.1243,-1.3142,0.16327
0.1141,1.1555,-1.2909,0.11014
0.1142,1.1857,-1.2663,0.056961
0.1143,1.2143,-1.2398,0.003815
0.1144,1.2412,-1.2117,-0.049056
0.1145,1.2666,-1.182,-0.10173
0.1146,1.2904,-1.1506,-0.15438
0.1147,1.3125,-1.1175,-0.20692
0.1148,1.333,-1.0828,-0.25914
0.1149,1.3517,-1.0466,-0.31103
0.115,1.3685,-1.0088,-0.36252
0.1151,1.3835,-0.96975,-0.41345
0.1152,1.3966,-0.92958,-0.46377
0.1153,1.4078,-0.88806,-0.51346
0.1154,1.4167,-0.84524,-0.56238
0.1155,1.4235,-0.80128,-0.61051
0.1156,1.4282,-0.75605,-0.65795
0.1157,1.4307,-0.70955,-0.70465
0.1158,1.431,-0.66207,-0.7504
0.1159,1.429,-0.61368,-0.79513
0.116,1.4248,-0.56441,-0.83883
0.1161,1.4185,-0.51456,-0.88134
0.1162,1.4101,-0.4643,-0.92255
0.1163,1.3995,-0.41348,-0.9625
0.1164,1.3867,-0.36209,-1.0011
0.1165,1.3718,-0.31034,-1.0384
0.1166,1.3548,-0.25822,-1.0744
0.1167,1.3357,-0.20568,-1.109
0.1168,1.3147,-0.15291,-1.1422
0.1169,1.2917,-0.1001,-1.1737
0.117,1.2669,-0.047221,-1.2038
0.1171,1.2402,0.0056316,-1.2321
0.1172,1.2119,0.058318,-1.2588
0.1173,1.1818,0.11096,-1.2839
0.1174,1.1499,0.16364,-1.3073
0.1175,1.1163,0.21618,-1.329
0.1176,1.0811,0.26851,-1.3491
0.1177,1.0442,0.32068,-1.3674
0.1178,1.0058,0.37249,-1.3838
0.1179,0.96606,0.42368,-1.3982
0.118,0.92497,0.47423,-1.4106
0.1181,0.8826,0.52411,-1.421
0.1182,0.83909,0.57311,-1.4293
0.1183,0.79453,0.62122,-1.4354
0.1184,0.74889,0.66857,-1.4396
0.1185,0.70229,0.71504,-1.4417
0.1186,0.65491,0.7604,-1.4416
0.1187,0.60675,0.80472,-1.4395
0.1188,0.55783,0.84796,-1.4352
0.1189,0.50828,0.8899,-1.4286
0.119,0.4582,0.93047,-1.4198
0.1191,0.40755,0.96979,-1.4087
0.1192,0.35638,1.0078,-1.3955
0.1193,0.30476,1.0445,-1.3801
0.1194,0.2527,1.08,-1.3627
0.1195,0.20024,1.1142,-1.3433
0.1196,0.14749,1.1471,-1.3219
0.1197,0.094504,1.1785,-1.2986
0.1198,0.041329,1.2084,-1.2734
0.1199,-0.011929,1.2367,-1.2462
0.12,-0.065155,1.2633,-1.2172
0.1201,-0.11832,1.2883,-1.1864
0.1202,-0.17136,1.3115,-1.154
0.1203,-0.22412,1.3329,-1.1198
0.1204,-0.27653,1.3525,-1.0842
0.1205,-0.32852,1.3703,-1.047
0.1206,-0.37993,1.3861,-1.0085
0.1207,-0.43067,1.3998,-0.96853
0.1208,-0.48073,1.4114,-0.92729
0.1209,-0.53002,1.421,-0.88479
0.121,-0.57843,1.4283,-0.84109
0.1211,-0.62599,1.4336,-0.79633
0.1212,-0.6727,1.4368,-0.75059
0.1213,-0.71849,1.438,-0.7039
0.1214,-0.76332,1.4372,-0.65637
0.1215,-0.80719,1.4343,-0.60808
0.1216,-0.85004,1.4294,-0.55903
0.1217,-0.89178,1.4223,-0.50923
0.1218,-0.93238,1.4131,-0.45877
0.1219,-0.97183,1.4018,-0.40772
0.122,-1.01,1.3884,-0.3561
0.1221,-1.0469,1.3728,-0.30405
0.1222,-1.0825,1.3553,-0.25167
0.1223,-1.1167,1.3358,-0.199
0.1224,-1.1493,1.3142,-0.14609
0.1225,-1.1804,1.2907,-0.093049
