0.05,0.17855,0.17952,-0.2649
0.0501,0.16831,0.19042,-0.26559
0.0502,0.15756,0.20108,-0.26602
0.0503,0.14637,0.21143,-0.26617
0.0504,0.1348,0.22135,-0.26602
0.0505,0.12295,0.23074,-0.26552
0.0506,0.1109,0.23951,-0.26465
0.0507,0.098706,0.24763,-0.26337
0.0508,0.086429,0.25508,-0.26168
0.0509,0.074101,0.26186,-0.25954
0.051,0.061743,0.26804,-0.25698
0.0511,0.049356,0.27368,-0.25401
0.0512,0.036938,0.27887,-0.25066
0.0513,0.02448,0.2837,-0.24698
0.0514,0.011982,0.28827,-0.24302
0.0515,-0.00056422,0.29268,-0.23882
0.0516,-0.013152,0.29698,-0.2344
0.0517,-0.025774,0.30123,-0.2298
0.0518,-0.038407,0.30543,-0.22503
0.0519,-0.051025,0.30958,-0.22009
0.052,-0.063575,0.31363,-0.21494
0.0521,-0.075999,0.31754,-0.20955
0.0522,-0.088221,0.32123,-0.20386
0.0523,-0.10016,0.32461,-0.1978
0.0524,-0.11175,0.32757,-0.19128
0.0525,-0.12293,0.33004,-0.18424
0.0526,-0.13365,0.33192,-0.17656
0.0527,-0.14391,0.33318,-0.1682
0.0528,-0.1537,0.3338,-0.1591
0.0529,-0.16306,0.33377,-0.14927
0.053,-0.17201,0.33313,-0.1387
0.0531,-0.1806,0.33195,-0.12747
0.0532,-0.18887,0.3303,-0.11564
0.0533,-0.19686,0.32826,-0.10331
0.0534,-0.20461,0.32593,-0.090582
0.0535,-0.21215,0.3234,-0.077563
0.0536,-0.21951,0.32075,-0.064353
0.0537,-0.22671,0.31805,-0.051055
0.0538,-0.23374,0.31536,-0.03776
0.0539,-0.2406,0.31271,-0.024544
0.054,-0.24725,0.31008,-0.011467
0.0541,-0.25365,0.30745,0.0014184
0.0542,-0.25992,0.31917,0.04614
0.0543,-0.26584,0.3256,0.079283
0.0544,-0.27126,0.33147,0.11156
0.0545,-0.2762,0.33678,0.14314
0.0546,-0.28071,0.3414,0.17401
0.0547,-0.28467,0.34518,0.20421
0.0548,-0.28798,0.34808,0.23376
0.0549,-0.29079,0.35014,0.2628
0.055,-0.29318,0.35136,0.2913
0.0551,-0.29505,0.35163,0.31921
0.0552,-0.29641,0.35092,0.34637
0.0553,-0.29741,0.34926,0.37278
0.0554,-0.29806,0.34669,0.39833
0.0555,-0.2984,0.34328,0.42295
0.0556,-0.29857,0.3391,0.44654
0.0557,-0.29858,0.33421,0.46909
0.0558,-0.29838,0.32869,0.49053
0.0559,-0.29804,0.32265,0.51086
0.056,-0.2976,0.31618,0.53008
0.0561,-0.29698,0.30928,0.54817
0.0562,-0.29611,0.30197,0.56509
0.0563,-0.29498,0.29425,0.58089
0.0564,-0.29353,0.28612,0.5956
0.0565,-0.29172,0.27757,0.60924
0.0566,-0.28952,0.2686,0.62182
0.0567,-0.28692,0.25917,0.63343
0.0568,-0.28385,0.24925,0.64407
0.0569,-0.28037,0.23889,0.65384
0.057,-0.2765,0.22811,0.66277
0.0571,-0.2722,0.21685,0.67089
0.0572,-0.26743,0.20517,0.67816
0.0573,-0.26233,0.19315,0.68459
0.0574,-0.25694,0.18087,0.69013
0.0575,-0.25125,0.16838,0.69469
0.0576,-0.24528,0.1558,0.69816
0.0577,-0.2391,0.14321,0.70054
0.0578,-0.2326,0.13067,0.70173
0.0579,-0.22574,0.11826,0.70168
0.058,-0.21854,0.10604,0.7004
0.0581,-0.21092,0.094012,0.69796
0.0582,-0.20273,0.082161,0.69432
0.0583,-0.19399,0.070485,0.68958
0.0584,-0.1847,0.058973,0.68382
0.0585,-0.17481,0.047551,0.67711
0.0586,-0.16431,0.036176,0.66948
0.0587,-0.15328,0.024796,0.66102
0.0588,-0.14172,0.013343,0.65181
0.0589,-0.12964,0.0017569,0.64187
0.059,-0.11711,-0.0099708,0.63126
0.0591,-0.1042,-0.021867,0.62001
0.0592,-0.090952,-0.033925,0.60814
0.0593,-0.077486,-0.046083,0.59566
0.0594,-0.06393,-0.058253,0.58259
0.0595,-0.050351,-0.070386,0.5689
0.0596,-0.036803,-0.082393,0.55453
0.0597,-0.023411,-0.094173,0.53947
0.0598,-0.010239,-0.10565,0.52367
0.0599,0.0026906,-0.11681,0.50708
0.06,0.015341,-0.12758,0.48967
0.0601,0.027673,-0.13793,0.47143
0.0602,0.039726,-0.14784,0.45235
0.0603,0.051506,-0.15731,0.43245
0.0604,0.063003,-0.16633,0.41176
0.0605,0.074252,-0.17496,0.39034
0.0606,0.085324,-0.18325,0.36822
0.0607,0.096229,-0.19125,0.34548
0.0608,0.107,-0.19902,0.32219
0.0609,0.1177,-0.20666,0.29841
0.061,0.12834,-0.2142,0.27416
0.0611,0.13887,-0.22166,0.24953
0.0612,0.14929,-0.22907,0.22453
0.0613,0.15956,-0.23642,0.19917
0.0614,0.16962,-0.24365,0.17347
0.0615,0.17939,-0.25073,0.14746
0.0616,0.18885,-0.25761,0.1211
0.0617,0.19793,-0.26423,0.094433
0.0618,0.20655,-0.27047,0.067481
0.0619,0.21468,-0.27631,0.040276
0.062,0.22233,-0.28169,0.01283
0.0621,0.22945,-0.28653,-0.014788
0.0622,0.23604,-0.2908,-0.042518
0.0623,0.24214,-0.2945,-0.070307
0.0624,0.24775,-0.29761,-0.098088
0.0625,0.2529,-0.30016,-0.12576
0.0626,0.25767,-0.30221,-0.15324
0.0627,0.26216,-0.3038,-0.18043
0.0628,0.26637,-0.30498,-0.20725
0.0629,0.27034,-0.30582,-0.23357
0.063,0.27411,-0.30634,-0.25933
0.0631,0.27766,-0.30656,-0.28443
0.0632,0.281,-0.30645,-0.3088
0.0633,0.28411,-0.30598,-0.33241
0.0634,0.28697,-0.3051,-0.35525
0.0635,0.28955,-0.30373,-0.37729
0.0636,0.29181,-0.3018,-0.39858
0.0637,0.29373,-0.29923,-0.41913
0.0638,0.29523,-0.29594,-0.43898
0.0639,0.29629,-0.29186,-0.45816
0.064,0.29691,-0.28696,-0.47673
0.0641,0.29703,-0.28118,-0.49471
0.0642,0.29666,-0.27452,-0.51208
0.0643,0.2958,-0.267,-0.52886
0.0644,0.2945,-0.25866,-0.54502
0.0645,0.2928,-0.24956,-0.5605
0.0646,0.29074,-0.23978,-0.57525
0.0647,0.28841,-0.22944,-0.58919
0.0648,0.28586,-0.21863,-0.60227
0.0649,0.28311,-0.20746,-0.61439
0.065,0.28022,-0.19604,-0.62548
0.0651,0.27721,-0.18447,-0.6355
0.0652,0.27407,-0.17282,-0.64439
0.0653,0.27079,-0.16117,-0.65211
0.0654,0.26738,-0.14956,-0.65869
0.0655,0.26376,-0.13801,-0.66416
0.0656,0.25987,-0.12652,-0.66851
0.0657,0.25566,-0.11506,-0.6718
0.0658,0.25108,-0.10359,-0.67408
0.0659,0.24604,-0.092045,-0.67538
0.066,0.24048,-0.080372,-0.67578
0.0661,0.23434,-0.068517,-0.67534
0.0662,0.22758,-0.056425,-0.6741
0.0663,0.22018,-0.044076,-0.6721
0.0664,0.21214,-0.031472,-0.66936
0.0665,0.20347,-0.018628,-0.66588
0.0666,0.19419,-0.0055736,-0.66166
0.0667,0.18431,0.0076312,-0.65665
0.0668,0.1739,0.020924,-0.65082
0.0669,0.16298,0.034234,-0.64412
0.067,0.15162,0.047482,-0.6365
0.0671,0.13987,0.060588,-0.62792
0.0672,0.1278,0.073486,-0.61837
0.0673,0.11547,0.086114,-0.60783
0.0674,0.10297,0.098424,-0.59632
0.0675,0.090326,0.11039,-0.58385
0.0676,0.077589,0.12201,-0.57048
0.0677,0.064791,0.1333,-0.55626
0.0678,0.051955,0.14428,-0.54126
0.0679,0.039075,0.15501,-0.52554
0.068,0.026148,0.16555,-0.50918
0.0681,0.013191,0.17595,-0.49226
0.0682,0.00021204,0.18628,-0.47482
0.0683,-0.012782,0.1966,-0.45692
0.0684,-0.025751,0.20692,-0.43858
0.0685,-0.038654,0.21723,-0.41985
0.0686,-0.051461,0.22754,-0.4007
0.0687,-0.06413,0.23779,-0.38111
0.0688,-0.076595,0.24795,-0.36103
0.0689,-0.088807,0.25795,-0.34041
0.069,-0.10073,0.26773,-0.31916
0.0691,-0.11231,0.2772,-0.29722
0.0692,-0.1235,0.2863,-0.27453
0.0693,-0.1343,0.29496,-0.25103
0.0694,-0.1447,0.30314,-0.22668
0.0695,-0.15468,0.3108,-0.20151
0.0696,-0.16427,0.31794,-0.17554
0.0697,-0.17349,0.32457,-0.14885
0.0698,-0.18239,0.33071,-0.12153
0.0699,-0.19099,0.33641,-0.093706
0.07,-0.19934,0.34172,-0.065516
0.0701,-0.20746,0.3467,-0.037091
0.0702,-0.21536,0.3514,-0.0085707
0.0703,-0.22305,0.35589,0.019926
0.0704,-0.23054,0.36021,0.048296
0.0705,-0.2378,0.36438,0.076451
0.0706,-0.2448,0.36841,0.10432
0.0707,-0.25152,0.3723,0.13186
0.0708,-0.25791,0.37601,0.15903
0.0709,-0.26391,0.37948,0.18581
0.071,-0.26952,0.38265,0.2122
0.0711,-0.2747,0.38544,0.2382
0.0712,-0.27941,0.38774,0.26381
0.0713,-0.28363,0.38947,0.28905
0.0714,-0.28735,0.39057,0.31391
0.0715,-0.29056,0.39095,0.3384
0.0716,-0.29329,0.39058,0.36251
0.0717,-0.29556,0.38941,0.3862
0.0718,-0.29741,0.38743,0.40945
0.0719,-0.29887,0.38464,0.4322
0.072,-0.29998,0.38106,0.45437
0.0721,-0.3008,0.37671,0.4759
0.0722,-0.30134,0.37164,0.4967
0.0723,-0.30164,0.36589,0.51671
0.0724,-0.30174,0.35953,0.53584
0.0725,-0.30163,0.3526,0.55404
0.0726,-0.30133,0.34517,0.57126
0.0727,-0.30081,0.33727,0.58749
0.0728,-0.30007,0.32896,0.60271
0.0729,-0.29905,0.32026,0.61694
0.073,-0.29773,0.31119,0.63019
0.0731,-0.29607,0.30176,0.6425
0.0732,-0.29403,0.29196,0.6539
0.0733,-0.29159,0.28179,0.66443
0.0734,-0.28873,0.27123,0.67412
0.0735,-0.28545,0.26028,0.68299
0.0736,-0.28175,0.24894,0.69105
0.0737,-0.27766,0.2372,0.6983
0.0738,-0.2732,0.22511,0.70474
0.0739,-0.26841,0.2127,0.71037
0.074,-0.2633,0.20001,0.71513
0.0741,-0.25789,0.18711,0.719
0.0742,-0.25222,0.17408,0.7219
0.0743,-0.24627,0.16099,0.72381
0.0744,-0.24003,0.14792,0.72467
0.0745,-0.23346,0.13492,0.72445
0.0746,-0.22651,0.12206,0.72313
0.0747,-0.21912,0.10936,0.72069
0.0748,-0.21125,0.096836,0.71714
0.0749,-0.20284,0.084489,0.71252
0.075,-0.19384,0.072293,0.70685
0.0751,-0.18424,0.060217,0.70019
0.0752,-0.17403,0.048218,0.69261
0.0753,-0.16322,0.036246,0.68416
0.0754,-0.15184,0.024262,0.67492
0.0755,-0.13994,0.012227,0.66495
0.0756,-0.12758,0.0001141,0.65429
0.0757,-0.11481,-0.012091,0.643
0.0758,-0.10172,-0.024382,0.63108
0.0759,-0.088376,-0.036738,0.61856
0.076,-0.07487,-0.049122,0.60543
0.0761,-0.061288,-0.061477,0.59166
0.0762,-0.047717,-0.073737,0.57725
0.0763,-0.034233,-0.085831,0.56216
0.0764,-0.0209,-0.097683,0.54635
0.0765,-0.0077755,-0.10925,0.52981
0.0766,0.0051023,-0.12048,0.5125
0.0767,0.017717,-0.13135,0.49442
0.0768,0.030062,-0.1418,0.47557
0.0769,0.042144,-0.15183,0.45595
0.077,0.053988,-0.16145,0.43559
0.0771,0.065621,-0.17068,0.41451
0.0772,0.07707,-0.17954,0.39274
0.0773,0.088364,-0.18809,0.37032
0.0774,0.099529,-0.19637,0.34731
0.0775,0.11058,-0.20444,0.32373
0.0776,0.12151,-0.21233,0.29965
0.0777,0.13233,-0.22008,0.27509
0.0778,0.14301,-0.22771,0.25011
0.0779,0.15352,-0.23523,0.22473
0.078,0.16381,-0.24263,0.19897
0.0781,0.17385,-0.24987,0.17287
0.0782,0.18357,-0.2569,0.14644
0.0783,0.19292,-0.26368,0.1197
0.0784,0.20187,-0.27015,0.092663
0.0785,0.21037,-0.27624,0.065365
0.0786,0.2184,-0.2819,0.037834
0.0787,0.22594,-0.28709,0.010111
0.0788,0.23299,-0.29176,-0.017754
0.0789,0.23956,-0.29589,-0.045698
0.079,0.24566,-0.29948,-0.07365
0.0791,0.25133,-0.30255,-0.10153
0.0792,0.2566,-0.30509,-0.12926
0.0793,0.26153,-0.30717,-0.15674
0.0794,0.26618,-0.3088,-0.18389
0.0795,0.27056,-0.31002,-0.21061
0.0796,0.27471,-0.31089,-0.23683
0.0797,0.27863,-0.3114,-0.26248
0.0798,0.28231,-0.31157,-0.28749
0.0799,0.28575,-0.31136,-0.31181
0.08,0.28891,-0.31074,-0.3354
0.0801,0.29178,-0.30965,-0.35826
0.0802,0.29431,-0.30803,-0.38038
0.0803,0.29648,-0.30579,-0.40176
0.0804,0.29823,-0.30286,-0.42241
0.0805,0.29956,-0.29919,-0.44238
0.0806,0.30043,-0.29472,-0.46167
0.0807,0.30084,-0.2894,-0.48031
0.0808,0.30078,-0.28324,-0.49831
0.0809,0.30028,-0.27623,-0.51568
0.081,0.29934,-0.26841,-0.53241
0.0811,0.29801,-0.25982,-0.54847
0.0812,0.29632,-0.25053,-0.56381
0.0813,0.29432,-0.24061,-0.5784
0.0814,0.29206,-0.23017,-0.59216
0.0815,0.28958,-0.2193,-0.60503
0.0816,0.28691,-0.20809,-0.61693
0.0817,0.28409,-0.19665,-0.62781
0.0818,0.28113,-0.18506,-0.63761
0.0819,0.27801,-0.17338,-0.6463
0.082,0.27472,-0.16167,-0.65385
0.0821,0.27122,-0.14996,-0.66028
0.0822,0.26748,-0.13826,-0.66562
0.0823,0.26342,-0.12657,-0.66989
0.0824,0.25899,-0.11487,-0.67312
0.0825,0.25414,-0.10311,-0.67536
0.0826,0.24881,-0.091262,-0.67665
0.0827,0.24296,-0.079278,-0.67705
0.0828,0.23652,-0.067121,-0.67659
0.0829,0.22949,-0.054761,-0.6753
0.083,0.22184,-0.042182,-0.67322
0.0831,0.21357,-0.029383,-0.67035
0.0832,0.20469,-0.016386,-0.66669
0.0833,0.19522,-0.0032243,-0.66223
0.0834,0.18519,0.010051,-0.65695
0.0835,0.17465,0.023378,-0.65082
0.0836,0.16362,0.036688,-0.64382
0.0837,0.15217,0.049914,-0.6359
0.0838,0.14035,0.062989,-0.62706
0.0839,0.12821,0.075855,-0.61726
0.084,0.11582,0.088467,-0.60652
0.0841,0.10322,0.10079,-0.59483
0.0842,0.090465,0.11281,-0.58223
0.0843,0.07759,0.12454,-0.56875
0.0844,0.064623,0.13597,-0.55444
0.0845,0.051588,0.14714,-0.53936
0.0846,0.0385,0.15809,-0.52358
0.0847,0.025372,0.16886,-0.50717
0.0848,0.012215,0.17948,-0.49018
0.0849,-0.00094798,0.19004,-0.47268
0.085,-0.014094,0.20054,-0.4547
0.0851,-0.027191,0.21101,-0.43627
0.0852,-0.040197,0.22143,-0.41739
0.0853,-0.053065,0.23178,-0.39807
0.0854,-0.065748,0.24204,-0.37826
0.0855,-0.078197,0.25215,-0.35791
0.0856,-0.090365,0.26206,-0.33697
0.0857,-0.10221,0.27171,-0.31537
0.0858,-0.11371,0.28103,-0.29306
0.0859,-0.12484,0.28998,-0.27
0.086,-0.13558,0.29851,-0.24614
0.0861,-0.14595,0.30657,-0.22149
0.0862,-0.15595,0.31414,-0.19607
0.0863,-0.16561,0.32123,-0.16992
0.0864,-0.17495,0.32784,-0.14312
0.0865,-0.18399,0.334,-0.11575
0.0866,-0.19278,0.33974,-0.08792
0.0867,-0.20132,0.34512,-0.059751
0.0868,-0.20963,0.35018,-0.031361
0.0869,-0.21773,0.35497,-0.002871
0.087,-0.22559,0.35953,0.025607
0.0871,-0.23322,0.3639,0.053971
0.0872,-0.24057,0.36808,0.082136
0.0873,-0.24763,0.37208,0.11003
0.0874,-0.25434,0.37588,0.13761
0.0875,-0.26068,0.37944,0.16482
0.0876,-0.2666,0.38271,0.19167
0.0877,-0.27211,0.38563,0.21812
0.0878,-0.27718,0.38812,0.24419
0.0879,-0.28177,0.39011,0.26988
0.088,-0.28588,0.39153,0.29518
0.0881,-0.28951,0.39231,0.32009
0.0882,-0.29266,0.3924,0.34461
0.0883,-0.29536,0.39175,0.36871
0.0884,-0.29763,0.39033,0.39237
0.0885,-0.29951,0.38813,0.41552
0.0886,-0.30104,0.38514,0.43813
0.0887,-0.30225,0.38138,0.46013
0.0888,-0.30318,0.37688,0.48146
0.0889,-0.30385,0.37167,0.50205
0.089,-0.30429,0.36579,0.52184
0.0891,-0.30449,0.35928,0.54078
0.0892,-0.30446,0.35221,0.5588
0.0893,-0.30419,0.3446,0.57589
0.0894,-0.30366,0.33652,0.59201
0.0895,-0.30284,0.32799,0.60716
0.0896,-0.30172,0.31905,0.62133
0.0897,-0.30025,0.30971,0.63455
0.0898,-0.29841,0.3,0.64683
0.0899,-0.29618,0.28991,0.6582
0.09,-0.29354,0.27944,0.66869
0.0901,-0.2905,0.26859,0.67831
0.0902,-0.28706,0.25736,0.68709
0.0903,-0.28323,0.24576,0.69503
0.0904,-0.27903,0.23382,0.70212
0.0905,-0.2745,0.22156,0.7084
0.0906,-0.26965,0.20902,0.71383
0.0907,-0.2645,0.19625,0.71837
0.0908,-0.25907,0.18331,0.72199
0.0909,-0.25337,0.17026,0.72464
0.091,-0.24739,0.15718,0.72627
0.0911,-0.24108,0.1441,0.72686
0.0912,-0.2344,0.1311,0.72638
0.0913,-0.22731,0.11819,0.72481
0.0914,-0.21974,0.10542,0.72215
0.0915,-0.21165,0.09278,0.71843
0.0916,-0.20298,0.080279,0.71366
0.0917,-0.19372,0.067895,0.70789
0.0918,-0.18383,0.0556,0.70115
0.0919,-0.17333,0.043359,0.69351
0.092,-0.16224,0.031137,0.68501
0.0921,-0.1506,0.018899,0.67572
0.0922,-0.13845,0.0066207,0.66567
0.0923,-0.12587,-0.0057139,0.65491
0.0924,-0.11293,-0.018107,0.64347
0.0925,-0.0997,-0.030545,0.63138
0.0926,-0.086271,-0.043002,0.61865
0.0927,-0.072726,-0.055437,0.60528
0.0928,-0.059144,-0.067798,0.59126
0.0929,-0.045599,-0.080025,0.57657
0.093,-0.032159,-0.092055,0.5612
0.0931,-0.018876,-0.10383,0.54512
0.0932,-0.0057905,-0.11532,0.52832
0.0933,0.0070696,-0.1265,0.51077
0.0934,0.019693,-0.13731,0.49246
0.0935,0.03208,-0.14775,0.4734
0.0936,0.044243,-0.1578,0.4536
0.0937,0.056201,-0.16747,0.43307
0.0938,0.067977,-0.17679,0.41185
0.0939,0.079595,-0.18577,0.38996
0.094,0.091074,-0.19445,0.36744
0.0941,0.10243,-0.20288,0.34433
0.0942,0.11366,-0.2111,0.32066
0.0943,0.12476,-0.21912,0.29648
0.0944,0.13572,-0.22697,0.27182
0.0945,0.1465,-0.23467,0.2467
0.0946,0.15707,-0.24221,0.22116
0.0947,0.16739,-0.24958,0.19522
0.0948,0.17741,-0.25675,0.1689
0.0949,0.18708,-0.26367,0.14223
0.095,0.19636,-0.2703,0.11525
0.0951,0.20522,-0.2766,0.087986
0.0952,0.21363,-0.2825,0.06048
0.0953,0.22158,-0.28797,0.032775
0.0954,0.22906,-0.29296,0.0049218
0.0955,0.23608,-0.29745,-0.023024
0.0956,0.24266,-0.30144,-0.051001
0.0957,0.2488,-0.3049,-0.078942
0.0958,0.25455,-0.30787,-0.10677
0.0959,0.25994,-0.31036,-0.13442
0.096,0.26501,-0.31239,-0.16179
0.0961,0.26981,-0.314,-0.18882
0.0962,0.27435,-0.31521,-0.21542
0.0963,0.27864,-0.31604,-0.24151
0.0964,0.28267,-0.31649,-0.26703
0.0965,0.28643,-0.31657,-0.29193
0.0966,0.28991,-0.31622,-0.31615
0.0967,0.29308,-0.31541,-0.33967
0.0968,0.29591,-0.31408,-0.36248
0.0969,0.29838,-0.31216,-0.38456
0.097,0.30044,-0.30959,-0.40593
0.0971,0.30208,-0.30631,-0.42659
0.0972,0.30328,-0.30226,-0.44657
0.0973,0.30402,-0.2974,-0.46587
0.0974,0.3043,-0.29171,-0.48452
0.0975,0.30414,-0.2852,-0.5025
0.0976,0.30355,-0.27787,-0.51983
0.0977,0.30256,-0.26977,-0.53647
0.0978,0.30121,-0.26094,-0.5524
0.0979,0.29953,-0.25145,-0.56759
0.098,0.29758,-0.24139,-0.58198
0.0981,0.29538,-0.23084,-0.59551
0.0982,0.29297,-0.21989,-0.60813
0.0983,0.29037,-0.20863,-0.61979
0.0984,0.2876,-0.19714,-0.63043
0.0985,0.28465,-0.1855,-0.64001
0.0986,0.28152,-0.17376,-0.64849
0.0987,0.27817,-0.16196,-0.65586
0.0988,0.27457,-0.15013,-0.66216
0.0989,0.27068,-0.13828,-0.66738
0.099,0.26644,-0.1264,-0.67155
0.0991,0.26179,-0.11446,-0.6747
0.0992,0.2567,-0.10245,-0.67687
0.0993,0.25112,-0.090335,-0.67809
0.0994,0.24501,-0.078075,-0.67841
0.0995,0.23832,-0.065647,-0.67787
0.0996,0.23105,-0.053036,-0.67648
0.0997,0.22318,-0.040235,-0.67427
0.0998,0.21471,-0.027254,-0.67124
0.0999,0.20566,-0.014115,-0.6674
0.1,0.19603,-0.00085301,-0.66274
0.1001,0.18587,0.012484,-0.65723
0.1002,0.1752,0.025843,-0.65085
0.1003,0.16407,0.039163,-0.64358
0.1004,0.15252,0.052386,-0.6354
0.1005,0.1406,0.065458,-0.62629
0.1006,0.12837,0.07833,-0.61625
0.1007,0.11588,0.090966,-0.60529
0.1008,0.10318,0.10334,-0.59341
0.1009,0.090304,0.11544,-0.58065
0.101,0.077294,0.12728,-0.56705
0.1011,0.064177,0.13885,-0.55265
0.1012,0.050978,0.15019,-0.5375
0.1013,0.037718,0.16132,-0.52167
0.1014,0.024418,0.17228,-0.5052
0.1015,0.011101,0.1831,-0.48816
0.1016,-0.0022051,0.19384,-0.47057
0.1017,-0.015467,0.20451,-0.45249
0.1018,-0.028646,0.2151,-0.43392
0.1019,-0.041701,0.22561,-0.41487
0.102,-0.054586,0.23601,-0.39534
0.1021,-0.067256,0.24627,-0.3753
0.1022,-0.07967,0.25634,-0.35468
0.1023,-0.09179,0.26618,-0.33345
0.1024,-0.10359,0.27573,-0.31155
0.1025,-0.11504,0.28495,-0.28893
0.1026,-0.12613,0.29378,-0.26557
0.1027,-0.13687,0.3022,-0.24143
0.1028,-0.14726,0.31017,-0.21653
0.1029,-0.15732,0.31768,-0.19089
0.103,-0.16706,0.32473,-0.16456
0.1031,-0.17652,0.33133,-0.13763
0.1032,-0.18571,0.33751,-0.11018
0.1033,-0.19464,0.3433,-0.082309
0.1034,-0.20335,0.34874,-0.054135
0.1035,-0.21182,0.35386,-0.025767
0.1036,-0.22006,0.35872,0.0026871
0.1037,-0.22804,0.36332,0.031126
0.1038,-0.23576,0.36771,0.05946
0.1039,-0.24317,0.37188,0.087609
0.104,-0.25024,0.37582,0.11551
0.1041,-0.25694,0.37952,0.14311
0.1042,-0.26323,0.38293,0.17036
0.1043,-0.26909,0.38601,0.19726
0.1044,-0.27451,0.38871,0.22377
0.1045,-0.27949,0.39095,0.2499
0.1046,-0.284,0.39266,0.27563
0.1047,-0.28803,0.39379,0.30096
0.1048,-0.29161,0.3943,0.32588
0.1049,-0.29474,0.39411,0.35038
0.105,-0.29745,0.39321,0.37444
0.1051,-0.29976,0.39155,0.39801
0.1052,-0.30171,0.38913,0.42107
0.1053,-0.30332,0.38595,0.44355
0.1054,-0.30463,0.38202,0.4654
0.1055,-0.30566,0.37735,0.48656
0.1056,-0.30643,0.37199,0.50698
0.1057,-0.30694,0.36596,0.52659
0.1058,-0.3072,0.3593,0.54535
0.1059,-0.3072,0.35206,0.56321
0.106,-0.30693,0.34428,0.58015
0.1061,-0.30636,0.336,0.59614
0.1062,-0.30547,0.32726,0.61119
0.1063,-0.30424,0.31808,0.62528
0.1064,-0.30264,0.3085,0.63843
0.1065,-0.30065,0.29852,0.65066
0.1066,-0.29827,0.28816,0.66199
0.1067,-0.29549,0.27742,0.67242
0.1068,-0.29231,0.26632,0.68197
0.1069,-0.28874,0.25486,0.69066
0.107,-0.28482,0.24305,0.69848
0.1071,-0.28054,0.23093,0.70543
0.1072,-0.27595,0.21852,0.71153
0.1073,-0.27107,0.20586,0.71676
0.1074,-0.26589,0.19301,0.72108
0.1075,-0.26043,0.18002,0.72446
0.1076,-0.25469,0.16693,0.72685
0.1077,-0.24863,0.15382,0.72824
0.1078,-0.24223,0.14072,0.72859
0.1079,-0.23542,0.12767,0.72788
0.108,-0.22816,0.11471,0.72611
0.1081,-0.22039,0.10185,0.72327
0.1082,-0.21206,0.089092,0.71938
0.1083,-0.20315,0.07644,0.71448
0.1084,-0.19361,0.063872,0.70859
0.1085,-0.18346,0.051368,0.70175
0.1086,-0.1727,0.0389,0.69402
0.1087,-0.16136,0.026443,0.68544
0.1088,-0.14949,0.013973,0.67606
0.1089,-0.13714,0.001477,0.66592
0.109,-0.12439,-0.011052,0.65505
0.1091,-0.11132,-0.023608,0.64348
0.1092,-0.097994,-0.036173,0.63124
0.1093,-0.084505,-0.048716,0.61833
0.1094,-0.070931,-0.061199,0.60476
0.1095,-0.057346,-0.073572,0.59051
0.1096,-0.043817,-0.085783,0.57558
0.1097,-0.0304,-0.097776,0.55995
0.1098,-0.017139,-0.10951,0.54362
0.1099,-0.0040645,-0.12096,0.52656
0.11,0.0088045,-0.13211,0.50878
0.1101,0.021463,-0.14291,0.49025
0.1102,0.033916,-0.15336,0.471
0.1103,0.046174,-0.16345,0.45103
0.1104,0.058256,-0.17318,0.43036
0.1105,0.070179,-0.18258,0.40902
0.1106,0.081958,-0.19167,0.38702
0.1107,0.093605,-0.20048,0.36439
0.1108,0.10512,-0.20903,0.34117
0.1109,0.1165,-0.21736,0.3174
0.111,0.12774,-0.22549,0.29309
0.1111,0.13879,-0.23343,0.26829
0.1112,0.14964,-0.24118,0.24302
0.1113,0.16025,-0.24873,0.2173
0.1114,0.17057,-0.25608,0.19118
0.1115,0.1805,-0.26157,0.16812
0.1116,0.18996,-0.2614,0.15668
0.1117,0.19911,-0.26101,0.14494
0.1118,0.20781,-0.26019,0.13291
0.1119,0.21606,-0.25892,0.12066
0.112,0.22386,-0.25722,0.10819
0.1121,0.23121,-0.25507,0.095525
0.1122,0.23813,-0.25246,0.082684
0.1123,0.24461,-0.24939,0.069728
0.1124,0.25068,-0.24588,0.056677
0.1125,0.25638,-0.24197,0.043562
0.1126,0.26177,-0.23775,0.030398
0.1127,0.2669,-0.23326,0.017231
0.1128,0.27175,-0.22849,0.0041037
0.1129,0.27633,-0.22344,-0.008927
0.113,0.28063,-0.21817,-0.021815
0.1131,0.28466,-0.21268,-0.034508
0.1132,0.2884,-0.20692,-0.046971
0.1133,0.29183,-0.20088,-0.059158
0.1134,0.29492,-0.19449,-0.071043
0.1135,0.29764,-0.18771,-0.082608
0.1136,0.3,-0.1805,-0.093851
0.1137,0.30196,-0.17277,-0.10477
0.1138,0.30346,-0.16443,-0.11537
0.1139,0.3045,-0.15545,-0.12569
0.114,0.3051,-0.14583,-0.13573
0.1141,0.30526,-0.13555,-0.14552
0.1142,0.30498,-0.12461,-0.15508
0.1143,0.30428,-0.11307,-0.1644
0.1144,0.30321,-0.10099,-0.17349
0.1145,0.3018,-0.088432,-0.18236
0.1146,0.30011,-0.075505,-0.191
0.1147,0.29815,-0.062298,-0.19938
0.1148,0.29594,-0.048877,-0.20749
0.1149,0.2935,-0.035334,-0.2153
0.115,0.29087,-0.021787,-0.22276
0.1151,0.28805,-0.0083149,-0.22986
0.1152,0.28503,0.0050387,-0.23655
0.1153,0.2818,0.018209,-0.24279
0.1154,0.27835,0.031149,-0.24859
0.1155,0.27462,0.043862,-0.25393
0.1156,0.27056,0.056359,-0.25883
0.1157,0.26613,0.068642,-0.26326
0.1158,0.26127,0.080744,-0.26725
0.1159,0.25594,0.09271,-0.27081
0.116,0.25011,0.10455,-0.27397
0.1161,0.24376,0.11628,-0.27676
0.1162,0.23684,0.12794,-0.2792
0.1163,0.22934,0.13952,-0.28132
0.1164,0.22127,0.151,-0.28315
0.1165,0.21265,0.16237,-0.28471
0.1166,0.20348,0.17361,-0.286
0.1167,0.19376,0.18469,-0.28703
0.1168,0.18352,0.19554,-0.28779
0.1169,0.1728,0.20612,-0.28827
0.117,0.16166,0.21637,-0.28845
0.1171,0.15014,0.22621,-0.28832
0.1172,0.13828,0.23563,-0.28785
0.1173,0.12613,0.24457,-0.28702
0.1174,0.11375,0.25303,-0.28581
0.1175,0.10116,0.261,-0.28421
0.1176,0.088395,0.26851,-0.28222
0.1177,0.075498,0.27556,-0.27983
0.1178,0.06249,0.2822,-0.27707
0.1179,0.049382,0.28846,-0.27393
0.118,0.036203,0.29438,-0.27045
0.1181,0.022989,0.29996,-0.26664
0.1182,0.009756,0.30527,-0.26253
0.1183,-0.0034688,0.31036,-0.25814
0.1184,-0.016636,0.31521,-0.2535
0.1185,-0.029706,0.31983,-0.2486
0.1186,-0.042651,0.32422,-0.24344
0.1187,-0.055428,0.32836,-0.23802
0.1188,-0.067976,0.33219,-0.23228
0.1189,-0.080255,0.33568,-0.22618
0.119,-0.092235,0.3388,-0.21966
0.1191,-0.10389,0.3415,-0.21266
0.1192,-0.11519,0.34373,-0.2051
0.1193,-0.12616,0.34549,-0.19695
0.1194,-0.13679,0.34676,-0.18815
0.1195,-0.14709,0.34754,-0.17868
0.1196,-0.15708,0.34783,-0.16855
0.1197,-0.16678,0.34767,-0.15777
0.1198,-0.17622,0.34708,-0.14638
0.1199,-0.18539,0.3461,-0.13443
0.12,-0.19432,0.34478,-0.12201
0.1201,-0.20302,0.34315,-0.10918
0.1202,-0.21147,0.34127,-0.096049
0.1203,-0.21968,0.33918,-0.082691
0.1204,-0.22763,0.33691,-0.069196
0.1205,-0.2353,0.33446,-0.055642
0.1206,-0.24266,0.33186,-0.042097
0.1207,-0.24968,0.32909,-0.028622
0.1208,-0.25631,0.32611,-0.015262
0.1209,-0.26251,0.32288,-0.002049
0.121,-0.26828,0.31937,0.010995
0.1211,-0.2736,0.31552,0.023861
0.1212,-0.27846,0.31127,0.036551
0.1213,-0.28286,0.30659,0.049071
0.1214,-0.28679,0.30142,0.061432
0.1215,-0.29027,0.29574,0.073649
0.1216,-0.29333,0.28952,0.085737
0.1217,-0.29598,0.28274,0.097702
0.1218,-0.29825,0.27539,0.10955
0.1219,-0.30017,0.26746,0.12127
0.122,-0.30177,0.25896,0.13285
0.1221,-0.30308,0.24992,0.14425
0.1222,-0.3041,0.24036,0.15545
0.1223,-0.30486,0.23031,0.16642
0.1224,-0.30536,0.21983,0.1771
0.1225,-0.30561,0.20894,0.18746
