0.05,0.41371,0.11177,-0.45577
0.0501,0.40075,0.13134,-0.46288
0.0502,0.38698,0.15075,-0.46946
0.0503,0.37247,0.16988,-0.47545
0.0504,0.35729,0.18863,-0.48082
0.0505,0.34153,0.20687,-0.48549
0.0506,0.32528,0.2245,-0.48941
0.0507,0.30861,0.24147,-0.49257
0.0508,0.29156,0.25774,-0.49492
0.0509,0.27418,0.27331,-0.49647
0.051,0.2565,0.28824,-0.49722
0.0511,0.23852,0.30259,-0.49722
0.0512,0.22025,0.31644,-0.49652
0.0513,0.20171,0.3299,-0.49518
0.0514,0.18292,0.34306,-0.49328
0.0515,0.16389,0.35601,-0.49087
0.0516,0.14466,0.36878,-0.48798
0.0517,0.12523,0.3814,-0.48462
0.0518,0.10565,0.39385,-0.4808
0.0519,0.085936,0.4061,-0.47648
0.052,0.066145,0.41811,-0.47162
0.0521,0.046329,0.42979,-0.46617
0.0522,0.026554,0.44107,-0.46006
0.0523,0.0068914,0.45184,-0.45318
0.0524,-0.012587,0.46198,-0.44547
0.0525,-0.031831,0.47141,-0.43683
0.0526,-0.050798,0.48002,-0.42719
0.0527,-0.069471,0.48776,-0.41647
0.0528,-0.087846,0.49461,-0.40466
0.0529,-0.10594,0.50057,-0.39175
0.053,-0.12376,0.50567,-0.37779
0.0531,-0.14133,0.50997,-0.36285
0.0532,-0.15865,0.51356,-0.34704
0.0533,-0.17573,0.5165,-0.33049
0.0534,-0.19257,0.5189,-0.31332
0.0535,-0.20917,0.52083,-0.29567
0.0536,-0.22554,0.52236,-0.27765
0.0537,-0.24166,0.52355,-0.25936
0.0538,-0.25752,0.52444,-0.2409
0.0539,-0.2731,0.52505,-0.22234
0.054,-0.28836,0.52535,-0.20373
0.0541,-0.30323,0.52531,-0.18513
0.0542,-0.31769,0.52484,-0.16653
0.0543,-0.33168,0.52384,-0.14794
0.0544,-0.34515,0.52219,-0.12932
0.0545,-0.35803,0.51978,-0.11064
0.0546,-0.37031,0.51649,-0.091865
0.0547,-0.38196,0.51224,-0.072945
0.0548,-0.39297,0.50696,-0.053863
0.0549,-0.40336,0.50062,-0.034606
0.055,-0.41313,0.49319,-0.015189
0.0551,-0.42228,0.4847,0.0043582
0.0552,-0.43086,0.47517,0.023984
0.0553,-0.43887,0.46465,0.043638
0.0554,-0.44635,0.45321,0.06325
0.0555,-0.45332,0.44095,0.082748
0.0556,-0.50994,0.37365,0.20649
0.0557,-0.54888,0.32404,0.29443
0.0558,-0.58683,0.27426,0.38117
0.0559,-0.62457,0.22463,0.46715
0.056,-0.66219,0.17539,0.55225
0.0561,-0.69869,0.12611,0.63593
0.0562,-0.73368,0.076818,0.71782
0.0563,-0.76842,0.027731,0.79898
0.0564,-0.80322,-0.02109,0.87972
0.0565,-0.83697,-0.070127,0.95943
0.0566,-0.86912,-0.11939,1.0376
0.0567,-0.90003,-0.16891,1.1147
0.0568,-0.92958,-0.21854,1.1905
0.0569,-0.95779,-0.268,1.2647
0.057,-0.98479,-0.31694,1.3372
0.0571,-1.0101,-0.36561,1.4079
0.0572,-1.0336,-0.41393,1.4763
0.0573,-1.0556,-0.46166,1.5429
0.0574,-1.0765,-0.50866,1.6077
0.0575,-1.0958,-0.55499,1.6704
0.0576,-1.1133,-0.60045,1.7308
0.0577,-1.1293,-0.6449,1.7887
0.0578,-1.1437,-0.68817,1.8443
0.0579,-1.1565,-0.73,1.8971
0.058,-1.1678,-0.76994,1.9469
0.0581,-1.1771,-0.80799,1.9934
0.0582,-1.1844,-0.8441,2.0362
0.0583,-1.19,-0.87821,2.0759
0.0584,-1.194,-0.91043,2.1126
0.0585,-1.1959,-0.94129,2.1462
0.0586,-1.1953,-0.97096,2.1766
0.0587,-1.193,-0.9995,2.2044
0.0588,-1.1893,-1.0269,2.2299
0.0589,-1.1836,-1.0533,2.2529
0.059,-1.1761,-1.0787,2.2731
0.0591,-1.1669,-1.1028,2.2906
0.0592,-1.1559,-1.1258,2.3053
0.0593,-1.143,-1.1473,2.3168
0.0594,-1.1285,-1.167,2.325
0.0595,-1.1123,-1.185,2.3299
0.0596,-1.0942,-1.2012,2.3311
0.0597,-1.0745,-1.2154,2.3289
0.0598,-1.0536,-1.2274,2.3232
0.0599,-1.0315,-1.2374,2.3142
0.06,-1.0081,-1.2452,2.3016
0.0601,-0.98377,-1.2506,2.2856
0.0602,-0.95845,-1.2539,2.2663
0.0603,-0.93201,-1.255,2.2436
0.0604,-0.9045,-1.2541,2.2174
0.0605,-0.87578,-1.2512,2.1879
0.0606,-0.84565,-1.2464,2.1547
0.0607,-0.81435,-1.2397,2.1182
0.0608,-0.78211,-1.2313,2.0786
0.0609,-0.74872,-1.2214,2.0359
0.061,-0.71403,-1.2101,1.9903
0.0611,-0.67834,-1.1977,1.9422
0.0612,-0.6418,-1.1841,1.8917
0.0613,-0.60429,-1.1694,1.8388
0.0614,-0.56588,-1.1536,1.7836
0.0615,-0.52669,-1.1365,1.726
0.0616,-0.48665,-1.1181,1.6658
0.0617,-0.44586,-1.098,1.603
0.0618,-0.40458,-1.0759,1.5375
0.0619,-0.36283,-1.0519,1.4692
0.062,-0.32058,-1.0258,1.3982
0.0621,-0.27805,-0.99768,1.3247
0.0622,-0.23536,-0.96773,1.249
0.0623,-0.1924,-0.93618,1.1714
0.0624,-0.14928,-0.90312,1.0919
0.0625,-0.10621,-0.86866,1.0111
0.0626,-0.063101,-0.83296,0.92907
0.0627,-0.019906,-0.79615,0.84585
0.0628,0.023225,-0.75824,0.76166
0.0629,0.066342,-0.7194,0.67666
0.063,0.10969,-0.67974,0.59075
0.0631,0.15315,-0.63929,0.50411
0.0632,0.19651,-0.59805,0.41703
0.0633,0.23984,-0.5562,0.32964
0.0634,0.28321,-0.51378,0.24195
0.0635,0.32635,-0.47077,0.15426
0.0636,0.36905,-0.42713,0.066751
0.0637,0.41129,-0.38281,-0.020592
0.0638,0.45295,-0.33761,-0.10781
0.0639,0.49384,-0.29146,-0.19478
0.064,0.53402,-0.24436,-0.28159
0.0641,0.57352,-0.19626,-0.36831
0.0642,0.61222,-0.14709,-0.45489
0.0643,0.6501,-0.096961,-0.54123
0.0644,0.68716,-0.045939,-0.62729
0.0645,0.72325,0.0058413,-0.71283
0.0646,0.75829,0.058139,-0.79754
0.0647,0.79231,0.1106,-0.88115
0.0648,0.82528,0.16297,-0.96342
0.0649,0.8571,0.21498,-1.044
0.065,0.88783,0.26636,-1.1228
0.0651,0.91752,0.31692,-1.1995
0.0652,0.94605,0.36661,-1.2742
0.0653,0.97345,0.4153,-1.3468
0.0654,0.99981,0.46297,-1.4174
0.0655,1.025,0.50969,-1.4859
0.0656,1.0488,0.55555,-1.5523
0.0657,1.0712,0.60052,-1.6166
0.0658,1.0922,0.64462,-1.6788
0.0659,1.1116,0.68785,-1.7386
0.066,1.1291,0.73016,-1.7961
0.0661,1.145,0.77154,-1.8512
0.0662,1.1589,0.81206,-1.9039
0.0663,1.1708,0.85177,-1.9541
0.0664,1.1807,0.89066,-2.0018
0.0665,1.1885,0.9287,-2.0471
0.0666,1.1943,0.96589,-2.0899
0.0667,1.1982,1.002,-2.13
0.0668,1.2001,1.037,-2.1675
0.0669,1.2002,1.0706,-2.2021
0.067,1.1984,1.1026,-2.2337
0.0671,1.1948,1.1327,-2.262
0.0672,1.1894,1.1608,-2.2869
0.0673,1.1823,1.1868,-2.3082
0.0674,1.1734,1.2106,-2.3259
0.0675,1.163,1.2322,-2.34
0.0676,1.1508,1.2518,-2.3506
0.0677,1.1371,1.2693,-2.3577
0.0678,1.1219,1.285,-2.3616
0.0679,1.1054,1.2989,-2.3624
0.068,1.0874,1.3112,-2.3602
0.0681,1.068,1.322,-2.355
0.0682,1.0472,1.3313,-2.3469
0.0683,1.0249,1.3392,-2.3358
0.0684,1.0011,1.3458,-2.3217
0.0685,0.97587,1.3509,-2.3046
0.0686,0.94919,1.3544,-2.2843
0.0687,0.92109,1.3564,-2.2608
0.0688,0.89171,1.3566,-2.234
0.0689,0.86114,1.355,-2.204
0.069,0.82945,1.3516,-2.1707
0.0691,0.79677,1.3463,-2.1342
0.0692,0.76322,1.3389,-2.0943
0.0693,0.72879,1.3296,-2.0512
0.0694,0.69349,1.3182,-2.0048
0.0695,0.65744,1.3048,-1.955
0.0696,0.62064,1.2892,-1.9021
0.0697,0.58306,1.2717,-1.8458
0.0698,0.54477,1.2521,-1.7865
0.0699,0.50583,1.2307,-1.7244
0.07,0.46619,1.2078,-1.6596
0.0701,0.42585,1.1834,-1.5924
0.0702,0.38491,1.1577,-1.5231
0.0703,0.34341,1.131,-1.4521
0.0704,0.30134,1.1034,-1.3793
0.0705,0.2588,1.0749,-1.3051
0.0706,0.21588,1.0454,-1.2294
0.0707,0.17259,1.0151,-1.1524
0.0708,0.12896,0.98364,-1.074
0.0709,0.085106,0.95105,-0.99414
0.071,0.041066,0.91721,-0.91289
0.0711,-0.0031076,0.88204,-0.83025
0.0712,-0.047295,0.84548,-0.74631
0.0713,-0.091386,0.80752,-0.66121
0.0714,-0.13531,0.76817,-0.57505
0.0715,-0.17896,0.72742,-0.48799
0.0716,-0.22219,0.68529,-0.40021
0.0717,-0.26498,0.64187,-0.31186
0.0718,-0.30732,0.59722,-0.22306
0.0719,-0.34915,0.55143,-0.13398
0.072,-0.39051,0.50464,-0.044761
0.0721,-0.43143,0.45697,0.044487
0.0722,-0.47188,0.40854,0.13359
0.0723,-0.51181,0.35951,0.22234
0.0724,-0.55124,0.31004,0.31058
0.0725,-0.59011,0.26028,0.39813
0.0726,-0.62833,0.21037,0.48476
0.0727,-0.66582,0.16043,0.57032
0.0728,-0.70254,0.11055,0.65472
0.0729,-0.73838,0.060757,0.73786
0.073,-0.77327,0.011082,0.81968
0.0731,-0.80718,-0.03848,0.90021
0.0732,-0.84005,-0.087979,0.97947
0.0733,-0.87177,-0.13747,1.0575
0.0734,-0.90231,-0.18698,1.1342
0.0735,-0.9316,-0.23651,1.2096
0.0736,-0.95955,-0.28601,1.2836
0.0737,-0.98609,-0.33538,1.3561
0.0738,-1.0112,-0.38444,1.4269
0.0739,-1.0349,-0.43301,1.4959
0.074,-1.057,-0.48092,1.5627
0.0741,-1.0775,-0.52797,1.6273
0.0742,-1.0965,-0.57398,1.6895
0.0743,-1.1139,-0.61882,1.7491
0.0744,-1.1296,-0.66237,1.806
0.0745,-1.1437,-0.70453,1.8603
0.0746,-1.1561,-0.74523,1.9117
0.0747,-1.1667,-0.78444,1.9603
0.0748,-1.1755,-0.82211,2.006
0.0749,-1.1826,-0.8582,2.0488
0.075,-1.1878,-0.89274,2.0886
0.0751,-1.1911,-0.92572,2.1254
0.0752,-1.1924,-0.95721,2.1592
0.0753,-1.1918,-0.98728,2.19
0.0754,-1.1892,-1.016,2.2178
0.0755,-1.1847,-1.0434,2.2426
0.0756,-1.1783,-1.0696,2.2646
0.0757,-1.17,-1.0946,2.2837
0.0758,-1.1599,-1.1183,2.3
0.0759,-1.1481,-1.1407,2.3133
0.076,-1.1347,-1.1616,2.3237
0.0761,-1.1196,-1.1809,2.331
0.0762,-1.103,-1.1985,2.3351
0.0763,-1.0849,-1.2142,2.3359
0.0764,-1.0654,-1.2279,2.3332
0.0765,-1.0444,-1.2394,2.3269
0.0766,-1.0222,-1.2487,2.3171
0.0767,-0.9986,-1.2558,2.3036
0.0768,-0.97381,-1.2607,2.2865
0.0769,-0.94786,-1.2634,2.266
0.077,-0.92078,-1.264,2.242
0.0771,-0.89256,-1.2627,2.2146
0.0772,-0.86323,-1.2595,2.1841
0.0773,-0.83279,-1.2547,2.1504
0.0774,-0.8012,-1.2482,2.1137
0.0775,-0.76847,-1.2402,2.074
0.0776,-0.73462,-1.2308,2.0313
0.0777,-0.69967,-1.2199,1.9858
0.0778,-0.66364,-1.2075,1.9374
0.0779,-0.6266,-1.1938,1.8861
0.078,-0.58862,-1.1786,1.8322
0.0781,-0.54976,-1.162,1.7757
0.0782,-0.51013,-1.144,1.7165
0.0783,-0.46984,-1.1244,1.6549
0.0784,-0.42896,-1.1032,1.5907
0.0785,-0.38756,-1.0803,1.5242
0.0786,-0.34575,-1.0557,1.4552
0.0787,-0.30359,-1.0293,1.384
0.0788,-0.26112,-1.0011,1.3104
0.0789,-0.2184,-0.97119,1.2347
0.079,-0.17547,-0.93954,1.157
0.0791,-0.13235,-0.90631,1.0774
0.0792,-0.089048,-0.87166,0.99622
0.0793,-0.045611,-0.83575,0.91364
0.0794,-0.0020706,-0.79872,0.82992
0.0795,0.041538,-0.76074,0.74524
0.0796,0.08516,-0.72192,0.65983
0.0797,0.12876,-0.68236,0.57384
0.0798,0.17232,-0.64209,0.48738
0.0799,0.21579,-0.60112,0.40054
0.08,0.2591,-0.55944,0.3134
0.0801,0.30223,-0.51699,0.22601
0.0802,0.34509,-0.47374,0.13842
0.0803,0.38759,-0.4296,0.050709
0.0804,0.42963,-0.38455,-0.037059
0.0805,0.47114,-0.33854,-0.12481
0.0806,0.512,-0.29156,-0.21245
0.0807,0.55211,-0.24363,-0.29986
0.0808,0.59141,-0.1948,-0.38696
0.0809,0.62986,-0.14514,-0.47365
0.081,0.6674,-0.094744,-0.55981
0.0811,0.70401,-0.043745,-0.64532
0.0812,0.73969,0.0077194,-0.73007
0.0813,0.77441,0.059491,-0.81391
0.0814,0.80814,0.11138,-0.89666
0.0815,0.84089,0.1632,-0.97815
0.0816,0.87263,0.21472,-1.0582
0.0817,0.90332,0.26577,-1.1366
0.0818,0.93292,0.31615,-1.2131
0.0819,0.96139,0.36572,-1.2876
0.082,0.98867,0.41437,-1.3601
0.0821,1.0147,0.46205,-1.4303
0.0822,1.0394,0.50873,-1.4984
0.0823,1.0627,0.55446,-1.5642
0.0824,1.0845,0.59926,-1.6278
0.0825,1.1047,0.64322,-1.6891
0.0826,1.1233,0.68637,-1.7483
0.0827,1.1402,0.72875,-1.8052
0.0828,1.1552,0.77036,-1.8599
0.0829,1.1684,0.81118,-1.9123
0.083,1.1797,0.85115,-1.9622
0.0831,1.1891,0.89018,-2.0096
0.0832,1.1964,0.92819,-2.0544
0.0833,1.2017,0.96505,-2.0965
0.0834,1.205,1.0006,-2.1357
0.0835,1.2064,1.0348,-2.1719
0.0836,1.2058,1.0675,-2.2052
0.0837,1.2034,1.0985,-2.2353
0.0838,1.1992,1.1278,-2.2622
0.0839,1.1932,1.1551,-2.2858
0.084,1.1856,1.1806,-2.3061
0.0841,1.1763,1.2041,-2.3231
0.0842,1.1654,1.2256,-2.3366
0.0843,1.1528,1.2451,-2.3468
0.0844,1.1388,1.2627,-2.3536
0.0845,1.1231,1.2784,-2.357
0.0846,1.1059,1.2924,-2.3572
0.0847,1.0872,1.3046,-2.3542
0.0848,1.067,1.3153,-2.3481
0.0849,1.0454,1.3244,-2.3389
0.085,1.0223,1.3321,-2.3267
0.0851,0.99784,1.3383,-2.3116
0.0852,0.972,1.343,-2.2934
0.0853,0.94484,1.3462,-2.2722
0.0854,0.9164,1.3477,-2.2479
0.0855,0.88674,1.3475,-2.2203
0.0856,0.85591,1.3455,-2.1895
0.0857,0.82399,1.3415,-2.1552
0.0858,0.79102,1.3355,-2.1176
0.0859,0.75709,1.3274,-2.0765
0.086,0.72226,1.3173,-2.0321
0.0861,0.68658,1.3051,-1.9843
0.0862,0.6501,1.291,-1.9334
0.0863,0.61286,1.275,-1.8793
0.0864,0.57489,1.2571,-1.8223
0.0865,0.53621,1.2376,-1.7625
0.0866,0.49684,1.2164,-1.7001
0.0867,0.45679,1.1937,-1.6352
0.0868,0.4161,1.1697,-1.568
0.0869,0.37477,1.1443,-1.4986
0.087,0.33286,1.1177,-1.4272
0.0871,0.29041,1.0899,-1.354
0.0872,0.24749,1.0611,-1.279
0.0873,0.20417,1.0312,-1.2026
0.0874,0.16055,1.0003,-1.1246
0.0875,0.11669,0.96824,-1.0453
0.0876,0.072661,0.93505,-0.96475
0.0877,0.02854,0.90065,-0.88292
0.0878,-0.015597,0.86499,-0.79987
0.0879,-0.059679,0.828,-0.71566
0.088,-0.10363,0.78963,-0.63035
0.0881,-0.1474,0.74988,-0.54403
0.0882,-0.19092,0.70874,-0.45679
0.0883,-0.23414,0.66628,-0.36878
0.0884,-0.277,0.62255,-0.28018
0.0885,-0.31947,0.57767,-0.19115
0.0886,-0.36149,0.53174,-0.10188
0.0887,-0.40304,0.48491,-0.012583
0.0888,-0.44408,0.43732,0.076568
0.0889,-0.48459,0.3891,0.1654
0.089,-0.52455,0.34036,0.25377
0.0891,-0.56392,0.29121,0.34153
0.0892,-0.60267,0.24174,0.42857
0.0893,-0.64074,0.19204,0.51478
0.0894,-0.67807,0.14216,0.60006
0.0895,-0.7146,0.092175,0.68432
0.0896,-0.75025,0.042128,0.76747
0.0897,-0.78494,-0.0079362,0.84944
0.0898,-0.81859,-0.057982,0.93014
0.0899,-0.85112,-0.10797,1.0095
0.09,-0.88246,-0.15788,1.0875
0.0901,-0.91256,-0.20766,1.164
0.0902,-0.94135,-0.25728,1.239
0.0903,-0.9688,-0.30668,1.3125
0.0904,-0.99486,-0.35577,1.3842
0.0905,-1.0195,-0.40444,1.4543
0.0906,-1.0427,-0.45258,1.5224
0.0907,-1.0645,-0.50003,1.5885
0.0908,-1.0847,-0.54662,1.6523
0.0909,-1.1033,-0.59219,1.7139
0.091,-1.1204,-0.63661,1.7728
0.0911,-1.1358,-0.67972,1.8292
0.0912,-1.1495,-0.72144,1.8827
0.0913,-1.1615,-0.76168,1.9334
0.0914,-1.1716,-0.80042,1.9812
0.0915,-1.1799,-0.83766,2.026
0.0916,-1.1863,-0.8734,2.0679
0.0917,-1.1907,-0.90768,2.1068
0.0918,-1.1933,-0.94055,2.1429
0.0919,-1.1939,-0.97205,2.176
0.092,-1.1926,-1.0022,2.2062
0.0921,-1.1893,-1.031,2.2335
0.0922,-1.1842,-1.0586,2.2579
0.0923,-1.1772,-1.0847,2.2793
0.0924,-1.1683,-1.1096,2.2978
0.0925,-1.1577,-1.1329,2.3132
0.0926,-1.1453,-1.1548,2.3255
0.0927,-1.1313,-1.1751,2.3347
0.0928,-1.1157,-1.1936,2.3407
0.0929,-1.0986,-1.2104,2.3435
0.093,-1.08,-1.2252,2.3429
0.0931,-1.0601,-1.2381,2.339
0.0932,-1.0388,-1.2489,2.3316
0.0933,-1.0162,-1.2577,2.3208
0.0934,-0.9923,-1.2643,2.3065
0.0935,-0.96718,-1.2688,2.2887
0.0936,-0.94084,-1.2713,2.2674
0.0937,-0.91328,-1.2717,2.2426
0.0938,-0.88454,-1.2702,2.2145
0.0939,-0.85462,-1.2669,2.1832
0.094,-0.82354,-1.2619,2.1486
0.0941,-0.79132,-1.2553,2.111
0.0942,-0.75799,-1.2471,2.0704
0.0943,-0.72357,-1.2375,2.0269
0.0944,-0.68812,-1.2264,1.9806
0.0945,-0.65166,-1.2138,1.9314
0.0946,-0.61426,-1.1998,1.8795
0.0947,-0.57597,-1.1843,1.8249
0.0948,-0.53687,-1.1673,1.7675
0.0949,-0.49702,-1.1487,1.7075
0.095,-0.45651,-1.1284,1.6449
0.0951,-0.41543,-1.1064,1.5797
0.0952,-0.37384,-1.0828,1.5121
0.0953,-0.33183,-1.0574,1.4421
0.0954,-0.28947,-1.0303,1.3699
0.0955,-0.2468,-1.0016,1.2957
0.0956,-0.20389,-0.97133,1.2194
0.0957,-0.16077,-0.93951,1.1413
0.0958,-0.11748,-0.90625,1.0616
0.0959,-0.074001,-0.87166,0.98029
0.096,-0.030367,-0.83585,0.89768
0.0961,0.01339,-0.79895,0.81389
0.0962,0.057231,-0.76104,0.72911
0.0963,0.10111,-0.72221,0.6435
0.0964,0.14497,-0.68256,0.55723
0.0965,0.18875,-0.6421,0.47045
0.0966,0.23238,-0.60087,0.38327
0.0967,0.27579,-0.55886,0.29581
0.0968,0.31892,-0.51604,0.20815
0.0969,0.36169,-0.47237,0.12036
0.097,0.40402,-0.42781,0.032504
0.0971,0.44583,-0.3823,-0.055367
0.0972,0.48707,-0.33583,-0.14319
0.0973,0.52766,-0.2884,-0.2309
0.0974,0.56753,-0.24003,-0.31839
0.0975,0.60662,-0.1908,-0.40558
0.0976,0.64488,-0.1408,-0.49232
0.0977,0.68226,-0.090158,-0.57848
0.0978,0.71873,-0.039026,-0.6639
0.0979,0.75426,0.01243,-0.74843
0.098,0.78882,0.064037,-0.8319
0.0981,0.82239,0.11562,-0.91415
0.0982,0.85495,0.16702,-0.99502
0.0983,0.88647,0.21808,-1.0744
0.0984,0.91692,0.26865,-1.152
0.0985,0.94626,0.31861,-1.2279
0.0986,0.97444,0.36787,-1.3019
0.0987,1.0014,0.41633,-1.3739
0.0988,1.0271,0.46396,-1.4438
0.0989,1.0514,0.5107,-1.5116
0.099,1.0742,0.55656,-1.5771
0.0991,1.0955,0.60153,-1.6404
0.0992,1.1152,0.64564,-1.7015
0.0993,1.1332,0.68889,-1.7602
0.0994,1.1494,0.7313,-1.8166
0.0995,1.1638,0.77286,-1.8706
0.0996,1.1763,0.81356,-1.9223
0.0997,1.1869,0.85333,-1.9715
0.0998,1.1956,0.89212,-2.0181
0.0999,1.2023,0.92981,-2.0621
0.1,1.207,0.9663,-2.1033
0.1001,1.2099,1.0015,-2.1417
0.1002,1.2107,1.0352,-2.1772
0.1003,1.2097,1.0673,-2.2095
0.1004,1.2069,1.0977,-2.2386
0.1005,1.2022,1.1263,-2.2646
0.1006,1.1957,1.1531,-2.2872
0.1007,1.1875,1.178,-2.3065
0.1008,1.1776,1.2011,-2.3224
0.1009,1.1661,1.2222,-2.335
0.101,1.153,1.2414,-2.3444
0.1011,1.1384,1.2589,-2.3504
0.1012,1.1221,1.2746,-2.3532
0.1013,1.1044,1.2885,-2.3528
0.1014,1.0851,1.3008,-2.3492
0.1015,1.0644,1.3114,-2.3425
0.1016,1.0422,1.3205,-2.3326
0.1017,1.0185,1.328,-2.3197
0.1018,0.99347,1.3339,-2.3036
0.1019,0.96709,1.3382,-2.2844
0.102,0.93942,1.3408,-2.262
0.1021,0.91053,1.3417,-2.2365
0.1022,0.88046,1.3408,-2.2077
0.1023,0.84927,1.3381,-2.1757
0.1024,0.81703,1.3334,-2.1404
0.1025,0.78378,1.3268,-2.1018
0.1026,0.74957,1.3183,-2.0598
0.1027,0.71445,1.3077,-2.0145
0.1028,0.67846,1.2951,-1.9659
0.1029,0.64163,1.2807,-1.9141
0.103,0.604,1.2644,-1.8593
0.1031,0.5656,1.2463,-1.8016
0.1032,0.52647,1.2266,-1.7411
0.1033,0.48663,1.2053,-1.678
0.1034,0.44612,1.1825,-1.6125
0.1035,0.40499,1.1584,-1.5448
0.1036,0.36327,1.1331,-1.475
0.1037,0.32102,1.1064,-1.4033
0.1038,0.27828,1.0786,-1.3297
0.1039,0.23512,1.0497,-1.2544
0.104,0.19161,1.0195,-1.1774
0.1041,0.14783,0.9882,-1.099
0.1042,0.10384,0.95568,-1.0191
0.1043,0.059699,0.92193,-0.93787
0.1044,0.015491,0.88693,-0.85538
0.1045,-0.028706,0.85066,-0.77172
0.1046,-0.07282,0.81309,-0.68697
0.1047,-0.11678,0.77423,-0.60123
0.1048,-0.16054,0.73407,-0.5146
0.1049,-0.20404,0.69264,-0.4272
0.105,-0.24723,0.65,-0.33914
0.1051,-0.29009,0.60619,-0.25057
0.1052,-0.33256,0.5613,-0.16163
0.1053,-0.37462,0.51542,-0.072495
0.1054,-0.41623,0.46867,0.016672
0.1055,-0.45734,0.42115,0.1057
0.1056,-0.49792,0.37299,0.19441
0.1057,-0.53792,0.32429,0.28266
0.1058,-0.57729,0.27517,0.37028
0.1059,-0.61598,0.2257,0.45716
0.106,-0.65392,0.17597,0.54318
0.1061,-0.69106,0.12604,0.62825
0.1062,-0.72734,0.075961,0.71228
0.1063,-0.76268,0.025789,0.7952
0.1064,-0.79703,-0.024439,0.87695
0.1065,-0.83031,-0.074678,0.95745
0.1066,-0.86246,-0.12488,1.0366
0.1067,-0.89342,-0.17499,1.1144
0.1068,-0.92313,-0.22494,1.1908
0.1069,-0.95154,-0.27466,1.2655
0.107,-0.97862,-0.32405,1.3386
0.1071,-1.0043,-0.37301,1.4098
0.1072,-1.0286,-0.42142,1.4793
0.1073,-1.0514,-0.46917,1.5467
0.1074,-1.0727,-0.51614,1.612
0.1075,-1.0926,-0.56218,1.675
0.1076,-1.1108,-0.6072,1.7356
0.1077,-1.1274,-0.65106,1.7937
0.1078,-1.1424,-0.69368,1.8492
0.1079,-1.1556,-0.73497,1.902
0.108,-1.1671,-0.77487,1.952
0.1081,-1.1767,-0.81334,1.9991
0.1082,-1.1844,-0.85037,2.0433
0.1083,-1.1902,-0.88597,2.0846
0.1084,-1.1941,-0.92014,2.1229
0.1085,-1.1959,-0.95291,2.1582
0.1086,-1.1958,-0.98431,2.1906
0.1087,-1.1938,-1.0144,2.2201
0.1088,-1.1899,-1.0431,2.2467
0.1089,-1.1841,-1.0704,2.2703
0.109,-1.1764,-1.0964,2.2909
0.1091,-1.167,-1.1209,2.3085
0.1092,-1.1558,-1.1439,2.323
0.1093,-1.143,-1.1653,2.3344
0.1094,-1.1285,-1.1851,2.3427
0.1095,-1.1125,-1.203,2.3477
0.1096,-1.0949,-1.2191,2.3493
0.1097,-1.0759,-1.2333,2.3477
0.1098,-1.0555,-1.2455,2.3426
0.1099,-1.0338,-1.2556,2.3341
0.11,-1.0107,-1.2638,2.3222
0.1101,-0.9864,-1.2699,2.3068
0.1102,-0.96081,-1.274,2.288
0.1103,-0.93398,-1.2762,2.2659
0.1104,-0.90594,-1.2764,2.2404
0.1105,-0.87669,-1.2748,2.2116
0.1106,-0.84625,-1.2714,2.1795
0.1107,-0.81465,-1.2663,2.1443
0.1108,-0.78191,-1.2596,2.106
0.1109,-0.74805,-1.2513,2.0646
0.111,-0.71313,-1.2414,2.0203
0.1111,-0.67719,-1.23,1.9731
0.1112,-0.64029,-1.2171,1.923
0.1113,-0.6025,-1.2026,1.8701
0.1114,-0.56386,-1.1867,1.8146
0.1115,-0.52447,-1.1691,1.7563
0.1116,-0.48438,-1.1499,1.6954
0.1117,-0.44367,-1.1291,1.6319
0.1118,-0.40241,-1.1065,1.566
0.1119,-0.36065,-1.0823,1.4976
0.112,-0.31847,-1.0565,1.4269
0.1121,-0.27591,-1.029,1.3541
0.1122,-0.23304,-0.99988,1.2792
0.1123,-0.1899,-0.96926,1.2023
0.1124,-0.14654,-0.93719,1.1238
0.1125,-0.10298,-0.90378,1.0436
0.1126,-0.059238,-0.86911,0.96205
0.1127,-0.015354,-0.83329,0.87921
0.1128,0.02863,-0.7964,0.79527
0.1129,0.07267,-0.75851,0.71037
0.113,0.11671,-0.71969,0.62466
0.1131,0.16071,-0.67998,0.53827
0.1132,0.20458,-0.6394,0.45134
0.1133,0.24828,-0.59795,0.36397
0.1134,0.29172,-0.55562,0.27627
0.1135,0.33483,-0.5124,0.18834
0.1136,0.37754,-0.46827,0.10026
0.1137,0.41976,-0.42321,0.012138
0.1138,0.46144,-0.37721,-0.075961
0.1139,0.48245,-0.35144,-0.12273
0.114,0.48994,-0.33951,-0.1417
0.1141,0.49688,-0.3268,-0.16044
0.1142,0.5029,-0.31305,-0.17889
0.1143,0.50782,-0.2982,-0.19696
0.1144,0.51187,-0.28245,-0.2147
0.1145,0.51542,-0.26597,-0.23236
0.1146,0.5183,-0.24877,-0.2498
0.1147,0.52013,-0.23077,-0.26677
0.1148,0.5211,-0.21212,-0.28332
0.1149,0.52172,-0.19319,-0.29967
0.115,0.52215,-0.17424,-0.31574
0.1151,0.52228,-0.15531,-0.33139
0.1152,0.52196,-0.13629,-0.34662
0.1153,0.52104,-0.11716,-0.36137
0.1154,0.51949,-0.097995,-0.37556
0.1155,0.51749,-0.078884,-0.38931
0.1156,0.51501,-0.05982,-0.40264
0.1157,0.51181,-0.040735,-0.4154
0.1158,0.50777,-0.021619,-0.42754
0.1159,0.50307,-0.0025719,-0.43918
0.116,0.49774,0.016313,-0.4503
0.1161,0.49155,0.035151,-0.4608
0.1162,0.48432,0.054145,-0.47076
0.1163,0.47601,0.073378,-0.48025
0.1164,0.46664,0.092808,-0.48926
0.1165,0.45621,0.11243,-0.49779
0.1166,0.44465,0.13225,-0.50579
0.1167,0.43191,0.15218,-0.51314
0.1168,0.4182,0.17203,-0.51984
0.1169,0.40388,0.19157,-0.52605
0.117,0.38903,0.21068,-0.53171
0.1171,0.37351,0.22937,-0.53665
0.1172,0.35733,0.24769,-0.54095
0.1173,0.34072,0.26558,-0.54471
0.1174,0.32375,0.28294,-0.54788
0.1175,0.30646,0.29979,-0.55044
0.1176,0.28894,0.31616,-0.55249
0.1177,0.27118,0.33201,-0.55393
0.1178,0.25313,0.3473,-0.55462
0.1179,0.23485,0.36204,-0.55462
0.118,0.21641,0.37626,-0.55399
0.1181,0.19769,0.39006,-0.55265
0.1182,0.17859,0.40358,-0.55059
0.1183,0.15916,0.41689,-0.54792
0.1184,0.13943,0.42999,-0.54462
0.1185,0.11941,0.44281,-0.54061
0.1186,0.099148,0.45536,-0.53592
0.1187,0.078771,0.46756,-0.53054
0.1188,0.058383,0.47931,-0.52444
0.1189,0.038079,0.49051,-0.51758
0.119,0.017872,0.50116,-0.50993
0.1191,-0.0023207,0.51128,-0.50139
0.1192,-0.022454,0.52082,-0.49191
0.1193,-0.04233,0.52967,-0.48158
0.1194,-0.061844,0.53775,-0.47037
0.1195,-0.081027,0.54504,-0.45822
0.1196,-0.099833,0.55152,-0.44513
0.1197,-0.11819,0.55715,-0.43116
0.1198,-0.13614,0.56193,-0.41631
0.1199,-0.15374,0.56597,-0.40065
0.12,-0.17099,0.56935,-0.38433
0.1201,-0.188,0.57218,-0.36743
0.1202,-0.20489,0.57458,-0.34995
0.1203,-0.22169,0.57661,-0.33202
0.1204,-0.23833,0.57824,-0.3137
0.1205,-0.25482,0.57944,-0.29499
0.1206,-0.27108,0.58018,-0.27596
0.1207,-0.287,0.58044,-0.25671
0.1208,-0.30253,0.58014,-0.23726
0.1209,-0.31769,0.57928,-0.21761
0.121,-0.33245,0.57786,-0.19787
0.1211,-0.34674,0.57584,-0.17808
0.1212,-0.36049,0.57312,-0.15825
0.1213,-0.37361,0.56962,-0.13844
0.1214,-0.38601,0.56525,-0.11869
0.1215,-0.39772,0.55992,-0.098926
0.1216,-0.40875,0.55358,-0.079089
0.1217,-0.41904,0.54618,-0.059237
0.1218,-0.42859,0.5377,-0.039397
0.1219,-0.43749,0.52818,-0.019543
0.122,-0.44579,0.51768,0.00027334
0.1221,-0.45353,0.50627,0.019982
0.1222,-0.46076,0.494,0.039587
0.1223,-0.46755,0.48094,0.059074
0.1224,-0.47384,0.46714,0.078356
0.1225,-0.47964,0.45266,0.097398
