0.05,0.4137,0.11177,-0.45577
0.0501,0.40074,0.13134,-0.46287
0.0502,0.38698,0.15076,-0.46945
0.0503,0.37246,0.16989,-0.47545
0.0504,0.35729,0.18863,-0.48082
0.0505,0.34153,0.20687,-0.48548
0.0506,0.32528,0.22451,-0.48941
0.0507,0.3086,0.24148,-0.49257
0.0508,0.29156,0.25775,-0.49492
0.0509,0.27418,0.27332,-0.49646
0.051,0.2565,0.28824,-0.49722
0.0511,0.23851,0.30259,-0.49722
0.0512,0.22024,0.31645,-0.49651
0.0513,0.20171,0.32991,-0.49518
0.0514,0.18292,0.34307,-0.49328
0.0515,0.16389,0.35602,-0.49087
0.0516,0.14465,0.36879,-0.48798
0.0517,0.12523,0.38141,-0.48462
0.0518,0.10565,0.39386,-0.4808
0.0519,0.085932,0.40611,-0.47648
0.052,0.066142,0.41811,-0.47162
0.0521,0.046326,0.4298,-0.46617
0.0522,0.026551,0.44108,-0.46005
0.0523,0.0068884,0.45185,-0.45318
0.0524,-0.01259,0.46199,-0.44547
0.0525,-0.031834,0.47141,-0.43683
0.0526,-0.050801,0.48003,-0.42718
0.0527,-0.069474,0.48777,-0.41647
0.0528,-0.087849,0.49462,-0.40466
0.0529,-0.10594,0.50058,-0.39175
0.053,-0.12376,0.50568,-0.37778
0.0531,-0.14133,0.50998,-0.36285
0.0532,-0.15865,0.51356,-0.34704
0.0533,-0.17573,0.51651,-0.33049
0.0534,-0.19257,0.51891,-0.31332
0.0535,-0.20917,0.52083,-0.29567
0.0536,-0.22554,0.52236,-0.27764
0.0537,-0.24166,0.52355,-0.25935
0.0538,-0.25752,0.52445,-0.24089
0.0539,-0.2731,0.52505,-0.22233
0.054,-0.28836,0.52536,-0.20373
0.0541,-0.30324,0.52532,-0.18512
0.0542,-0.3177,0.52485,-0.16653
0.0543,-0.33169,0.52385,-0.14793
0.0544,-0.34515,0.5222,-0.12932
0.0545,-0.35804,0.51979,-0.11064
0.0546,-0.37031,0.5165,-0.091861
0.0547,-0.38196,0.51225,-0.072941
0.0548,-0.39298,0.50697,-0.053859
0.0549,-0.40336,0.50063,-0.034602
0.055,-0.41313,0.4932,-0.015184
0.0551,-0.42229,0.48471,0.0043626
0.0552,-0.43086,0.47518,0.023989
0.0553,-0.43887,0.46466,0.043642
0.0554,-0.44635,0.45323,0.063254
0.0555,-0.45332,0.44096,0.082753
0.0556,-0.45982,0.42796,0.10206
0.0557,-0.46586,0.41431,0.12111
0.0558,-0.47146,0.40012,0.13981
0.0559,-0.4766,0.38547,0.15809
0.056,-0.48126,0.37041,0.17592
0.0561,-0.48542,0.355,0.19325
0.0562,-0.48902,0.33923,0.21007
0.0563,-0.49205,0.32312,0.22639
0.0564,-0.49444,0.30663,0.24226
0.0565,-0.49618,0.28974,0.2577
0.0566,-0.49724,0.27243,0.27277
0.0567,-0.49759,0.25465,0.28751
0.0568,-0.49722,0.2364,0.30194
0.0569,-0.49613,0.21767,0.31609
0.057,-0.4943,0.19849,0.32998
0.0571,-0.49175,0.17888,0.34362
0.0572,-0.48847,0.15893,0.35696
0.0573,-0.48448,0.1387,0.36999
0.0574,-0.47982,0.1183,0.38264
0.0575,-0.47449,0.097843,0.39485
0.0576,-0.46852,0.077455,0.40656
0.0577,-0.4619,0.057249,0.41771
0.0578,-0.45461,0.03732,0.42821
0.0579,-0.44661,0.017745,0.43803
0.058,-0.43786,-0.001432,0.44711
0.0581,-0.42833,-0.020199,0.45543
0.0582,-0.41798,-0.038568,0.463
0.0583,-0.40678,-0.056575,0.46984
0.0584,-0.39473,-0.074273,0.47597
0.0585,-0.38184,-0.091724,0.48145
0.0586,-0.36812,-0.10899,0.48632
0.0587,-0.3536,-0.12613,0.49063
0.0588,-0.33832,-0.1432,0.49443
0.0589,-0.32232,-0.16023,0.49777
0.059,-0.30566,-0.17724,0.50066
0.0591,-0.28841,-0.19422,0.50314
0.0592,-0.27063,-0.21113,0.50521
0.0593,-0.25242,-0.22791,0.50686
0.0594,-0.23387,-0.24446,0.50807
0.0595,-0.21505,-0.26069,0.50878
0.0596,-0.19605,-0.27647,0.50895
0.0597,-0.14602,-0.2847,0.50955
0.0598,-0.11475,-0.29663,0.50888
0.0599,-0.087557,-0.30872,0.50728
0.06,-0.061573,-0.32038,0.50487
0.0601,-0.036173,-0.33155,0.50162
0.0602,-0.011162,-0.34194,0.49743
0.0603,0.013611,-0.35145,0.49229
0.0604,0.038329,-0.36036,0.48627
0.0605,0.062873,-0.36884,0.4794
0.0606,0.087058,-0.37671,0.4716
0.0607,0.11076,-0.38407,0.46289
0.0608,0.13411,-0.39112,0.45332
0.0609,0.15716,-0.39787,0.44295
0.061,0.17994,-0.40437,0.43184
0.0611,0.20245,-0.41072,0.42008
0.0612,0.22479,-0.4168,0.40765
0.0613,0.24694,-0.42246,0.39461
0.0614,0.26892,-0.42775,0.38101
0.0615,0.29065,-0.43271,0.36687
0.0616,0.31199,-0.43717,0.35216
0.0617,0.33277,-0.44099,0.3369
0.0618,0.35304,-0.4442,0.32108
0.0619,0.37277,-0.44668,0.30469
0.062,0.39189,-0.44837,0.28776
0.0621,0.41027,-0.44931,0.27035
0.0622,0.42791,-0.44945,0.25246
0.0623,0.44483,-0.44873,0.23408
0.0624,0.46113,-0.44723,0.21532
0.0625,0.47681,-0.44507,0.19623
0.0626,0.49178,-0.44215,0.1768
0.0627,0.50596,-0.43851,0.15711
0.0628,0.51944,-0.43439,0.13729
0.0629,0.5322,-0.42985,0.11741
0.063,0.54418,-0.42485,0.097522
0.0631,0.55533,-0.41942,0.077753
0.0632,0.56575,-0.41362,0.058153
0.0633,0.57543,-0.40732,0.038744
0.0634,0.58436,-0.40045,0.019564
0.0635,0.59262,-0.39303,0.00066274
0.0636,0.60025,-0.38491,-0.018024
0.0637,0.60722,-0.37592,-0.036534
0.0638,0.61352,-0.36602,-0.054863
0.0639,0.61915,-0.35524,-0.073024
0.064,0.62403,-0.34345,-0.091081
0.0641,0.62806,-0.33066,-0.10903
0.0642,0.63123,-0.31695,-0.12687
0.0643,0.63354,-0.30232,-0.14464
0.0644,0.63499,-0.28679,-0.16235
0.0645,0.63554,-0.27051,-0.17993
0.0646,0.6352,-0.25361,-0.19736
0.0647,0.63399,-0.23614,-0.2146
0.0648,0.63198,-0.2183,-0.23158
0.0649,0.62922,-0.20025,-0.24817
0.065,0.6257,-0.18207,-0.26434
0.0651,0.62138,-0.16379,-0.28001
0.0652,0.61632,-0.14559,-0.29511
0.0653,0.61054,-0.12754,-0.30962
0.0654,0.60401,-0.10961,-0.32352
0.0655,0.59674,-0.091828,-0.33679
0.0656,0.58876,-0.074209,-0.34944
0.0657,0.58005,-0.056652,-0.3615
0.0658,0.57058,-0.039119,-0.37298
0.0659,0.56032,-0.021613,-0.38389
0.066,0.54926,-0.0040517,-0.39429
0.0661,0.53734,0.013668,-0.40424
0.0662,0.52455,0.031536,-0.41376
0.0663,0.51084,0.04956,-0.42288
0.0664,0.49618,0.067781,-0.43166
0.0665,0.48051,0.086141,-0.44006
0.0666,0.46385,0.1045,-0.44806
0.0667,0.44619,0.12282,-0.45565
0.0668,0.42757,0.14104,-0.46278
0.0669,0.408,0.15898,-0.46938
0.067,0.38757,0.17657,-0.4754
0.0671,0.36631,0.19376,-0.48081
0.0672,0.34434,0.21046,-0.48555
0.0673,0.3218,0.22656,-0.48956
0.0674,0.29878,0.24208,-0.49285
0.0675,0.27535,0.25705,-0.4954
0.0676,0.25163,0.27144,-0.49719
0.0677,0.2277,0.28527,-0.49822
0.0678,0.20357,0.29862,-0.49852
0.0679,0.17927,0.31153,-0.49812
0.068,0.15486,0.32403,-0.49705
0.0681,0.13036,0.33625,-0.49537
0.0682,0.10576,0.34825,-0.49313
0.0683,0.081091,0.36002,-0.49033
0.0684,0.056388,0.37157,-0.48702
0.0685,0.031662,0.38291,-0.48321
0.0686,0.0069482,0.39398,-0.47885
0.0687,-0.017709,0.40472,-0.47392
0.0688,-0.042279,0.41509,-0.46837
0.0689,-0.06675,0.42503,-0.46211
0.069,-0.091078,0.4344,-0.45508
0.0691,-0.11523,0.44317,-0.44719
0.0692,-0.13915,0.45126,-0.43838
0.0693,-0.16279,0.4586,-0.42857
0.0694,-0.1861,0.46515,-0.41774
0.0695,-0.20904,0.47095,-0.40588
0.0696,-0.23158,0.47598,-0.39298
0.0697,-0.25365,0.48023,-0.37906
0.0698,-0.27522,0.4838,-0.36423
0.0699,-0.29628,0.48677,-0.34856
0.07,-0.31679,0.48919,-0.33215
0.0701,-0.33675,0.49113,-0.31512
0.0702,-0.35616,0.49268,-0.29761
0.0703,-0.37504,0.49388,-0.2797
0.0704,-0.39336,0.4947,-0.26149
0.0705,-0.41113,0.49521,-0.24309
0.0706,-0.42835,0.4954,-0.22455
0.0707,-0.44501,0.49521,-0.20592
0.0708,-0.46106,0.49458,-0.18724
0.0709,-0.47651,0.4935,-0.16855
0.071,-0.49134,0.49186,-0.14983
0.0711,-0.50549,0.48956,-0.13107
0.0712,-0.51892,0.48655,-0.11227
0.0713,-0.53161,0.48275,-0.093399
0.0714,-0.54353,0.47807,-0.074416
0.0715,-0.55467,0.47247,-0.055304
0.0716,-0.56502,0.46593,-0.036057
0.0717,-0.57458,0.4584,-0.016665
0.0718,-0.58331,0.44989,0.0028453
0.0719,-0.59123,0.44047,0.022428
0.072,-0.59832,0.43017,0.042032
0.0721,-0.60458,0.41904,0.061604
0.0722,-0.60998,0.40715,0.081063
0.0723,-0.61456,0.3946,0.10034
0.0724,-0.61832,0.38143,0.11937
0.0725,-0.62126,0.36773,0.13809
0.0726,-0.62342,0.35356,0.15644
0.0727,-0.62485,0.33896,0.17437
0.0728,-0.62556,0.32395,0.19187
0.0729,-0.62555,0.30855,0.2089
0.073,-0.62485,0.29279,0.22547
0.0731,-0.62344,0.27663,0.24159
0.0732,-0.6213,0.26008,0.25729
0.0733,-0.61842,0.24314,0.27258
0.0734,-0.61477,0.22579,0.28751
0.0735,-0.61032,0.20803,0.30211
0.0736,-0.60506,0.1899,0.31638
0.0737,-0.59895,0.17144,0.33037
0.0738,-0.59199,0.15269,0.34408
0.0739,-0.58417,0.13371,0.35748
0.074,-0.5755,0.1146,0.37054
0.0741,-0.56596,0.095427,0.38322
0.0742,-0.55556,0.076258,0.39547
0.0743,-0.5443,0.05721,0.40722
0.0744,-0.53217,0.038357,0.41842
0.0745,-0.51916,0.01975,0.42902
0.0746,-0.50526,0.0014523,0.43896
0.0747,-0.49046,-0.016495,0.44822
0.0748,-0.47478,-0.034104,0.45676
0.0749,-0.45821,-0.051385,0.46458
0.075,-0.44078,-0.06835,0.47169
0.0751,-0.42254,-0.085048,0.4781
0.0752,-0.40351,-0.10155,0.48385
0.0753,-0.38374,-0.11788,0.48899
0.0754,-0.36328,-0.1341,0.49355
0.0755,-0.34218,-0.15023,0.49758
0.0756,-0.32045,-0.16628,0.50111
0.0757,-0.29815,-0.18224,0.50417
0.0758,-0.27531,-0.19807,0.50678
0.0759,-0.25197,-0.21373,0.50893
0.076,-0.22818,-0.22915,0.51062
0.0761,-0.204,-0.24426,0.51183
0.0762,-0.17949,-0.25897,0.51253
0.0763,-0.15472,-0.27321,0.51267
0.0764,-0.12979,-0.28689,0.5122
0.0765,-0.10476,-0.29998,0.51106
0.0766,-0.079713,-0.31246,0.5092
0.0767,-0.054703,-0.32426,0.50654
0.0768,-0.029783,-0.33538,0.50305
0.0769,-0.0049877,-0.34583,0.4987
0.077,0.019652,-0.35564,0.49344
0.0771,0.044106,-0.36483,0.48728
0.0772,0.068365,-0.37348,0.48021
0.0773,0.09242,-0.38164,0.47225
0.0774,0.11626,-0.38934,0.4634
0.0775,0.13986,-0.39664,0.45372
0.0776,0.16323,-0.40359,0.44322
0.0777,0.18635,-0.4102,0.43197
0.0778,0.20919,-0.41648,0.41999
0.0779,0.23175,-0.42242,0.40734
0.078,0.254,-0.42801,0.39405
0.0781,0.2759,-0.43318,0.38016
0.0782,0.29744,-0.43788,0.36569
0.0783,0.31856,-0.44205,0.35066
0.0784,0.33924,-0.44563,0.33509
0.0785,0.35941,-0.44854,0.31898
0.0786,0.37904,-0.45075,0.30235
0.0787,0.39807,-0.45221,0.28522
0.0788,0.41647,-0.45291,0.26759
0.0789,0.43419,-0.45284,0.24951
0.079,0.45118,-0.45203,0.231
0.0791,0.46744,-0.4505,0.21211
0.0792,0.48296,-0.44831,0.19288
0.0793,0.49775,-0.44549,0.17339
0.0794,0.51181,-0.44209,0.1537
0.0795,0.52515,-0.43814,0.13387
0.0796,0.53778,-0.43368,0.11398
0.0797,0.5497,-0.42873,0.094096
0.0798,0.56092,-0.42329,0.074286
0.0799,0.57144,-0.41732,0.054606
0.08,0.58125,-0.4108,0.0351
0.0801,0.59035,-0.40364,0.015794
0.0802,0.59871,-0.39578,-0.0032967
0.0803,0.60633,-0.38717,-0.02217
0.0804,0.61319,-0.37773,-0.040841
0.0805,0.61929,-0.3674,-0.059333
0.0806,0.62461,-0.35615,-0.077667
0.0807,0.62913,-0.34396,-0.095869
0.0808,0.63286,-0.33082,-0.11396
0.0809,0.63577,-0.31677,-0.13195
0.081,0.63785,-0.30188,-0.14983
0.0811,0.63911,-0.2862,-0.1676
0.0812,0.63953,-0.26983,-0.18523
0.0813,0.63911,-0.25288,-0.20268
0.0814,0.63787,-0.23546,-0.21989
0.0815,0.6358,-0.21769,-0.23681
0.0816,0.63292,-0.19968,-0.25336
0.0817,0.62926,-0.18155,-0.26948
0.0818,0.62484,-0.16336,-0.2851
0.0819,0.61966,-0.14519,-0.30019
0.082,0.61376,-0.12707,-0.3147
0.0821,0.60713,-0.10904,-0.32863
0.0822,0.59977,-0.091095,-0.34196
0.0823,0.59168,-0.073212,-0.35468
0.0824,0.58282,-0.055374,-0.3668
0.0825,0.57318,-0.037536,-0.37836
0.0826,0.56271,-0.019661,-0.38937
0.0827,0.55138,-0.0017213,-0.39988
0.0828,0.53915,0.016308,-0.4099
0.0829,0.52599,0.034443,-0.41948
0.083,0.51186,0.052676,-0.42864
0.0831,0.49675,0.070983,-0.43738
0.0832,0.48066,0.089329,-0.44572
0.0833,0.4636,0.10766,-0.45363
0.0834,0.4456,0.12589,-0.46109
0.0835,0.42669,0.14396,-0.46808
0.0836,0.40691,0.16177,-0.47454
0.0837,0.38632,0.17925,-0.48043
0.0838,0.36499,0.19632,-0.4857
0.0839,0.343,0.21293,-0.49031
0.084,0.32042,0.22903,-0.49422
0.0841,0.29735,0.24461,-0.49741
0.0842,0.27386,0.25964,-0.49986
0.0843,0.25003,0.27416,-0.50156
0.0844,0.22593,0.28819,-0.50254
0.0845,0.20163,0.30175,-0.5028
0.0846,0.17716,0.3149,-0.50237
0.0847,0.15257,0.32768,-0.50129
0.0848,0.12788,0.34014,-0.49958
0.0849,0.10311,0.35233,-0.49728
0.085,0.078286,0.36426,-0.49441
0.0851,0.053423,0.37591,-0.49097
0.0852,0.02855,0.38726,-0.48698
0.0853,0.0036931,0.39829,-0.48241
0.0854,-0.021111,0.40894,-0.47723
0.0855,-0.045818,0.41914,-0.47138
0.0856,-0.070385,0.42885,-0.46479
0.0857,-0.094768,0.438,-0.45741
0.0858,-0.11892,0.44653,-0.44915
0.0859,-0.1428,0.45439,-0.43997
0.086,-0.16636,0.46156,-0.42981
0.0861,-0.18957,0.46802,-0.41864
0.0862,-0.21241,0.47376,-0.40647
0.0863,-0.23483,0.47879,-0.3933
0.0864,-0.25683,0.48314,-0.37919
0.0865,-0.27838,0.48685,-0.3642
0.0866,-0.29946,0.48997,-0.3484
0.0867,-0.32005,0.49255,-0.33189
0.0868,-0.34014,0.49464,-0.31478
0.0869,-0.35971,0.49628,-0.29717
0.087,-0.37873,0.49752,-0.27917
0.0871,-0.39719,0.49838,-0.26087
0.0872,-0.41506,0.49885,-0.24235
0.0873,-0.43234,0.49892,-0.22368
0.0874,-0.44899,0.49857,-0.20491
0.0875,-0.465,0.49774,-0.18608
0.0876,-0.48037,0.49638,-0.1672
0.0877,-0.49508,0.49443,-0.14829
0.0878,-0.5091,0.4918,-0.12933
0.0879,-0.52241,0.48844,-0.11031
0.088,-0.53498,0.48428,-0.091216
0.0881,-0.54678,0.47928,-0.072032
0.0882,-0.55779,0.47339,-0.052743
0.0883,-0.568,0.46659,-0.033346
0.0884,-0.5774,0.45888,-0.013847
0.0885,-0.58599,0.45026,0.0057361
0.0886,-0.59376,0.44074,0.02537
0.0887,-0.60071,0.43038,0.045009
0.0888,-0.60687,0.41921,0.064597
0.0889,-0.61222,0.40729,0.084074
0.089,-0.61678,0.39468,0.10337
0.0891,-0.62055,0.38144,0.12243
0.0892,-0.62354,0.36762,0.14118
0.0893,-0.62577,0.35327,0.15957
0.0894,-0.62722,0.33845,0.17757
0.0895,-0.62791,0.32318,0.19515
0.0896,-0.62784,0.30749,0.21228
0.0897,-0.627,0.2914,0.22897
0.0898,-0.6254,0.27491,0.24522
0.0899,-0.62303,0.25804,0.26105
0.09,-0.61988,0.2408,0.27648
0.0901,-0.61595,0.22318,0.29152
0.0902,-0.61122,0.20521,0.30621
0.0903,-0.60568,0.18691,0.32056
0.0904,-0.59933,0.16833,0.33459
0.0905,-0.59215,0.14951,0.34832
0.0906,-0.58413,0.13051,0.36171
0.0907,-0.57527,0.11142,0.37474
0.0908,-0.56555,0.092303,0.38736
0.0909,-0.55498,0.073233,0.39953
0.091,-0.54354,0.054279,0.4112
0.0911,-0.53123,0.035505,0.42232
0.0912,-0.51804,0.016958,0.43284
0.0913,-0.50395,-0.0013285,0.44272
0.0914,-0.48898,-0.019334,0.45193
0.0915,-0.47312,-0.037056,0.46045
0.0916,-0.45638,-0.054506,0.46828
0.0917,-0.43879,-0.071704,0.4754
0.0918,-0.42035,-0.088677,0.48185
0.0919,-0.40111,-0.10546,0.48765
0.092,-0.3811,-0.12207,0.49283
0.0921,-0.36036,-0.13854,0.49741
0.0922,-0.33894,-0.15488,0.50145
0.0923,-0.31689,-0.17108,0.50496
0.0924,-0.29427,-0.18714,0.50798
0.0925,-0.27114,-0.203,0.51051
0.0926,-0.24755,-0.21864,0.51257
0.0927,-0.22357,-0.23398,0.51413
0.0928,-0.19927,-0.24897,0.51519
0.0929,-0.1747,-0.26354,0.51571
0.093,-0.14992,-0.27762,0.51565
0.0931,-0.12501,-0.29116,0.51497
0.0932,-0.10001,-0.30415,0.51361
0.0933,-0.074991,-0.31653,0.51153
0.0934,-0.049992,-0.32828,0.50866
0.0935,-0.025063,-0.33941,0.50498
0.0936,-0.00024257,-0.34991,0.50044
0.0937,0.024439,-0.35981,0.49502
0.0938,0.048958,-0.36915,0.4887
0.0939,0.073294,-0.37796,0.48149
0.094,0.097433,-0.38629,0.47338
0.0941,0.12136,-0.39418,0.46439
0.0942,0.14508,-0.40164,0.45456
0.0943,0.16856,-0.40872,0.44391
0.0944,0.1918,-0.41541,0.43248
0.0945,0.21477,-0.42172,0.42031
0.0946,0.23744,-0.42762,0.40745
0.0947,0.25979,-0.4331,0.39392
0.0948,0.28176,-0.4381,0.37977
0.0949,0.30333,-0.4426,0.36503
0.095,0.32444,-0.44653,0.34972
0.0951,0.34506,-0.44986,0.33387
0.0952,0.36513,-0.45254,0.31749
0.0953,0.38462,-0.45453,0.30062
0.0954,0.4035,-0.45582,0.28327
0.0955,0.42173,-0.45639,0.26545
0.0956,0.4393,-0.45624,0.24721
0.0957,0.45617,-0.45539,0.22857
0.0958,0.47235,-0.45386,0.20957
0.0959,0.48783,-0.45168,0.19027
0.096,0.50262,-0.44889,0.17072
0.0961,0.51671,-0.44553,0.15099
0.0962,0.53009,-0.44161,0.13113
0.0963,0.54276,-0.43714,0.11121
0.0964,0.55471,-0.43216,0.091299
0.0965,0.56594,-0.42662,0.071451
0.0966,0.57645,-0.4205,0.051715
0.0967,0.58622,-0.41375,0.032128
0.0968,0.59526,-0.40632,0.012718
0.0969,0.60355,-0.39814,-0.0065015
0.097,0.61108,-0.38915,-0.025526
0.0971,0.61784,-0.37931,-0.044362
0.0972,0.62381,-0.36857,-0.063023
0.0973,0.62898,-0.35692,-0.081525
0.0974,0.63333,-0.34436,-0.099884
0.0975,0.63686,-0.3309,-0.11811
0.0976,0.63956,-0.31659,-0.13622
0.0977,0.64143,-0.30149,-0.1542
0.0978,0.64247,-0.28567,-0.17204
0.0979,0.6427,-0.26922,-0.1897
0.098,0.64212,-0.25225,-0.20716
0.0981,0.64074,-0.23485,-0.22436
0.0982,0.63857,-0.21711,-0.24124
0.0983,0.63563,-0.19915,-0.25775
0.0984,0.63192,-0.18103,-0.27383
0.0985,0.62745,-0.16284,-0.28942
0.0986,0.62224,-0.14462,-0.30448
0.0987,0.61627,-0.12642,-0.319
0.0988,0.60954,-0.10826,-0.33295
0.0989,0.60205,-0.090142,-0.34631
0.099,0.59378,-0.072053,-0.35908
0.0991,0.5847,-0.053976,-0.37128
0.0992,0.5748,-0.035887,-0.3829
0.0993,0.56405,-0.017761,-0.39399
0.0994,0.55241,0.00042297,-0.40457
0.0995,0.53986,0.018676,-0.41466
0.0996,0.52637,0.036998,-0.42428
0.0997,0.51192,0.055375,-0.43346
0.0998,0.4965,0.073778,-0.4422
0.0999,0.48011,0.092163,-0.4505
0.1,0.46276,0.11048,-0.45835
0.1001,0.44449,0.12866,-0.46572
0.1002,0.42532,0.14664,-0.47259
0.1003,0.40532,0.16436,-0.47893
0.1004,0.38455,0.18174,-0.48468
0.1005,0.36307,0.19874,-0.48982
0.1006,0.34096,0.2153,-0.4943
0.1007,0.3183,0.2314,-0.4981
0.1008,0.29516,0.24702,-0.50119
0.1009,0.27161,0.26215,-0.50356
0.101,0.24772,0.2768,-0.5052
0.1011,0.22355,0.29099,-0.50612
0.1012,0.19914,0.30474,-0.50633
0.1013,0.17454,0.31808,-0.50587
0.1014,0.14978,0.33106,-0.50474
0.1015,0.12491,0.3437,-0.50298
0.1016,0.099958,0.35603,-0.50062
0.1017,0.074954,0.36805,-0.49766
0.1018,0.049931,0.37975,-0.4941
0.1019,0.024925,0.3911,-0.48995
0.102,-2.8973e-05,0.40207,-0.48518
0.1021,-0.024894,0.41262,-0.47976
0.1022,-0.049633,0.4227,-0.47365
0.1023,-0.074204,0.43226,-0.46676
0.1024,-0.098571,0.44125,-0.45905
0.1025,-0.12269,0.44963,-0.45046
0.1026,-0.14654,0.45736,-0.44094
0.1027,-0.17007,0.46442,-0.43046
0.1028,-0.19325,0.4708,-0.41899
0.1029,-0.21606,0.4765,-0.40653
0.103,-0.23847,0.48153,-0.39312
0.1031,-0.26046,0.48593,-0.3788
0.1032,-0.28202,0.48972,-0.36364
0.1033,-0.30312,0.49294,-0.3477
0.1034,-0.32374,0.49563,-0.33108
0.1035,-0.34387,0.49782,-0.31389
0.1036,-0.36349,0.49955,-0.2962
0.1037,-0.38257,0.50083,-0.27812
0.1038,-0.40109,0.50168,-0.25974
0.1039,-0.41902,0.5021,-0.24113
0.104,-0.43632,0.50206,-0.22235
0.1041,-0.45298,0.50154,-0.20346
0.1042,-0.46898,0.5005,-0.18448
0.1043,-0.4843,0.49889,-0.16545
0.1044,-0.49892,0.49666,-0.14636
0.1045,-0.51283,0.49375,-0.12723
0.1046,-0.526,0.4901,-0.10803
0.1047,-0.53841,0.48567,-0.088759
0.1048,-0.55005,0.48041,-0.069407
0.1049,-0.56092,0.4743,-0.049964
0.105,-0.571,0.4673,-0.030432
0.1051,-0.58029,0.45943,-0.01082
0.1052,-0.58879,0.45066,0.0088507
0.1053,-0.59649,0.44103,0.028548
0.1054,-0.60339,0.43057,0.04823
0.1055,-0.6095,0.41931,0.067846
0.1056,-0.61481,0.4073,0.087339
0.1057,-0.61934,0.39459,0.10665
0.1058,-0.62307,0.38123,0.12572
0.1059,-0.62602,0.36727,0.1445
0.106,-0.62819,0.35276,0.16293
0.1061,-0.62959,0.33774,0.18099
0.1062,-0.6302,0.32224,0.19863
0.1063,-0.63004,0.3063,0.21585
0.1064,-0.62908,0.28994,0.23264
0.1065,-0.62734,0.27318,0.249
0.1066,-0.6248,0.25605,0.26494
0.1067,-0.62146,0.23855,0.28048
0.1068,-0.61731,0.22071,0.29563
0.1069,-0.61235,0.20255,0.3104
0.107,-0.60658,0.18412,0.32482
0.1071,-0.59999,0.16545,0.33891
0.1072,-0.59259,0.14658,0.35266
0.1073,-0.58436,0.12759,0.36605
0.1074,-0.5753,0.10852,0.37906
0.1075,-0.56541,0.089446,0.39164
0.1076,-0.55467,0.070424,0.40375
0.1077,-0.54307,0.051513,0.41536
0.1078,-0.53061,0.032762,0.42641
0.1079,-0.51726,0.014211,0.43687
0.108,-0.503,-0.004115,0.4467
0.1081,-0.48784,-0.0222,0.45587
0.1082,-0.47178,-0.040042,0.46436
0.1083,-0.45482,-0.057648,0.47217
0.1084,-0.43699,-0.075033,0.47931
0.1085,-0.41832,-0.092215,0.48577
0.1086,-0.39883,-0.10921,0.49159
0.1087,-0.37857,-0.12604,0.49679
0.1088,-0.35758,-0.14271,0.5014
0.1089,-0.33592,-0.15922,0.50544
0.109,-0.31364,-0.17555,0.50894
0.1091,-0.2908,-0.19169,0.51193
0.1092,-0.26747,-0.20759,0.5144
0.1093,-0.24371,-0.22321,0.51637
0.1094,-0.21958,-0.2385,0.51783
0.1095,-0.19515,-0.25341,0.51875
0.1096,-0.17049,-0.26787,0.51911
0.1097,-0.14566,-0.28183,0.51887
0.1098,-0.12071,-0.29529,0.518
0.1099,-0.095706,-0.30819,0.51644
0.11,-0.070685,-0.32053,0.51415
0.1101,-0.045691,-0.33228,0.51109
0.1102,-0.020761,-0.34343,0.50721
0.1103,0.0040765,-0.354,0.50249
0.1104,0.028796,-0.36401,0.49689
0.1105,0.053375,-0.37347,0.49041
0.1106,0.077794,-0.38242,0.48305
0.1107,0.10204,-0.39089,0.47478
0.1108,0.12608,-0.3989,0.46564
0.1109,0.14992,-0.40648,0.45564
0.111,0.17352,-0.41364,0.44483
0.1111,0.19686,-0.42037,0.43322
0.1112,0.21991,-0.42668,0.42086
0.1113,0.24265,-0.43253,0.40778
0.1114,0.26503,-0.43792,0.39404
0.1115,0.28702,-0.4428,0.37965
0.1116,0.30858,-0.44714,0.36466
0.1117,0.32966,-0.4509,0.3491
0.1118,0.35023,-0.45405,0.33301
0.1119,0.37024,-0.45655,0.31639
0.112,0.38966,-0.45838,0.29929
0.1121,0.40846,-0.45953,0.28173
0.1122,0.42661,-0.45999,0.26373
0.1123,0.4441,-0.45976,0.24532
0.1124,0.4609,-0.45886,0.22655
0.1125,0.47702,-0.45732,0.20744
0.1126,0.49246,-0.45515,0.18806
0.1127,0.50723,-0.45237,0.16844
0.1128,0.52131,-0.44901,0.14865
0.1129,0.53469,-0.44508,0.12874
0.113,0.54737,-0.44058,0.10879
0.1131,0.55934,-0.43551,0.088829
0.1132,0.57058,-0.42984,0.068925
0.1133,0.58108,-0.42354,0.049119
0.1134,0.59083,-0.41656,0.029446
0.1135,0.59982,-0.40885,0.0099299
0.1136,0.60804,-0.40035,-0.0094134
0.1137,0.61547,-0.39103,-0.028578
0.1138,0.62211,-0.38083,-0.047567
0.1139,0.62794,-0.36974,-0.066389
0.114,0.63295,-0.35775,-0.085052
0.1141,0.63714,-0.34488,-0.10357
0.1142,0.64051,-0.33115,-0.12194
0.1143,0.64305,-0.3166,-0.14017
0.1144,0.64477,-0.30132,-0.15826
0.1145,0.64568,-0.28536,-0.17617
0.1146,0.64578,-0.26882,-0.19389
0.1147,0.64508,-0.25179,-0.21138
0.1148,0.64359,-0.23436,-0.22859
0.1149,0.64133,-0.21662,-0.24547
0.115,0.63829,-0.19864,-0.26196
0.1151,0.63449,-0.18051,-0.27802
0.1152,0.62993,-0.16228,-0.29358
0.1153,0.62461,-0.144,-0.30864
0.1154,0.61854,-0.1257,-0.32317
0.1155,0.61168,-0.10741,-0.33714
0.1156,0.60405,-0.089114,-0.35055
0.1157,0.5956,-0.070824,-0.36338
0.1158,0.58632,-0.052527,-0.37564
0.1159,0.57619,-0.034207,-0.38734
0.116,0.56518,-0.015851,-0.3985
0.1161,0.55325,0.0025474,-0.40915
0.1162,0.54041,0.020991,-0.4193
0.1163,0.52661,0.039472,-0.42897
0.1164,0.51184,0.057971,-0.43817
0.1165,0.49612,0.076456,-0.44692
0.1166,0.47943,0.094888,-0.4552
0.1167,0.46182,0.11322,-0.463
0.1168,0.4433,0.13138,-0.47031
0.1169,0.42392,0.14934,-0.4771
0.117,0.40372,0.16702,-0.48333
0.1171,0.38278,0.18437,-0.48898
0.1172,0.36115,0.20135,-0.494
0.1173,0.33891,0.21792,-0.49838
0.1174,0.32171,0.23524,-0.50171
0.1175,0.30445,0.2523,-0.50458
0.1176,0.28671,0.26888,-0.50668
0.1177,0.26857,0.28496,-0.50799
0.1178,0.25009,0.30059,-0.50863
0.1179,0.23128,0.31578,-0.50859
0.118,0.21215,0.33053,-0.50782
0.1181,0.19279,0.34488,-0.50638
0.1182,0.17322,0.35884,-0.50431
0.1183,0.15348,0.37245,-0.5016
0.1184,0.13362,0.38569,-0.49828
0.1185,0.11368,0.39859,-0.4944
0.1186,0.093684,0.41108,-0.48989
0.1187,0.073675,0.42313,-0.4847
0.1188,0.053719,0.43471,-0.47882
0.1189,0.033845,0.44578,-0.47222
0.119,0.014061,0.4563,-0.46481
0.1191,-0.005585,0.46622,-0.45655
0.1192,-0.025062,0.47553,-0.44741
0.1193,-0.04437,0.48417,-0.43734
0.1194,-0.06349,0.49215,-0.42633
0.1195,-0.082405,0.49947,-0.41441
0.1196,-0.10115,0.50608,-0.40151
0.1197,-0.11972,0.51199,-0.38764
0.1198,-0.13809,0.51724,-0.3729
0.1199,-0.15625,0.52185,-0.35738
0.12,-0.17421,0.52582,-0.34107
0.1201,-0.19194,0.52919,-0.32411
0.1202,-0.20938,0.532,-0.30661
0.1203,-0.22654,0.53428,-0.28864
0.1204,-0.24339,0.53602,-0.27029
0.1205,-0.25987,0.53727,-0.25166
0.1206,-0.27595,0.53799,-0.2328
0.1207,-0.29162,0.53815,-0.21373
0.1208,-0.30681,0.53775,-0.19454
0.1209,-0.3215,0.53677,-0.17529
0.121,-0.33571,0.53515,-0.15595
0.1211,-0.3494,0.53284,-0.13654
0.1212,-0.36253,0.52981,-0.11711
0.1213,-0.37509,0.52601,-0.097649
0.1214,-0.38711,0.52139,-0.078109
0.1215,-0.39857,0.51592,-0.058507
0.1216,-0.40946,0.50956,-0.038851
0.1217,-0.41983,0.50228,-0.019108
0.1218,-0.42967,0.49406,0.00070721
0.1219,-0.43897,0.48494,0.020524
0.122,-0.44774,0.4749,0.040331
0.1221,-0.45602,0.46397,0.060114
0.1222,-0.46376,0.4522,0.079798
0.1223,-0.47097,0.43963,0.099311
0.1224,-0.47765,0.42629,0.11864
0.1225,-0.48379,0.41224,0.13773
