0.05,0.36787,-0.72174,0.34793
0.0501,0.39255,-0.72016,0.32475
0.0502,0.4165,-0.71732,0.30119
0.0503,0.43964,-0.7132,0.27729
0.0504,0.46195,-0.70781,0.25305
0.0505,0.48339,-0.70118,0.22849
0.0506,0.50398,-0.69335,0.20362
0.0507,0.52376,-0.68437,0.17839
0.0508,0.54279,-0.67436,0.15282
0.0509,0.56113,-0.66343,0.12693
0.051,0.57884,-0.65169,0.10074
0.0511,0.59596,-0.63927,0.074306
0.0512,0.61252,-0.62626,0.04767
0.0513,0.62849,-0.61275,0.020889
0.0514,0.64381,-0.59876,-0.0059975
0.0515,0.65844,-0.58431,-0.032944
0.0516,0.67225,-0.56938,-0.059904
0.0517,0.68512,-0.55393,-0.086836
0.0518,0.69694,-0.53791,-0.1137
0.0519,0.70757,-0.52128,-0.14044
0.052,0.71688,-0.50395,-0.16702
0.0521,0.72477,-0.48589,-0.19337
0.0522,0.73114,-0.46702,-0.21946
0.0523,0.73593,-0.44732,-0.24525
0.0524,0.73913,-0.42675,-0.27072
0.0525,0.74075,-0.40531,-0.29585
0.0526,0.74085,-0.38302,-0.32064
0.0527,0.73952,-0.35996,-0.34506
0.0528,0.7369,-0.33621,-0.36912
0.0529,0.73311,-0.31189,-0.39278
0.053,0.72831,-0.28714,-0.41603
0.0531,0.72264,-0.26207,-0.43884
0.0532,0.7162,-0.23681,-0.46118
0.0533,0.70909,-0.21144,-0.48302
0.0534,0.70138,-0.18604,-0.50432
0.0535,0.69311,-0.16063,-0.52506
0.0536,0.68428,-0.13521,-0.5452
0.0537,0.67487,-0.10979,-0.56467
0.0538,0.66484,-0.084361,-0.58342
0.0539,0.6541,-0.05888,-0.60138
0.054,0.64258,-0.033305,-0.61846
0.0541,0.63019,-0.0075823,-0.63457
0.0542,0.61684,0.01834,-0.64967
0.0543,0.60247,0.044505,-0.66366
0.0544,0.58703,0.07094,-0.67647
0.0545,0.57053,0.09764,-0.68806
0.0546,0.55299,0.12457,-0.69839
0.0547,0.53447,0.15166,-0.70743
0.0548,0.51505,0.17882,-0.71516
0.0549,0.49484,0.20593,-0.72159
0.055,0.47397,0.23289,-0.72674
0.0551,0.45254,0.25957,-0.73065
0.0552,0.43067,0.28586,-0.73336
0.0553,0.40848,0.31166,-0.73493
0.0554,0.38603,0.3369,-0.7354
0.0555,0.36341,0.36151,-0.7348
0.0556,0.34064,0.38544,-0.73319
0.0557,0.31774,0.40867,-0.73056
0.0558,0.29468,0.4312,-0.72693
0.0559,0.27142,0.45306,-0.7223
0.056,0.24788,0.47428,-0.71667
0.0561,0.22398,0.49493,-0.71005
0.0562,0.19967,0.51505,-0.70246
0.0563,0.17484,0.5347,-0.69389
0.0564,0.14945,0.5539,-0.68439
0.0565,0.12349,0.57265,-0.67397
0.0566,0.096992,0.59091,-0.66266
0.0567,0.070005,0.60862,-0.6505
0.0568,0.042611,0.62569,-0.63751
0.0569,0.014916,0.642,-0.62374
0.057,-0.012961,0.65745,-0.6092
0.0571,-0.040892,0.6719,-0.59394
0.0572,-0.068741,0.68522,-0.57799
0.0573,-0.096376,0.6973,-0.56139
0.0574,-0.12369,0.70804,-0.54415
0.0575,-0.15058,0.71735,-0.52629
0.0576,-0.17698,0.72517,-0.50783
0.0577,-0.20286,0.73148,-0.48876
0.0578,-0.22821,0.73628,-0.46908
0.0579,-0.25307,0.73962,-0.44879
0.058,-0.27747,0.74157,-0.4279
0.0581,-0.30148,0.74222,-0.40642
0.0582,-0.32517,0.74169,-0.38436
0.0583,-0.3486,0.74009,-0.36174
0.0584,-0.37182,0.73751,-0.33859
0.0585,-0.39486,0.73407,-0.31493
0.0586,-0.41774,0.72984,-0.2908
0.0587,-0.44042,0.72486,-0.26625
0.0588,-0.46289,0.71919,-0.2413
0.0589,-0.48506,0.71282,-0.21601
0.059,-0.50683,0.70574,-0.19044
0.0591,-0.52808,0.69793,-0.16459
0.0592,-0.54868,0.68932,-0.13852
0.0593,-0.56849,0.67985,-0.11228
0.0594,-0.58735,0.66945,-0.085904
0.0595,-0.60514,0.65805,-0.059423
0.0596,-0.62175,0.64561,-0.032866
0.0597,-0.63709,0.63209,-0.0062562
0.0598,-0.65109,0.6175,0.020385
0.0599,-0.66376,0.60187,0.047036
0.06,-0.67508,0.58524,0.07367
0.0601,-0.68508,0.56772,0.10026
0.0602,-0.69382,0.54938,0.12678
0.0603,-0.70136,0.53033,0.1532
0.0604,-0.70777,0.51067,0.1795
0.0605,-0.71312,0.4905,0.20564
0.0606,-0.71749,0.46991,0.2316
0.0607,-0.72093,0.44897,0.25734
0.0608,-0.72349,0.42773,0.28282
0.0609,-0.72517,0.40622,0.308
0.061,-0.72598,0.38444,0.33285
0.0611,-0.72588,0.36239,0.3573
0.0612,-0.72482,0.34001,0.38133
0.0613,-0.72274,0.31725,0.40489
0.0614,-0.71957,0.29406,0.42795
0.0615,-0.71526,0.27037,0.45046
0.0616,-0.70975,0.24615,0.4724
0.0617,-0.70302,0.22136,0.49373
0.0618,-0.69506,0.19598,0.51441
0.0619,-0.6859,0.17002,0.5344
0.062,-0.67558,0.14354,0.55367
0.0621,-0.66417,0.11661,0.57216
0.0622,-0.65176,0.089332,0.58984
0.0623,-0.63845,0.061809,0.60668
0.0624,-0.62435,0.034163,0.62261
0.0625,-0.60957,0.0065104,0.63762
0.0626,-0.5942,-0.021033,0.65165
0.0627,-0.57833,-0.048365,0.66467
0.0628,-0.56202,-0.075404,0.67661
0.0629,-0.54529,-0.10209,0.68744
0.063,-0.52814,-0.1284,0.69712
0.0631,-0.51055,-0.15434,0.7056
0.0632,-0.49246,-0.17991,0.71285
0.0633,-0.47383,-0.20518,0.71884
0.0634,-0.45458,-0.23018,0.72358
0.0635,-0.43464,-0.25497,0.72705
0.0636,-0.41397,-0.2796,0.72928
0.0637,-0.39253,-0.30409,0.73028
0.0638,-0.37029,-0.32847,0.73007
0.0639,-0.34728,-0.35272,0.72871
0.064,-0.32351,-0.37682,0.72622
0.0641,-0.29906,-0.40072,0.72268
0.0642,-0.27401,-0.42434,0.71812
0.0643,-0.24847,-0.44761,0.71259
0.0644,-0.22255,-0.4704,0.70616
0.0645,-0.19637,-0.49261,0.69884
0.0646,-0.17001,-0.51412,0.69068
0.0647,-0.14357,-0.53482,0.68169
0.0648,-0.11715,-0.55459,0.67188
0.0649,-0.090805,-0.57336,0.66126
0.065,-0.064567,-0.59106,0.64981
0.0651,-0.038447,-0.60764,0.63754
0.0652,0.32623,-0.51232,0.62184
0.0653,0.56619,-0.45833,0.6066
0.0654,0.79554,-0.40687,0.59093
0.0655,1.0182,-0.35477,0.57382
0.0656,1.2318,-0.3031,0.55419
0.0657,1.4364,-0.25419,0.53431
0.0658,1.6352,-0.20678,0.51543
0.0659,1.8323,-0.15744,0.49483
0.066,2.0284,-0.10546,0.47168
0.0661,2.2232,-0.052996,0.44883
0.0662,2.4152,-0.0015987,0.42687
0.0663,2.6036,0.048581,0.40439
0.0664,2.7872,0.097838,0.38175
0.0665,2.9644,0.14652,0.35897
0.0666,3.1333,0.19458,0.33515
0.0667,3.295,0.24139,0.31105
0.0668,3.4513,0.28744,0.28806
0.0669,3.6047,0.3342,0.26505
0.067,3.7555,0.38239,0.24093
0.0671,3.9032,0.43089,0.21658
0.0672,4.0457,0.47838,0.19275
0.0673,4.1816,0.52426,0.16842
0.0674,4.3098,0.56891,0.14343
0.0675,4.4284,0.61217,0.11817
0.0676,4.5347,0.65377,0.091994
0.0677,4.6271,0.69255,0.065057
0.0678,4.7056,0.72828,0.038298
0.0679,4.7727,0.76218,0.010842
0.068,4.8311,0.79496,-0.017905
0.0681,4.8824,0.82549,-0.046245
0.0682,4.9278,0.8536,-0.073216
0.0683,4.9688,0.88044,-0.10042
0.0684,5.0055,0.90663,-0.12815
0.0685,5.037,0.93164,-0.15507
0.0686,5.0617,0.95542,-0.18114
0.0687,5.0793,0.97779,-0.20707
0.0688,5.0888,0.99842,-0.23201
0.0689,5.0889,1.0172,-0.25585
0.069,5.0792,1.0343,-0.27973
0.0691,5.0603,1.0492,-0.30363
0.0692,5.0326,1.0619,-0.32653
0.0693,4.9964,1.0728,-0.34905
0.0694,4.9523,1.0826,-0.37194
0.0695,4.9002,1.091,-0.39465
0.0696,4.8391,1.0981,-0.41694
0.0697,4.7683,1.1035,-0.43953
0.0698,4.688,1.1067,-0.46212
0.0699,4.5986,1.1075,-0.48406
0.07,4.5003,1.106,-0.50567
0.0701,4.3934,1.1017,-0.527
0.0702,4.2786,1.0944,-0.54734
0.0703,4.1569,1.085,-0.56704
0.0704,4.0297,1.0745,-0.58662
0.0705,3.8979,1.0624,-0.60519
0.0706,3.7618,1.0488,-0.62188
0.0707,3.6216,1.0339,-0.63724
0.0708,3.4775,1.0179,-0.6514
0.0709,3.3289,1.0002,-0.6637
0.071,3.175,0.98075,-0.67431
0.0711,3.0156,0.95955,-0.68367
0.0712,2.8505,0.9366,-0.69125
0.0713,2.6791,0.91208,-0.69702
0.0714,2.5011,0.88646,-0.7018
0.0715,2.3166,0.8596,-0.70565
0.0716,2.1259,0.83137,-0.70806
0.0717,1.9295,0.80173,-0.70951
0.0718,1.7285,0.77056,-0.71029
0.0719,1.5238,0.73758,-0.70987
0.072,1.3159,0.70302,-0.70829
0.0721,1.1053,0.66701,-0.70626
0.0722,0.89263,0.62962,-0.70349
0.0723,0.67859,0.59112,-0.69953
0.0724,0.46364,0.55205,-0.69474
0.0725,0.24823,0.51222,-0.68914
0.0726,0.032385,0.47134,-0.68197
0.0727,-0.18373,0.42958,-0.67343
0.0728,-0.39976,0.38722,-0.66418
0.0729,-0.61538,0.34394,-0.65389
0.073,-0.8306,0.29973,-0.64201
0.0731,-1.0451,0.25507,-0.62908
0.0732,-1.2586,0.2103,-0.61542
0.0733,-1.4712,0.16543,-0.6007
0.0734,-1.6833,0.1207,-0.58516
0.0735,-1.8946,0.076068,-0.56936
0.0736,-2.1049,0.031233,-0.55305
0.0737,-2.3143,-0.014079,-0.53603
0.0738,-2.5227,-0.059842,-0.51879
0.0739,-2.7297,-0.10626,-0.50148
0.074,-2.9349,-0.15333,-0.48384
0.0741,-3.1377,-0.20081,-0.46608
0.0742,-3.3373,-0.24848,-0.44831
0.0743,-3.5324,-0.29634,-0.43003
0.0744,-3.722,-0.34414,-0.41099
0.0745,-3.9056,-0.39175,-0.39142
0.0746,-4.0825,-0.43928,-0.37106
0.0747,-4.2525,-0.48676,-0.34965
0.0748,-4.4156,-0.53389,-0.32748
0.0749,-4.5719,-0.58069,-0.30463
0.075,-4.7221,-0.6272,-0.2807
0.0751,-4.8664,-0.67314,-0.25595
0.0752,-5.0054,-0.71813,-0.23097
0.0753,-5.139,-0.76221,-0.20565
0.0754,-5.2674,-0.80536,-0.17983
0.0755,-5.3901,-0.84743,-0.15392
0.0756,-5.5063,-0.88833,-0.12801
0.0757,-5.6159,-0.92812,-0.10181
0.0758,-5.7186,-0.96656,-0.075582
0.0759,-5.8141,-1.0035,-0.049821
0.076,-5.9025,-1.039,-0.024311
0.0761,-5.9836,-1.073,0.0011345
0.0762,-6.0574,-1.1054,0.026234
0.0763,-6.1237,-1.1365,0.051058
0.0764,-6.1822,-1.1665,0.075998
0.0765,-6.2326,-1.1952,0.10093
0.0766,-6.2742,-1.2227,0.12571
0.0767,-6.3064,-1.249,0.15072
0.0768,-6.3287,-1.2738,0.17614
0.0769,-6.3408,-1.2968,0.20171
0.077,-6.343,-1.3178,0.22747
0.0771,-6.3358,-1.3368,0.25354
0.0772,-6.3197,-1.3536,0.27961
0.0773,-6.2955,-1.3684,0.30543
0.0774,-6.2639,-1.3814,0.3312
0.0775,-6.2254,-1.3928,0.3568
0.0776,-6.1805,-1.4024,0.3818
0.0777,-6.1291,-1.4104,0.40611
0.0778,-6.0712,-1.4167,0.42977
0.0779,-6.0065,-1.421,0.45251
0.078,-5.9343,-1.4231,0.47427
0.0781,-5.8542,-1.4232,0.49535
0.0782,-5.7659,-1.4212,0.51571
0.0783,-5.6694,-1.4171,0.53519
0.0784,-5.5647,-1.4113,0.55399
0.0785,-5.4521,-1.4039,0.57221
0.0786,-5.3317,-1.395,0.58971
0.0787,-5.204,-1.3848,0.60654
0.0788,-5.0691,-1.3731,0.62291
0.0789,-4.9273,-1.3599,0.63862
0.079,-4.7789,-1.345,0.65345
0.0791,-4.6238,-1.3283,0.66758
0.0792,-4.4623,-1.3098,0.68096
0.0793,-4.2945,-1.2895,0.6933
0.0794,-4.1207,-1.2673,0.70458
0.0795,-3.9416,-1.2433,0.71483
0.0796,-3.7579,-1.2175,0.72367
0.0797,-3.5702,-1.19,0.73081
0.0798,-3.3792,-1.1607,0.7364
0.0799,-3.1855,-1.1299,0.7404
0.08,-2.9893,-1.0976,0.74259
0.0801,-2.7904,-1.0639,0.74309
0.0802,-2.5889,-1.029,0.7421
0.0803,-2.3844,-0.99292,0.73954
0.0804,-2.1766,-0.95579,0.73549
0.0805,-1.9652,-0.91772,0.73029
0.0806,-1.7501,-0.87864,0.72412
0.0807,-1.5316,-0.83855,0.71697
0.0808,-1.3101,-0.79752,0.70904
0.0809,-1.0864,-0.75564,0.70055
0.081,-0.86099,-0.71298,0.69144
0.0811,-0.63464,-0.66972,0.6818
0.0812,-0.40792,-0.62604,0.6718
0.0813,-0.18139,-0.58195,0.66139
0.0814,0.044528,-0.53741,0.65041
0.0815,0.26948,-0.49242,0.63886
0.0816,0.49316,-0.44686,0.62668
0.0817,0.71531,-0.40057,0.61366
0.0818,0.93566,-0.35355,0.59979
0.0819,1.1538,-0.3059,0.58512
0.082,1.3694,-0.25764,0.56947
0.0821,1.5819,-0.20894,0.55274
0.0822,1.791,-0.16001,0.53504
0.0823,1.9964,-0.11102,0.51637
0.0824,2.1979,-0.061997,0.49669
0.0825,2.3956,-0.013037,0.47616
0.0826,2.5895,0.035855,0.45499
0.0827,2.7797,0.084745,0.43318
0.0828,2.9664,0.13362,0.41082
0.0829,3.1495,0.18238,0.38822
0.083,3.3289,0.23096,0.36549
0.0831,3.5045,0.27923,0.34263
0.0832,3.6756,0.32704,0.3198
0.0833,3.8416,0.37426,0.29705
0.0834,4.0018,0.42088,0.27418
0.0835,4.1554,0.46679,0.25111
0.0836,4.3018,0.51192,0.22791
0.0837,4.4405,0.55624,0.20443
0.0838,4.5714,0.59974,0.18052
0.0839,4.6942,0.6423,0.15616
0.084,4.809,0.68386,0.13133
0.0841,4.916,0.7244,0.1059
0.0842,5.0154,0.76381,0.079894
0.0843,5.1072,0.80199,0.053483
0.0844,5.1915,0.83893,0.026667
0.0845,5.2682,0.87453,-0.00053749
0.0846,5.3373,0.90865,-0.027959
0.0847,5.3987,0.94118,-0.055458
0.0848,5.4522,0.972,-0.08299
0.0849,5.4981,1.001,-0.11036
0.085,5.5363,1.028,-0.13737
0.0851,5.5668,1.0531,-0.16397
0.0852,5.5898,1.0763,-0.19015
0.0853,5.6053,1.0977,-0.21577
0.0854,5.613,1.1174,-0.24085
0.0855,5.6127,1.1355,-0.26545
0.0856,5.6042,1.152,-0.28956
0.0857,5.5871,1.167,-0.31318
0.0858,5.5609,1.1803,-0.3365
0.0859,5.5254,1.192,-0.3596
0.086,5.4804,1.2018,-0.38249
0.0861,5.4259,1.2099,-0.40525
0.0862,5.3624,1.2161,-0.42797
0.0863,5.2901,1.2204,-0.45055
0.0864,5.2095,1.223,-0.47295
0.0865,5.1212,1.2238,-0.49517
0.0866,5.0258,1.2228,-0.5171
0.0867,4.9237,1.22,-0.53849
0.0868,4.8153,1.2153,-0.55926
0.0869,4.7008,1.2086,-0.57931
0.087,4.5802,1.2,-0.59845
0.0871,4.4536,1.1893,-0.61653
0.0872,4.3208,1.1766,-0.63357
0.0873,4.1819,1.1619,-0.64942
0.0874,4.0369,1.1454,-0.66393
0.0875,3.8857,1.1272,-0.67706
0.0876,3.7286,1.1073,-0.6888
0.0877,3.5657,1.0859,-0.69904
0.0878,3.3972,1.0629,-0.70779
0.0879,3.223,1.0386,-0.71511
0.088,3.0436,1.0129,-0.72102
0.0881,2.8588,0.98577,-0.72555
0.0882,2.669,0.95738,-0.72883
0.0883,2.4742,0.92767,-0.73097
0.0884,2.2747,0.89662,-0.73202
0.0885,2.071,0.86422,-0.73205
0.0886,1.8635,0.83045,-0.73117
0.0887,1.653,0.79529,-0.72933
0.0888,1.4401,0.75875,-0.7265
0.0889,1.2255,0.72094,-0.72272
0.089,1.0097,0.68194,-0.71795
0.0891,0.79327,0.64185,-0.7121
0.0892,0.57649,0.60081,-0.70516
0.0893,0.35952,0.55892,-0.69712
0.0894,0.14242,0.51626,-0.68791
0.0895,-0.074877,0.47288,-0.67756
0.0896,-0.29244,0.42886,-0.66618
0.0897,-0.51027,0.38423,-0.6538
0.0898,-0.72829,0.33906,-0.64049
0.0899,-0.94626,0.2934,-0.62623
0.09,-1.164,0.24752,-0.61153
0.0901,-1.3811,0.20136,-0.59614
0.0902,-1.5971,0.15504,-0.58019
0.0903,-1.8118,0.10863,-0.56387
0.0904,-2.0245,0.062129,-0.54715
0.0905,-2.2348,0.015484,-0.53002
0.0906,-2.4425,-0.031345,-0.51253
0.0907,-2.647,-0.078456,-0.49469
0.0908,-2.8479,-0.12588,-0.47639
0.0909,-3.045,-0.17357,-0.45766
0.091,-3.2376,-0.2215,-0.43848
0.0911,-3.4253,-0.26966,-0.41868
0.0912,-3.6078,-0.31796,-0.39814
0.0913,-3.7846,-0.36623,-0.3769
0.0914,-3.9553,-0.41434,-0.35492
0.0915,-4.1198,-0.46219,-0.33211
0.0916,-4.278,-0.50961,-0.30856
0.0917,-4.4299,-0.55647,-0.28438
0.0918,-4.5756,-0.60264,-0.2596
0.0919,-4.7153,-0.64798,-0.23436
0.092,-4.8493,-0.69234,-0.20882
0.0921,-4.9775,-0.73567,-0.18307
0.0922,-5.0999,-0.77788,-0.15717
0.0923,-5.2165,-0.81885,-0.13127
0.0924,-5.3268,-0.85855,-0.10545
0.0925,-5.4304,-0.89694,-0.079681
0.0926,-5.5269,-0.93397,-0.05402
0.0927,-5.6158,-0.96959,-0.028529
0.0928,-5.6967,-1.0038,-0.0031354
0.0929,-5.7692,-1.0365,0.022217
0.093,-5.8331,-1.0678,0.047525
0.0931,-5.8884,-1.0977,0.072871
0.0932,-5.9349,-1.1262,0.098374
0.0933,-5.9725,-1.1533,0.124
0.0934,-6.0013,-1.179,0.14971
0.0935,-6.0214,-1.2032,0.17557
0.0936,-6.0327,-1.2259,0.20157
0.0937,-6.0354,-1.2469,0.22756
0.0938,-6.0295,-1.2662,0.25351
0.0939,-6.0153,-1.2836,0.27939
0.094,-5.9929,-1.299,0.30506
0.0941,-5.9627,-1.3124,0.33038
0.0942,-5.9248,-1.3238,0.35532
0.0943,-5.8794,-1.3332,0.37976
0.0944,-5.8269,-1.3406,0.40355
0.0945,-5.7672,-1.346,0.42665
0.0946,-5.7003,-1.3496,0.44904
0.0947,-5.6261,-1.3513,0.47066
0.0948,-5.5444,-1.3512,0.49149
0.0949,-5.4551,-1.3493,0.51161
0.095,-5.3579,-1.3456,0.53108
0.0951,-5.2526,-1.3401,0.54988
0.0952,-5.1393,-1.3329,0.56811
0.0953,-5.0179,-1.3241,0.58577
0.0954,-4.8888,-1.3136,0.60281
0.0955,-4.7522,-1.3015,0.6192
0.0956,-4.6086,-1.2878,0.63491
0.0957,-4.4584,-1.2724,0.64983
0.0958,-4.3021,-1.2554,0.66383
0.0959,-4.1402,-1.2367,0.67682
0.096,-3.973,-1.2163,0.68871
0.0961,-3.801,-1.1941,0.69934
0.0962,-3.6243,-1.1701,0.70861
0.0963,-3.4433,-1.1444,0.71646
0.0964,-3.2581,-1.1169,0.72278
0.0965,-3.0689,-1.0877,0.72749
0.0966,-2.876,-1.0568,0.73062
0.0967,-2.6795,-1.0244,0.73217
0.0968,-2.4797,-0.99058,0.73216
0.0969,-2.2766,-0.95545,0.7307
0.097,-2.0705,-0.91918,0.72791
0.0971,-1.8615,-0.88186,0.72387
0.0972,-1.6495,-0.84361,0.71869
0.0973,-1.4348,-0.80452,0.71255
0.0974,-1.2174,-0.76463,0.70557
0.0975,-0.99761,-0.72398,0.6978
0.0976,-0.77574,-0.68259,0.68939
0.0977,-0.55221,-0.64049,0.68042
0.0978,-0.32753,-0.59768,0.67089
0.0979,-0.10229,-0.5542,0.6608
0.098,0.12289,-0.51009,0.65017
0.0981,0.34739,-0.4654,0.63892
0.0982,0.57067,-0.42014,0.62696
0.0983,0.79225,-0.37437,0.61424
0.0984,1.0117,-0.32811,0.60069
0.0985,1.2288,-0.28135,0.58623
0.0986,1.4434,-0.23411,0.57083
0.0987,1.6552,-0.18644,0.55449
0.0988,1.8643,-0.13836,0.53723
0.0989,2.0705,-0.08992,0.51905
0.099,2.2736,-0.041215,0.50005
0.0991,2.4736,0.0076701,0.48029
0.0992,2.6703,0.056641,0.45984
0.0993,2.8635,0.1056,0.43879
0.0994,3.0529,0.15445,0.41727
0.0995,3.2383,0.20311,0.39536
0.0996,3.4195,0.2515,0.37314
0.0997,3.5961,0.29955,0.3507
0.0998,3.7679,0.34718,0.32809
0.0999,3.9345,0.39435,0.30531
0.1,4.0956,0.441,0.28239
0.1001,4.2508,0.48707,0.25931
0.1002,4.3996,0.53251,0.23599
0.1003,4.5416,0.57726,0.21239
0.1004,4.6765,0.62123,0.18848
0.1005,4.8038,0.66436,0.16417
0.1006,4.9232,0.70656,0.13938
0.1007,5.0347,0.74773,0.11411
0.1008,5.1382,0.78777,0.088381
0.1009,5.2337,0.82661,0.062187
0.101,5.3214,0.86415,0.035592
0.1011,5.4015,0.9003,0.0087026
0.1012,5.4742,0.93499,-0.018397
0.1013,5.5395,0.96815,-0.045609
0.1014,5.5975,0.9997,-0.072794
0.1015,5.6482,1.0296,-0.099832
0.1016,5.6915,1.0577,-0.12665
0.1017,5.7271,1.0841,-0.15316
0.1018,5.755,1.1086,-0.17928
0.1019,5.7748,1.1313,-0.20499
0.102,5.7864,1.1521,-0.23029
0.1021,5.7895,1.1712,-0.25519
0.1022,5.7841,1.1885,-0.27969
0.1023,5.7699,1.2041,-0.30386
0.1024,5.747,1.2181,-0.32773
0.1025,5.7152,1.2304,-0.35131
0.1026,5.6745,1.2411,-0.37467
0.1027,5.6251,1.2501,-0.39782
0.1028,5.567,1.2575,-0.42077
0.1029,5.5003,1.2631,-0.44352
0.103,5.4253,1.267,-0.46604
0.1031,5.3423,1.2689,-0.48828
0.1032,5.2516,1.269,-0.51016
0.1033,5.1536,1.2671,-0.53158
0.1034,5.0487,1.2633,-0.55245
0.1035,4.9372,1.2575,-0.57262
0.1036,4.8193,1.2497,-0.592
0.1037,4.6954,1.24,-0.61048
0.1038,4.5655,1.2284,-0.62794
0.1039,4.4297,1.2149,-0.64429
0.104,4.2879,1.1996,-0.65946
0.1041,4.1402,1.1825,-0.67339
0.1042,3.9863,1.1637,-0.68601
0.1043,3.8264,1.1433,-0.69727
0.1044,3.6604,1.1212,-0.70714
0.1045,3.4884,1.0977,-0.7156
0.1046,3.3107,1.0726,-0.72265
0.1047,3.1274,1.0462,-0.72832
0.1048,2.939,1.0183,-0.73265
0.1049,2.7458,0.98915,-0.7357
0.105,2.5482,0.95865,-0.73753
0.1051,2.3467,0.92683,-0.73821
0.1052,2.1417,0.89369,-0.73778
0.1053,1.9336,0.85924,-0.7363
0.1054,1.7228,0.82348,-0.73378
0.1055,1.5098,0.78643,-0.73025
0.1056,1.295,0.74812,-0.72568
0.1057,1.0788,0.70861,-0.72008
0.1058,0.86143,0.66799,-0.71344
0.1059,0.64334,0.62635,-0.70575
0.106,0.42475,0.58381,-0.697
0.1061,0.20588,0.54048,-0.68722
0.1062,-0.013157,0.4965,-0.67644
0.1063,-0.23224,0.45196,-0.66469
0.1064,-0.45129,0.40695,-0.65205
0.1065,-0.6702,0.36156,-0.63859
0.1066,-0.88883,0.31583,-0.62439
0.1067,-1.107,0.26981,-0.60955
0.1068,-1.3245,0.22354,-0.59415
0.1069,-1.5409,0.17702,-0.57825
0.107,-1.7558,0.13029,-0.56188
0.1071,-1.9688,0.083341,-0.54508
0.1072,-2.1793,0.036184,-0.52786
0.1073,-2.3868,-0.011188,-0.51017
0.1074,-2.5907,-0.058773,-0.49201
0.1075,-2.7907,-0.10657,-0.47333
0.1076,-2.9862,-0.15457,-0.45408
0.1077,-3.1769,-0.20276,-0.43421
0.1078,-3.3625,-0.25107,-0.4137
0.1079,-3.5429,-0.29946,-0.39251
0.108,-3.7177,-0.34781,-0.37064
0.1081,-3.8869,-0.39602,-0.3481
0.1082,-4.0503,-0.44394,-0.32492
0.1083,-4.2079,-0.49142,-0.30113
0.1084,-4.3596,-0.53831,-0.2768
0.1085,-4.5053,-0.58446,-0.25204
0.1086,-4.6449,-0.62972,-0.22691
0.1087,-4.7785,-0.67396,-0.20153
0.1088,-4.9058,-0.71708,-0.17597
0.1089,-5.027,-0.75898,-0.15032
0.109,-5.1416,-0.79963,-0.12461
0.1091,-5.2497,-0.83898,-0.09889
0.1092,-5.3509,-0.877,-0.073202
0.1093,-5.4449,-0.91369,-0.047553
0.1094,-5.5313,-0.94904,-0.021937
0.1095,-5.6098,-0.98303,0.0036591
0.1096,-5.6801,-1.0156,0.029264
0.1097,-5.7418,-1.0469,0.054916
0.1098,-5.7947,-1.0767,0.080637
0.1099,-5.8387,-1.1051,0.10645
0.11,-5.8737,-1.1319,0.13236
0.1101,-5.8999,-1.1573,0.15837
0.1102,-5.9173,-1.181,0.18443
0.1103,-5.9261,-1.2032,0.2105
0.1104,-5.9266,-1.2236,0.2365
0.1105,-5.9189,-1.2423,0.26237
0.1106,-5.9032,-1.2591,0.288
0.1107,-5.8798,-1.2741,0.31331
0.1108,-5.8486,-1.2871,0.33823
0.1109,-5.8097,-1.2982,0.36266
0.111,-5.7633,-1.3072,0.38655
0.1111,-5.7093,-1.3142,0.40985
0.1112,-5.6477,-1.3193,0.43253
0.1113,-5.5784,-1.3224,0.45456
0.1114,-5.5015,-1.3236,0.47595
0.1115,-5.4168,-1.323,0.49669
0.1116,-5.3244,-1.3206,0.51679
0.1117,-5.2242,-1.3164,0.53628
0.1118,-5.1162,-1.3106,0.55515
0.1119,-5.0005,-1.3031,0.57343
0.112,-4.8773,-1.294,0.59108
0.1121,-4.7465,-1.2833,0.60808
0.1122,-4.6087,-1.2709,0.62437
0.1123,-4.4639,-1.2568,0.63986
0.1124,-4.3127,-1.241,0.65447
0.1125,-4.1554,-1.2235,0.66809
0.1126,-3.9926,-1.2043,0.68058
0.1127,-3.8245,-1.1833,0.69185
0.1128,-3.6516,-1.1605,0.70179
0.1129,-3.4742,-1.136,0.71032
0.113,-3.2926,-1.1098,0.71735
0.1131,-3.107,-1.0819,0.72287
0.1132,-2.9176,-1.0523,0.72684
0.1133,-2.7244,-1.0212,0.72928
0.1134,-2.5275,-0.98859,0.73023
0.1135,-2.327,-0.95461,0.72975
0.1136,-2.1231,-0.91936,0.72792
0.1137,-1.9158,-0.88293,0.72485
0.1138,-1.7054,-0.84545,0.72064
0.1139,-1.4921,-0.80701,0.71542
0.114,-1.2762,-0.7677,0.70927
0.1141,-1.058,-0.7276,0.70229
0.1142,-0.83784,-0.68677,0.69457
0.1143,-0.61614,-0.64524,0.68616
0.1144,-0.39329,-0.60305,0.67709
0.1145,-0.16972,-0.5602,0.66738
0.1146,0.054096,-0.51669,0.65703
0.1147,0.27769,-0.47255,0.646
0.1148,0.50059,-0.42779,0.63427
0.1149,0.72234,-0.38244,0.62179
0.115,0.94251,-0.33652,0.60851
0.1151,1.1607,-0.29008,0.59439
0.1152,1.3767,-0.24316,0.57941
0.1153,1.5901,-0.19582,0.56353
0.1154,1.8008,-0.1481,0.54678
0.1155,2.0086,-0.10006,0.52916
0.1156,2.2134,-0.051742,0.51073
0.1157,2.4152,-0.0032141,0.49155
0.1158,2.6138,0.045459,0.47169
0.1159,2.809,0.094214,0.45124
0.116,3.0008,0.14298,0.43028
0.1161,3.1888,0.19166,0.40888
0.1162,3.3728,0.24017,0.38713
0.1163,3.5523,0.28844,0.36507
0.1164,3.7272,0.33636,0.34274
0.1165,3.8968,0.38386,0.32016
0.1166,4.0609,0.43087,0.29734
0.1167,4.219,0.47732,0.27427
0.1168,4.3709,0.52315,0.25093
0.1169,4.5161,0.5683,0.22729
0.117,4.6544,0.61271,0.20332
0.1171,4.7855,0.65632,0.17899
0.1172,4.9092,0.69906,0.15426
0.1173,5.0254,0.74085,0.12911
0.1174,5.134,0.78159,0.10353
0.1175,5.2348,0.82121,0.077562
0.1176,5.328,0.85958,0.051251
0.1177,5.4135,0.89663,0.024658
0.1178,5.4914,0.93224,-0.0021377
0.1179,5.5617,0.96633,-0.029048
0.118,5.6245,0.99883,-0.055983
0.1181,5.6798,1.0297,-0.082851
0.1182,5.7276,1.0588,-0.10957
0.1183,5.7678,1.0862,-0.13605
0.1184,5.8003,1.1118,-0.16226
0.1185,5.8249,1.1356,-0.18814
0.1186,5.8414,1.1577,-0.21367
0.1187,5.8496,1.178,-0.23885
0.1188,5.8493,1.1966,-0.26369
0.1189,5.8402,1.2134,-0.28821
0.119,5.8224,1.2285,-0.31245
0.1191,5.7956,1.2419,-0.33641
0.1192,5.7599,1.2536,-0.36014
0.1193,5.7155,1.2637,-0.38363
0.1194,5.6624,1.272,-0.40689
0.1195,5.6009,1.2786,-0.42991
0.1196,5.5311,1.2835,-0.45263
0.1197,5.4535,1.2865,-0.47503
0.1198,5.3681,1.2878,-0.49703
0.1199,5.2754,1.2871,-0.51857
0.12,5.1756,1.2845,-0.53956
0.1201,5.0689,1.28,-0.55991
0.1202,4.9555,1.2734,-0.57954
0.1203,4.8356,1.2649,-0.59836
0.1204,4.7093,1.2545,-0.61627
0.1205,4.5769,1.2422,-0.6332
0.1206,4.4382,1.228,-0.64906
0.1207,4.2935,1.212,-0.66377
0.1208,4.1427,1.1943,-0.67728
0.1209,3.986,1.1749,-0.68952
0.121,3.8232,1.1539,-0.70043
0.1211,3.6546,1.1314,-0.70997
0.1212,3.4802,1.1074,-0.71813
0.1213,3.3002,1.0818,-0.72489
0.1214,3.115,1.0549,-0.73026
0.1215,2.9247,1.0266,-0.73428
0.1216,2.7298,0.99681,-0.73699
0.1217,2.5307,0.9657,-0.73844
0.1218,2.3278,0.93323,-0.73869
0.1219,2.1216,0.89944,-0.73779
0.122,1.9127,0.86433,-0.73578
0.1221,1.7013,0.82794,-0.7327
0.1222,1.4879,0.79032,-0.72856
0.1223,1.2728,0.75151,-0.72337
0.1224,1.0564,0.71157,-0.71715
0.1225,0.83883,0.67058,-0.70991
