0.05,0.59035,-1.0347,0.42668
0.0501,0.6231,-1.0296,0.39159
0.0502,0.65485,-1.023,0.3561
0.0503,0.68551,-1.0147,0.32028
0.0504,0.71503,-1.005,0.28416
0.0505,0.74336,-0.99367,0.24779
0.0506,0.77049,-0.98086,0.21117
0.0507,0.79641,-0.96656,0.1743
0.0508,0.82115,-0.95083,0.13716
0.0509,0.84474,-0.93373,0.099729
0.051,0.86721,-0.91534,0.062032
0.0511,0.8886,-0.89573,0.024084
0.0512,0.90894,-0.87501,-0.014083
0.0513,0.92821,-0.85326,-0.052419
0.0514,0.9464,-0.83054,-0.090861
0.0515,0.96345,-0.80691,-0.12934
0.0516,0.97928,-0.78239,-0.16779
0.0517,0.99377,-0.75702,-0.20611
0.0518,1.0068,-0.73078,-0.24423
0.0519,1.0183,-0.70369,-0.28205
0.052,1.0281,-0.67573,-0.31948
0.0521,1.0362,-0.6469,-0.35643
0.0522,1.0424,-0.61721,-0.39282
0.0523,1.0467,-0.58664,-0.42858
0.0524,1.049,-0.5552,-0.46364
0.0525,1.0494,-0.52289,-0.49798
0.0526,1.0478,-0.48973,-0.53156
0.0527,1.0444,-0.45574,-0.56438
0.0528,1.0391,-0.42099,-0.59644
0.0529,1.0322,-0.38554,-0.62775
0.053,1.0237,-0.34949,-0.65829
0.0531,1.0138,-0.31293,-0.68806
0.0532,1.0027,-0.27597,-0.71706
0.0533,0.99029,-0.23872,-0.74527
0.0534,0.97683,-0.20125,-0.77264
0.0535,0.96233,-0.16364,-0.79916
0.0536,0.94684,-0.12592,-0.82475
0.0537,0.93036,-0.088114,-0.84937
0.0538,0.91288,-0.050276,-0.87292
0.0539,0.89437,-0.012434,-0.89533
0.054,0.87478,0.025393,-0.91647
0.0541,0.85405,0.063189,-0.93626
0.0542,0.83214,0.10094,-0.95459
0.0543,0.80899,0.13864,-0.97136
0.0544,0.78457,0.17629,-0.98648
0.0545,0.75885,0.21387,-0.99989
0.0546,0.73186,0.25135,-1.0115
0.0547,0.70363,0.28869,-1.0214
0.0548,0.67425,0.32583,-1.0295
0.0549,0.64381,0.36268,-1.0359
0.055,0.61242,0.39917,-1.0404
0.0551,0.58022,0.4352,-1.0434
0.0552,0.54731,0.47067,-1.0447
0.0553,0.51383,0.5055,-1.0444
0.0554,0.47987,0.5396,-1.0426
0.0555,0.44554,0.57292,-1.0394
0.0556,0.41088,0.60538,-1.0348
0.0557,0.37596,0.63693,-1.0288
0.0558,0.34079,0.66754,-1.0214
0.0559,0.30537,0.69717,-1.0127
0.056,0.26968,0.7258,-1.0026
0.0561,0.23369,0.75343,-0.99109
0.0562,0.19735,0.78004,-0.97819
0.0563,0.16062,0.80566,-0.96389
0.0564,0.12344,0.83028,-0.94818
0.0565,0.085792,0.85389,-0.93108
0.0566,0.047704,0.87646,-0.9126
0.0567,0.0092193,0.89796,-0.89281
0.0568,-0.029591,0.91832,-0.87173
0.0569,-0.068628,0.93748,-0.84944
0.057,-0.10777,0.95535,-0.82599
0.0571,-0.1469,0.97184,-0.80147
0.0572,-0.18587,0.98687,-0.77595
0.0573,-0.22455,1.0003,-0.7495
0.0574,-0.26281,1.0122,-0.72219
0.0575,-0.30054,1.0224,-0.69409
0.0576,-0.33763,1.0308,-0.66523
0.0577,-0.37402,1.0374,-0.63565
0.0578,-0.40966,1.0422,-0.60536
0.0579,-0.44453,1.0451,-0.57438
0.058,-0.47862,1.0463,-0.5427
0.0581,-0.51198,1.0457,-0.51031
0.0582,-0.54462,1.0434,-0.47723
0.0583,-0.57661,1.0395,-0.44344
0.0584,-0.60796,1.034,-0.40896
0.0585,-0.63872,1.0271,-0.37382
0.0586,-0.6689,1.0188,-0.33804
0.0587,-0.69848,1.0092,-0.30167
0.0588,-0.72742,0.99827,-0.26477
0.0589,-0.75569,0.98614,-0.2274
0.059,-0.78318,0.97281,-0.18964
0.0591,-0.80981,0.95831,-0.15157
0.0592,-0.83545,0.94263,-0.11325
0.0593,-0.85998,0.92577,-0.074774
0.0594,-0.88327,0.90773,-0.036238
0.0595,-0.90517,0.88847,0.0022783
0.0596,-0.92557,0.86798,0.040706
0.0597,-0.80068,0.67984,0.10165
0.0598,-0.74451,0.57046,0.1528
0.0599,-0.70285,0.47841,0.20137
0.06,-0.66787,0.39704,0.24621
0.0601,-0.63704,0.32366,0.28751
0.0602,-0.61175,0.25635,0.32859
0.0603,-0.59058,0.19296,0.37022
0.0604,-0.5674,0.13005,0.40972
0.0605,-0.54051,0.0665,0.44652
0.0606,-0.51395,0.003271,0.48375
0.0607,-0.48985,-0.058404,0.52229
0.0608,-0.46658,-0.11921,0.56115
0.0609,-0.44381,-0.17893,0.59975
0.061,-0.42177,-0.2365,0.63723
0.0611,-0.40041,-0.29105,0.67262
0.0612,-0.37996,-0.34368,0.7072
0.0613,-0.36063,-0.39516,0.74191
0.0614,-0.34043,-0.44637,0.77565
0.0615,-0.3178,-0.49793,0.80746
0.0616,-0.29387,-0.5499,0.83848
0.0617,-0.27072,-0.60078,0.86929
0.0618,-0.24796,-0.65044,0.89929
0.0619,-0.22423,-0.6995,0.92773
0.062,-0.19987,-0.74738,0.95428
0.0621,-0.17596,-0.79197,0.9779
0.0622,-0.15369,-0.83249,0.99893
0.0623,-0.13301,-0.8697,1.0181
0.0624,-0.11158,-0.90544,1.0348
0.0625,-0.08815,-0.94093,1.049
0.0626,-0.064253,-0.9769,1.0629
0.0627,-0.040475,-1.0136,1.0774
0.0628,-0.0147,-1.0516,1.091
0.0629,0.013545,-1.0908,1.103
0.063,0.042245,-1.1299,1.1141
0.0631,0.070269,-1.1673,1.1239
0.0632,0.097744,-1.2025,1.1317
0.0633,0.1237,-1.2349,1.1379
0.0634,0.14726,-1.2635,1.1423
0.0635,0.16896,-1.2878,1.144
0.0636,0.18925,-1.3091,1.1436
0.0637,0.20803,-1.3279,1.1421
0.0638,0.22639,-1.345,1.1389
0.0639,0.2458,-1.361,1.1333
0.064,0.26626,-1.3764,1.1258
0.0641,0.28702,-1.3901,1.1162
0.0642,0.30797,-1.4016,1.104
0.0643,0.32891,-1.4113,1.0899
0.0644,0.34945,-1.4192,1.0743
0.0645,0.36924,-1.4248,1.0571
0.0646,0.38773,-1.4277,1.0384
0.0647,0.40456,-1.4281,1.019
0.0648,0.42081,-1.4265,0.9983
0.0649,0.43758,-1.4236,0.97581
0.065,0.45456,-1.42,0.95247
0.0651,0.47119,-1.4156,0.92895
0.0652,0.48804,-1.4106,0.90474
0.0653,0.50518,-1.4048,0.87954
0.0654,0.52145,-1.3974,0.85385
0.0655,0.53617,-1.3875,0.82737
0.0656,0.54943,-1.3746,0.79973
0.0657,0.56078,-1.3585,0.77105
0.0658,0.56994,-1.3385,0.74104
0.0659,0.57744,-1.3142,0.70878
0.066,0.58372,-1.2862,0.67442
0.0661,0.58886,-1.255,0.63855
0.0662,0.59357,-1.2216,0.60138
0.0663,0.59865,-1.1872,0.5632
0.0664,0.60412,-1.1527,0.52484
0.0665,0.6098,-1.1178,0.48628
0.0666,0.61569,-1.0824,0.44716
0.0667,0.62138,-1.046,0.40762
0.0668,0.62644,-1.0086,0.36784
0.0669,0.63082,-0.96963,0.32735
0.067,0.63408,-0.92887,0.28637
0.0671,0.63544,-0.88619,0.24548
0.0672,0.63515,-0.84175,0.20458
0.0673,0.63399,-0.79603,0.16333
0.0674,0.63193,-0.74971,0.12238
0.0675,0.62877,-0.70299,0.082124
0.0676,0.62511,-0.65601,0.042034
0.0677,0.62124,-0.60868,0.0017159
0.0678,0.61651,-0.56046,-0.038734
0.0679,0.61047,-0.51048,-0.07979
0.068,0.60322,-0.45857,-0.12174
0.0681,0.59443,-0.40493,-0.16411
0.0682,0.58373,-0.34966,-0.2065
0.0683,0.57146,-0.29288,-0.24914
0.0684,0.55808,-0.23531,-0.29183
0.0685,0.5438,-0.17758,-0.33419
0.0686,0.52913,-0.12021,-0.37623
0.0687,0.51467,-0.063813,-0.41793
0.0688,0.5005,-0.0090617,-0.45872
0.0689,0.48641,0.044104,-0.49843
0.069,0.4722,0.096078,-0.53721
0.0691,0.4573,0.14724,-0.57486
0.0692,0.44122,0.19785,-0.61113
0.0693,0.42389,0.24831,-0.6463
0.0694,0.40515,0.29881,-0.6804
0.0695,0.38469,0.34954,-0.71325
0.0696,0.36273,0.40059,-0.74515
0.0697,0.33991,0.45189,-0.77661
0.0698,0.31639,0.50312,-0.80745
0.0699,0.29221,0.55399,-0.83738
0.07,0.26788,0.60407,-0.86644
0.0701,0.24369,0.65301,-0.89454
0.0702,0.21932,0.70083,-0.92133
0.0703,0.1947,0.74791,-0.94708
0.0704,0.17004,0.79436,-0.97207
0.0705,0.14522,0.84015,-0.99614
0.0706,0.12008,0.88529,-1.0191
0.0707,0.094984,0.9296,-1.0411
0.0708,0.070006,0.97268,-1.0618
0.0709,0.045061,1.0142,-1.0807
0.071,0.020483,1.0537,-1.0978
0.0711,-0.0033317,1.0908,-1.1128
0.0712,-0.026511,1.125,-1.1253
0.0713,-0.049199,1.1564,-1.1351
0.0714,-0.071337,1.1855,-1.1426
0.0715,-0.093199,1.2125,-1.148
0.0716,-0.11534,1.2383,-1.1514
0.0717,-0.13792,1.2633,-1.1532
0.0718,-0.16096,1.2877,-1.1537
0.0719,-0.18465,1.3115,-1.1524
0.072,-0.20896,1.3345,-1.1495
0.0721,-0.23337,1.3566,-1.1452
0.0722,-0.25751,1.3772,-1.1395
0.0723,-0.28113,1.3959,-1.1323
0.0724,-0.3038,1.4126,-1.1237
0.0725,-0.32516,1.4269,-1.1139
0.0726,-0.34532,1.4386,-1.1026
0.0727,-0.36447,1.448,-1.0899
0.0728,-0.38273,1.4552,-1.0758
0.0729,-0.40038,1.4604,-1.0602
0.073,-0.41763,1.4634,-1.0429
0.0731,-0.43444,1.4643,-1.024
0.0732,-0.45077,1.4629,-1.0033
0.0733,-0.46664,1.4591,-0.98085
0.0734,-0.48186,1.453,-0.95678
0.0735,-0.49622,1.4445,-0.93135
0.0736,-0.50981,1.4335,-0.90448
0.0737,-0.52275,1.4202,-0.8762
0.0738,-0.53504,1.4048,-0.8467
0.0739,-0.54688,1.3874,-0.81602
0.074,-0.55862,1.3685,-0.78425
0.0741,-0.57023,1.3484,-0.7518
0.0742,-0.58157,1.3273,-0.71889
0.0743,-0.59263,1.3051,-0.68549
0.0744,-0.60323,1.2816,-0.65164
0.0745,-0.61292,1.2565,-0.6175
0.0746,-0.6215,1.2295,-0.58286
0.0747,-0.62888,1.2004,-0.54752
0.0748,-0.63482,1.1687,-0.51145
0.0749,-0.63916,1.1343,-0.47455
0.075,-0.64207,1.0971,-0.43654
0.0751,-0.64372,1.0574,-0.39749
0.0752,-0.64423,1.0156,-0.35765
0.0753,-0.64387,0.97197,-0.31711
0.0754,-0.64298,0.92707,-0.27594
0.0755,-0.64161,0.88118,-0.23438
0.0756,-0.6398,0.83441,-0.19244
0.0757,-0.63765,0.78674,-0.15
0.0758,-0.63508,0.73825,-0.10714
0.0759,-0.63188,0.68898,-0.064077
0.076,-0.62796,0.63895,-0.020874
0.0761,-0.62326,0.58825,0.022329
0.0762,-0.61764,0.53704,0.065261
0.0763,-0.61106,0.48546,0.10778
0.0764,-0.60368,0.43373,0.14988
0.0765,-0.59551,0.38205,0.19138
0.0766,-0.58652,0.33049,0.23221
0.0767,-0.5767,0.27894,0.2725
0.0768,-0.56597,0.22722,0.31237
0.0769,-0.55404,0.17508,0.35182
0.077,-0.54078,0.12225,0.39097
0.0771,-0.5261,0.068629,0.42987
0.0772,-0.50993,0.014243,0.46842
0.0773,-0.49226,-0.040851,0.50656
0.0774,-0.47335,-0.096505,0.54438
0.0775,-0.45346,-0.15243,0.58184
0.0776,-0.43284,-0.2083,0.61882
0.0777,-0.41182,-0.26374,0.65527
0.0778,-0.39072,-0.31838,0.69108
0.0779,-0.36957,-0.37192,0.72595
0.078,-0.34837,-0.42423,0.75973
0.0781,-0.32716,-0.47531,0.79239
0.0782,-0.3058,-0.52514,0.82377
0.0783,-0.28409,-0.57381,0.85372
0.0784,-0.26201,-0.62142,0.88229
0.0785,-0.23953,-0.66802,0.90948
0.0786,-0.21657,-0.71369,0.93521
0.0787,-0.1931,-0.75852,0.95951
0.0788,-0.16927,-0.80248,0.98249
0.0789,-0.14514,-0.84546,1.004
0.079,-0.12069,-0.88736,1.024
0.0791,-0.096039,-0.92815,1.0425
0.0792,-0.07126,-0.9678,1.0595
0.0793,-0.046304,-1.0064,1.0749
0.0794,-0.021185,-1.0439,1.089
0.0795,0.0040057,-1.0806,1.1017
0.0796,0.029214,-1.1162,1.1131
0.0797,0.054403,-1.1508,1.1231
0.0798,0.079411,-1.184,1.1315
0.0799,0.10409,-1.2156,1.1384
0.08,0.12833,-1.2452,1.1434
0.0801,0.15197,-1.2727,1.1465
0.0802,0.17485,-1.2978,1.1476
0.0803,0.19695,-1.3202,1.1465
0.0804,0.21832,-1.3401,1.1433
0.0805,0.23903,-1.3576,1.1381
0.0806,0.25924,-1.3729,1.1309
0.0807,0.2792,-1.3863,1.1219
0.0808,0.29901,-1.398,1.1111
0.0809,0.31877,-1.4081,1.0988
0.081,0.33854,-1.4167,1.0847
0.0811,0.35827,-1.4239,1.0692
0.0812,0.3778,-1.4296,1.0523
0.0813,0.39701,-1.4337,1.0342
0.0814,0.41578,-1.4361,1.0149
0.0815,0.43392,-1.4367,0.99446
0.0816,0.4513,-1.4355,0.97301
0.0817,0.46793,-1.4323,0.95046
0.0818,0.48381,-1.427,0.92681
0.0819,0.49889,-1.4198,0.9021
0.082,0.51319,-1.4104,0.87624
0.0821,0.52673,-1.3988,0.84916
0.0822,0.5394,-1.3848,0.82087
0.0823,0.55115,-1.3684,0.79136
0.0824,0.56197,-1.3495,0.76057
0.0825,0.57184,-1.3279,0.72854
0.0826,0.58073,-1.3039,0.69535
0.0827,0.58871,-1.2773,0.66097
0.0828,0.59592,-1.2484,0.62542
0.0829,0.60243,-1.2173,0.58884
0.083,0.60836,-1.1844,0.55136
0.0831,0.61385,-1.15,0.51312
0.0832,0.61894,-1.1142,0.47432
0.0833,0.62361,-1.0774,0.43516
0.0834,0.62783,-1.0397,0.39571
0.0835,0.6315,-1.0009,0.35603
0.0836,0.63449,-0.96112,0.31618
0.0837,0.63664,-0.92018,0.27615
0.0838,0.63785,-0.87797,0.2359
0.0839,0.63798,-0.83436,0.19542
0.084,0.63694,-0.78927,0.1547
0.0841,0.63472,-0.74269,0.11366
0.0842,0.63134,-0.69467,0.072309
0.0843,0.62684,-0.64537,0.030724
0.0844,0.6213,-0.59492,-0.01108
0.0845,0.61484,-0.54345,-0.053091
0.0846,0.60747,-0.49111,-0.095258
0.0847,0.59923,-0.43797,-0.13756
0.0848,0.59017,-0.38414,-0.17998
0.0849,0.58026,-0.32975,-0.22241
0.085,0.56947,-0.27496,-0.2647
0.0851,0.55782,-0.21992,-0.30673
0.0852,0.54532,-0.16483,-0.34837
0.0853,0.53198,-0.10988,-0.38943
0.0854,0.51784,-0.055227,-0.42981
0.0855,0.50298,-0.0010431,-0.46943
0.0856,0.4874,0.05256,-0.50818
0.0857,0.47111,0.10555,-0.54599
0.0858,0.45407,0.15798,-0.58288
0.0859,0.43625,0.20993,-0.61884
0.086,0.41752,0.26152,-0.65387
0.0861,0.39784,0.31289,-0.68798
0.0862,0.3772,0.36411,-0.72123
0.0863,0.35559,0.41523,-0.75362
0.0864,0.33308,0.46625,-0.78517
0.0865,0.30979,0.51712,-0.81592
0.0866,0.2859,0.56772,-0.84589
0.0867,0.26156,0.61786,-0.87502
0.0868,0.23694,0.66735,-0.90324
0.0869,0.21221,0.71597,-0.93048
0.087,0.18747,0.76354,-0.9566
0.0871,0.16279,0.80989,-0.98146
0.0872,0.13823,0.85491,-1.005
0.0873,0.1138,0.89848,-1.027
0.0874,0.089506,0.94053,-1.0475
0.0875,0.065344,0.98101,-1.0663
0.0876,0.041312,1.0199,-1.0834
0.0877,0.017385,1.0571,-1.0986
0.0878,-0.0064549,1.0926,-1.112
0.0879,-0.030196,1.1265,-1.1234
0.088,-0.053858,1.1587,-1.1328
0.0881,-0.077458,1.1892,-1.1402
0.0882,-0.101,1.2181,-1.1457
0.0883,-0.12449,1.2455,-1.1492
0.0884,-0.14795,1.2715,-1.151
0.0885,-0.17137,1.2961,-1.1512
0.0886,-0.19472,1.3194,-1.1497
0.0887,-0.21794,1.3413,-1.1467
0.0888,-0.24098,1.3619,-1.1423
0.0889,-0.26371,1.381,-1.1363
0.089,-0.286,1.3983,-1.1289
0.0891,-0.30775,1.4137,-1.12
0.0892,-0.32881,1.4271,-1.1095
0.0893,-0.34907,1.4382,-1.0975
0.0894,-0.36849,1.447,-1.0838
0.0895,-0.38707,1.4533,-1.0685
0.0896,-0.40483,1.4572,-1.0516
0.0897,-0.42186,1.4588,-1.0331
0.0898,-0.43829,1.4581,-1.013
0.0899,-0.45418,1.4552,-0.99132
0.09,-0.46958,1.4502,-0.96815
0.0901,-0.48455,1.4432,-0.94354
0.0902,-0.49911,1.4342,-0.91759
0.0903,-0.51322,1.4234,-0.89042
0.0904,-0.52685,1.4107,-0.86214
0.0905,-0.53998,1.3962,-0.83285
0.0906,-0.55254,1.38,-0.80263
0.0907,-0.56449,1.3619,-0.77157
0.0908,-0.57581,1.3421,-0.73971
0.0909,-0.58643,1.3205,-0.70708
0.091,-0.59632,1.297,-0.67374
0.0911,-0.60539,1.2717,-0.63967
0.0912,-0.61358,1.2444,-0.60488
0.0913,-0.62083,1.2151,-0.56935
0.0914,-0.62706,1.1836,-0.53308
0.0915,-0.63223,1.1501,-0.49602
0.0916,-0.63634,1.1144,-0.45818
0.0917,-0.63938,1.0767,-0.41954
0.0918,-0.64141,1.0369,-0.38012
0.0919,-0.6425,0.99517,-0.33994
0.092,-0.64272,0.95179,-0.29908
0.0921,-0.64217,0.90693,-0.25765
0.0922,-0.64094,0.86084,-0.21576
0.0923,-0.63909,0.81374,-0.17355
0.0924,-0.63665,0.76585,-0.13116
0.0925,-0.63364,0.71729,-0.088636
0.0926,-0.63004,0.66819,-0.046092
0.0927,-0.62578,0.61859,-0.0036219
0.0928,-0.6208,0.56853,0.038709
0.0929,-0.61501,0.51801,0.08085
0.093,-0.60832,0.46702,0.12274
0.0931,-0.60064,0.41554,0.16434
0.0932,-0.59191,0.36357,0.20564
0.0933,-0.58207,0.31112,0.24661
0.0934,-0.57112,0.2582,0.28723
0.0935,-0.55902,0.20484,0.3275
0.0936,-0.54581,0.15104,0.36743
0.0937,-0.53148,0.096858,0.40702
0.0938,-0.51607,0.042325,0.44625
0.0939,-0.49962,-0.012485,0.4851
0.094,-0.4822,-0.067464,0.52351
0.0941,-0.46389,-0.12248,0.56142
0.0942,-0.44477,-0.17737,0.59873
0.0943,-0.42497,-0.23196,0.63535
0.0944,-0.40459,-0.28608,0.67119
0.0945,-0.38374,-0.33954,0.70613
0.0946,-0.36253,-0.39218,0.7401
0.0947,-0.34102,-0.44389,0.77298
0.0948,-0.31925,-0.49455,0.8047
0.0949,-0.29723,-0.54414,0.83518
0.095,-0.27493,-0.59265,0.8644
0.0951,-0.25233,-0.6401,0.89229
0.0952,-0.22938,-0.68656,0.91884
0.0953,-0.20607,-0.73209,0.94404
0.0954,-0.18237,-0.77674,0.9679
0.0955,-0.15829,-0.82053,0.99041
0.0956,-0.13387,-0.86348,1.0116
0.0957,-0.10916,-0.90555,1.0314
0.0958,-0.084227,-0.94669,1.0499
0.0959,-0.05915,-0.9868,1.067
0.096,-0.034021,-1.0258,1.0826
0.0961,-0.0089181,-1.0635,1.0967
0.0962,0.016079,-1.0999,1.1093
0.0963,0.040888,-1.1347,1.1202
0.0964,0.065441,-1.168,1.1294
0.0965,0.089685,-1.1995,1.1369
0.0966,0.11357,-1.2292,1.1425
0.0967,0.13704,-1.257,1.1462
0.0968,0.16009,-1.2828,1.148
0.0969,0.18271,-1.3065,1.1479
0.097,0.20488,-1.3281,1.1458
0.0971,0.22661,-1.3476,1.1417
0.0972,0.24794,-1.365,1.1358
0.0973,0.26889,-1.3804,1.1279
0.0974,0.28949,-1.3939,1.1184
0.0975,0.30977,-1.4057,1.1072
0.0976,0.32976,-1.4157,1.0944
0.0977,0.34946,-1.4241,1.0802
0.0978,0.36884,-1.4308,1.0646
0.0979,0.38788,-1.436,1.0477
0.098,0.40654,-1.4395,1.0296
0.0981,0.42474,-1.4413,1.0102
0.0982,0.44239,-1.4413,0.98964
0.0983,0.45939,-1.4394,0.96789
0.0984,0.47566,-1.4353,0.94494
0.0985,0.49114,-1.4292,0.92078
0.0986,0.50579,-1.4208,0.89539
0.0987,0.51957,-1.41,0.86875
0.0988,0.53249,-1.3969,0.84086
0.0989,0.54457,-1.3813,0.81172
0.099,0.55583,-1.3634,0.78133
0.0991,0.56629,-1.3431,0.74974
0.0992,0.57599,-1.3206,0.71699
0.0993,0.58496,-1.2958,0.68316
0.0994,0.59322,-1.2689,0.64833
0.0995,0.60079,-1.24,0.61259
0.0996,0.60771,-1.2093,0.57604
0.0997,0.61397,-1.1768,0.53877
0.0998,0.61959,-1.1428,0.50089
0.0999,0.62457,-1.1072,0.46248
0.1,0.62888,-1.0703,0.42361
0.1001,0.63249,-1.0321,0.38435
0.1002,0.63536,-0.99257,0.34477
0.1003,0.63744,-0.95179,0.30487
0.1004,0.63866,-0.90974,0.26469
0.1005,0.63898,-0.86639,0.22424
0.1006,0.63833,-0.82172,0.18349
0.1007,0.6367,-0.77571,0.14245
0.1008,0.63405,-0.72837,0.10108
0.1009,0.63037,-0.67975,0.059396
0.101,0.6257,-0.6299,0.017413
0.1011,0.62004,-0.57894,-0.024812
0.1012,0.61344,-0.52701,-0.067215
0.1013,0.60594,-0.47427,-0.10972
0.1014,0.59756,-0.42088,-0.15222
0.1015,0.58834,-0.36702,-0.19462
0.1016,0.57829,-0.31284,-0.23683
0.1017,0.56743,-0.25848,-0.27872
0.1018,0.55574,-0.20409,-0.32021
0.1019,0.54322,-0.14976,-0.36119
0.102,0.52983,-0.09557,-0.40157
0.1021,0.51557,-0.041598,-0.44127
0.1022,0.50041,0.012117,-0.48024
0.1023,0.48433,0.065548,-0.51844
0.1024,0.46735,0.11868,-0.55582
0.1025,0.44946,0.17153,-0.59237
0.1026,0.43068,0.22409,-0.6281
0.1027,0.41104,0.27638,-0.663
0.1028,0.39057,0.32843,-0.6971
0.1029,0.36933,0.38021,-0.73038
0.103,0.34736,0.43171,-0.76285
0.1031,0.32473,0.48288,-0.79449
0.1032,0.30154,0.53364,-0.82526
0.1033,0.27788,0.58387,-0.85513
0.1034,0.25386,0.63346,-0.88404
0.1035,0.22956,0.68225,-0.9119
0.1036,0.2051,0.73012,-0.93864
0.1037,0.18057,0.77691,-0.96415
0.1038,0.15604,0.82249,-0.98834
0.1039,0.13156,0.86672,-1.0111
0.104,0.10715,0.90951,-1.0323
0.1041,0.08285,0.95077,-1.0519
0.1042,0.058641,0.99048,-1.0698
0.1043,0.034516,1.0286,-1.0859
0.1044,0.01046,1.0651,-1.1002
0.1045,-0.013545,1.1001,-1.1127
0.1046,-0.037513,1.1336,-1.1233
0.1047,-0.061447,1.1655,-1.1321
0.1048,-0.085341,1.196,-1.1391
0.1049,-0.10918,1.225,-1.1442
0.105,-0.13293,1.2525,-1.1476
0.1051,-0.15656,1.2786,-1.1492
0.1052,-0.18002,1.3032,-1.1492
0.1053,-0.20324,1.3262,-1.1474
0.1054,-0.22616,1.3476,-1.1441
0.1055,-0.24872,1.3673,-1.1392
0.1056,-0.27085,1.3853,-1.1327
0.1057,-0.29249,1.4014,-1.1246
0.1058,-0.31356,1.4155,-1.115
0.1059,-0.33404,1.4275,-1.1037
0.106,-0.35386,1.4374,-1.0908
0.1061,-0.37302,1.445,-1.0763
0.1062,-0.39148,1.4504,-1.0602
0.1063,-0.40928,1.4536,-1.0425
0.1064,-0.42645,1.4545,-1.0233
0.1065,-0.44303,1.4533,-1.0025
0.1066,-0.45905,1.4499,-0.98027
0.1067,-0.47454,1.4445,-0.95665
0.1068,-0.48952,1.4371,-0.93174
0.1069,-0.504,1.4278,-0.9056
0.107,-0.51798,1.4167,-0.87833
0.1071,-0.53145,1.4037,-0.85
0.1072,-0.54435,1.3889,-0.82069
0.1073,-0.55664,1.3723,-0.79045
0.1074,-0.56828,1.3537,-0.75934
0.1075,-0.57919,1.3333,-0.72738
0.1076,-0.58932,1.3109,-0.69461
0.1077,-0.59861,1.2865,-0.66101
0.1078,-0.60704,1.2601,-0.62661
0.1079,-0.61455,1.2316,-0.59139
0.108,-0.62112,1.201,-0.55536
0.1081,-0.62676,1.1683,-0.51852
0.1082,-0.63144,1.1336,-0.48089
0.1083,-0.6352,1.0969,-0.44248
0.1084,-0.63805,1.0583,-0.40335
0.1085,-0.64002,1.018,-0.36354
0.1086,-0.64115,0.97608,-0.32312
0.1087,-0.64147,0.93266,-0.28217
0.1088,-0.64104,0.88792,-0.24077
0.1089,-0.63988,0.84202,-0.19902
0.109,-0.638,0.79512,-0.15703
0.1091,-0.63543,0.74735,-0.11487
0.1092,-0.63216,0.69883,-0.072622
0.1093,-0.62817,0.64964,-0.030362
0.1094,-0.62342,0.59987,0.011835
0.1095,-0.61787,0.54955,0.053909
0.1096,-0.61146,0.4987,0.095817
0.1097,-0.60414,0.44733,0.13753
0.1098,-0.59584,0.39544,0.17901
0.1099,-0.58652,0.34302,0.22025
0.11,-0.57612,0.29009,0.26123
0.1101,-0.56464,0.23668,0.30194
0.1102,-0.55207,0.18281,0.34234
0.1103,-0.5384,0.12857,0.38241
0.1104,-0.52369,0.074015,0.4221
0.1105,-0.50798,0.01926,0.46137
0.1106,-0.49131,-0.035587,0.50017
0.1107,-0.47376,-0.0904,0.53842
0.1108,-0.45542,-0.14505,0.57605
0.1109,-0.43636,-0.1994,0.61297
0.111,-0.41666,-0.25332,0.64911
0.1111,-0.39638,-0.30669,0.68437
0.1112,-0.37559,-0.3594,0.71868
0.1113,-0.35434,-0.41136,0.75197
0.1114,-0.33268,-0.46249,0.78416
0.1115,-0.31064,-0.51273,0.81521
0.1116,-0.28824,-0.56205,0.84507
0.1117,-0.2655,-0.61042,0.87371
0.1118,-0.24243,-0.65784,0.9011
0.1119,-0.21904,-0.70435,0.92724
0.112,-0.19533,-0.74995,0.95209
0.1121,-0.17132,-0.79465,0.97566
0.1122,-0.14704,-0.83843,0.99792
0.1123,-0.12252,-0.88127,1.0188
0.1124,-0.097804,-0.92313,1.0384
0.1125,-0.072947,-0.96394,1.0566
0.1126,-0.048016,-1.0036,1.0733
0.1127,-0.023081,-1.042,1.0885
0.1128,0.0017864,-1.0791,1.1021
0.1129,0.026516,-1.1147,1.1141
0.113,0.051044,-1.1488,1.1243
0.1131,0.075316,-1.1811,1.1328
0.1132,0.099285,-1.2117,1.1394
0.1133,0.12292,-1.2403,1.1441
0.1134,0.14619,-1.2671,1.1469
0.1135,0.1691,-1.2919,1.1478
0.1136,0.19162,-1.3147,1.1468
0.1137,0.21378,-1.3356,1.1438
0.1138,0.23558,-1.3545,1.1391
0.1139,0.25701,-1.3715,1.1325
0.114,0.2781,-1.3867,1.1242
0.1141,0.29883,-1.4,1.1142
0.1142,0.31921,-1.4115,1.1027
0.1143,0.33921,-1.4213,1.0897
0.1144,0.35881,-1.4294,1.0752
0.1145,0.37799,-1.4357,1.0594
0.1146,0.3967,-1.4403,1.0422
0.1147,0.41493,-1.4431,1.0238
0.1148,0.43263,-1.444,1.004
0.1149,0.44973,-1.443,0.98308
0.115,0.46619,-1.44,0.96087
0.1151,0.48195,-1.4349,0.93739
0.1152,0.49697,-1.4277,0.91266
0.1153,0.51122,-1.4182,0.88666
0.1154,0.52469,-1.4064,0.8594
0.1155,0.53735,-1.3923,0.8309
0.1156,0.54922,-1.3758,0.80118
0.1157,0.5603,-1.3571,0.77028
0.1158,0.57063,-1.3361,0.73825
0.1159,0.58021,-1.3129,0.70515
0.116,0.58908,-1.2877,0.67106
0.1161,0.59725,-1.2604,0.63606
0.1162,0.60472,-1.2312,0.60023
0.1163,0.61151,-1.2002,0.56366
0.1164,0.6176,-1.1675,0.52643
0.1165,0.62299,-1.1332,0.48861
0.1166,0.62765,-1.0973,0.45027
0.1167,0.63156,-1.06,0.41147
0.1168,0.63469,-1.0213,0.37224
0.1169,0.65135,-0.99748,0.33462
0.117,0.68084,-0.98852,0.29917
0.1171,0.70933,-0.97836,0.26367
0.1172,0.73691,-0.96673,0.22771
0.1173,0.76389,-0.95373,0.19104
0.1174,0.79012,-0.93941,0.15382
0.1175,0.81515,-0.92367,0.11635
0.1176,0.83904,-0.90652,0.078524
0.1177,0.86215,-0.88802,0.04002
0.1178,0.88433,-0.86816,0.00094276
0.1179,0.90521,-0.84709,-0.038225
0.118,0.92472,-0.82511,-0.077141
0.1181,0.9428,-0.80224,-0.11577
0.1182,0.95937,-0.77831,-0.15421
0.1183,0.97449,-0.75334,-0.19255
0.1184,0.9881,-0.72745,-0.23068
0.1185,0.99991,-0.70057,-0.26837
0.1186,1.0098,-0.67266,-0.30552
0.1187,1.0178,-0.64384,-0.34221
0.1188,1.0241,-0.61414,-0.37843
0.1189,1.0286,-0.58371,-0.41397
0.119,1.0312,-0.55273,-0.44862
0.1191,1.0321,-0.52117,-0.48245
0.1192,1.0312,-0.48882,-0.51567
0.1193,1.0287,-0.45567,-0.5484
0.1194,1.0248,-0.4218,-0.58063
0.1195,1.0192,-0.38719,-0.61234
0.1196,1.0123,-0.35181,-0.64361
0.1197,1.0042,-0.31588,-0.67449
0.1198,0.99496,-0.27951,-0.70481
0.1199,0.98433,-0.24275,-0.73425
0.12,0.97236,-0.20579,-0.76265
0.1201,0.95926,-0.16869,-0.79008
0.1202,0.94493,-0.13131,-0.81657
0.1203,0.92925,-0.093571,-0.84201
0.1204,0.91229,-0.055658,-0.86626
0.1205,0.89399,-0.01758,-0.88922
0.1206,0.87426,0.020727,-0.91081
0.1207,0.85324,0.05907,-0.93098
0.1208,0.83111,0.097219,-0.94963
0.1209,0.80778,0.13517,-0.96664
0.121,0.78318,0.17294,-0.9819
0.1211,0.75748,0.21042,-0.99546
0.1212,0.73074,0.24768,-1.0074
0.1213,0.70295,0.28482,-1.0178
0.1214,0.67424,0.32174,-1.0267
0.1215,0.64475,0.3583,-1.034
0.1216,0.61449,0.39452,-1.0398
0.1217,0.58352,0.43035,-1.0441
0.1218,0.55195,0.4656,-1.0468
0.1219,0.51978,0.50021,-1.0479
0.122,0.48702,0.53421,-1.0474
0.1221,0.45379,0.56756,-1.0456
0.1222,0.42013,0.60025,-1.0424
0.1223,0.38591,0.6323,-1.0377
0.1224,0.35108,0.66362,-1.0315
0.1225,0.31573,0.69409,-1.0238
