0.05,0.031996,-0.20227,0.19248
0.0501,0.042705,-0.20486,0.18808
0.0502,0.053302,-0.20682,0.18326
0.0503,0.063784,-0.20813,0.17797
0.0504,0.074159,-0.20879,0.17218
0.0505,0.084436,-0.20885,0.16587
0.0506,0.094644,-0.20836,0.15904
0.0507,0.10481,-0.20745,0.15173
0.0508,0.11496,-0.20623,0.14402
0.0509,0.12507,-0.20481,0.136
0.051,0.13514,-0.20333,0.12775
0.0511,0.14515,-0.20187,0.11938
0.0512,0.15504,-0.20052,0.11095
0.0513,0.16475,-0.1993,0.10252
0.0514,0.17422,-0.19822,0.094124
0.0515,0.18335,-0.19725,0.085768
0.0516,0.19207,-0.19635,0.077445
0.0517,0.20029,-0.19542,0.069126
0.0518,0.20794,-0.19437,0.060763
0.0519,0.2149,-0.19308,0.052304
0.052,0.22113,-0.19142,0.043684
0.0521,0.2266,-0.1893,0.034836
0.0522,0.23129,-0.18661,0.025699
0.0523,0.23522,-0.18328,0.016226
0.0524,0.23845,-0.1793,0.0063843
0.0525,0.24104,-0.17467,-0.0038341
0.0526,0.24309,-0.16944,-0.014409
0.0527,0.24469,-0.1637,-0.025294
0.0528,0.24593,-0.15754,-0.036426
0.0529,0.2469,-0.15108,-0.047724
0.053,0.24768,-0.14445,-0.059105
0.0531,0.24834,-0.13776,-0.070487
0.0532,0.24892,-0.1311,-0.081797
0.0533,0.24944,-0.12452,-0.092968
0.0534,0.24994,-0.11805,-0.10395
0.0535,0.25038,-0.11171,-0.1147
0.0536,0.25073,-0.10547,-0.12518
0.0537,0.25094,-0.09928,-0.13539
0.0538,0.25097,-0.093048,-0.1453
0.0539,0.25073,-0.086671,-0.1549
0.054,0.25018,-0.080032,-0.1642
0.0541,0.24926,-0.073026,-0.17318
0.0542,0.24793,-0.065552,-0.18182
0.0543,0.24619,-0.057543,-0.19007
0.0544,0.24403,-0.048964,-0.19792
0.0545,0.24147,-0.039819,-0.20534
0.0546,0.23854,-0.030143,-0.21228
0.0547,0.23528,-0.020009,-0.21872
0.0548,0.23172,-0.0095086,-0.22464
0.0549,0.22792,0.0012491,-0.23005
0.055,0.22392,0.012149,-0.23494
0.0551,0.21978,0.023072,-0.23932
0.0552,0.21552,0.033913,-0.24318
0.0553,0.21118,0.044583,-0.24654
0.0554,0.20677,0.055013,-0.24938
0.0555,0.20228,0.06517,-0.25169
0.0556,0.19769,0.075057,-0.2535
0.0557,0.19295,0.084705,-0.25481
0.0558,0.18802,0.094176,-0.25565
0.0559,0.18284,0.10355,-0.25607
0.056,0.17735,0.11293,-0.25614
0.0561,0.17149,0.12239,-0.25591
0.0562,0.16523,0.13201,-0.25547
0.0563,0.15852,0.14184,-0.25488
0.0564,0.15137,0.15189,-0.2542
0.0565,0.1438,0.16213,-0.25348
0.0566,0.13584,0.17252,-0.25274
0.0567,0.12753,0.18296,-0.252
0.0568,0.11893,0.19335,-0.25125
0.0569,0.11011,0.20354,-0.25045
0.057,0.10113,0.2134,-0.24957
0.0571,0.09205,0.22277,-0.24854
0.0572,0.082933,0.23154,-0.2473
0.0573,0.073813,0.23959,-0.24576
0.0574,0.064709,0.24683,-0.24386
0.0575,0.055627,0.25319,-0.24152
0.0576,0.046552,0.25866,-0.23871
0.0577,0.037455,0.26327,-0.23541
0.0578,0.028299,0.26709,-0.23161
0.0579,0.019044,0.27018,-0.22734
0.058,0.0096471,0.27267,-0.22265
0.0581,6.8909e-05,0.27469,-0.21758
0.0582,-0.0097191,0.27635,-0.21222
0.0583,-0.019739,0.27778,-0.20662
0.0584,-0.030001,0.2791,-0.20085
0.0585,-0.040499,0.2804,-0.19498
0.0586,-0.051212,0.28173,-0.18905
0.0587,-0.062101,0.28314,-0.18309
0.0588,-0.073112,0.28462,-0.17713
0.0589,-0.084172,0.28613,-0.17114
0.059,-0.095204,0.28761,-0.16509
0.0591,-0.10612,0.28895,-0.15892
0.0592,-0.11684,0.29007,-0.15258
0.0593,-0.12728,0.29083,-0.146
0.0594,-0.13736,0.29116,-0.13913
0.0595,-0.14703,0.29096,-0.13191
0.0596,-0.15623,0.29018,-0.12428
0.0597,-0.16492,0.28879,-0.11621
0.0598,-0.17308,0.28681,-0.10772
0.0599,-0.1807,0.28428,-0.0988
0.06,-0.18778,0.28126,-0.089501
0.0601,-0.19435,0.27784,-0.079872
0.0602,-0.20044,0.27411,-0.069982
0.0603,-0.20611,0.27019,-0.059902
0.0604,-0.21138,0.26618,-0.049713
0.0605,-0.21629,0.26215,-0.039485
0.0606,-0.22088,0.25818,-0.029284
0.0607,-0.22517,0.25429,-0.019158
0.0608,-0.22916,0.25051,-0.0091368
0.0609,-0.23284,0.24678,0.000773
0.061,-0.23619,0.24306,0.010582
0.0611,-0.2392,0.23925,0.020327
0.0612,-0.24184,0.23527,0.030049
0.0613,-0.24408,0.23099,0.039803
0.0614,-0.2459,0.22634,0.049633
0.0615,-0.24731,0.22121,0.059583
0.0616,-0.24828,0.21553,0.069675
0.0617,-0.24883,0.20924,0.079917
0.0618,-0.24899,0.20233,0.090291
0.0619,-0.24877,0.19483,0.10076
0.062,-0.24823,0.1868,0.11127
0.0621,-0.24741,0.1783,0.12174
0.0622,-0.24636,0.16946,0.13209
0.0623,-0.24513,0.16038,0.14222
0.0624,-0.24376,0.15119,0.15203
0.0625,-0.24228,0.14198,0.16143
0.0626,-0.24071,0.13285,0.17032
0.0627,-0.23905,0.12386,0.17863
0.0628,-0.23726,0.11504,0.18631
0.0629,-0.23534,0.10638,0.19333
0.063,-0.23322,0.097849,0.19968
0.0631,-0.23086,0.089376,0.20536
0.0632,-0.22823,0.080882,0.2104
0.0633,-0.22526,0.072269,0.21484
0.0634,-0.22192,0.063443,0.21875
0.0635,-0.21818,0.054315,0.22219
0.0636,-0.21402,0.044815,0.22525
0.0637,-0.20943,0.034891,0.22799
0.0638,-0.20442,0.024527,0.23049
0.0639,-0.19903,0.013734,0.23281
0.064,-0.19329,0.0025585,0.23498
0.0641,-0.18725,-0.0089271,0.23702
0.0642,-0.18097,-0.02062,0.23895
0.0643,-0.17449,-0.032406,0.24073
0.0644,-0.16784,-0.044159,0.24233
0.0645,-0.16106,-0.055758,0.2437
0.0646,-0.15417,-0.067087,0.24477
0.0647,-0.14719,-0.078055,0.24549
0.0648,-0.14011,-0.088584,0.24582
0.0649,-0.13294,-0.098627,0.24572
0.065,-0.12563,-0.10815,0.24516
0.0651,-0.11816,-0.11716,0.24415
0.0652,-0.051055,-0.13601,0.19362
0.0653,-0.0055141,-0.14923,0.15935
0.0654,0.038374,-0.16013,0.12479
0.0655,0.080873,-0.16862,0.089641
0.0656,0.12193,-0.17472,0.054022
0.0657,0.16149,-0.17871,0.018287
0.0658,0.19945,-0.18068,-0.01738
0.0659,0.23623,-0.18053,-0.05346
0.066,0.27183,-0.17831,-0.08996
0.0661,0.30603,-0.17428,-0.1264
0.0662,0.33857,-0.16861,-0.16243
0.0663,0.36958,-0.16135,-0.19817
0.0664,0.39892,-0.15249,-0.23353
0.0665,0.42654,-0.14205,-0.26849
0.0666,0.4523,-0.13001,-0.303
0.0667,0.47622,-0.11651,-0.33695
0.0668,0.49813,-0.10162,-0.37016
0.0669,0.51821,-0.085346,-0.40283
0.067,0.53653,-0.067671,-0.43508
0.0671,0.55311,-0.048736,-0.46683
0.0672,0.56782,-0.028641,-0.49788
0.0673,0.58042,-0.0072046,-0.52821
0.0674,0.5918,0.014986,-0.55817
0.0675,0.6016,0.038227,-0.5877
0.0676,0.60966,0.06246,-0.61664
0.0677,0.61598,0.087479,-0.64483
0.0678,0.62047,0.11321,-0.67218
0.0679,0.62332,0.13963,-0.69887
0.068,0.62451,0.1666,-0.72483
0.0681,0.62398,0.1939,-0.74976
0.0682,0.62164,0.22142,-0.77351
0.0683,0.6177,0.24916,-0.79631
0.0684,0.61215,0.27711,-0.81816
0.0685,0.60488,0.30525,-0.83894
0.0686,0.59577,0.33358,-0.85851
0.0687,0.58489,0.36208,-0.87692
0.0688,0.57208,0.39073,-0.89401
0.0689,0.55733,0.41956,-0.90977
0.069,0.54065,0.4486,-0.92422
0.0691,0.52218,0.47773,-0.93737
0.0692,0.50192,0.5069,-0.94911
0.0693,0.48013,0.53607,-0.95959
0.0694,0.45702,0.56519,-0.96894
0.0695,0.43279,0.59419,-0.97723
0.0696,0.4075,0.62301,-0.98439
0.0697,0.38135,0.65153,-0.99049
0.0698,0.35444,0.67963,-0.99546
0.0699,0.32688,0.70723,-0.99932
0.07,0.29864,0.73429,-1.0019
0.0701,0.26978,0.76068,-1.0032
0.0702,0.24026,0.78637,-1.0031
0.0703,0.21019,0.81136,-1.0015
0.0704,0.17959,0.83564,-0.99866
0.0705,0.14848,0.85912,-0.9943
0.0706,0.11679,0.88179,-0.98832
0.0707,0.084657,0.90363,-0.98078
0.0708,0.052081,0.92462,-0.97163
0.0709,0.019059,0.94476,-0.96081
0.071,-0.014425,0.96407,-0.94824
0.0711,-0.048265,0.9825,-0.93397
0.0712,-0.082491,1.0001,-0.91794
0.0713,-0.11705,1.0168,-0.90021
0.0714,-0.15188,1.0328,-0.88087
0.0715,-0.18683,1.0479,-0.86001
0.0716,-0.22188,1.062,-0.83767
0.0717,-0.25683,1.0752,-0.81399
0.0718,-0.29155,1.0873,-0.78909
0.0719,-0.32589,1.0982,-0.76306
0.072,-0.35982,1.1078,-0.736
0.0721,-0.39319,1.1162,-0.70801
0.0722,-0.42598,1.1233,-0.6791
0.0723,-0.45819,1.129,-0.64934
0.0724,-0.48983,1.1334,-0.61872
0.0725,-0.52093,1.1365,-0.58723
0.0726,-0.55159,1.1383,-0.55476
0.0727,-0.58181,1.1387,-0.52138
0.0728,-0.61158,1.1379,-0.48716
0.0729,-0.64089,1.1357,-0.45215
0.073,-0.66976,1.1323,-0.41635
0.0731,-0.69808,1.1275,-0.37995
0.0732,-0.72576,1.1214,-0.34307
0.0733,-0.75277,1.114,-0.3058
0.0734,-0.77906,1.1053,-0.26822
0.0735,-0.80451,1.0953,-0.23045
0.0736,-0.82909,1.0839,-0.19251
0.0737,-0.85276,1.0711,-0.15444
0.0738,-0.87545,1.0568,-0.1163
0.0739,-0.89706,1.041,-0.078145
0.074,-0.91756,1.0238,-0.040015
0.0741,-0.93686,1.0051,-0.0019881
0.0742,-0.95489,0.98485,0.035897
0.0743,-0.97159,0.96306,0.073612
0.0744,-0.98696,0.93976,0.11115
0.0745,-1.001,0.91496,0.14848
0.0746,-1.0137,0.88868,0.18566
0.0747,-1.0252,0.86103,0.22264
0.0748,-1.0355,0.83212,0.25941
0.0749,-1.0445,0.80203,0.29595
0.075,-1.0526,0.77089,0.33227
0.0751,-1.0596,0.73887,0.36827
0.0752,-1.0655,0.70607,0.40384
0.0753,-1.0704,0.6726,0.43894
0.0754,-1.0742,0.63852,0.47349
0.0755,-1.0768,0.6039,0.50737
0.0756,-1.0782,0.56875,0.54053
0.0757,-1.0782,0.53312,0.5729
0.0758,-1.0767,0.49704,0.6044
0.0759,-1.0738,0.46054,0.63494
0.076,-1.0693,0.42363,0.66451
0.0761,-1.0632,0.38635,0.69307
0.0762,-1.0556,0.34871,0.72063
0.0763,-1.0462,0.31071,0.7472
0.0764,-1.0353,0.27238,0.7728
0.0765,-1.0228,0.23373,0.79743
0.0766,-1.0086,0.1948,0.82107
0.0767,-0.99275,0.15562,0.84373
0.0768,-0.97533,0.11628,0.86538
0.0769,-0.95635,0.07686,0.88598
0.077,-0.93589,0.037447,0.90552
0.0771,-0.91405,-0.0018495,0.92397
0.0772,-0.89094,-0.040921,0.9413
0.0773,-0.86665,-0.079692,0.9575
0.0774,-0.84129,-0.11809,0.97256
0.0775,-0.81495,-0.15604,0.98646
0.0776,-0.78765,-0.1935,0.99913
0.0777,-0.7594,-0.23042,1.0105
0.0778,-0.73022,-0.26676,1.0206
0.0779,-0.70007,-0.30251,1.0292
0.078,-0.66893,-0.33768,1.0364
0.0781,-0.63679,-0.37227,1.0421
0.0782,-0.60369,-0.40628,1.0463
0.0783,-0.56965,-0.43974,1.049
0.0784,-0.53474,-0.47264,1.0503
0.0785,-0.49905,-0.50497,1.0501
0.0786,-0.46269,-0.53667,1.0484
0.0787,-0.42577,-0.56771,1.0454
0.0788,-0.3884,-0.59801,1.041
0.0789,-0.3507,-0.6275,1.0352
0.079,-0.31274,-0.6561,1.028
0.0791,-0.27462,-0.68376,1.0194
0.0792,-0.23639,-0.71041,1.0094
0.0793,-0.19811,-0.73599,0.998
0.0794,-0.15983,-0.76046,0.98509
0.0795,-0.1216,-0.78376,0.9707
0.0796,-0.083439,-0.80583,0.95477
0.0797,-0.04537,-0.82663,0.9373
0.0798,-0.0074343,-0.84614,0.91829
0.0799,0.030354,-0.86435,0.89776
0.08,0.068,-0.88127,0.87571
0.0801,0.10549,-0.89692,0.85219
0.0802,0.14282,-0.91132,0.82726
0.0803,0.18,-0.92451,0.80097
0.0804,0.21702,-0.93653,0.77339
0.0805,0.25384,-0.94738,0.7446
0.0806,0.29041,-0.95708,0.71472
0.0807,0.32666,-0.96561,0.68383
0.0808,0.36249,-0.97295,0.65205
0.0809,0.39777,-0.97907,0.61951
0.081,0.43241,-0.9839,0.58631
0.0811,0.46631,-0.98743,0.55255
0.0812,0.49937,-0.9896,0.51832
0.0813,0.53153,-0.99035,0.48367
0.0814,0.56273,-0.98963,0.44861
0.0815,0.59293,-0.9874,0.41316
0.0816,0.62214,-0.98359,0.37731
0.0817,0.65036,-0.97818,0.34103
0.0818,0.67761,-0.97115,0.30435
0.0819,0.70388,-0.96247,0.26728
0.082,0.7292,-0.95213,0.22982
0.0821,0.75358,-0.94013,0.19204
0.0822,0.777,-0.92649,0.15398
0.0823,0.79944,-0.91122,0.11572
0.0824,0.82092,-0.89436,0.077321
0.0825,0.8414,-0.87596,0.038864
0.0826,0.86085,-0.85608,0.00043178
0.0827,0.87925,-0.83479,-0.037906
0.0828,0.89657,-0.81219,-0.07607
0.0829,0.91275,-0.78834,-0.11397
0.083,0.92776,-0.76333,-0.15154
0.0831,0.94155,-0.73722,-0.1887
0.0832,0.95403,-0.71005,-0.2254
0.0833,0.96516,-0.68185,-0.26157
0.0834,0.97487,-0.65263,-0.29719
0.0835,0.98313,-0.62241,-0.33222
0.0836,0.98989,-0.59121,-0.36664
0.0837,0.99514,-0.55905,-0.40044
0.0838,0.99889,-0.526,-0.43363
0.0839,1.0012,-0.4921,-0.4662
0.084,1.002,-0.45744,-0.49816
0.0841,1.0014,-0.4221,-0.52952
0.0842,0.99954,-0.38617,-0.56024
0.0843,0.9963,-0.34974,-0.59031
0.0844,0.99174,-0.31291,-0.61967
0.0845,0.98586,-0.27576,-0.64828
0.0846,0.97862,-0.23836,-0.67605
0.0847,0.96996,-0.20078,-0.70291
0.0848,0.95984,-0.16311,-0.72879
0.0849,0.94821,-0.12539,-0.75359
0.085,0.93501,-0.08766,-0.77724
0.0851,0.9202,-0.049963,-0.79971
0.0852,0.90376,-0.01232,-0.82095
0.0853,0.88568,0.025259,-0.84094
0.0854,0.86598,0.062767,-0.85968
0.0855,0.84468,0.10019,-0.87717
0.0856,0.82181,0.13751,-0.8934
0.0857,0.79741,0.17473,-0.90837
0.0858,0.77157,0.2118,-0.9221
0.0859,0.74436,0.24869,-0.93458
0.086,0.71589,0.28535,-0.94583
0.0861,0.68627,0.32173,-0.95586
0.0862,0.65564,0.35774,-0.96469
0.0863,0.62412,0.39331,-0.9723
0.0864,0.59183,0.42835,-0.97872
0.0865,0.55891,0.46277,-0.98394
0.0866,0.52544,0.4965,-0.98794
0.0867,0.4915,0.52948,-0.99067
0.0868,0.45714,0.56164,-0.99211
0.0869,0.42238,0.59293,-0.9922
0.087,0.38722,0.62331,-0.99088
0.0871,0.35166,0.65277,-0.98807
0.0872,0.31567,0.6813,-0.98373
0.0873,0.27926,0.70888,-0.97779
0.0874,0.24242,0.73553,-0.97018
0.0875,0.20515,0.76124,-0.96086
0.0876,0.16751,0.78601,-0.94982
0.0877,0.12953,0.80983,-0.93704
0.0878,0.091296,0.83268,-0.92254
0.0879,0.052881,0.85456,-0.90637
0.088,0.014375,0.87543,-0.88858
0.0881,-0.024136,0.89527,-0.86927
0.0882,-0.062557,0.91404,-0.84849
0.0883,-0.10081,0.93171,-0.82635
0.0884,-0.1388,0.94821,-0.80291
0.0885,-0.17647,0.96351,-0.77827
0.0886,-0.21374,0.97755,-0.75247
0.0887,-0.25054,0.99028,-0.72558
0.0888,-0.28683,1.0017,-0.69765
0.0889,-0.32256,1.0116,-0.66872
0.089,-0.3577,1.0202,-0.63884
0.0891,-0.39223,1.0274,-0.60803
0.0892,-0.42614,1.0331,-0.57633
0.0893,-0.45944,1.0374,-0.54377
0.0894,-0.49215,1.0403,-0.51038
0.0895,-0.5243,1.0418,-0.4762
0.0896,-0.5559,1.0419,-0.44128
0.0897,-0.58693,1.0407,-0.40569
0.0898,-0.61735,1.0381,-0.36949
0.0899,-0.64713,1.0342,-0.33279
0.09,-0.67618,1.0289,-0.29568
0.0901,-0.70443,1.0221,-0.25824
0.0902,-0.73179,1.014,-0.22059
0.0903,-0.75816,1.0044,-0.18281
0.0904,-0.78346,0.9933,-0.14496
0.0905,-0.80762,0.98065,-0.1071
0.0906,-0.83056,0.96644,-0.069272
0.0907,-0.85226,0.95065,-0.031506
0.0908,-0.87269,0.93324,0.0061843
0.0909,-0.89182,0.91425,0.043785
0.091,-0.90967,0.89368,0.081284
0.0911,-0.92624,0.87157,0.11868
0.0912,-0.94154,0.84797,0.15594
0.0913,-0.9556,0.82295,0.19307
0.0914,-0.96843,0.79657,0.23001
0.0915,-0.98005,0.76894,0.26673
0.0916,-0.99047,0.74016,0.30318
0.0917,-0.99971,0.71034,0.3393
0.0918,-1.0078,0.67959,0.37502
0.0919,-1.0146,0.64801,0.41027
0.092,-1.0203,0.61572,0.44497
0.0921,-1.0248,0.58279,0.47904
0.0922,-1.0281,0.54928,0.51244
0.0923,-1.03,0.51526,0.54511
0.0924,-1.0306,0.48074,0.57699
0.0925,-1.0297,0.44575,0.60802
0.0926,-1.0274,0.4103,0.63815
0.0927,-1.0234,0.3744,0.66734
0.0928,-1.0179,0.33806,0.69554
0.0929,-1.0107,0.30129,0.72275
0.093,-1.0017,0.26412,0.74896
0.0931,-0.99109,0.22658,0.77417
0.0932,-0.97877,0.18872,0.79838
0.0933,-0.96483,0.1506,0.82161
0.0934,-0.94928,0.11227,0.84386
0.0935,-0.9322,0.073828,0.86513
0.0936,-0.91366,0.035346,0.88538
0.0937,-0.89372,-0.0030864,0.90461
0.0938,-0.87246,-0.041385,0.92275
0.0939,-0.84994,-0.079465,0.93978
0.094,-0.82621,-0.11725,0.95563
0.0941,-0.80132,-0.15467,0.97026
0.0942,-0.77532,-0.19168,0.98363
0.0943,-0.74826,-0.22823,0.99568
0.0944,-0.72015,-0.26427,1.0064
0.0945,-0.69103,-0.29979,1.0157
0.0946,-0.66093,-0.33477,1.0237
0.0947,-0.62986,-0.36919,1.0302
0.0948,-0.59787,-0.40305,1.0353
0.0949,-0.56497,-0.43634,1.039
0.095,-0.53122,-0.46908,1.0412
0.0951,-0.49666,-0.50125,1.0421
0.0952,-0.46137,-0.53282,1.0414
0.0953,-0.42543,-0.56377,1.0394
0.0954,-0.38893,-0.59403,1.036
0.0955,-0.35198,-0.62355,1.0311
0.0956,-0.31467,-0.65225,1.0248
0.0957,-0.27711,-0.68006,1.0172
0.0958,-0.23939,-0.70691,1.0081
0.0959,-0.2016,-0.73272,0.99757
0.096,-0.16379,-0.75743,0.9856
0.0961,-0.126,-0.781,0.97217
0.0962,-0.088262,-0.80337,0.95722
0.0963,-0.050586,-0.82452,0.94075
0.0964,-0.012974,-0.84444,0.92272
0.0965,0.024571,-0.86311,0.90314
0.0966,0.062049,-0.88053,0.88199
0.0967,0.099447,-0.89671,0.85933
0.0968,0.13675,-0.91167,0.83518
0.0969,0.17392,-0.92542,0.80963
0.097,0.21093,-0.93798,0.78277
0.0971,0.24771,-0.94935,0.75469
0.0972,0.2842,-0.95955,0.7255
0.0973,0.32034,-0.96856,0.69532
0.0974,0.35605,-0.97638,0.66423
0.0975,0.39124,-0.98299,0.63234
0.0976,0.42585,-0.98834,0.59973
0.0977,0.45979,-0.99241,0.56649
0.0978,0.49301,-0.99516,0.53266
0.0979,0.52545,-0.99653,0.4983
0.098,0.55702,-0.99647,0.46346
0.0981,0.58769,-0.99495,0.42818
0.0982,0.61741,-0.9919,0.39246
0.0983,0.64614,-0.98728,0.35633
0.0984,0.6739,-0.98107,0.31981
0.0985,0.70066,-0.97322,0.2829
0.0986,0.72645,-0.96373,0.24563
0.0987,0.75128,-0.95259,0.20803
0.0988,0.77516,-0.9398,0.17013
0.0989,0.7981,-0.9254,0.13198
0.099,0.82009,-0.9094,0.093641
0.0991,0.84113,-0.89187,0.055191
0.0992,0.86117,-0.87285,0.016709
0.0993,0.88019,-0.8524,-0.021716
0.0994,0.89813,-0.83058,-0.059996
0.0995,0.91492,-0.80747,-0.098044
0.0996,0.93051,-0.78312,-0.13578
0.0997,0.94485,-0.75759,-0.17314
0.0998,0.95788,-0.73093,-0.21006
0.0999,0.96956,-0.70319,-0.2465
0.1,0.97987,-0.67441,-0.28242
0.1001,0.98876,-0.6446,-0.3178
0.1002,0.99624,-0.61382,-0.35263
0.1003,1.0023,-0.5821,-0.38688
0.1004,1.0069,-0.54947,-0.42055
0.1005,1.0101,-0.51599,-0.45365
0.1006,1.0119,-0.48173,-0.48616
0.1007,1.0123,-0.44674,-0.51806
0.1008,1.0113,-0.41111,-0.54933
0.1009,1.0089,-0.37492,-0.57992
0.101,1.0052,-0.33827,-0.60979
0.1011,1.0001,-0.30125,-0.63889
0.1012,0.99358,-0.26394,-0.66716
0.1013,0.98569,-0.22641,-0.69455
0.1014,0.97636,-0.18875,-0.72099
0.1015,0.96557,-0.15099,-0.74641
0.1016,0.95326,-0.1132,-0.77076
0.1017,0.93939,-0.075401,-0.79397
0.1018,0.92392,-0.03762,-0.816
0.1019,0.90681,0.00012684,-0.8368
0.102,0.88806,0.037825,-0.85635
0.1021,0.86765,0.075464,-0.87464
0.1022,0.84562,0.11303,-0.89166
0.1023,0.82203,0.15049,-0.90742
0.1024,0.79695,0.18783,-0.92193
0.1025,0.77049,0.22499,-0.93522
0.1026,0.74276,0.26194,-0.9473
0.1027,0.71387,0.29861,-0.95818
0.1028,0.68395,0.33494,-0.96788
0.1029,0.6531,0.37084,-0.97638
0.103,0.62144,0.40625,-0.98369
0.1031,0.58906,0.44107,-0.98977
0.1032,0.55603,0.47525,-0.99461
0.1033,0.52243,0.50871,-0.99816
0.1034,0.48831,0.54142,-1.0004
0.1035,0.4537,0.57332,-1.0013
0.1036,0.41864,0.60437,-1.0008
0.1037,0.38315,0.63452,-0.99878
0.1038,0.34723,0.66376,-0.99529
0.1039,0.3109,0.69207,-0.99025
0.104,0.27417,0.71944,-0.98361
0.1041,0.23705,0.74587,-0.97533
0.1042,0.19955,0.77135,-0.96537
0.1043,0.16172,0.79589,-0.95371
0.1044,0.1236,0.81948,-0.94035
0.1045,0.085254,0.84209,-0.92531
0.1046,0.046757,0.86372,-0.90863
0.1047,0.0081955,0.88433,-0.89037
0.1048,-0.030335,0.90387,-0.87059
0.1049,-0.068742,0.92232,-0.84938
0.105,-0.10693,0.93961,-0.82682
0.1051,-0.14481,0.95571,-0.80301
0.1052,-0.18232,0.97055,-0.778
0.1053,-0.2194,0.98411,-0.75187
0.1054,-0.25599,0.99633,-0.72465
0.1055,-0.29208,1.0072,-0.69639
0.1056,-0.32763,1.0167,-0.66712
0.1057,-0.36264,1.0247,-0.63686
0.1058,-0.39709,1.0314,-0.60566
0.1059,-0.43097,1.0367,-0.57354
0.106,-0.46429,1.0405,-0.54055
0.1061,-0.49704,1.043,-0.50676
0.1062,-0.52922,1.0442,-0.47221
0.1063,-0.5608,1.0439,-0.43698
0.1064,-0.59175,1.0423,-0.40116
0.1065,-0.62203,1.0393,-0.36481
0.1066,-0.65158,1.0349,-0.32802
0.1067,-0.68033,1.0292,-0.29087
0.1068,-0.70822,1.022,-0.25345
0.1069,-0.73518,1.0133,-0.21582
0.107,-0.76114,1.0032,-0.17806
0.1071,-0.78602,0.99157,-0.14022
0.1072,-0.80976,0.97838,-0.10236
0.1073,-0.8323,0.96361,-0.064503
0.1074,-0.8536,0.94724,-0.026694
0.1075,-0.87363,0.92927,0.01105
0.1076,-0.89238,0.9097,0.04871
0.1077,-0.90984,0.88856,0.086271
0.1078,-0.92604,0.8659,0.12372
0.1079,-0.94098,0.84177,0.16103
0.108,-0.9547,0.81626,0.19818
0.1081,-0.96722,0.78946,0.23514
0.1082,-0.97855,0.76146,0.27185
0.1083,-0.98871,0.73238,0.30827
0.1084,-0.9977,0.70232,0.34433
0.1085,-1.0055,0.67138,0.37994
0.1086,-1.0121,0.63965,0.41505
0.1087,-1.0175,0.60721,0.44955
0.1088,-1.0216,0.57413,0.48339
0.1089,-1.0243,0.54046,0.51651
0.109,-1.0257,0.50625,0.54886
0.1091,-1.0257,0.47153,0.58039
0.1092,-1.0242,0.43633,0.61107
0.1093,-1.0212,0.40065,0.64084
0.1094,-1.0166,0.36452,0.6697
0.1095,-1.0105,0.32796,0.6976
0.1096,-1.0027,0.29099,0.72455
0.1097,-0.9932,0.25363,0.75054
0.1098,-0.98208,0.21594,0.77554
0.1099,-0.96932,0.17795,0.79957
0.11,-0.95494,0.13974,0.82259
0.1101,-0.93898,0.10136,0.84462
0.1102,-0.92149,0.062913,0.86562
0.1103,-0.90255,0.024464,0.88559
0.1104,-0.88223,-0.013898,0.90448
0.1105,-0.86059,-0.05209,0.92226
0.1106,-0.8377,-0.090035,0.93889
0.1107,-0.81361,-0.12767,0.95433
0.1108,-0.78839,-0.16492,0.96853
0.1109,-0.76205,-0.20175,0.98144
0.111,-0.73463,-0.23813,0.99303
0.1111,-0.70616,-0.27402,1.0033
0.1112,-0.67665,-0.30939,1.0121
0.1113,-0.64614,-0.34425,1.0195
0.1114,-0.61465,-0.37856,1.0255
0.1115,-0.58224,-0.41232,1.0301
0.1116,-0.54895,-0.44553,1.0333
0.1117,-0.51486,-0.47817,1.0351
0.1118,-0.48002,-0.51022,1.0354
0.1119,-0.44453,-0.54165,1.0344
0.112,-0.40847,-0.5724,1.032
0.1121,-0.37192,-0.60242,1.0282
0.1122,-0.33498,-0.63164,1.023
0.1123,-0.29772,-0.66001,1.0163
0.1124,-0.26023,-0.68746,1.0083
0.1125,-0.22259,-0.71391,0.99878
0.1126,-0.18484,-0.73932,0.9878
0.1127,-0.14705,-0.76361,0.97533
0.1128,-0.10925,-0.78676,0.96134
0.1129,-0.071472,-0.80871,0.94582
0.113,-0.03374,-0.82944,0.92874
0.1131,0.0039327,-0.84895,0.9101
0.1132,0.041537,-0.86721,0.88992
0.1133,0.079062,-0.88425,0.8682
0.1134,0.11649,-0.90007,0.845
0.1135,0.15381,-0.91467,0.82037
0.1136,0.19097,-0.92808,0.79439
0.1137,0.22794,-0.9403,0.76713
0.1138,0.26466,-0.95133,0.73871
0.1139,0.30106,-0.96118,0.70923
0.114,0.33706,-0.96984,0.67878
0.1141,0.37258,-0.97727,0.64748
0.1142,0.40753,-0.98347,0.61542
0.1143,0.44184,-0.98838,0.58266
0.1144,0.47544,-0.99197,0.54929
0.1145,0.50829,-0.9942,0.51535
0.1146,0.54033,-0.99503,0.48088
0.1147,0.57152,-0.99441,0.44592
0.1148,0.6018,-0.9923,0.41048
0.1149,0.63117,-0.98866,0.37459
0.115,0.65961,-0.98346,0.33827
0.1151,0.6871,-0.97666,0.30153
0.1152,0.71363,-0.96825,0.26441
0.1153,0.73922,-0.95821,0.22693
0.1154,0.76385,-0.94654,0.18915
0.1155,0.78752,-0.93324,0.1511
0.1156,0.81023,-0.91833,0.11286
0.1157,0.83195,-0.90186,0.07449
0.1158,0.85267,-0.88387,0.036063
0.1159,0.87235,-0.8644,-0.0023424
0.116,0.89095,-0.84352,-0.040647
0.1161,0.90844,-0.8213,-0.078771
0.1162,0.92476,-0.79779,-0.11664
0.1163,0.93985,-0.77306,-0.15419
0.1164,0.95368,-0.74716,-0.19136
0.1165,0.96618,-0.72012,-0.22809
0.1166,0.97733,-0.69199,-0.26434
0.1167,0.98709,-0.66282,-0.30009
0.1168,0.99543,-0.63262,-0.33531
0.1169,1.0024,-0.60146,-0.36997
0.117,1.0079,-0.56936,-0.40406
0.1171,1.012,-0.53639,-0.43758
0.1172,1.0147,-0.50261,-0.47053
0.1173,1.016,-0.46808,-0.5029
0.1174,1.0158,-0.43292,-0.53442
0.1175,1.0145,-0.39825,-0.56442
0.1176,1.0123,-0.36414,-0.59325
0.1177,1.0091,-0.33073,-0.62053
0.1178,1.0049,-0.29804,-0.64624
0.1179,0.99947,-0.26609,-0.67034
0.118,0.99288,-0.23487,-0.69285
0.1181,0.98505,-0.20436,-0.71376
0.1182,0.97594,-0.17455,-0.73306
0.1183,0.96547,-0.14542,-0.75072
0.1184,0.9536,-0.11696,-0.76676
0.1185,0.94031,-0.089135,-0.78116
0.1186,0.92555,-0.061896,-0.79395
0.1187,0.9093,-0.03517,-0.8052
0.1188,0.89157,-0.0089221,-0.81492
0.1189,0.87238,0.016864,-0.82314
0.119,0.85178,0.042228,-0.82991
0.1191,0.82984,0.067195,-0.83529
0.1192,0.82002,0.073492,-0.83444
0.1193,0.81222,0.075913,-0.83201
0.1194,0.80331,0.078363,-0.82873
0.1195,0.79351,0.080736,-0.82467
0.1196,0.78295,0.08295,-0.81983
0.1197,0.77161,0.08503,-0.8142
0.1198,0.75946,0.08703,-0.80776
0.1199,0.74666,0.088829,-0.80049
0.12,0.73327,0.090412,-0.79242
0.1201,0.71922,0.09186,-0.7835
0.1202,0.7044,0.09324,-0.77366
0.1203,0.68878,0.094525,-0.76282
0.1204,0.67232,0.095805,-0.751
0.1205,0.655,0.097127,-0.73818
0.1206,0.63685,0.098489,-0.72434
0.1207,0.61784,0.099925,-0.70944
0.1208,0.59789,0.10154,-0.69345
0.1209,0.57707,0.10331,-0.67635
0.121,0.55544,0.10518,-0.65813
0.1211,0.53306,0.10718,-0.6388
0.1212,0.50992,0.10933,-0.61835
0.1213,0.48613,0.11152,-0.59678
0.1214,0.46176,0.11378,-0.5742
0.1215,0.43692,0.11607,-0.5507
0.1216,0.41171,0.11835,-0.52636
0.1217,0.3862,0.12055,-0.50124
0.1218,0.36041,0.1227,-0.47543
0.1219,0.33446,0.12471,-0.44899
0.122,0.30839,0.12653,-0.42198
0.1221,0.28214,0.12822,-0.39441
0.1222,0.25562,0.12985,-0.36632
0.1223,0.22889,0.13137,-0.33773
0.1224,0.20192,0.13282,-0.30872
0.1225,0.17467,0.1343,-0.27933
