0.05,0.36832,-0.72215,0.34792
0.0501,0.39305,-0.72063,0.32475
0.0502,0.41703,-0.71785,0.30122
0.0503,0.4402,-0.7138,0.27736
0.0504,0.46252,-0.70847,0.25317
0.0505,0.48395,-0.70189,0.22866
0.0506,0.50452,-0.69408,0.20384
0.0507,0.52427,-0.68512,0.17866
0.0508,0.54325,-0.67511,0.15313
0.0509,0.56154,-0.66415,0.12726
0.051,0.5792,-0.65237,0.10109
0.0511,0.59628,-0.63989,0.074648
0.0512,0.6128,-0.62683,0.04799
0.0513,0.62873,-0.61325,0.021174
0.0514,0.64404,-0.5992,-0.0057584
0.0515,0.65866,-0.5847,-0.032756
0.0516,0.67248,-0.56973,-0.059769
0.0517,0.68537,-0.55426,-0.086748
0.0518,0.69723,-0.53824,-0.11365
0.0519,0.7079,-0.52162,-0.14043
0.052,0.71726,-0.50433,-0.16701
0.0521,0.7252,-0.48631,-0.19337
0.0522,0.73162,-0.46751,-0.21945
0.0523,0.73645,-0.44787,-0.24521
0.0524,0.73968,-0.42736,-0.27064
0.0525,0.74131,-0.40597,-0.29573
0.0526,0.74141,-0.38373,-0.32046
0.0527,0.74006,-0.36069,-0.34484
0.0528,0.7374,-0.33695,-0.36885
0.0529,0.73358,-0.31262,-0.39249
0.053,0.72873,-0.28784,-0.41571
0.0531,0.723,-0.26273,-0.43851
0.0532,0.71651,-0.23741,-0.46086
0.0533,0.70936,-0.21198,-0.48272
0.0534,0.70163,-0.18651,-0.50406
0.0535,0.69334,-0.16104,-0.52484
0.0536,0.68451,-0.13557,-0.54501
0.0537,0.67511,-0.11012,-0.56453
0.0538,0.66511,-0.084673,-0.58332
0.0539,0.65442,-0.059196,-0.60132
0.054,0.64295,-0.033643,-0.61843
0.0541,0.63061,-0.0079586,-0.63456
0.0542,0.61731,0.017912,-0.64966
0.0543,0.60299,0.044019,-0.66364
0.0544,0.58758,0.070394,-0.67643
0.0545,0.5711,0.097036,-0.68798
0.0546,0.55356,0.12392,-0.69827
0.0547,0.53503,0.15097,-0.70726
0.0548,0.51558,0.17811,-0.71495
0.0549,0.49534,0.20522,-0.72134
0.055,0.47441,0.23219,-0.72646
0.0551,0.45293,0.2589,-0.73034
0.0552,0.43101,0.28524,-0.73305
0.0553,0.40877,0.3111,-0.73462
0.0554,0.38629,0.3364,-0.7351
0.0555,0.36364,0.36106,-0.73454
0.0556,0.34086,0.38505,-0.73296
0.0557,0.31796,0.40832,-0.73038
0.0558,0.29492,0.43088,-0.7268
0.0559,0.27169,0.45275,-0.72222
0.056,0.2482,0.47398,-0.71664
0.0561,0.22436,0.4946,-0.71005
0.0562,0.20009,0.51469,-0.70247
0.0563,0.17531,0.53429,-0.69391
0.0564,0.14996,0.55344,-0.68439
0.0565,0.12403,0.57213,-0.67395
0.0566,0.097548,0.59034,-0.6626
0.0567,0.070561,0.608,-0.6504
0.0568,0.043152,0.62503,-0.63736
0.0569,0.015427,0.64133,-0.62353
0.057,-0.01249,0.65677,-0.60895
0.0571,-0.04047,0.67123,-0.59366
0.0572,-0.06837,0.68458,-0.57769
0.0573,-0.096056,0.6967,-0.56108
0.0574,-0.12341,0.70749,-0.54385
0.0575,-0.15034,0.71686,-0.52602
0.0576,-0.17676,0.72474,-0.50759
0.0577,-0.20265,0.7311,-0.48856
0.0578,-0.228,0.73594,-0.46893
0.0579,-0.25283,0.73931,-0.4487
0.058,-0.2772,0.74127,-0.42786
0.0581,-0.30117,0.74193,-0.40641
0.0582,-0.32482,0.74138,-0.38438
0.0583,-0.3482,0.73974,-0.36177
0.0584,-0.37137,0.73712,-0.33862
0.0585,-0.39438,0.73363,-0.31494
0.0586,-0.41722,0.72933,-0.29078
0.0587,-0.4399,0.72431,-0.26618
0.0588,-0.46236,0.71858,-0.24119
0.0589,-0.48454,0.71218,-0.21585
0.059,-0.50634,0.70508,-0.19023
0.0591,-0.52763,0.69726,-0.16435
0.0592,-0.54828,0.68867,-0.13825
0.0593,-0.56813,0.67923,-0.11198
0.0594,-0.58704,0.66888,-0.085606
0.0595,-0.60488,0.65753,-0.059137
0.0596,-0.62152,0.64515,-0.032607
0.0597,-0.63688,0.63169,-0.0060345
0.0598,-0.65089,0.61715,0.020561
0.0599,-0.66356,0.60156,0.047163
0.06,-0.67486,0.58496,0.073749
0.0601,-0.68483,0.56745,0.1003
0.0602,-0.69353,0.5491,0.12679
0.0603,-0.70103,0.53002,0.15319
0.0604,-0.70739,0.51033,0.17947
0.0605,-0.7127,0.49011,0.20562
0.0606,-0.71703,0.46946,0.2316
0.0607,-0.72044,0.44846,0.25737
0.0608,-0.72298,0.42717,0.28289
0.0609,-0.72467,0.40561,0.30812
0.061,-0.72549,0.38381,0.33301
0.0611,-0.72541,0.36174,0.35751
0.0612,-0.72439,0.33936,0.38158
0.0613,-0.72235,0.31662,0.40517
0.0614,-0.71923,0.29347,0.42823
0.0615,-0.71496,0.26983,0.45075
0.0616,-0.7095,0.24566,0.47268
0.0617,-0.7028,0.22093,0.49398
0.0618,-0.69487,0.1956,0.51463
0.0619,-0.68571,0.16969,0.53458
0.062,-0.67538,0.14325,0.5538
0.0621,-0.66395,0.11635,0.57225
0.0622,-0.65151,0.089072,0.5899
0.0623,-0.63815,0.061538,0.6067
0.0624,-0.62401,0.033863,0.62262
0.0625,-0.60917,0.0061688,0.63761
0.0626,-0.59376,-0.021425,0.65165
0.0627,-0.57786,-0.048814,0.66468
0.0628,-0.56152,-0.075908,0.67665
0.0629,-0.54478,-0.10265,0.68752
0.063,-0.52763,-0.129,0.69724
0.0631,-0.51006,-0.15496,0.70577
0.0632,-0.49201,-0.18054,0.71305
0.0633,-0.47342,-0.2058,0.71909
0.0634,-0.45421,-0.23078,0.72385
0.0635,-0.43433,-0.25554,0.72734
0.0636,-0.41371,-0.28012,0.72957
0.0637,-0.3923,-0.30456,0.73055
0.0638,-0.36931,-0.33556,0.73622
0.0639,-0.34638,-0.36039,0.73552
0.064,-0.32278,-0.38338,0.73209
0.0641,-0.29839,-0.40579,0.72711
0.0642,-0.27338,-0.42788,0.72106
0.0643,-0.24796,-0.44953,0.71405
0.0644,-0.22218,-0.4707,0.70612
0.0645,-0.19606,-0.4914,0.69736
0.0646,-0.1697,-0.5115,0.68779
0.0647,-0.14335,-0.53074,0.67743
0.0648,-0.11711,-0.54905,0.66634
0.0649,-0.091007,-0.56641,0.65455
0.065,-0.064991,-0.58273,0.64193
0.0651,-0.039037,-0.59792,0.62844
0.0652,-0.013167,-0.61198,0.61411
0.0653,0.012589,-0.62488,0.59898
0.0654,0.038291,-0.63657,0.58297
0.0655,0.064025,-0.64711,0.56613
0.0656,0.089853,-0.65658,0.54848
0.0657,0.11577,-0.66494,0.53003
0.0658,0.14176,-0.67219,0.51084
0.0659,0.16786,-0.67843,0.49098
0.066,0.19413,-0.68366,0.4704
0.0661,0.22055,-0.68789,0.44913
0.0662,0.24698,-0.69114,0.42728
0.0663,0.27331,-0.6934,0.40497
0.0664,0.29946,-0.69466,0.38219
0.0665,0.32535,-0.69495,0.35903
0.0666,0.35079,-0.69423,0.33556
0.0667,0.37565,-0.69239,0.3118
0.0668,0.39983,-0.68939,0.28773
0.0669,0.42332,-0.68529,0.2634
0.067,0.44609,-0.68004,0.23876
0.0671,0.46811,-0.67358,0.21375
0.0672,0.48932,-0.66594,0.18843
0.0673,0.50972,-0.6572,0.16283
0.0674,0.52936,-0.64738,0.13687
0.0675,0.54828,-0.63656,0.11056
0.0676,0.56648,-0.62487,0.084004
0.0677,0.584,-0.61239,0.057222
0.0678,0.60087,-0.59917,0.030181
0.0679,0.61709,-0.58533,0.0029511
0.068,0.63267,-0.57098,-0.024392
0.0681,0.64757,-0.55613,-0.051829
0.0682,0.6617,-0.54082,-0.079292
0.0683,0.67494,-0.5251,-0.10664
0.0684,0.68719,-0.50895,-0.13381
0.0685,0.69834,-0.49233,-0.16078
0.0686,0.70826,-0.4752,-0.18747
0.0687,0.71683,-0.45751,-0.21381
0.0688,0.72398,-0.43919,-0.23983
0.0689,0.72969,-0.42021,-0.26549
0.069,0.7339,-0.40054,-0.29079
0.0691,0.7366,-0.38013,-0.3157
0.0692,0.73778,-0.35894,-0.34023
0.0693,0.73753,-0.33704,-0.36435
0.0694,0.73592,-0.31447,-0.38807
0.0695,0.73307,-0.29127,-0.41139
0.0696,0.72907,-0.26753,-0.4343
0.0697,0.72408,-0.24338,-0.45678
0.0698,0.71822,-0.21888,-0.47885
0.0699,0.7116,-0.19414,-0.50049
0.07,0.70431,-0.1693,-0.52161
0.0701,0.6964,-0.14443,-0.54217
0.0702,0.6879,-0.11954,-0.56211
0.0703,0.67877,-0.094688,-0.58133
0.0704,0.669,-0.069905,-0.59973
0.0705,0.65854,-0.045157,-0.6173
0.0706,0.64736,-0.020429,-0.63395
0.0707,0.63536,0.0042864,-0.64958
0.0708,0.62251,0.029042,-0.66414
0.0709,0.60876,0.053895,-0.67762
0.071,0.59406,0.078855,-0.68992
0.0711,0.57833,0.10394,-0.70094
0.0712,0.56161,0.12918,-0.7107
0.0713,0.5439,0.15455,-0.71915
0.0714,0.52528,0.17996,-0.72627
0.0715,0.50579,0.2054,-0.73208
0.0716,0.48556,0.2308,-0.73664
0.0717,0.46468,0.25606,-0.73998
0.0718,0.44329,0.28105,-0.74214
0.0719,0.42148,0.30572,-0.74319
0.072,0.39935,0.32994,-0.74316
0.0721,0.37695,0.35362,-0.74204
0.0722,0.35432,0.37669,-0.73985
0.0723,0.3315,0.39913,-0.73662
0.0724,0.30848,0.42086,-0.73234
0.0725,0.28525,0.44189,-0.72701
0.0726,0.26179,0.46223,-0.72065
0.0727,0.23804,0.48189,-0.71326
0.0728,0.21396,0.50092,-0.70483
0.0729,0.18948,0.51934,-0.69539
0.073,0.16451,0.53721,-0.68495
0.0731,0.13904,0.55451,-0.67352
0.0732,0.11305,0.57127,-0.66115
0.0733,0.086576,0.58747,-0.6479
0.0734,0.059684,0.60306,-0.6338
0.0735,0.032446,0.61798,-0.61893
0.0736,0.0049703,0.63217,-0.60335
0.0737,-0.022628,0.64552,-0.58711
0.0738,-0.050225,0.6579,-0.57024
0.0739,-0.077713,0.66922,-0.55277
0.074,-0.10499,0.67939,-0.53473
0.0741,-0.13197,0.68828,-0.5161
0.0742,-0.15857,0.69583,-0.49689
0.0743,-0.18474,0.70199,-0.47713
0.0744,-0.21043,0.70673,-0.4568
0.0745,-0.23565,0.71002,-0.43589
0.0746,-0.26039,0.71192,-0.41439
0.0747,-0.2847,0.71249,-0.39233
0.0748,-0.30863,0.71177,-0.36966
0.0749,-0.33224,0.70986,-0.3464
0.075,-0.35556,0.70688,-0.32258
0.0751,-0.37866,0.7029,-0.29821
0.0752,-0.40154,0.69803,-0.27333
0.0753,-0.42421,0.69236,-0.248
0.0754,-0.44664,0.68597,-0.22232
0.0755,-0.46876,0.6789,-0.19632
0.0756,-0.49052,0.67117,-0.17008
0.0757,-0.5118,0.66279,-0.14366
0.0758,-0.5325,0.65375,-0.11709
0.0759,-0.55252,0.64398,-0.0904
0.076,-0.57173,0.63346,-0.06364
0.0761,-0.59001,0.62213,-0.036849
0.0762,-0.60724,0.60993,-0.010045
0.0763,-0.62332,0.59682,0.016743
0.0764,-0.63816,0.58277,0.043489
0.0765,-0.65173,0.56777,0.070192
0.0766,-0.66398,0.55183,0.096845
0.0767,-0.67492,0.53499,0.12343
0.0768,-0.68458,0.51731,0.14996
0.0769,-0.693,0.49885,0.17641
0.077,-0.70024,0.47969,0.20276
0.0771,-0.70634,0.45994,0.22897
0.0772,-0.71138,0.43968,0.25502
0.0773,-0.71541,0.419,0.28086
0.0774,-0.71847,0.39799,0.3064
0.0775,-0.7206,0.3767,0.33162
0.0776,-0.72181,0.35515,0.35646
0.0777,-0.7221,0.33338,0.38086
0.0778,-0.72146,0.31139,0.40478
0.0779,-0.71985,0.28914,0.42817
0.078,-0.71723,0.26662,0.45099
0.0781,-0.71353,0.2438,0.47317
0.0782,-0.70872,0.2206,0.4947
0.0783,-0.70275,0.19701,0.51555
0.0784,-0.69561,0.17299,0.53569
0.0785,-0.68729,0.1485,0.55508
0.0786,-0.67783,0.12353,0.57374
0.0787,-0.66728,0.098135,0.59163
0.0788,-0.65569,0.07236,0.60874
0.0789,-0.64316,0.046276,0.62505
0.079,-0.62978,0.01997,0.64051
0.0791,-0.61563,-0.0064405,0.65508
0.0792,-0.6008,-0.032851,0.66872
0.0793,-0.58538,-0.059164,0.68137
0.0794,-0.56942,-0.085283,0.69297
0.0795,-0.55296,-0.11112,0.70346
0.0796,-0.53605,-0.13663,0.7128
0.0797,-0.51868,-0.16175,0.72094
0.0798,-0.50083,-0.18648,0.72782
0.0799,-0.48248,-0.21082,0.73341
0.08,-0.46356,-0.23478,0.73768
0.0801,-0.44403,-0.2584,0.74062
0.0802,-0.42382,-0.28171,0.74223
0.0803,-0.40291,-0.30475,0.74252
0.0804,-0.38125,-0.32757,0.74154
0.0805,-0.35887,-0.35016,0.73933
0.0806,-0.33576,-0.37255,0.73596
0.0807,-0.31197,-0.39473,0.73149
0.0808,-0.28756,-0.41666,0.72599
0.0809,-0.26262,-0.43828,0.71952
0.081,-0.23724,-0.45954,0.71215
0.0811,-0.21151,-0.48034,0.70391
0.0812,-0.18552,-0.50058,0.69484
0.0813,-0.15935,-0.52017,0.68497
0.0814,-0.13309,-0.53899,0.67431
0.0815,-0.10682,-0.55696,0.66288
0.0816,-0.080585,-0.57397,0.65066
0.0817,-0.054428,-0.58997,0.63765
0.0818,-0.028356,-0.60488,0.62383
0.0819,-0.0023582,-0.61865,0.60918
0.082,0.023592,-0.63127,0.59369
0.0821,0.049525,-0.64274,0.57735
0.0822,0.07548,-0.65303,0.56017
0.0823,0.10148,-0.66217,0.54217
0.0824,0.12756,-0.67017,0.52338
0.0825,0.1537,-0.67707,0.50384
0.0826,0.17991,-0.68288,0.4836
0.0827,0.20616,-0.68763,0.46272
0.0828,0.23241,-0.69135,0.44126
0.0829,0.25857,-0.69405,0.41926
0.083,0.28459,-0.69574,0.39679
0.0831,0.31037,-0.69643,0.37388
0.0832,0.33582,-0.69609,0.3506
0.0833,0.36084,-0.69472,0.32696
0.0834,0.38534,-0.6923,0.30301
0.0835,0.40923,-0.68879,0.27876
0.0836,0.43245,-0.68418,0.25422
0.0837,0.45496,-0.67846,0.22938
0.0838,0.47674,-0.67163,0.20426
0.0839,0.49776,-0.6637,0.17884
0.084,0.51804,-0.6547,0.15309
0.0841,0.53758,-0.64469,0.127
0.0842,0.55641,-0.63371,0.1006
0.0843,0.57454,-0.62185,0.073895
0.0844,0.59197,-0.60918,0.046939
0.0845,0.60871,-0.59579,0.019777
0.0846,0.62473,-0.58176,-0.0075398
0.0847,0.64,-0.56714,-0.034946
0.0848,0.65448,-0.552,-0.062372
0.0849,0.66808,-0.53638,-0.089756
0.085,0.68074,-0.52029,-0.11703
0.0851,0.69234,-0.50373,-0.14412
0.0852,0.70279,-0.48668,-0.17097
0.0853,0.71201,-0.46912,-0.19753
0.0854,0.71988,-0.45101,-0.22377
0.0855,0.72636,-0.4323,-0.24964
0.0856,0.73139,-0.41295,-0.27515
0.0857,0.73496,-0.39293,-0.30027
0.0858,0.73709,-0.37223,-0.32501
0.0859,0.73781,-0.35085,-0.34936
0.086,0.73718,-0.3288,-0.37333
0.0861,0.73528,-0.30612,-0.39691
0.0862,0.7322,-0.28288,-0.4201
0.0863,0.72804,-0.25915,-0.44289
0.0864,0.7229,-0.235,-0.46525
0.0865,0.71687,-0.21053,-0.48715
0.0866,0.71005,-0.18583,-0.50856
0.0867,0.7025,-0.16098,-0.52943
0.0868,0.69427,-0.13604,-0.54971
0.0869,0.68538,-0.11105,-0.56934
0.087,0.67584,-0.08605,-0.58823
0.0871,0.66562,-0.061069,-0.60633
0.0872,0.65468,-0.036117,-0.62354
0.0873,0.64298,-0.011186,-0.63979
0.0874,0.63047,0.01374,-0.65499
0.0875,0.61709,0.038685,-0.66911
0.0876,0.60281,0.063673,-0.68206
0.0877,0.58761,0.088727,-0.6938
0.0878,0.57146,0.11386,-0.7043
0.0879,0.55439,0.13906,-0.71351
0.088,0.53642,0.16432,-0.72144
0.0881,0.5176,0.1896,-0.72809
0.0882,0.498,0.21486,-0.73346
0.0883,0.4777,0.24001,-0.73759
0.0884,0.45679,0.26499,-0.74051
0.0885,0.43537,0.28971,-0.74226
0.0886,0.4135,0.31408,-0.74287
0.0887,0.39129,0.33802,-0.74239
0.0888,0.36877,0.36145,-0.74084
0.0889,0.34599,0.38431,-0.73823
0.089,0.32298,0.40655,-0.73457
0.0891,0.29973,0.42815,-0.72987
0.0892,0.27622,0.44907,-0.72412
0.0893,0.25244,0.46932,-0.71734
0.0894,0.22834,0.48892,-0.70951
0.0895,0.2039,0.50787,-0.70066
0.0896,0.17906,0.5262,-0.69079
0.0897,0.15379,0.54391,-0.67994
0.0898,0.12807,0.56102,-0.66814
0.0899,0.10193,0.57752,-0.65543
0.09,0.075389,0.59339,-0.64185
0.0901,0.048504,0.60858,-0.62746
0.0902,0.021349,0.62303,-0.6123
0.0903,-0.0059881,0.63669,-0.59643
0.0904,-0.033409,0.64947,-0.5799
0.0905,-0.060811,0.66126,-0.56275
0.0906,-0.08809,0.67198,-0.54501
0.0907,-0.11516,0.68154,-0.5267
0.0908,-0.14193,0.68986,-0.50783
0.0909,-0.16834,0.69686,-0.4884
0.091,-0.19436,0.7025,-0.46839
0.0911,-0.21996,0.70676,-0.44781
0.0912,-0.24513,0.70964,-0.42664
0.0913,-0.26989,0.71117,-0.40488
0.0914,-0.29425,0.71139,-0.38252
0.0915,-0.31825,0.71037,-0.35958
0.0916,-0.34191,0.70819,-0.33607
0.0917,-0.36528,0.70493,-0.31201
0.0918,-0.38836,0.70068,-0.28744
0.0919,-0.41116,0.69553,-0.26241
0.092,-0.43368,0.68956,-0.23697
0.0921,-0.45587,0.68282,-0.21117
0.0922,-0.4777,0.67537,-0.18509
0.0923,-0.49909,0.66722,-0.15878
0.0924,-0.51996,0.65839,-0.13229
0.0925,-0.5402,0.64885,-0.10565
0.0926,-0.55971,0.6386,-0.078917
0.0927,-0.57838,0.62759,-0.052134
0.0928,-0.59612,0.61578,-0.025332
0.0929,-0.61282,0.60314,0.0014648
0.093,-0.62839,0.58962,0.028239
0.0931,-0.64278,0.57522,0.05498
0.0932,-0.65593,0.55993,0.081675
0.0933,-0.66782,0.54375,0.10832
0.0934,-0.67844,0.52672,0.1349
0.0935,-0.6878,0.50888,0.16141
0.0936,-0.69593,0.4903,0.18782
0.0937,-0.70288,0.47104,0.21411
0.0938,-0.70867,0.45119,0.24026
0.0939,-0.71338,0.43083,0.26621
0.094,-0.71705,0.41002,0.29192
0.0941,-0.71972,0.38886,0.31734
0.0942,-0.72142,0.36737,0.3424
0.0943,-0.72215,0.34561,0.36706
0.0944,-0.72192,0.3236,0.39126
0.0945,-0.72071,0.30133,0.41495
0.0946,-0.7185,0.2788,0.43807
0.0947,-0.71526,0.25599,0.4606
0.0948,-0.71097,0.23287,0.4825
0.0949,-0.70558,0.20942,0.50373
0.095,-0.69909,0.1856,0.52427
0.0951,-0.69148,0.16139,0.54411
0.0952,-0.68277,0.13676,0.56322
0.0953,-0.67298,0.11173,0.58158
0.0954,-0.66215,0.086315,0.59916
0.0955,-0.65034,0.060581,0.61596
0.0956,-0.63762,0.034588,0.63192
0.0957,-0.62408,0.0084163,0.64702
0.0958,-0.60978,-0.017848,0.66121
0.0959,-0.5948,-0.04411,0.67446
0.096,-0.5792,-0.070282,0.6867
0.0961,-0.56305,-0.096278,0.69787
0.0962,-0.54637,-0.12203,0.70792
0.0963,-0.52918,-0.14747,0.71679
0.0964,-0.51148,-0.17256,0.72444
0.0965,-0.49326,-0.19729,0.7308
0.0966,-0.4745,-0.22163,0.73586
0.0967,-0.45515,-0.24561,0.73959
0.0968,-0.43519,-0.26924,0.74199
0.0969,-0.41458,-0.29255,0.74307
0.097,-0.3933,-0.31557,0.74287
0.0971,-0.37133,-0.3383,0.74141
0.0972,-0.34868,-0.36079,0.73876
0.0973,-0.32538,-0.38301,0.73496
0.0974,-0.30145,-0.40496,0.73009
0.0975,-0.27698,-0.42661,0.72421
0.0976,-0.25202,-0.44792,0.71738
0.0977,-0.22666,-0.46881,0.70966
0.0978,-0.20099,-0.48921,0.70108
0.0979,-0.17506,-0.50904,0.69168
0.098,-0.14896,-0.5282,0.68149
0.0981,-0.12275,-0.54661,0.6705
0.0982,-0.096493,-0.56417,0.65873
0.0983,-0.070237,-0.58081,0.64617
0.0984,-0.04401,-0.59645,0.6328
0.0985,-0.017827,-0.61102,0.61861
0.0986,0.0083131,-0.62448,0.60361
0.0987,0.034421,-0.6368,0.58777
0.0988,0.060513,-0.64796,0.57109
0.0989,0.08661,-0.65794,0.5536
0.099,0.11273,-0.66675,0.5353
0.0991,0.13888,-0.6744,0.51623
0.0992,0.16505,-0.6809,0.49643
0.0993,0.19123,-0.68628,0.47595
0.0994,0.21739,-0.69057,0.45483
0.0995,0.24348,-0.69379,0.43315
0.0996,0.26943,-0.69596,0.41096
0.0997,0.29518,-0.69711,0.38832
0.0998,0.32064,-0.69724,0.36526
0.0999,0.34574,-0.69635,0.34183
0.1,0.3704,-0.69443,0.31807
0.1001,0.39454,-0.69148,0.29398
0.1002,0.4181,-0.68747,0.26959
0.1003,0.44103,-0.6824,0.24491
0.1004,0.46328,-0.67626,0.21993
0.1005,0.48483,-0.66905,0.19466
0.1006,0.50567,-0.6608,0.16909
0.1007,0.52579,-0.65152,0.1432
0.1008,0.5452,-0.64127,0.11699
0.1009,0.56388,-0.63008,0.090474
0.101,0.58185,-0.61803,0.06369
0.1011,0.59911,-0.60519,0.036671
0.1012,0.61562,-0.59161,0.0094671
0.1013,0.63135,-0.57737,-0.017863
0.1014,0.64628,-0.56253,-0.045257
0.1015,0.66033,-0.54713,-0.072647
0.1016,0.67345,-0.53121,-0.099964
0.1017,0.68554,-0.51479,-0.12714
0.1018,0.69653,-0.49788,-0.15412
0.1019,0.70634,-0.48046,-0.18085
0.102,0.71488,-0.46252,-0.20727
0.1021,0.72209,-0.44404,-0.23336
0.1022,0.72792,-0.42497,-0.2591
0.1023,0.73235,-0.4053,-0.28445
0.1024,0.73537,-0.385,-0.30942
0.1025,0.737,-0.36407,-0.33399
0.1026,0.73729,-0.3425,-0.35818
0.1027,0.73628,-0.32031,-0.38198
0.1028,0.73405,-0.29755,-0.4054
0.1029,0.73069,-0.27426,-0.42841
0.103,0.72629,-0.2505,-0.45101
0.1031,0.72093,-0.22635,-0.47318
0.1032,0.71469,-0.20188,-0.49488
0.1033,0.70764,-0.17719,-0.51606
0.1034,0.69983,-0.15233,-0.53668
0.1035,0.69131,-0.12735,-0.55668
0.1036,0.68207,-0.1023,-0.57598
0.1037,0.67214,-0.07721,-0.59453
0.1038,0.66149,-0.052116,-0.61225
0.1039,0.65009,-0.027032,-0.62905
0.104,0.63792,-0.0019605,-0.64487
0.1041,0.62493,0.023104,-0.65964
0.1042,0.61109,0.048172,-0.67329
0.1043,0.59637,0.073256,-0.68577
0.1044,0.58077,0.098366,-0.69703
0.1045,0.56427,0.1235,-0.70703
0.1046,0.5469,0.14866,-0.71576
0.1047,0.52869,0.17383,-0.72321
0.1048,0.50968,0.19896,-0.72937
0.1049,0.48995,0.22401,-0.73427
0.105,0.46955,0.24893,-0.73794
0.1051,0.44857,0.27365,-0.74042
0.1052,0.42709,0.29809,-0.74173
0.1053,0.40516,0.32219,-0.74192
0.1054,0.38286,0.34586,-0.74101
0.1055,0.36024,0.36904,-0.73903
0.1056,0.33732,0.39167,-0.73599
0.1057,0.31412,0.41371,-0.73191
0.1058,0.29065,0.43512,-0.72678
0.1059,0.26691,0.45589,-0.72061
0.106,0.24286,0.47601,-0.71341
0.1061,0.2185,0.49547,-0.70518
0.1062,0.1938,0.51428,-0.69593
0.1063,0.16871,0.53244,-0.68569
0.1064,0.14322,0.54997,-0.67448
0.1065,0.11734,0.56685,-0.66233
0.1066,0.091078,0.58307,-0.6493
0.1067,0.064489,0.5986,-0.63542
0.1068,0.037621,0.6134,-0.62074
0.1069,0.010545,0.62742,-0.60532
0.107,-0.016661,0.64059,-0.5892
0.1071,-0.043911,0.65283,-0.57242
0.1072,-0.071115,0.66406,-0.55503
0.1073,-0.098188,0.67421,-0.53704
0.1074,-0.12505,0.68319,-0.51847
0.1075,-0.15164,0.69094,-0.49935
0.1076,-0.17789,0.6974,-0.47966
0.1077,-0.20378,0.70253,-0.4594
0.1078,-0.22928,0.70632,-0.43857
0.1079,-0.25438,0.70878,-0.41716
0.108,-0.27909,0.70992,-0.39516
0.1081,-0.30343,0.70979,-0.37258
0.1082,-0.32741,0.70844,-0.34943
0.1083,-0.35105,0.70596,-0.32572
0.1084,-0.37436,0.70241,-0.30149
0.1085,-0.39736,0.69788,-0.27677
0.1086,-0.42004,0.69244,-0.2516
0.1087,-0.44238,0.68616,-0.22605
0.1088,-0.46433,0.67909,-0.20018
0.1089,-0.48586,0.67128,-0.17404
0.109,-0.50689,0.66275,-0.14769
0.1091,-0.52735,0.65351,-0.12116
0.1092,-0.54714,0.64355,-0.094502
0.1093,-0.56618,0.63286,-0.067758
0.1094,-0.58436,0.62142,-0.04097
0.1095,-0.6016,0.60919,-0.014168
0.1096,-0.61781,0.59615,0.012623
0.1097,-0.63291,0.58227,0.039386
0.1098,-0.64685,0.56754,0.066109
0.1099,-0.65959,0.55196,0.092782
0.11,-0.67109,0.53554,0.11939
0.1101,-0.68135,0.51832,0.14593
0.1102,-0.69037,0.50032,0.17238
0.1103,-0.69817,0.48161,0.19873
0.1104,-0.70479,0.46224,0.22493
0.1105,-0.71025,0.44229,0.25096
0.1106,-0.71461,0.42183,0.27677
0.1107,-0.71789,0.40092,0.30232
0.1108,-0.72015,0.37962,0.32756
0.1109,-0.7214,0.35798,0.35243
0.111,-0.72165,0.33604,0.37687
0.1111,-0.72092,0.31382,0.40084
0.1112,-0.71919,0.29133,0.42428
0.1113,-0.71645,0.26857,0.44715
0.1114,-0.71267,0.24553,0.4694
0.1115,-0.70785,0.22219,0.49102
0.1116,-0.70196,0.19854,0.51196
0.1117,-0.69501,0.17455,0.53221
0.1118,-0.68698,0.15019,0.55174
0.1119,-0.67789,0.12546,0.57054
0.112,-0.66778,0.10038,0.58859
0.1121,-0.65667,0.074965,0.60586
0.1122,-0.64464,0.049274,0.62232
0.1123,-0.63173,0.023364,0.63794
0.1124,-0.61801,-0.0026931,0.65267
0.1125,-0.60354,-0.02882,0.66649
0.1126,-0.5884,-0.054936,0.67933
0.1127,-0.57262,-0.08096,0.69114
0.1128,-0.55626,-0.10682,0.70185
0.1129,-0.53934,-0.13244,0.71143
0.113,-0.52189,-0.15778,0.71981
0.1131,-0.50389,-0.1828,0.72695
0.1132,-0.48535,-0.20746,0.73279
0.1133,-0.46624,-0.23177,0.73733
0.1134,-0.44654,-0.25571,0.74054
0.1135,-0.42624,-0.27931,0.74244
0.1136,-0.4053,-0.30257,0.74304
0.1137,-0.38371,-0.32551,0.74236
0.1138,-0.36149,-0.34814,0.74046
0.1139,-0.33863,-0.37048,0.73739
0.114,-0.31517,-0.39252,0.7332
0.1141,-0.29114,-0.41424,0.72796
0.1142,-0.26661,-0.43561,0.72172
0.1143,-0.24164,-0.4566,0.71454
0.1144,-0.2163,-0.47714,0.70648
0.1145,-0.19047,-0.49837,0.69859
0.1146,-0.16448,-0.51943,0.69038
0.1147,-0.1383,-0.53974,0.68127
0.1148,-0.11198,-0.55924,0.6713
0.1149,-0.085585,-0.57792,0.66056
0.115,-0.059174,-0.59566,0.64901
0.1151,-0.032753,-0.61237,0.63659
0.1152,-0.0063449,-0.62802,0.62335
0.1153,0.020051,-0.64257,0.60928
0.1154,0.046432,-0.65598,0.59436
0.1155,0.07279,-0.66822,0.57865
0.1156,0.099109,-0.67932,0.56218
0.1157,0.12542,-0.68919,0.54491
0.1158,0.15174,-0.69785,0.52683
0.1159,0.17804,-0.70533,0.50803
0.116,0.20429,-0.71163,0.48855
0.1161,0.23047,-0.71677,0.4684
0.1162,0.25652,-0.72076,0.44766
0.1163,0.28239,-0.72367,0.42641
0.1164,0.30799,-0.72548,0.40466
0.1165,0.33327,-0.72624,0.38249
0.1166,0.35814,-0.72594,0.35996
0.1167,0.38256,-0.72455,0.33701
0.1168,0.40648,-0.72204,0.31364
0.1169,0.42983,-0.71846,0.28992
0.117,0.45255,-0.7138,0.26587
0.1171,0.47464,-0.70803,0.24144
0.1172,0.49606,-0.70119,0.21667
0.1173,0.51679,-0.69333,0.1916
0.1174,0.5368,-0.68444,0.16617
0.1175,0.55611,-0.67456,0.1404
0.1176,0.57467,-0.66376,0.11434
0.1177,0.59251,-0.65207,0.088
0.1178,0.6096,-0.6395,0.061357
0.1179,0.62591,-0.62617,0.034508
0.118,0.64138,-0.61213,0.0075513
0.1181,0.65599,-0.5974,-0.019512
0.1182,0.66966,-0.58203,-0.046619
0.1183,0.68232,-0.56608,-0.073639
0.1184,0.69389,-0.54957,-0.10052
0.1185,0.70431,-0.53246,-0.12728
0.1186,0.71351,-0.51476,-0.15384
0.1187,0.72142,-0.49646,-0.18014
0.1188,0.728,-0.47752,-0.2062
0.1189,0.73323,-0.45793,-0.232
0.119,0.73708,-0.43771,-0.25745
0.1191,0.73956,-0.41683,-0.28257
0.1192,0.74069,-0.39528,-0.30738
0.1193,0.74052,-0.37309,-0.33183
0.1194,0.7391,-0.3503,-0.3559
0.1195,0.7365,-0.32692,-0.37962
0.1196,0.73281,-0.30298,-0.403
0.1197,0.7281,-0.27857,-0.42598
0.1198,0.72244,-0.25374,-0.44856
0.1199,0.71591,-0.22856,-0.47071
0.12,0.70855,-0.20312,-0.49234
0.1201,0.7004,-0.17747,-0.51341
0.1202,0.6915,-0.15164,-0.53387
0.1203,0.68185,-0.12567,-0.55364
0.1204,0.67145,-0.099621,-0.57264
0.1205,0.6603,-0.073478,-0.59086
0.1206,0.64839,-0.047261,-0.60821
0.1207,0.63568,-0.021004,-0.6246
0.1208,0.62216,0.0053,-0.63997
0.1209,0.6078,0.03166,-0.65429
0.121,0.59259,0.058048,-0.66745
0.1211,0.57651,0.084456,-0.6794
0.1212,0.55958,0.11091,-0.69014
0.1213,0.54182,0.13737,-0.69963
0.1214,0.52325,0.1638,-0.70785
0.1215,0.50394,0.19019,-0.71481
0.1216,0.48394,0.2165,-0.72057
0.1217,0.46331,0.24265,-0.72512
0.1218,0.44212,0.26857,-0.72846
0.1219,0.42043,0.29422,-0.73068
0.122,0.3983,0.31952,-0.73177
0.1221,0.37577,0.34438,-0.73175
0.1222,0.35289,0.36877,-0.73065
0.1223,0.32969,0.39265,-0.72851
0.1224,0.30618,0.41596,-0.72534
0.1225,0.28237,0.43868,-0.72114
