0.05,0.83662,-1.4199,0.56243
0.0501,0.87978,-1.4118,0.51345
0.0502,0.92169,-1.4018,0.46392
0.0503,0.96229,-1.3897,0.41391
0.0504,1.0015,-1.3757,0.3635
0.0505,1.0393,-1.3597,0.31271
0.0506,1.0756,-1.3419,0.2616
0.0507,1.1103,-1.3221,0.2102
0.0508,1.1436,-1.3005,0.15852
0.0509,1.1752,-1.2771,0.10657
0.051,1.2053,-1.2518,0.054368
0.0511,1.2337,-1.2248,0.0019526
0.0512,1.2605,-1.1961,-0.050638
0.0513,1.2857,-1.1658,-0.10335
0.0514,1.2471,2.521,-0.078448
0.0515,1.2276,3.4481,-0.084709
0.0516,1.22,4.0337,-0.10514
0.0517,1.2105,4.682,-0.12135
0.0518,1.1724,4.4342,-0.11322
0.0519,1.1494,5.3512,-0.12739
0.052,1.1489,7.1278,-0.15856
0.0521,1.1166,7.949,-0.15714
0.0522,1.0638,9.0718,-0.13903
0.0523,1.0239,10.734,-0.13041
0.0524,0.97847,11.824,-0.1169
0.0525,0.92942,12.811,-0.10797
0.0526,0.89044,13.996,-0.10828
0.0527,0.83952,14.389,-0.097395
0.0528,0.7814,14.875,-0.086114
0.0529,0.74465,16.685,-0.094267
0.053,0.7109,18.971,-0.10099
0.0531,0.65914,21.014,-0.092311
0.0532,0.60337,23.057,-0.079488
0.0533,0.53883,24.334,-0.057534
0.0534,0.45911,24.908,-0.027233
0.0535,0.38648,26.026,-0.010014
0.0536,0.32678,27.604,-0.0050744
0.0537,0.26383,28.885,-0.0015934
0.0538,0.20288,30.063,-0.0073003
0.0539,0.15143,31.148,-0.028758
0.054,0.087729,31.899,-0.054862
0.0541,0.014744,33.117,-0.098936
0.0542,-0.074399,34.47,-0.15595
0.0543,-0.1726,35.61,-0.23215
0.0544,-0.27194,36.66,-0.32597
0.0545,-0.37151,37.838,-0.41858
0.0546,-0.46842,39.309,-0.48963
0.0547,-0.55489,41.204,-0.54466
0.0548,-0.63331,43.048,-0.59639
0.0549,-0.71197,44.402,-0.65037
0.055,-0.79459,45.383,-0.70346
0.0551,-0.88458,46.263,-0.74734
0.0552,-0.98496,47.21,-0.76549
0.0553,-1.0821,48.391,-0.75934
0.0554,-1.1716,49.482,-0.73721
0.0555,-1.251,50.295,-0.72074
0.0556,-1.3226,50.872,-0.71169
0.0557,-1.3907,51.354,-0.69517
0.0558,-1.4544,51.9,-0.65713
0.0559,-1.5147,52.563,-0.59625
0.056,-1.5783,53.073,-0.51344
0.0561,-1.6471,53.53,-0.41239
0.0562,-1.718,54.024,-0.29598
0.0563,-1.7847,54.75,-0.16672
0.0564,-1.8467,55.579,-0.01848
0.0565,-1.9029,56.345,0.14149
0.0566,-1.9526,56.872,0.30048
0.0567,-1.9989,57.03,0.45114
0.0568,-2.0446,57.008,0.59632
0.0569,-2.0921,57.039,0.74008
0.057,-2.1438,57.117,0.87804
0.0571,-2.2003,57.13,1.0007
0.0572,-2.2576,57.001,1.1041
0.0573,-2.3134,56.772,1.1897
0.0574,-2.3666,56.552,1.2609
0.0575,-2.4182,56.418,1.3213
0.0576,-2.4693,56.251,1.3746
0.0577,-2.5196,56.006,1.4219
0.0578,-2.5694,55.693,1.4652
0.0579,-2.6224,55.363,1.5081
0.058,-2.6807,55.155,1.553
0.0581,-2.7423,55.095,1.5965
0.0582,-2.8103,55.006,1.6405
0.0583,-2.8897,54.723,1.6848
0.0584,-2.9872,54.288,1.7276
0.0585,-3.1181,53.772,1.7689
0.0586,-3.2991,53.206,1.8109
0.0587,-3.5182,52.611,1.854
0.0588,-3.7306,51.932,1.898
0.0589,-3.9019,51.107,1.9429
0.059,-4.0229,50.166,1.9892
0.0591,-4.0986,49.276,2.0332
0.0592,-4.1452,48.433,2.073
0.0593,-4.184,47.643,2.1072
0.0594,-4.2331,46.832,2.1373
0.0595,-4.2991,45.962,2.1645
0.0596,-4.3722,45.121,2.1876
0.0597,-4.4401,44.348,2.2081
0.0598,-4.4859,43.553,2.2268
0.0599,-4.492,42.669,2.2427
0.06,-4.4511,41.65,2.2537
0.0601,-4.3735,40.473,2.259
0.0602,-4.2738,39.227,2.2573
0.0603,-4.1684,38.025,2.2471
0.0604,-4.0764,36.848,2.2312
0.0605,-4.0071,35.617,2.2149
0.0606,-3.9499,34.32,2.2014
0.0607,-3.8829,32.977,2.1908
0.0608,-3.7831,31.609,2.1834
0.0609,-3.6329,30.272,2.1753
0.061,-3.4292,28.912,2.1646
0.0611,-3.1871,27.514,2.1474
0.0612,-2.9349,26.093,2.1231
0.0613,-2.7053,24.691,2.0941
0.0614,-2.5184,23.387,2.0638
0.0615,-2.3736,22.173,2.0342
0.0616,-2.2583,20.975,2.0088
0.0617,-2.1615,19.708,1.9882
0.0618,-2.0754,18.384,1.9704
0.0619,-1.9952,17.04,1.952
0.062,-1.918,15.689,1.93
0.0621,-1.8404,14.351,1.9003
0.0622,-1.7627,12.992,1.8662
0.0623,-1.6833,11.623,1.8274
0.0624,-1.6036,10.239,1.7885
0.0625,-1.5247,8.8896,1.7537
0.0626,-1.4467,7.6296,1.725
0.0627,-1.3709,6.4263,1.703
0.0628,-1.2971,5.2494,1.6847
0.0629,-1.2233,4.1141,1.6651
0.063,-1.1483,3.0261,1.6412
0.0631,-1.0716,1.9765,1.6115
0.0632,-0.99241,0.94366,1.5758
0.0633,-0.90939,-0.10988,1.5348
0.0634,-0.8258,-1.2018,1.4936
0.0635,-0.74241,-2.297,1.4542
0.0636,-0.66071,-3.3544,1.4181
0.0637,-0.58119,-4.338,1.384
0.0638,-0.50382,-5.2305,1.3492
0.0639,-0.42887,-6.0672,1.3119
0.064,-0.35556,-6.8847,1.2705
0.0641,-0.28216,-7.6759,1.2237
0.0642,-0.20815,-8.4391,1.1726
0.0643,-0.1343,-9.1897,1.1206
0.0644,-0.060735,-9.9161,1.0711
0.0645,0.01233,-10.589,1.0269
0.0646,0.083793,-11.231,0.98648
0.0647,0.15296,-11.779,0.95043
0.0648,0.22016,-12.216,0.91628
0.0649,0.28587,-12.569,0.88097
0.065,0.35062,-12.879,0.84297
0.0651,0.41494,-13.186,0.80251
0.0652,0.47936,-13.492,0.76041
0.0653,0.544,-13.777,0.71769
0.0654,0.6082,-14.026,0.67603
0.0655,0.67069,-14.228,0.63666
0.0656,0.73059,-14.374,0.59927
0.0657,0.78717,-14.463,0.56263
0.0658,0.83975,-14.493,0.52548
0.0659,0.88842,-14.447,0.48643
0.066,0.93418,-14.325,0.44469
0.0661,0.97768,-14.154,0.40085
0.0662,1.0191,-13.953,0.35665
0.0663,1.0588,-13.712,0.31399
0.0664,1.0968,-13.417,0.27448
0.0665,1.1323,-13.063,0.23874
0.0666,1.1645,-12.652,0.20647
0.0667,1.1931,-12.198,0.17686
0.0668,1.2183,-11.716,0.14876
0.0669,1.2404,-11.215,0.12106
0.067,1.2604,-10.685,0.093482
0.0671,1.2795,-10.113,0.066632
0.0672,1.298,-9.4982,0.041354
0.0673,1.3154,-8.8472,0.018362
0.0674,1.3309,-8.1556,-0.0018335
0.0675,1.3436,-7.4089,-0.019441
0.0676,1.352,-6.6013,-0.035428
0.0677,1.3552,-5.74,-0.05106
0.0678,1.3535,-4.8346,-0.067431
0.0679,1.3474,-3.8975,-0.085171
0.068,1.3375,-2.9405,-0.10401
0.0681,1.3249,-1.9625,-0.12285
0.0682,1.3103,-0.95333,-0.14035
0.0683,1.2937,0.087941,-0.15534
0.0684,1.2743,1.1533,-0.16695
0.0685,1.2512,2.2395,-0.17504
0.0686,1.2241,3.3511,-0.18029
0.0687,1.1926,4.4894,-0.18352
0.0688,1.1571,5.6495,-0.18517
0.0689,1.1189,6.8236,-0.18553
0.069,1.0792,8.0046,-0.1846
0.0691,1.0389,9.1875,-0.18182
0.0692,0.99808,10.377,-0.17645
0.0693,0.95633,11.592,-0.16789
0.0694,0.91323,12.824,-0.15769
0.0695,0.8675,14.088,-0.14564
0.0696,0.81814,15.375,-0.1325
0.0697,0.76502,16.684,-0.11966
0.0698,0.70879,18.015,-0.10812
0.0699,0.64997,19.351,-0.097922
0.07,0.58921,20.682,-0.088809
0.0701,0.52739,22,-0.080543
0.0702,0.46489,23.296,-0.072816
0.0703,0.40085,24.568,-0.065506
0.0704,0.33452,25.831,-0.059168
0.0705,0.26567,27.093,-0.054814
0.0706,0.19397,28.356,-0.054329
0.0707,0.11878,29.624,-0.060928
0.0708,0.04187,30.893,-0.080621
0.0709,-0.03673,32.169,-0.12116
0.071,-0.11724,33.453,-0.18907
0.0711,-0.19935,34.747,-0.28387
0.0712,-0.28396,36.039,-0.39204
0.0713,-0.37144,37.317,-0.49736
0.0714,-0.4616,38.564,-0.58209
0.0715,-0.55344,39.763,-0.63399
0.0716,-0.64523,40.911,-0.65359
0.0717,-0.7355,42.018,-0.65137
0.0718,-0.82354,43.084,-0.64047
0.0719,-0.90912,44.118,-0.63179
0.072,-0.99233,45.128,-0.63158
0.0721,-1.0737,46.106,-0.63838
0.0722,-1.154,47.034,-0.64334
0.0723,-1.2333,47.898,-0.63393
0.0724,-1.3115,48.681,-0.59843
0.0725,-1.3871,49.371,-0.52925
0.0726,-1.4581,49.98,-0.42792
0.0727,-1.523,50.529,-0.30605
0.0728,-1.5817,51.045,-0.17958
0.0729,-1.6356,51.541,-0.060749
0.073,-1.687,52.02,0.045798
0.0731,-1.7385,52.469,0.14369
0.0732,-1.7925,52.872,0.24214
0.0733,-1.8492,53.211,0.35155
0.0734,-1.9079,53.471,0.4783
0.0735,-1.9665,53.649,0.62088
0.0736,-2.0234,53.748,0.76769
0.0737,-2.0779,53.78,0.90223
0.0738,-2.1302,53.767,1.0136
0.0739,-2.1813,53.729,1.1022
0.074,-2.233,53.672,1.1745
0.0741,-2.287,53.594,1.2368
0.0742,-2.344,53.492,1.2931
0.0743,-2.4033,53.362,1.3454
0.0744,-2.4634,53.197,1.3939
0.0745,-2.522,52.994,1.4383
0.0746,-2.5772,52.748,1.4785
0.0747,-2.6286,52.444,1.5152
0.0748,-2.6783,52.075,1.5495
0.0749,-2.7304,51.642,1.5833
0.075,-2.7915,51.155,1.6183
0.0751,-2.871,50.633,1.656
0.0752,-2.9819,50.095,1.6969
0.0753,-3.1355,49.554,1.7417
0.0754,-3.3238,49.008,1.7897
0.0755,-3.5111,48.435,1.839
0.0756,-3.6609,47.8,1.8868
0.0757,-3.759,47.075,1.9313
0.0758,-3.8117,46.253,1.9712
0.0759,-3.8377,45.356,2.0056
0.076,-3.8585,44.428,2.0349
0.0761,-3.891,43.505,2.0609
0.0762,-3.9433,42.616,2.085
0.0763,-4.0146,41.76,2.1078
0.0764,-4.0952,40.909,2.1291
0.0765,-4.1659,40.021,2.1482
0.0766,-4.2041,39.056,2.1635
0.0767,-4.1935,37.985,2.1735
0.0768,-4.13,36.812,2.1766
0.0769,-4.0249,35.571,2.1719
0.077,-3.901,34.311,2.16
0.0771,-3.7803,33.07,2.1441
0.0772,-3.6738,31.869,2.1278
0.0773,-3.5795,30.693,2.1146
0.0774,-3.486,29.506,2.1055
0.0775,-3.3766,28.277,2.0993
0.0776,-3.2373,26.984,2.0927
0.0777,-3.063,25.622,2.0823
0.0778,-2.8607,24.199,2.066
0.0779,-2.6518,22.744,2.0434
0.078,-2.465,21.295,2.016
0.0781,-2.3154,19.886,1.987
0.0782,-2.1988,18.536,1.9597
0.0783,-2.1046,17.238,1.9357
0.0784,-2.0239,15.968,1.9158
0.0785,-1.95,14.698,1.8986
0.0786,-1.8784,13.417,1.8813
0.0787,-1.8063,12.127,1.86
0.0788,-1.732,10.836,1.8327
0.0789,-1.6553,9.5508,1.7993
0.079,-1.577,8.2698,1.7618
0.0791,-1.4978,6.991,1.7242
0.0792,-1.4187,5.7181,1.6908
0.0793,-1.3403,4.4619,1.6637
0.0794,-1.2627,3.2362,1.6421
0.0795,-1.185,2.0492,1.6232
0.0796,-1.1065,0.89784,1.6029
0.0797,-1.0268,-0.22912,1.5777
0.0798,-0.94562,-1.3423,1.5459
0.0799,-0.86346,-2.4492,1.5079
0.08,-0.78144,-3.5509,1.466
0.0801,-0.70073,-4.6384,1.4233
0.0802,-0.62186,-5.6943,1.3825
0.0803,-0.54492,-6.6991,1.3452
0.0804,-0.46965,-7.6358,1.3107
0.0805,-0.39544,-8.4963,1.2769
0.0806,-0.32169,-9.2878,1.2409
0.0807,-0.24815,-10.031,1.2001
0.0808,-0.17477,-10.75,1.1537
0.0809,-0.10155,-11.463,1.1034
0.081,-0.028635,-12.171,1.0518
0.0811,0.043801,-12.865,1.0023
0.0812,0.11574,-13.525,0.95749
0.0813,0.18717,-14.132,0.91791
0.0814,0.2581,-14.672,0.88214
0.0815,0.32866,-15.146,0.84789
0.0816,0.39891,-15.561,0.81278
0.0817,0.46853,-15.929,0.77505
0.0818,0.53699,-16.257,0.73413
0.0819,0.60375,-16.549,0.69096
0.082,0.66817,-16.797,0.64713
0.0821,0.72968,-16.99,0.60432
0.0822,0.78813,-17.118,0.56378
0.0823,0.8436,-17.18,0.52577
0.0824,0.89606,-17.179,0.48901
0.0825,0.94556,-17.125,0.45162
0.0826,0.99237,-17.03,0.41206
0.0827,1.0368,-16.902,0.36975
0.0828,1.079,-16.743,0.32521
0.0829,1.1194,-16.55,0.28036
0.083,1.1581,-16.315,0.23759
0.0831,1.1949,-16.029,0.19865
0.0832,1.2294,-15.685,0.16413
0.0833,1.2615,-15.281,0.13368
0.0834,1.2909,-14.825,0.10598
0.0835,1.3177,-14.323,0.079401
0.0836,1.3421,-13.784,0.05269
0.0837,1.3648,-13.212,0.025491
0.0838,1.3857,-12.603,-0.001863
0.0839,1.4049,-11.954,-0.02832
0.084,1.4221,-11.257,-0.052571
0.0841,1.4368,-10.512,-0.07365
0.0842,1.4481,-9.7162,-0.091589
0.0843,1.4551,-8.8741,-0.10732
0.0844,1.4571,-7.9916,-0.12251
0.0845,1.4539,-7.0776,-0.13875
0.0846,1.4455,-6.1411,-0.1569
0.0847,1.433,-5.1877,-0.17663
0.0848,1.4172,-4.2182,-0.19669
0.0849,1.3989,-3.2286,-0.21526
0.085,1.3785,-2.2112,-0.23062
0.0851,1.3562,-1.1587,-0.24176
0.0852,1.3313,-0.067132,-0.24866
0.0853,1.3036,1.0628,-0.25189
0.0854,1.273,2.2272,-0.25254
0.0855,1.2394,3.4194,-0.25176
0.0856,1.2033,4.6309,-0.25036
0.0857,1.1652,5.8534,-0.24833
0.0858,1.1256,7.0815,-0.24525
0.0859,1.0845,8.3132,-0.24041
0.086,1.042,9.5496,-0.23309
0.0861,0.99744,10.794,-0.22307
0.0862,0.95023,12.052,-0.21103
0.0863,0.89967,13.325,-0.19814
0.0864,0.84551,14.611,-0.18561
0.0865,0.78791,15.907,-0.17436
0.0866,0.72738,17.208,-0.16482
0.0867,0.6647,18.51,-0.15659
0.0868,0.6005,19.809,-0.14898
0.0869,0.53499,21.103,-0.14134
0.087,0.46805,22.394,-0.13342
0.0871,0.39913,23.685,-0.12494
0.0872,0.32882,24.974,-0.11792
0.0873,0.25649,26.261,-0.11333
0.0874,0.18244,27.547,-0.11394
0.0875,0.1072,28.829,-0.12422
0.0876,0.030996,30.101,-0.15113
0.0877,-0.046309,31.367,-0.20239
0.0878,-0.12498,32.629,-0.28201
0.0879,-0.20581,33.886,-0.38206
0.088,-0.28985,35.131,-0.48984
0.0881,-0.3777,36.356,-0.58786
0.0882,-0.46864,37.54,-0.65638
0.0883,-0.56094,38.67,-0.68443
0.0884,-0.65263,39.743,-0.67493
0.0885,-0.74209,40.765,-0.64147
0.0886,-0.82835,41.748,-0.60069
0.0887,-0.9113,42.708,-0.56554
0.0888,-0.99158,43.648,-0.54101
0.0889,-1.0702,44.559,-0.52492
0.089,-1.1479,45.429,-0.50953
0.0891,-1.2251,46.236,-0.48333
0.0892,-1.3006,46.959,-0.43391
0.0893,-1.3729,47.592,-0.35437
0.0894,-1.44,48.141,-0.24708
0.0895,-1.5007,48.624,-0.12268
0.0896,-1.5551,49.065,0.0053882
0.0897,-1.605,49.481,0.12669
0.0898,-1.6533,49.873,0.23801
0.0899,-1.7029,50.233,0.34237
0.09,-1.756,50.547,0.446
0.0901,-1.8132,50.799,0.55448
0.0902,-1.8732,50.984,0.66977
0.0903,-1.934,51.098,0.78724
0.0904,-1.9937,51.147,0.8974
0.0905,-2.0514,51.139,0.99221
0.0906,-2.1069,51.09,1.0702
0.0907,-2.1612,51.01,1.1348
0.0908,-2.216,50.909,1.1905
0.0909,-2.2725,50.789,1.2411
0.091,-2.331,50.648,1.2889
0.0911,-2.3908,50.478,1.3347
0.0912,-2.4499,50.272,1.378
0.0913,-2.5062,50.02,1.4184
0.0914,-2.5581,49.708,1.4559
0.0915,-2.6059,49.325,1.4909
0.0916,-2.6519,48.863,1.5247
0.0917,-2.7011,48.329,1.5588
0.0918,-2.7606,47.74,1.5947
0.0919,-2.8399,47.126,1.6332
0.092,-2.9495,46.511,1.6747
0.0921,-3.0942,45.905,1.7192
0.0922,-3.2602,45.3,1.7657
0.0923,-3.4168,44.668,1.812
0.0924,-3.5369,43.974,1.856
0.0925,-3.6107,43.19,1.8958
0.0926,-3.6451,42.314,1.9303
0.0927,-3.657,41.369,1.959
0.0928,-3.6656,40.392,1.9828
0.0929,-3.6863,39.416,2.003
0.093,-3.7264,38.464,2.0211
0.0931,-3.7845,37.535,2.038
0.0932,-3.85,36.606,2.0536
0.0933,-3.9041,35.638,2.0674
0.0934,-3.9241,34.596,2.0782
0.0935,-3.8932,33.457,2.0842
0.0936,-3.8078,32.227,2.0842
0.0937,-3.6795,30.939,2.0772
0.0938,-3.5295,29.637,2.0642
0.0939,-3.3789,28.354,2.0473
0.094,-3.2394,27.104,2.0301
0.0941,-3.1121,25.874,2.0154
0.0942,-2.9905,24.635,2.004
0.0943,-2.865,23.362,1.9947
0.0944,-2.7281,22.038,1.9852
0.0945,-2.5791,20.657,1.9725
0.0946,-2.427,19.231,1.9552
0.0947,-2.2852,17.783,1.9331
0.0948,-2.1624,16.343,1.9073
0.0949,-2.059,14.94,1.8801
0.095,-1.9713,13.588,1.8538
0.0951,-1.8945,12.282,1.8303
0.0952,-1.8242,11.004,1.8103
0.0953,-1.7566,9.7353,1.7926
0.0954,-1.6888,8.467,1.7748
0.0955,-1.6186,7.1981,1.7541
0.0956,-1.5452,5.9312,1.7284
0.0957,-1.4684,4.6649,1.6976
0.0958,-1.3889,3.3953,1.6634
0.0959,-1.3078,2.1217,1.629
0.096,-1.2259,0.85245,1.5974
0.0961,-1.144,-0.39583,1.5699
0.0962,-1.0625,-1.6064,1.5457
0.0963,-0.98119,-2.772,1.5225
0.0964,-0.89998,-3.8969,1.4972
0.0965,-0.81881,-4.9918,1.4674
0.0966,-0.73795,-6.0669,1.432
0.0967,-0.65792,-7.1287,1.3914
0.0968,-0.57932,-8.1765,1.3477
0.0969,-0.5026,-9.2029,1.3033
0.097,-0.42778,-10.196,1.2607
0.0971,-0.35443,-11.141,1.2213
0.0972,-0.28189,-12.023,1.1849
0.0973,-0.2096,-12.836,1.1497
0.0974,-0.13716,-13.585,1.1132
0.0975,-0.064449,-14.285,1.0735
0.0976,0.0084291,-14.955,1.0298
0.0977,0.081333,-15.607,0.98297
0.0978,0.15422,-16.244,0.93533
0.0979,0.22704,-16.855,0.8892
0.098,0.29976,-17.428,0.84621
0.0981,0.37235,-17.949,0.80666
0.0982,0.44473,-18.411,0.76969
0.0983,0.51664,-18.814,0.73354
0.0984,0.58763,-19.163,0.69643
0.0985,0.6571,-19.461,0.65709
0.0986,0.72424,-19.712,0.61519
0.0987,0.78827,-19.917,0.5712
0.0988,0.84867,-20.071,0.52644
0.0989,0.90526,-20.169,0.48243
0.099,0.95818,-20.208,0.44036
0.0991,1.0078,-20.189,0.40042
0.0992,1.0545,-20.116,0.36191
0.0993,1.0986,-19.997,0.32354
0.0994,1.1406,-19.838,0.28421
0.0995,1.1808,-19.645,0.24352
0.0996,1.2197,-19.414,0.20216
0.0997,1.2575,-19.142,0.16154
0.0998,1.2942,-18.821,0.12331
0.0999,1.3296,-18.446,0.088568
0.1,1.3633,-18.012,0.057597
0.1001,1.3949,-17.522,0.029775
0.1002,1.4239,-16.983,0.0039652
0.1003,1.4503,-16.401,-0.021232
0.1004,1.474,-15.785,-0.046841
0.1005,1.4949,-15.137,-0.073262
0.1006,1.5131,-14.456,-0.10008
0.1007,1.5287,-13.737,-0.12636
0.1008,1.5412,-12.978,-0.15081
0.1009,1.5505,-12.174,-0.17251
0.101,1.5559,-11.325,-0.19128
0.1011,1.5568,-10.434,-0.20786
0.1012,1.5526,-9.5034,-0.22349
0.1013,1.5431,-8.542,-0.23936
0.1014,1.5288,-7.5563,-0.25603
0.1015,1.5104,-6.5511,-0.2732
0.1016,1.489,-5.5275,-0.28974
0.1017,1.4655,-4.4824,-0.30424
0.1018,1.4407,-3.41,-0.3154
0.1019,1.4146,-2.3055,-0.32253
0.102,1.3896,-1.4807,-0.32881
0.1021,1.3775,-1.4349,-0.35037
0.1022,1.3715,-1.3899,-0.37886
0.1023,1.3692,-1.3447,-0.41306
0.1024,1.3715,-1.2983,-0.45578
0.1025,1.3828,-1.2499,-0.5114
0.1026,1.3939,-1.1997,-0.56824
0.1027,1.3967,-1.1484,-0.61864
0.1028,1.3997,-1.0971,-0.67132
0.1029,1.4056,-1.0456,-0.72857
0.103,1.4048,-0.99335,-0.7812
0.1031,1.3971,-0.93854,-0.83012
0.1032,1.3901,-0.88078,-0.88284
0.1033,1.382,-0.81967,-0.93733
0.1034,1.3702,-0.75556,-0.99053
0.1035,1.3582,-0.68951,-1.0442
0.1036,1.3423,-0.62326,-1.0923
0.1037,1.3135,-0.55745,-1.1257
0.1038,1.2742,-0.49295,-1.1464
0.1039,1.2303,-0.43045,-1.1601
0.104,1.1822,-0.37013,-1.1672
0.1041,1.1324,-0.31128,-1.1716
0.1042,1.0878,-0.25424,-1.1797
0.1043,1.047,-0.19919,-1.1899
0.1044,1.0065,-0.14592,-1.1989
0.1045,0.96932,-0.094288,-1.2101
0.1046,0.93563,-0.045205,-1.223
0.1047,0.90024,0.0015309,-1.2329
0.1048,0.86599,0.046914,-1.2435
0.1049,0.83715,0.092304,-1.26
0.105,0.80745,0.1389,-1.2771
0.1051,0.77308,0.18822,-1.292
0.1052,0.74149,0.24031,-1.3118
0.1053,0.71317,0.29431,-1.336
0.1054,0.67878,0.34914,-1.3542
0.1055,0.63664,0.40383,-1.3635
0.1056,0.58996,0.45669,-1.3657
0.1057,0.53391,0.50699,-1.3553
0.1058,0.46744,0.55476,-1.3317
0.1059,0.40042,0.60001,-1.3047
0.106,0.33725,0.64244,-1.2785
0.1061,0.27305,0.68266,-1.2491
0.1062,0.20926,0.72082,-1.2181
0.1063,0.15037,0.75618,-1.1895
0.1064,0.092771,0.78782,-1.1591
0.1065,0.033478,0.81555,-1.1239
0.1066,-0.02271,0.83893,-1.0884
0.1067,-0.074655,0.858,-1.0537
0.1068,-0.12573,0.87385,-1.0175
0.1069,-0.17391,0.88828,-0.98354
0.107,-0.21572,0.90233,-0.95613
0.1071,-0.25354,0.9168,-0.93358
0.1072,-0.28873,0.93199,-0.91472
0.1073,-0.32067,0.94773,-0.89983
0.1074,-0.35439,0.96321,-0.88302
0.1075,-0.39607,0.97795,-0.85762
0.1076,-0.44445,0.99125,-0.82426
0.1077,-0.49725,1.0025,-0.78465
0.1078,-0.55514,1.0114,-0.73777
0.1079,-0.61536,1.0179,-0.68636
0.108,-0.67385,1.0214,-0.63398
0.1081,-0.73249,1.0217,-0.57854
0.1082,-0.79248,1.0186,-0.51863
0.1083,-0.84972,1.0114,-0.45785
0.1084,-0.90307,0.99949,-0.39661
0.1085,-0.95524,0.98297,-0.33245
0.1086,-1.004,0.96244,-0.26823
0.1087,-1.0462,0.93859,-0.20788
0.1088,-1.0839,0.91235,-0.15018
0.1089,-1.1177,0.88506,-0.096056
0.109,-1.1432,0.85716,-0.050195
0.1091,-1.1613,0.82846,-0.011289
0.1092,-1.1776,0.79875,0.026447
0.1093,-1.1929,0.76808,0.063948
0.1094,-1.2071,0.73602,0.10162
0.1095,-1.2245,0.70254,0.14394
0.1096,-1.2459,0.66802,0.19133
0.1097,-1.2666,0.63283,0.23872
0.1098,-1.2863,0.59689,0.28593
0.1099,-1.3087,0.56035,0.33646
0.11,-1.3325,0.52298,0.38937
0.1101,-1.3558,0.48396,0.4434
0.1102,-1.3805,0.44224,0.50182
0.1103,-1.407,0.39718,0.56551
0.1104,-1.4311,0.34815,0.63114
0.1105,-1.452,0.29506,0.69784
0.1106,-1.4704,0.23861,0.76571
0.1107,-1.4831,0.1799,0.83034
0.1108,-1.487,0.11971,0.88753
0.1109,-1.4827,0.05886,0.93712
0.111,-1.4709,-0.0020235,0.97899
0.1111,-1.4516,-0.062761,1.013
0.1112,-1.4282,-0.12345,1.0429
0.1113,-1.4044,-0.18382,1.0719
0.1114,-1.3799,-0.24379,1.0999
0.1115,-1.3549,-0.30333,1.1271
0.1116,-1.3307,-0.3623,1.1547
0.1117,-1.3063,-0.42036,1.1816
0.1118,-1.281,-0.47764,1.2069
0.1119,-1.257,-0.53437,1.2333
0.112,-1.2354,-0.59088,1.2621
0.1121,-1.2143,-0.6478,1.2917
0.1122,-1.1941,-0.70595,1.3235
0.1123,-1.1766,-0.76567,1.3594
0.1124,-1.1598,-0.82704,1.3974
0.1125,-1.1412,-0.88999,1.4351
0.1126,-1.1213,-0.9542,1.4724
0.1127,-1.0983,-1.0191,1.5072
0.1128,-1.0682,-1.0843,1.535
0.1129,-1.031,-1.1498,1.5557
0.113,-0.98934,-1.2151,1.5715
0.1131,-0.94291,-1.2799,1.5817
0.1132,-0.89165,-1.3437,1.5859
0.1133,-0.83835,-1.4059,1.5862
0.1134,-0.78376,-1.4658,1.5827
0.1135,-0.7262,-1.5226,1.5732
0.1136,-0.66704,-1.576,1.559
0.1137,-0.6093,-1.6258,1.5428
0.1138,-0.55314,-1.6721,1.525
0.1139,-0.49875,-1.7157,1.5064
0.114,-0.44846,-1.7576,1.4904
0.1141,-0.40276,-1.7986,1.478
0.1142,-0.35997,-1.8398,1.4682
0.1143,-0.32017,-1.8815,1.4616
0.1144,-0.28323,-1.9239,1.4578
0.1145,-0.24621,-1.9669,1.4537
0.1146,-0.20651,-2.0103,1.4466
0.1147,-0.16383,-2.0537,1.4358
0.1148,-0.11726,-2.097,1.4204
0.1149,-0.066118,-2.1399,1.3996
0.115,-0.011962,-2.182,1.3751
0.1151,0.04401,-2.223,1.3478
0.1152,0.10269,-2.2625,1.3164
0.1153,0.16405,-2.2996,1.2806
0.1154,0.22707,-2.3331,1.2409
0.1155,0.29194,-2.3618,1.1963
0.1156,0.35828,-2.3844,1.1469
0.1157,0.42359,-2.3998,1.0949
0.1158,0.4864,-2.4081,1.0417
0.1159,0.54653,-2.4098,0.98808
0.116,0.60215,-2.4062,0.93632
0.1161,0.65131,-2.3987,0.88883
0.1162,0.69475,-2.389,0.84524
0.1163,0.73343,-2.3781,0.80498
0.1164,0.76728,-2.3665,0.76831
0.1165,0.79821,-2.3544,0.73343
0.1166,0.82929,-2.3416,0.69759
0.1167,0.86091,-2.3273,0.66068
0.1168,0.89256,-2.3109,0.62328
0.1169,0.92563,-2.2919,0.58398
0.117,0.96093,-2.2699,0.5419
0.1171,0.99756,-2.2449,0.49756
0.1172,1.036,-2.2171,0.44982
0.1173,1.0778,-2.1867,0.39676
0.1174,1.1218,-2.1541,0.33886
0.1175,1.1662,-2.1192,0.27739
0.1176,1.211,-2.0821,0.21239
0.1177,1.2551,-2.043,0.14492
0.1178,1.2962,-2.0019,0.077672
0.1179,1.3332,-1.9592,0.012172
0.118,1.3656,-1.915,-0.050933
0.1181,1.3923,-1.8694,-0.11017
0.1182,1.4124,-1.8223,-0.1649
0.1183,1.4273,-1.7738,-0.21631
0.1184,1.4377,-1.724,-0.2651
0.1185,1.4438,-1.6732,-0.31113
0.1186,1.4464,-1.6216,-0.35487
0.1187,1.4462,-1.5699,-0.39663
0.1188,1.4431,-1.5184,-0.4358
0.1189,1.4378,-1.4673,-0.47283
0.119,1.4321,-1.4166,-0.50946
0.1191,1.427,-1.3663,-0.54686
0.1192,1.4231,-1.3159,-0.586
0.1193,1.4215,-1.2648,-0.6286
0.1194,1.4224,-1.2126,-0.67542
0.1195,1.4247,-1.1588,-0.72563
0.1196,1.4276,-1.1033,-0.77866
0.1197,1.4304,-1.0461,-0.83387
0.1198,1.4312,-0.98731,-0.88902
0.1199,1.428,-0.92712,-0.94188
0.12,1.4203,-0.86568,-0.99177
0.1201,1.4078,-0.80326,-1.0379
0.1202,1.3895,-0.74006,-1.0793
0.1203,1.3662,-0.67634,-1.1162
0.1204,1.3389,-0.61252,-1.1493
0.1205,1.3075,-0.54911,-1.1779
0.1206,1.2716,-0.4865,-1.2014
0.1207,1.2323,-0.42508,-1.2204
0.1208,1.1905,-0.36523,-1.2355
0.1209,1.1464,-0.30711,-1.2467
0.121,1.1015,-0.25066,-1.2554
0.1211,1.0576,-0.19578,-1.2635
0.1212,1.0152,-0.14228,-1.2718
0.1213,0.97454,-0.089849,-1.2806
0.1214,0.93667,-0.038239,-1.2912
0.1215,0.90158,0.012682,-1.3038
0.1216,0.86818,0.063083,-1.3174
0.1217,0.83575,0.11315,-1.3315
0.1218,0.80363,0.16303,-1.3455
0.1219,0.77029,0.21293,-1.3581
0.122,0.73464,0.26304,-1.3685
0.1221,0.69652,0.3134,-1.3763
0.1222,0.65542,0.36384,-1.3809
0.1223,0.61049,0.41404,-1.3812
0.1224,0.56153,0.4635,-1.3766
0.1225,0.50848,0.51156,-1.3664
