0.05,0.3506,-0.75084,0.37265
0.0501,0.3772,-0.75019,0.34839
0.0502,0.40305,-0.74822,0.32375
0.0503,0.42807,-0.74495,0.29878
0.0504,0.4522,-0.74038,0.27352
0.0505,0.47541,-0.73451,0.24796
0.0506,0.49769,-0.72737,0.22211
0.0507,0.5191,-0.71903,0.19595
0.0508,0.5397,-0.70956,0.16945
0.0509,0.55956,-0.69908,0.14262
0.051,0.57875,-0.68769,0.11545
0.0511,0.59736,-0.67553,0.087982
0.0512,0.61541,-0.6627,0.060226
0.0513,0.6329,-0.64924,0.032217
0.0514,0.6498,-0.63523,0.0039861
0.0515,0.66606,-0.62066,-0.024429
0.0516,0.68155,-0.60553,-0.05298
0.0517,0.69615,-0.5898,-0.081612
0.0518,0.70972,-0.57345,-0.11026
0.0519,0.72212,-0.55644,-0.13885
0.052,0.73319,-0.53871,-0.16729
0.0521,0.74281,-0.52022,-0.19551
0.0522,0.75084,-0.50092,-0.22346
0.0523,0.75721,-0.48076,-0.25106
0.0524,0.76187,-0.45969,-0.27828
0.0525,0.76481,-0.43773,-0.30511
0.0526,0.76609,-0.41487,-0.33151
0.0527,0.76579,-0.39118,-0.3575
0.0528,0.76403,-0.36674,-0.38305
0.0529,0.76096,-0.34166,-0.40816
0.053,0.75675,-0.31607,-0.43282
0.0531,0.75154,-0.29008,-0.45704
0.0532,0.7455,-0.26382,-0.4808
0.0533,0.73872,-0.23736,-0.5041
0.0534,0.73129,-0.21078,-0.52693
0.0535,0.72329,-0.18413,-0.54926
0.0536,0.71474,-0.15741,-0.57107
0.0537,0.70561,-0.13063,-0.5923
0.0538,0.69586,-0.1038,-0.61288
0.0539,0.68544,-0.076894,-0.63271
0.054,0.67423,-0.049879,-0.65171
0.0541,0.66213,-0.022709,-0.66978
0.0542,0.64905,0.0046618,-0.68681
0.0543,0.63489,0.03228,-0.70271
0.0544,0.61958,0.060174,-0.71737
0.0545,0.60309,0.088338,-0.73074
0.0546,0.58545,0.11674,-0.74274
0.0547,0.56669,0.14532,-0.75334
0.0548,0.54691,0.17398,-0.7625
0.0549,0.52621,0.20262,-0.77025
0.055,0.50472,0.23113,-0.7766
0.0551,0.48258,0.25939,-0.78161
0.0552,0.45991,0.2873,-0.78535
0.0553,0.43686,0.31477,-0.78789
0.0554,0.41351,0.34171,-0.7893
0.0555,0.38996,0.36806,-0.78964
0.0556,-2.8647,2.5623,0.25598
0.0557,-4.4689,3.5571,0.85997
0.0558,-5.7638,4.2885,1.4209
0.0559,-6.9075,4.8705,1.9825
0.056,-7.5264,5.0265,2.4474
0.0561,-8.1799,5.2014,2.9278
0.0562,-9.2933,5.7096,3.534
0.0563,-10.35,6.1274,4.174
0.0564,-11.421,6.4994,4.8743
0.0565,-12.995,7.2019,5.7475
0.0566,-14.672,7.9188,6.7095
0.0567,-16.072,8.3629,7.6678
0.0568,-17.481,8.7717,8.6704
0.0569,-18.642,8.9661,9.6407
0.057,-19.26,8.7351,10.494
0.0571,-20.018,8.607,11.383
0.0572,-21.307,8.8622,12.419
0.0573,-22.729,9.1666,13.536
0.0574,-24.353,9.5587,14.769
0.0575,-26.291,10.121,16.147
0.0576,-27.924,10.39,17.515
0.0577,-29.108,10.278,18.817
0.0578,-30.386,10.215,20.167
0.0579,-31.561,10.054,21.512
0.058,-32.188,9.4823,22.723
0.0581,-32.644,8.8074,23.869
0.0582,-33.129,8.1691,25.01
0.0583,-33.376,7.3323,26.112
0.0584,-33.748,6.5619,27.273
0.0585,-34.612,6.1336,28.587
0.0586,-35.498,5.6813,29.95
0.0587,-36.188,5.0483,31.298
0.0588,-37.037,4.522,32.702
0.0589,-37.918,4.0149,34.124
0.059,-38.596,3.3574,35.495
0.0591,-39.371,2.785,36.886
0.0592,-40.21,2.2631,38.298
0.0593,-40.649,1.4324,39.624
0.0594,-40.827,0.4054,40.893
0.0595,-41.077,-0.56535,42.187
0.0596,-41.256,-1.5926,43.475
0.0597,-41.418,-2.6316,44.768
0.0598,-41.785,-3.5026,46.112
0.0599,-42.016,-4.4582,47.416
0.06,-41.828,-5.7013,48.601
0.0601,-41.512,-7.0036,49.731
0.0602,-41.111,-8.3351,50.819
0.0603,-40.405,-9.8688,51.817
0.0604,-39.64,-11.417,52.784
0.0605,-39.004,-12.836,53.767
0.0606,-38.282,-14.293,54.716
0.0607,-37.643,-15.66,55.676
0.0608,-37.468,-16.648,56.745
0.0609,-37.494,-17.452,57.861
0.061,-37.361,-18.341,58.929
0.0611,-37.105,-19.273,59.948
0.0612,-36.553,-20.377,60.869
0.0613,-35.448,-21.847,61.619
0.0614,-34.097,-23.447,62.267
0.0615,-32.793,-24.953,62.885
0.0616,-31.389,-26.487,63.441
0.0617,-29.932,-28.018,63.947
0.0618,-28.641,-29.383,64.46
0.0619,-27.36,-30.704,64.944
0.062,-25.982,-32.069,65.373
0.0621,-24.675,-33.352,65.788
0.0622,-23.315,-34.647,66.153
0.0623,-21.655,-36.14,66.395
0.0624,-19.877,-37.691,66.548
0.0625,-18.194,-39.139,66.661
0.0626,-16.59,-40.497,66.735
0.0627,-15.217,-41.655,66.816
0.0628,-14.194,-42.522,66.942
0.0629,-13.249,-43.311,67.051
0.063,-12.199,-44.165,67.098
0.0631,-11.138,-45.012,67.101
0.0632,-9.9783,-45.916,67.031
0.0633,-8.5854,-46.979,66.841
0.0634,-7.1098,-48.076,66.559
0.0635,-5.5823,-49.179,66.183
0.0636,-3.8684,-50.394,65.68
0.0637,-2.1358,-51.603,65.098
0.0638,-0.621,-52.632,64.51
0.0639,0.7669,-53.558,63.908
0.064,2.0789,-54.427,63.287
0.0641,3.2122,-55.156,62.676
0.0642,4.268,-55.812,62.044
0.0643,5.4007,-56.503,61.344
0.0644,6.4516,-57.096,60.608
0.0645,7.3401,-57.52,59.855
0.0646,8.2314,-57.901,59.05
0.0647,9.1404,-58.257,58.193
0.0648,9.9949,-58.534,57.309
0.0649,10.893,-58.819,56.382
0.065,11.822,-59.107,55.42
0.0651,12.58,-59.232,54.466
0.0652,13.359,-59.35,53.48
0.0653,14.217,-59.489,52.436
0.0654,15.127,-59.624,51.332
0.0655,16.132,-59.782,50.156
0.0656,17.272,-59.997,48.898
0.0657,18.43,-60.187,47.596
0.0658,19.528,-60.295,46.276
0.0659,20.616,-60.367,44.933
0.066,21.638,-60.363,43.586
0.0661,22.46,-60.179,42.272
0.0662,23.085,-59.82,40.994
0.0663,23.54,-59.304,39.747
0.0664,23.809,-58.618,38.535
0.0665,24.029,-57.863,37.322
0.0666,24.378,-57.176,36.062
0.0667,24.857,-56.559,34.756
0.0668,25.412,-55.972,33.415
0.0669,26.042,-55.417,32.042
0.067,26.672,-54.839,30.658
0.0671,27.213,-54.174,29.287
0.0672,27.71,-53.456,27.921
0.0673,28.189,-52.709,26.554
0.0674,28.597,-51.895,25.205
0.0675,28.973,-51.044,23.863
0.0676,29.395,-50.216,22.508
0.0677,29.847,-49.397,21.144
0.0678,30.31,-48.573,19.774
0.0679,30.776,-47.739,18.404
0.068,31.121,-46.807,17.066
0.0681,31.221,-45.686,15.799
0.0682,31.096,-44.401,14.602
0.0683,30.798,-42.994,13.469
0.0684,30.367,-41.498,12.389
0.0685,29.926,-40.004,11.33
0.0686,29.566,-38.581,10.27
0.0687,29.261,-37.208,9.2104
0.0688,29.012,-35.882,8.1487
0.0689,28.87,-34.64,7.0704
0.069,28.785,-33.448,5.99
0.0691,28.679,-32.251,4.9306
0.0692,28.544,-31.047,3.8995
0.0693,28.338,-29.815,2.9141
0.0694,27.995,-28.509,1.9963
0.0695,27.559,-27.166,1.1366
0.0696,27.091,-25.832,0.31913
0.0697,26.56,-24.482,-0.44931
0.0698,25.949,-23.102,-1.167
0.0699,25.273,-21.703,-1.8397
0.07,24.491,-20.255,-2.4576
0.0701,23.59,-18.75,-3.0165
0.0702,22.631,-17.237,-3.5286
0.0703,21.632,-15.735,-3.9933
0.0704,20.565,-14.227,-4.4008
0.0705,19.463,-12.74,-4.7583
0.0706,18.36,-11.299,-5.0733
0.0707,17.249,-9.8982,-5.3465
0.0708,16.183,-8.5713,-5.5953
0.0709,15.224,-7.3624,-5.8379
0.071,14.337,-6.2459,-6.0651
0.0711,13.477,-5.1897,-6.263
0.0712,12.644,-4.1972,-6.4276
0.0713,11.792,-3.2405,-6.5423
0.0714,10.852,-2.271,-6.5848
0.0715,9.8128,-1.2827,-6.5507
0.0716,8.662,-0.26761,-6.4362
0.0717,7.3506,0.81239,-6.2307
0.0718,5.8975,1.9469,-5.943
0.0719,4.3858,3.0769,-5.5967
0.072,2.8601,4.1711,-5.2047
0.0721,1.358,5.2035,-4.7775
0.0722,-0.069486,6.1368,-4.3279
0.0723,-1.4362,6.9805,-3.8506
0.0724,-2.7931,7.7721,-3.3319
0.0725,-4.1419,8.5131,-2.7708
0.0726,-5.4754,9.1981,-2.1689
0.0727,-6.8071,9.8387,-1.5236
0.0728,-8.1018,10.401,-0.83626
0.0729,-9.3601,10.907,-0.127
0.073,-10.559,11.328,0.60995
0.0731,-11.7,11.667,1.3737
0.0732,-12.768,11.914,2.1592
0.0733,-13.797,12.094,2.9756
0.0734,-14.861,12.263,3.8412
0.0735,-16.008,12.458,4.7675
0.0736,-17.269,12.7,5.7647
0.0737,-18.662,13,6.838
0.0738,-20.139,13.325,7.9739
0.0739,-21.617,13.614,9.1505
0.074,-23.049,13.834,10.355
0.0741,-24.401,13.966,11.574
0.0742,-25.625,13.978,12.791
0.0743,-26.715,13.869,14.002
0.0744,-27.703,13.664,15.213
0.0745,-28.591,13.37,16.423
0.0746,-29.395,12.996,17.636
0.0747,-30.163,12.578,18.867
0.0748,-30.911,12.127,20.12
0.0749,-31.615,11.627,21.389
0.075,-32.273,11.076,22.674
0.0751,-32.888,10.481,23.971
0.0752,-33.455,9.8455,25.276
0.0753,-33.987,9.1812,26.588
0.0754,-34.521,8.5196,27.915
0.0755,-35.066,7.8701,29.26
0.0756,-35.608,7.2225,30.62
0.0757,-36.138,6.5713,31.994
0.0758,-36.635,5.9046,33.375
0.0759,-37.067,5.2004,34.754
0.076,-37.411,4.4467,36.125
0.0761,-37.645,3.6315,37.477
0.0762,-37.73,2.7329,38.797
0.0763,-37.643,1.7373,40.076
0.0764,-37.386,0.6486,41.312
0.0765,-36.963,-0.52689,42.504
0.0766,-36.397,-1.7737,43.658
0.0767,-35.729,-3.0627,44.786
0.0768,-34.989,-4.3725,45.895
0.0769,-34.196,-5.6882,46.989
0.077,-33.388,-6.9825,48.077
0.0771,-32.588,-8.2346,49.161
0.0772,-31.792,-9.4448,50.237
0.0773,-30.989,-10.619,51.298
0.0774,-30.162,-11.767,52.337
0.0775,-29.271,-12.918,53.34
0.0776,-28.291,-14.093,54.296
0.0777,-27.23,-15.289,55.204
0.0778,-26.098,-16.502,56.064
0.0779,-24.9,-17.732,56.875
0.078,-23.652,-18.975,57.638
0.0781,-22.359,-20.228,58.352
0.0782,-21.013,-21.503,59.01
0.0783,-19.609,-22.809,59.608
0.0784,-18.155,-24.144,60.145
0.0785,-16.657,-25.508,60.618
0.0786,-15.127,-26.897,61.03
0.0787,-13.6,-28.286,61.389
0.0788,-12.118,-29.644,61.703
0.0789,-10.72,-30.937,61.983
0.079,-9.4451,-32.13,62.24
0.0791,-8.3076,-33.202,62.478
0.0792,-7.287,-34.163,62.692
0.0793,-6.3498,-35.028,62.873
0.0794,-5.4554,-35.822,63.009
0.0795,-4.5588,-36.572,63.086
0.0796,-3.6345,-37.295,63.095
0.0797,-2.677,-37.99,63.035
0.0798,-1.6817,-38.655,62.902
0.0799,-0.65057,-39.285,62.698
0.08,0.39789,-39.861,62.427
0.0801,1.4487,-40.368,62.096
0.0802,2.4985,-40.799,61.709
0.0803,3.5411,-41.144,61.271
0.0804,4.5721,-41.394,60.784
0.0805,5.5982,-41.548,60.249
0.0806,6.6158,-41.594,59.666
0.0807,7.6035,-41.508,59.041
0.0808,8.5405,-41.268,58.38
0.0809,9.4124,-40.859,57.688
0.081,10.207,-40.272,56.971
0.0811,10.927,-39.514,56.229
0.0812,11.589,-38.606,55.462
0.0813,12.215,-37.573,54.667
0.0814,12.823,-36.441,53.838
0.0815,13.442,-35.242,52.969
0.0816,14.097,-34.007,52.052
0.0817,14.805,-32.76,51.081
0.0818,15.579,-31.521,50.052
0.0819,16.417,-30.302,48.967
0.082,17.304,-29.104,47.831
0.0821,18.22,-27.925,46.655
0.0822,19.146,-26.764,45.445
0.0823,20.056,-25.614,44.214
0.0824,20.926,-24.468,42.969
0.0825,21.743,-23.324,41.716
0.0826,22.49,-22.181,40.458
0.0827,23.159,-21.038,39.199
0.0828,23.758,-19.908,37.937
0.0829,24.303,-18.809,36.67
0.083,24.804,-17.749,35.395
0.0831,25.274,-16.738,34.111
0.0832,25.722,-15.783,32.817
0.0833,26.151,-14.884,31.516
0.0834,26.563,-14.037,30.208
0.0835,26.972,-13.248,28.889
0.0836,27.389,-12.52,27.558
0.0837,27.826,-11.854,26.213
0.0838,28.291,-11.25,24.853
0.0839,28.789,-10.706,23.477
0.084,29.31,-10.21,22.092
0.0841,29.839,-9.7463,20.703
0.0842,30.347,-9.2965,19.32
0.0843,30.8,-8.8358,17.956
0.0844,31.161,-8.3418,16.619
0.0845,31.405,-7.8025,15.32
0.0846,31.525,-7.2161,14.061
0.0847,31.529,-6.5916,12.84
0.0848,31.442,-5.9479,11.651
0.0849,31.293,-5.3036,10.486
0.085,31.105,-4.6718,9.3411
0.0851,30.899,-4.0626,8.2101
0.0852,30.686,-3.4816,7.0912
0.0853,30.468,-2.927,5.9858
0.0854,30.247,-2.396,4.8956
0.0855,30.022,-1.8877,3.8229
0.0856,29.79,-1.3981,2.7715
0.0857,29.546,-0.92368,1.745
0.0858,29.292,-0.46504,0.74555
0.0859,29.028,-0.021002,-0.22422
0.086,28.742,0.41654,-1.1598
0.0861,28.419,0.85852,-2.0562
0.0862,28.038,1.3183,-2.9073
0.0863,27.573,1.8123,-3.7057
0.0864,27.003,2.3524,-4.4459
0.0865,26.324,2.9406,-5.1261
0.0866,25.537,3.5726,-5.7464
0.0867,24.655,4.2391,-6.3101
0.0868,23.699,4.9255,-6.8224
0.0869,22.693,5.6151,-7.2897
0.087,21.663,6.2929,-7.7181
0.0871,20.632,6.9443,-8.1141
0.0872,19.62,7.5582,-8.4819
0.0873,18.636,8.1302,-8.8229
0.0874,17.681,8.6607,-9.1355
0.0875,16.75,9.1532,-9.4156
0.0876,15.83,9.6159,-9.6564
0.0877,14.905,10.058,-9.8513
0.0878,13.962,10.487,-9.9943
0.0879,12.985,10.916,-10.08
0.088,11.955,11.355,-10.103
0.0881,10.862,11.812,-10.063
0.0882,9.7006,12.292,-9.9597
0.0883,8.4698,12.796,-9.7933
0.0884,7.1752,13.319,-9.5672
0.0885,5.8273,13.855,-9.2845
0.0886,4.4344,14.397,-8.9477
0.0887,3.0059,14.939,-8.5591
0.0888,1.5562,15.471,-8.1225
0.0889,0.10208,15.98,-7.6423
0.089,-1.3392,16.456,-7.1235
0.0891,-2.7478,16.884,-6.5718
0.0892,-4.1065,17.254,-5.9915
0.0893,-5.4058,17.558,-5.3847
0.0894,-6.6436,17.795,-4.751
0.0895,-7.8252,17.967,-4.0879
0.0896,-8.9665,18.085,-3.3898
0.0897,-10.091,18.166,-2.6501
0.0898,-11.226,18.228,-1.8621
0.0899,-12.393,18.288,-1.0201
0.09,-13.61,18.358,-0.1213
0.0901,-14.879,18.44,0.83309
0.0902,-16.192,18.529,1.8389
0.0903,-17.532,18.616,2.8901
0.0904,-18.879,18.686,3.9794
0.0905,-20.215,18.727,5.1
0.0906,-21.523,18.73,6.2467
0.0907,-22.792,18.686,7.4149
0.0908,-24.009,18.587,8.6006
0.0909,-25.165,18.429,9.8008
0.091,-26.254,18.206,11.013
0.0911,-27.268,17.913,12.235
0.0912,-28.199,17.546,13.466
0.0913,-29.048,17.104,14.703
0.0914,-29.816,16.591,15.948
0.0915,-30.512,16.014,17.201
0.0916,-31.156,15.389,18.466
0.0917,-31.768,14.732,19.747
0.0918,-32.368,14.062,21.049
0.0919,-32.971,13.389,22.372
0.092,-33.583,12.722,23.717
0.0921,-34.196,12.058,25.081
0.0922,-34.798,11.391,26.457
0.0923,-35.369,10.71,27.838
0.0924,-35.886,10.003,29.217
0.0925,-36.324,9.2547,30.584
0.0926,-36.664,8.4543,31.933
0.0927,-36.889,7.5927,33.257
0.0928,-36.988,6.6642,34.554
0.0929,-36.958,5.668,35.822
0.093,-36.8,4.6065,37.061
0.0931,-36.521,3.4845,38.273
0.0932,-36.13,2.3101,39.46
0.0933,-35.641,1.0945,40.626
0.0934,-35.07,-0.14985,41.772
0.0935,-34.433,-1.4093,42.902
0.0936,-33.744,-2.6701,44.015
0.0937,-33.016,-3.9217,45.113
0.0938,-32.254,-5.1575,46.192
0.0939,-31.462,-6.3732,47.252
0.094,-30.637,-7.5675,48.288
0.0941,-29.777,-8.7427,49.296
0.0942,-28.874,-9.9035,50.27
0.0943,-27.921,-11.057,51.206
0.0944,-26.905,-12.212,52.097
0.0945,-25.815,-13.38,52.937
0.0946,-24.644,-14.57,53.721
0.0947,-23.389,-15.789,54.444
0.0948,-22.053,-17.04,55.107
0.0949,-20.648,-18.321,55.709
0.095,-19.193,-19.622,56.255
0.0951,-17.714,-20.931,56.749
0.0952,-16.236,-22.229,57.197
0.0953,-14.79,-23.496,57.606
0.0954,-13.396,-24.714,57.98
0.0955,-12.069,-25.867,58.32
0.0956,-10.815,-26.946,58.626
0.0957,-9.6297,-27.947,58.895
0.0958,-8.5054,-28.87,59.123
0.0959,-7.4314,-29.716,59.304
0.096,-6.3963,-30.487,59.436
0.0961,-5.3883,-31.187,59.513
0.0962,-4.3967,-31.82,59.532
0.0963,-3.4114,-32.388,59.491
0.0964,-2.422,-32.896,59.387
0.0965,-1.4197,-33.348,59.219
0.0966,-0.3981,-33.746,58.986
0.0967,0.64666,-34.09,58.689
0.0968,1.7142,-34.379,58.33
0.0969,2.7972,-34.602,57.913
0.097,3.8828,-34.747,57.443
0.0971,4.9541,-34.797,56.926
0.0972,5.9927,-34.736,56.368
0.0973,6.9817,-34.548,55.776
0.0974,7.9106,-34.226,55.153
0.0975,8.7763,-33.767,54.501
0.0976,9.5821,-33.178,53.819
0.0977,10.338,-32.472,53.106
0.0978,11.057,-31.667,52.356
0.0979,11.757,-30.782,51.568
0.098,12.452,-29.841,50.735
0.0981,13.158,-28.864,49.855
0.0982,13.887,-27.871,48.926
0.0983,14.645,-26.877,47.948
0.0984,15.436,-25.897,46.921
0.0985,16.261,-24.938,45.85
0.0986,17.115,-24.006,44.737
0.0987,17.991,-23.103,43.587
0.0988,18.878,-22.228,42.406
0.0989,19.76,-21.373,41.199
0.099,20.623,-20.534,39.971
0.0991,21.452,-19.703,38.729
0.0992,22.235,-18.876,37.476
0.0993,22.962,-18.05,36.215
0.0994,23.628,-17.225,34.95
0.0995,24.235,-16.405,33.679
0.0996,24.785,-15.595,32.404
0.0997,25.288,-14.8,31.123
0.0998,25.756,-14.03,29.832
0.0999,26.204,-13.294,28.529
0.1,26.647,-12.598,27.211
0.1001,27.099,-11.95,25.876
0.1002,27.57,-11.352,24.523
0.1003,28.062,-10.803,23.154
0.1004,28.575,-10.299,21.773
0.1005,29.099,-9.8303,20.384
0.1006,29.62,-9.3858,18.994
0.1007,30.121,-8.9521,17.611
0.1008,30.581,-8.516,16.242
0.1009,30.984,-8.0664,14.893
0.101,31.316,-7.5957,13.567
0.1011,31.571,-7.0998,12.268
0.1012,31.744,-6.578,10.997
0.1013,31.838,-6.0322,9.7523
0.1014,31.857,-5.4664,8.5335
0.1015,31.808,-4.8854,7.339
0.1016,31.702,-4.2953,6.1667
0.1017,31.548,-3.703,5.0146
0.1018,31.36,-3.1159,3.8808
0.1019,31.15,-2.5412,2.7637
0.102,30.929,-1.9855,1.6624
0.1021,30.707,-1.4537,0.57715
0.1022,30.488,-0.948,-0.49038
0.1023,30.273,-0.46668,-1.5369
0.1024,30.052,-0.0044427,-2.5575
0.1025,29.814,0.4479,-3.5459
0.1026,29.539,0.90205,-4.4953
0.1027,29.211,1.3699,-5.3991
0.1028,28.812,1.8618,-6.2522
0.1029,28.329,2.3853,-7.051
0.103,27.757,2.9439,-7.7943
0.1031,27.096,3.537,-8.4827
0.1032,26.352,4.1606,-9.1187
0.1033,25.534,4.8083,-9.7058
0.1034,24.656,5.4716,-10.248
0.1035,23.734,6.1411,-10.749
0.1036,22.781,6.8077,-11.213
0.1037,21.811,7.4625,-11.642
0.1038,20.835,8.0981,-12.037
0.1039,19.863,8.7084,-12.398
0.104,18.899,9.2895,-12.724
0.1041,17.945,9.8397,-13.012
0.1042,16.996,10.361,-13.258
0.1043,16.046,10.857,-13.459
0.1044,15.084,11.337,-13.61
0.1045,14.096,11.808,-13.706
0.1046,13.068,12.28,-13.743
0.1047,11.989,12.761,-13.72
0.1048,10.85,13.259,-13.633
0.1049,9.6461,13.776,-13.485
0.105,8.3782,14.314,-13.275
0.1051,7.052,14.868,-13.008
0.1052,5.678,15.432,-12.686
0.1053,4.2705,15.997,-12.316
0.1054,2.847,16.551,-11.903
0.1055,1.425,17.083,-11.45
0.1056,0.22614,17.567,-10.968
0.1057,0.18682,17.947,-10.534
0.1058,0.15103,18.252,-10.132
0.1059,0.11789,18.445,-9.7657
0.106,0.087756,18.556,-9.4031
0.1061,0.061867,18.649,-8.9909
0.1062,0.037293,18.711,-8.5215
0.1063,0.011904,18.716,-8.0091
0.1064,-0.010269,18.708,-7.4334
0.1065,-0.028187,18.684,-6.8101
0.1066,-0.04448,18.582,-6.1905
0.1067,-0.059394,18.437,-5.5537
0.1068,-0.070319,18.296,-4.8744
0.1069,-0.078544,18.132,-4.1765
0.107,-0.08505,17.958,-3.4427
0.1071,-0.089113,17.826,-2.622
0.1072,-0.092006,17.701,-1.7303
0.1073,-0.097621,17.532,-0.93182
0.1074,-0.11289,17.386,-0.90023
0.1075,-0.13231,17.24,-0.86744
0.1076,-0.15502,17.033,-0.82941
0.1077,-0.18008,16.769,-0.79087
0.1078,-0.20909,16.449,-0.75937
0.1079,-0.23759,16.021,-0.72992
0.108,-0.26101,15.499,-0.69822
0.1081,-0.28413,14.953,-0.67047
0.1082,-0.31051,14.412,-0.64596
0.1083,-0.336,13.906,-0.61847
0.1084,-0.35837,13.475,-0.59309
0.1085,-0.38175,13.113,-0.57618
0.1086,-0.40646,12.761,-0.56092
0.1087,-0.42967,12.384,-0.54495
0.1088,-0.45049,11.964,-0.53712
0.1089,-0.46699,11.464,-0.53643
0.109,-0.47504,10.859,-0.53224
0.1091,-0.47546,10.172,-0.52423
0.1092,-0.47193,9.4229,-0.51517
0.1093,-0.46573,8.6325,-0.49926
0.1094,-0.45814,7.838,-0.47582
0.1095,-0.45266,7.0743,-0.45354
0.1096,-0.44905,6.343,-0.43327
0.1097,-0.44521,5.6144,-0.41003
0.1098,-0.4425,4.8272,-0.38743
0.1099,-0.43902,3.991,-0.36733
0.11,-0.433,3.0649,-0.34649
0.1101,-0.42531,2.0673,-0.32514
0.1102,-0.4239,1.7404,-0.30335
0.1103,-0.4278,1.7156,-0.27637
0.1104,-0.43454,1.6921,-0.246
0.1105,-0.4447,1.6778,-0.21925
0.1106,-0.46317,1.676,-0.1933
0.1107,-0.48374,1.6765,-0.16669
0.1108,-0.49559,1.675,-0.14732
0.1109,-0.50175,1.6752,-0.13404
0.111,-0.50685,1.6706,-0.11519
0.1111,-0.50593,1.6547,-0.090024
0.1112,-0.49913,1.6344,-0.065101
0.1113,-0.49459,1.6145,-0.037107
0.1114,-0.49194,1.5905,-0.0026892
0.1115,-0.48773,1.5647,0.032046
0.1116,-0.48563,1.5413,0.065972
0.1117,-0.48511,1.5144,0.1034
0.1118,-0.47732,1.4787,0.13958
0.1119,-0.46167,1.4404,0.16796
0.112,-0.44417,1.402,0.1927
0.1121,-0.42496,1.3606,0.21701
0.1122,-0.40448,1.3215,0.23674
0.1123,-0.39002,1.2911,0.25369
0.1124,-0.38237,1.2667,0.27139
0.1125,-0.37606,1.2477,0.2849
0.1126,-0.3707,1.2374,0.29095
0.1127,-0.36602,1.2311,0.29441
0.1128,-0.35525,1.2202,0.29699
0.1129,-0.33814,1.2067,0.29652
0.113,-0.32126,1.193,0.29695
0.1131,-0.30452,1.1751,0.30204
0.1132,-0.284,1.1537,0.30681
0.1133,-0.26509,1.1361,0.30915
0.1134,-0.24896,1.1173,0.31495
0.1135,-0.23161,1.0939,0.32356
0.1136,-0.21,1.0671,0.33023
0.1137,-0.18648,1.0372,0.33678
0.1138,-0.15829,0.99978,0.34459
0.1139,-0.1233,0.95703,0.34925
0.114,-0.087972,0.9148,0.35142
0.1141,-0.057646,0.87374,0.35599
0.1142,-0.029764,0.83405,0.36028
0.1143,-0.0043846,0.80126,0.35902
0.1144,0.016325,0.77664,0.35361
0.1145,0.036139,0.75659,0.34424
0.1146,0.059656,0.74063,0.32697
0.1147,0.084799,0.72894,0.30398
0.1148,0.1106,0.71676,0.28106
0.1149,0.13869,0.70322,0.25731
0.115,0.16646,0.69253,0.23114
0.1151,0.19035,0.68448,0.2064
0.1152,0.21293,0.6753,0.18412
0.1153,0.2358,0.66633,0.16119
0.1154,0.25711,0.65774,0.1393
0.1155,0.27929,0.64441,0.12092
0.1156,0.30765,0.62432,0.10245
0.1157,0.34098,0.60076,0.081731
0.1158,0.37616,0.5734,0.062212
0.1159,0.41331,0.54147,0.044423
0.116,0.45025,0.50948,0.02604
0.1161,0.48219,0.48126,0.0082232
0.1162,0.51029,0.45559,-0.008944
0.1163,0.53809,0.43362,-0.030121
0.1164,0.56477,0.41777,-0.056713
0.1165,0.58992,0.40581,-0.085938
0.1166,0.61685,0.3949,-0.11826
0.1167,0.64495,0.38703,-0.15492
0.1168,0.67064,0.38304,-0.19297
0.1169,0.69411,0.38173,-0.23131
0.117,0.71641,0.38461,-0.27244
0.1171,0.73482,0.39315,-0.31505
0.1172,0.7495,0.40357,-0.3556
0.1173,0.76438,0.41289,-0.39514
0.1174,0.78049,0.42115,-0.43486
0.1175,0.79723,0.42613,-0.47201
0.1176,0.81736,0.42444,-0.5061
0.1177,0.84131,0.41785,-0.53937
0.1178,0.86488,0.40887,-0.57001
0.1179,0.8863,0.39711,-0.59579
0.118,0.90727,0.38414,-0.61989
0.1181,0.92673,0.37406,-0.64541
0.1182,0.94374,0.367,-0.6717
0.1183,0.96085,0.36135,-0.70008
0.1184,0.97884,0.35837,-0.73295
0.1185,0.99471,0.35886,-0.76843
0.1186,1.008,0.36094,-0.80423
0.1187,1.0195,0.36581,-0.84208
0.1188,1.0268,0.37649,-0.88231
0.1189,1.028,0.39261,-0.92241
0.119,1.0254,0.41249,-0.96245
0.1191,1.0199,0.43659,-1.0036
0.1192,1.0115,0.46311,-1.044
0.1193,1.003,0.48808,-1.0824
0.1194,0.99722,0.51033,-1.1208
0.1195,0.99299,0.53026,-1.1585
0.1196,0.98935,0.5459,-1.1929
0.1197,0.98673,0.55686,-1.2241
0.1198,0.98324,0.56581,-1.2534
0.1199,0.97668,0.57379,-1.2799
0.12,0.9688,0.57994,-1.3051
0.1201,0.96121,0.58583,-1.3332
0.1202,0.95292,0.59278,-1.366
0.1203,0.94419,0.59948,-1.4043
0.1204,0.93647,0.60602,-1.4521
0.1205,0.92796,0.61527,-1.5136
0.1206,0.91632,0.6284,-1.5875
0.1207,0.90197,0.64571,-1.6686
0.1208,0.88488,0.66903,-1.748
0.1209,0.86348,0.69875,-1.8101
0.121,0.83916,0.73195,-1.8444
0.1211,0.81484,0.76669,-1.8556
0.1212,0.79108,0.80224,-1.8512
0.1213,0.76806,0.83611,-1.8359
0.1214,0.74742,0.8662,-1.8173
0.1215,0.7285,0.89338,-1.8017
0.1216,0.70882,0.91795,-1.7871
0.1217,0.68825,0.93883,-1.7713
0.1218,0.66771,0.95693,-1.7564
0.1219,0.64655,0.9738,-1.7414
0.122,0.62531,0.98819,-1.7228
0.1221,0.60604,0.99914,-1.7009
0.1222,0.58857,1.008,-1.6769
0.1223,0.57111,1.0154,-1.6486
0.1224,0.55352,1.0212,-1.616
0.1225,0.5351,1.0283,-1.5823
