0.05,0.10786,-0.27371,0.18345
0.0501,0.11995,-0.27627,0.17423
0.0502,0.13185,-0.27859,0.16447
0.0503,0.14345,-0.28066,0.15423
0.0504,0.15464,-0.28242,0.14356
0.0505,0.16531,-0.28383,0.13254
0.0506,0.17538,-0.28482,0.12122
0.0507,0.1848,-0.28537,0.10965
0.0508,0.19356,-0.28543,0.097872
0.0509,0.20168,-0.28498,0.085912
0.051,0.20922,-0.28403,0.07378
0.0511,0.21628,-0.2826,0.061476
0.0512,0.22293,-0.28071,0.048997
0.0513,0.22929,-0.27841,0.03634
0.0514,0.23544,-0.27577,0.02351
0.0515,0.24148,-0.27284,0.010517
0.0516,0.24747,-0.26968,-0.0026171
0.0517,0.25346,-0.26633,-0.015864
0.0518,0.25947,-0.26282,-0.029181
0.0519,0.26548,-0.25915,-0.04252
0.052,0.27143,-0.25531,-0.055818
0.0521,0.27726,-0.25127,-0.069001
0.0522,0.28287,-0.24696,-0.081986
0.0523,0.28815,-0.2423,-0.094698
0.0524,0.293,-0.23719,-0.10706
0.0525,0.29732,-0.23152,-0.11903
0.0526,0.30102,-0.22519,-0.13056
0.0527,0.30404,-0.21812,-0.14166
0.0528,0.30637,-0.21024,-0.15234
0.0529,0.30802,-0.20153,-0.16265
0.053,0.30903,-0.19198,-0.17263
0.0531,0.30948,-0.18165,-0.18233
0.0532,0.30944,-0.17059,-0.19181
0.0533,0.30901,-0.15891,-0.20111
0.0534,0.30829,-0.14671,-0.21027
0.0535,0.30738,-0.1341,-0.21931
0.0536,0.30636,-0.1212,-0.22827
0.0537,0.30531,-0.10813,-0.23713
0.0538,0.30428,-0.094985,-0.24589
0.0539,0.30328,-0.081863,-0.25452
0.054,0.30231,-0.068834,-0.26295
0.0541,0.30131,-0.055956,-0.27112
0.0542,0.3002,-0.04326,-0.27896
0.0543,0.29887,-0.030747,-0.28639
0.0544,0.29721,-0.018406,-0.29336
0.0545,0.2951,-0.0062107,-0.29982
0.0546,0.29244,0.0058826,-0.30575
0.0547,0.28913,0.017918,-0.31111
0.0548,0.28512,0.029931,-0.31593
0.0549,0.28036,0.041951,-0.32021
0.055,0.27484,0.054001,-0.324
0.0551,0.26858,0.066079,-0.32734
0.0552,0.26162,0.078169,-0.33028
0.0553,0.25399,0.090246,-0.3329
0.0554,0.24578,0.10227,-0.33524
0.0555,0.23704,0.11418,-0.33737
0.0556,0.22786,0.12591,-0.33932
0.0557,0.2183,0.1374,-0.34114
0.0558,0.20843,0.14859,-0.34284
0.0559,0.1983,0.15939,-0.3444
0.056,0.18794,0.16978,-0.34579
0.0561,0.17738,0.17971,-0.34698
0.0562,0.1666,0.18916,-0.34789
0.0563,0.15561,0.19816,-0.34846
0.0564,0.14438,0.20671,-0.34865
0.0565,0.13288,0.21485,-0.34839
0.0566,0.12109,0.22262,-0.34764
0.0567,0.10897,0.23008,-0.34638
0.0568,0.096526,0.23726,-0.3446
0.0569,0.083743,0.24421,-0.34231
0.057,0.070637,0.25094,-0.33953
0.0571,0.057246,0.2575,-0.33629
0.0572,0.043635,0.26391,-0.33264
0.0573,0.029891,0.27016,-0.32865
0.0574,0.016112,0.27624,-0.32435
0.0575,0.0024203,0.2821,-0.3198
0.0576,-0.011065,0.28769,-0.31504
0.0577,-0.024234,0.29296,-0.31006
0.0578,-0.037,0.29784,-0.30485
0.0579,-0.049293,0.30229,-0.29934
0.058,-0.061084,0.30626,-0.29347
0.0581,-0.072371,0.30971,-0.28715
0.0582,-0.083183,0.31264,-0.28031
0.0583,-0.093569,0.31503,-0.27287
0.0584,-0.1036,0.31692,-0.2648
0.0585,-0.11336,0.31834,-0.25605
0.0586,-0.12293,0.31931,-0.24661
0.0587,-0.13239,0.31991,-0.23649
0.0588,-0.14181,0.32018,-0.22571
0.0589,-0.15124,0.32017,-0.21432
0.059,-0.16072,0.31994,-0.20238
0.0591,-0.17023,0.31954,-0.18997
0.0592,-0.17976,0.31899,-0.17718
0.0593,-0.18923,0.31831,-0.1641
0.0594,-0.19857,0.3175,-0.15085
0.0595,-0.20767,0.31654,-0.13753
0.0596,-0.21642,0.3154,-0.12424
0.0597,-0.22472,0.31402,-0.11106
0.0598,-0.23248,0.31234,-0.098058
0.0599,-0.23964,0.3103,-0.085271
0.06,-0.24618,0.30783,-0.07272
0.0601,-0.25207,0.30487,-0.060411
0.0602,-0.25732,0.30138,-0.048325
0.0603,-0.26196,0.29731,-0.036433
0.0604,-0.26604,0.29264,-0.024693
0.0605,-0.26965,0.28736,-0.013058
0.0606,-0.27286,0.28147,-0.0014777
0.0607,-0.27577,0.27498,0.01009
0.0608,-0.27849,0.26793,0.021678
0.0609,-0.28107,0.26035,0.0333
0.061,-0.28359,0.25229,0.04495
0.0611,-0.25464,0.21324,1.6128
0.0612,-0.24726,0.19282,2.3897
0.0613,-0.2428,0.17459,3.0388
0.0614,-0.23845,0.15749,3.6138
0.0615,-0.24494,0.14758,3.9617
0.0616,-0.24742,0.1324,4.3957
0.0617,-0.23736,0.11022,5.0329
0.0618,-0.23185,0.092472,5.6009
0.0619,-0.22967,0.075027,6.1632
0.062,-0.21752,0.052191,6.8927
0.0621,-0.20552,0.030506,7.6346
0.0622,-0.2018,0.011827,8.3001
0.0623,-0.1955,-0.0095999,9.0153
0.0624,-0.1889,-0.029676,9.6615
0.0625,-0.18636,-0.048565,10.241
0.0626,-0.17855,-0.072228,10.918
0.0627,-0.16114,-0.10073,11.751
0.0628,-0.14256,-0.1296,12.627
0.0629,-0.12396,-0.15932,13.549
0.063,-0.10531,-0.18814,14.479
0.0631,-0.09619,-0.21087,15.261
0.0632,-0.096168,-0.23007,15.923
0.0633,-0.093868,-0.25102,16.613
0.0634,-0.090834,-0.27145,17.284
0.0635,-0.091837,-0.28989,17.866
0.0636,-0.090688,-0.30871,18.422
0.0637,-0.087471,-0.32625,18.94
0.0638,-0.090288,-0.34009,19.362
0.0639,-0.093534,-0.3538,19.787
0.064,-0.088819,-0.36977,20.308
0.0641,-0.081959,-0.38539,20.85
0.0642,-0.075035,-0.40095,21.393
0.0643,-0.060261,-0.41919,22.009
0.0644,-0.038766,-0.43899,22.669
0.0645,-0.015096,-0.45941,23.33
0.0646,0.013351,-0.48146,24.022
0.0647,0.044692,-0.50282,24.692
0.0648,0.071128,-0.52012,25.23
0.0649,0.093319,-0.53412,25.644
0.065,0.11562,-0.54634,25.999
0.0651,0.13732,-0.55681,26.302
0.0652,0.1598,-0.56725,26.593
0.0653,0.1865,-0.57881,26.917
0.0654,0.21351,-0.58916,27.212
0.0655,0.23669,-0.59708,27.428
0.0656,0.25821,-0.60412,27.603
0.0657,0.2777,-0.61,27.744
0.0658,0.29206,-0.61421,27.834
0.0659,0.30455,-0.6187,27.926
0.066,0.31844,-0.62408,28.043
0.0661,0.33064,-0.62859,28.14
0.0662,0.3445,-0.63452,28.273
0.0663,0.36261,-0.64231,28.468
0.0664,0.38313,-0.65062,28.685
0.0665,0.40215,-0.6579,28.863
0.0666,0.41923,-0.66397,28.986
0.0667,0.4333,-0.66792,29.024
0.0668,0.44181,-0.66919,28.947
0.0669,0.44739,-0.66946,28.801
0.067,0.45422,-0.67026,28.641
0.0671,0.46198,-0.67112,28.456
0.0672,0.46891,-0.67167,28.228
0.0673,0.47561,-0.67209,27.967
0.0674,0.48079,-0.67198,27.665
0.0675,0.48231,-0.67137,27.316
0.0676,0.48146,-0.67144,26.951
0.0677,0.48033,-0.67313,26.593
0.0678,0.47859,-0.67684,26.236
0.0679,0.47702,-0.68354,25.888
0.068,0.47752,-0.69436,25.565
0.0681,0.48007,-0.70979,25.261
0.0682,0.48376,-0.73055,24.972
0.0683,0.48779,-0.75634,24.679
0.0684,0.49026,-0.78632,24.344
0.0685,0.48953,-0.81866,23.938
0.0686,0.48601,-0.85027,23.468
0.0687,0.48041,-0.87728,22.933
0.0688,0.47494,-0.89811,22.381
0.0689,0.47039,-0.91099,21.809
0.069,0.4672,-0.9166,21.227
0.0691,0.46351,-0.91477,20.615
0.0692,0.45778,-0.90274,19.962
0.0693,0.45063,-0.87759,19.291
0.0694,0.44196,-0.83897,18.61
0.0695,0.43141,-0.78834,17.916
0.0696,0.42068,-0.72909,17.227
0.0697,0.41142,-0.66617,16.556
0.0698,0.40298,-0.60356,15.89
0.0699,0.39544,-0.54365,15.234
0.07,0.38964,-0.48868,14.602
0.0701,0.3846,-0.43906,13.977
0.0702,0.37807,-0.39366,13.335
0.0703,0.3699,-0.35148,12.671
0.0704,0.36034,-0.31175,11.986
0.0705,0.34912,-0.27385,11.274
0.0706,0.33723,-0.23789,10.549
0.0707,0.3263,-0.20408,9.8255
0.0708,0.31584,-0.17213,9.0981
0.0709,0.30479,-0.14161,8.3506
0.071,0.29256,-0.11231,7.5856
0.0711,0.27864,-0.083882,6.8067
0.0712,0.26296,-0.056436,6.0243
0.0713,0.24647,-0.030353,5.26
0.0714,0.22995,-0.0055591,4.5268
0.0715,0.21392,0.018107,3.8278
0.0716,0.19909,0.04057,3.1668
0.0717,0.18569,0.062176,2.5396
0.0718,0.17301,0.083363,1.934
0.0719,0.16062,0.10423,1.3425
0.072,0.14813,0.12511,0.75524
0.0721,0.13448,0.14659,0.15527
0.0722,0.11929,0.16856,-0.45985
0.0723,0.10357,0.19037,-1.0741
0.0724,0.087931,0.21178,-1.6768
0.0725,0.0725,0.23256,-2.2632
0.0726,0.057717,0.25223,-2.8247
0.0727,0.043426,0.27089,-3.3642
0.0728,0.028194,0.28905,-3.8996
0.0729,0.011303,0.30663,-4.4363
0.073,-0.0067907,0.32328,-4.964
0.0731,-0.025756,0.33905,-5.4757
0.0732,-0.045274,0.35381,-5.9655
0.0733,-0.064237,0.36719,-6.4195
0.0734,-0.081994,0.37927,-6.8298
0.0735,-0.098797,0.39039,-7.1989
0.0736,-0.11479,0.40061,-7.5276
0.0737,-0.12993,0.41004,-7.8167
0.0738,-0.14482,0.41921,-8.0758
0.0739,-0.16006,0.42839,-8.3159
0.074,-0.1756,0.4376,-8.5426
0.0741,-0.19108,0.44687,-8.7572
0.0742,-0.2061,0.45602,-8.9565
0.0743,-0.22013,0.46469,-9.1344
0.0744,-0.23302,0.47281,-9.29
0.0745,-0.24508,0.48044,-9.4259
0.0746,-0.25678,0.48746,-9.5439
0.0747,-0.26864,0.49379,-9.6459
0.0748,-0.28102,0.49933,-9.7302
0.0749,-0.2934,0.50366,-9.786
0.075,-0.3051,0.5064,-9.8026
0.0751,-0.31589,0.50763,-9.7787
0.0752,-0.32555,0.50744,-9.7144
0.0753,-0.33375,0.50585,-9.6091
0.0754,-0.34086,0.50323,-9.4695
0.0755,-0.34754,0.50003,-9.3037
0.0756,-0.3539,0.4964,-9.1133
0.0757,-0.35987,0.49245,-8.8998
0.0758,-0.36582,0.48851,-8.6687
0.0759,-0.37163,0.48463,-8.4191
0.076,-0.37657,0.48053,-8.1441
0.0761,-0.38026,0.47615,-7.8414
0.0762,-0.38288,0.47155,-7.514
0.0763,-0.38455,0.46664,-7.1644
0.0764,-0.38555,0.46138,-6.7982
0.0765,-0.38648,0.45587,-6.4226
0.0766,-0.38767,0.44997,-6.0391
0.0767,-0.38883,0.44326,-5.6412
0.0768,-0.38956,0.43548,-5.2217
0.0769,-0.38948,0.42643,-4.7749
0.077,-0.38835,0.41595,-4.2978
0.0771,-0.38608,0.40401,-3.7904
0.0772,-0.38265,0.39049,-3.2486
0.0773,-0.37895,0.37612,-2.6926
0.0774,-0.37475,0.36045,-2.116
0.0775,-0.37038,0.34384,-1.5248
0.0776,-0.36597,0.32649,-0.92269
0.0777,-0.36122,0.30836,-0.30965
0.0778,-0.35608,0.28959,0.31174
0.0779,-0.35039,0.27038,0.94201
0.078,-0.34385,0.2507,1.5843
0.0781,-0.33662,0.23065,2.2355
0.0782,-0.32917,0.21048,2.8901
0.0783,-0.32164,0.19027,3.5479
0.0784,-0.3141,0.16994,4.2091
0.0785,-0.30669,0.14947,4.8726
0.0786,-0.29911,0.12867,5.5442
0.0787,-0.29081,0.1073,6.2306
0.0788,-0.28182,0.085353,6.9295
0.0789,-0.27236,0.062936,7.6364
0.079,-0.26241,0.04002,8.3503
0.0791,-0.25223,0.016702,9.0669
0.0792,-0.24239,-0.0067997,9.7801
0.0793,-0.23294,-0.030449,10.49
0.0794,-0.22372,-0.054291,11.196
0.0795,-0.21487,-0.078133,11.898
0.0796,-0.20649,-0.10178,12.595
0.0797,-0.1983,-0.12523,13.289
0.0798,-0.1903,-0.14837,13.979
0.0799,-0.1828,-0.17094,14.664
0.08,-0.17609,-0.19273,15.339
0.0801,-0.17021,-0.2137,16.001
0.0802,-0.16524,-0.23377,16.648
0.0803,-0.16099,-0.25294,17.279
0.0804,-0.15675,-0.27144,17.899
0.0805,-0.15168,-0.28951,18.51
0.0806,-0.14514,-0.30726,19.114
0.0807,-0.13663,-0.32476,19.712
0.0808,-0.126,-0.34209,20.299
0.0809,-0.11329,-0.35924,20.874
0.081,-0.098637,-0.37618,21.431
0.0811,-0.082174,-0.39293,21.97
0.0812,-0.064109,-0.4095,22.486
0.0813,-0.044472,-0.42584,22.978
0.0814,-0.023246,-0.44187,23.447
0.0815,-0.00061142,-0.45753,23.891
0.0816,0.023173,-0.4727,24.308
0.0817,0.047851,-0.48725,24.702
0.0818,0.072895,-0.50102,25.07
0.0819,0.097674,-0.51385,25.411
0.082,0.12181,-0.52564,25.726
0.0821,0.14509,-0.53638,26.017
0.0822,0.16737,-0.54611,26.284
0.0823,0.18866,-0.55491,26.531
0.0824,0.20912,-0.56285,26.759
0.0825,0.22875,-0.56996,26.966
0.0826,0.24735,-0.57623,27.149
0.0827,0.26481,-0.58167,27.306
0.0828,0.28109,-0.58637,27.434
0.0829,0.29611,-0.59043,27.533
0.083,0.30992,-0.59399,27.601
0.0831,0.32272,-0.59721,27.641
0.0832,0.33465,-0.60023,27.653
0.0833,0.34581,-0.6031,27.637
0.0834,0.35626,-0.60584,27.594
0.0835,0.36603,-0.60847,27.523
0.0836,0.37505,-0.61094,27.423
0.0837,0.3832,-0.61314,27.294
0.0838,0.39042,-0.61505,27.134
0.0839,0.39676,-0.61673,26.946
0.084,0.40234,-0.61825,26.732
0.0841,0.4073,-0.61971,26.495
0.0842,0.41176,-0.62137,26.239
0.0843,0.41581,-0.62353,25.965
0.0844,0.4194,-0.62648,25.672
0.0845,0.42232,-0.6307,25.358
0.0846,0.42444,-0.63693,25.022
0.0847,0.42575,-0.64609,24.663
0.0848,0.42618,-0.65925,24.281
0.0849,0.42574,-0.6776,23.874
0.085,0.42456,-0.70194,23.446
0.0851,0.42275,-0.73191,22.996
0.0852,0.42029,-0.76528,22.526
0.0853,0.41721,-0.79759,22.036
0.0854,0.41359,-0.82319,21.527
0.0855,0.40941,-0.83752,20.999
0.0856,0.40469,-0.83858,20.452
0.0857,0.39953,-0.82681,19.886
0.0858,0.39409,-0.80439,19.303
0.0859,0.38845,-0.77407,18.705
0.086,0.38267,-0.73814,18.094
0.0861,0.3768,-0.69816,17.472
0.0862,0.37079,-0.65516,16.839
0.0863,0.36449,-0.60983,16.192
0.0864,0.35776,-0.56266,15.532
0.0865,0.35052,-0.51436,14.858
0.0866,0.34279,-0.46586,14.172
0.0867,0.33461,-0.41808,13.475
0.0868,0.32601,-0.37178,12.771
0.0869,0.31703,-0.32754,12.061
0.087,0.30768,-0.28567,11.349
0.0871,0.29784,-0.24623,10.635
0.0872,0.28742,-0.20915,9.919
0.0873,0.27637,-0.17436,9.2029
0.0874,0.26469,-0.14169,8.4861
0.0875,0.25238,-0.11095,7.7684
0.0876,0.23955,-0.081973,7.0504
0.0877,0.2264,-0.05462,6.3339
0.0878,0.21304,-0.028655,5.6203
0.0879,0.19956,-0.0038354,4.9111
0.088,0.18603,0.020053,4.2081
0.0881,0.17248,0.04329,3.5132
0.0882,0.15884,0.066184,2.8272
0.0883,0.14508,0.088939,2.1511
0.0884,0.13124,0.11167,1.4861
0.0885,0.11735,0.1345,0.83271
0.0886,0.10339,0.15741,0.19045
0.0887,0.089378,0.18031,-0.44123
0.0888,0.075268,0.20306,-1.0628
0.0889,0.060958,0.22549,-1.6748
0.089,0.046322,0.2474,-2.2769
0.0891,0.031284,0.26856,-2.8675
0.0892,0.015804,0.28884,-3.4441
0.0893,-0.00012587,0.30812,-4.0041
0.0894,-0.016466,0.3263,-4.5452
0.0895,-0.033133,0.34335,-5.0657
0.0896,-0.050035,0.35926,-5.5649
0.0897,-0.067112,0.37409,-6.0432
0.0898,-0.08433,0.38792,-6.5017
0.0899,-0.10164,0.40089,-6.9412
0.09,-0.119,0.41315,-7.3617
0.0901,-0.13632,0.42484,-7.762
0.0902,-0.1535,0.43609,-8.1401
0.0903,-0.17038,0.44701,-8.4926
0.0904,-0.18679,0.45767,-8.8168
0.0905,-0.20267,0.46815,-9.111
0.0906,-0.21797,0.47846,-9.3752
0.0907,-0.23271,0.48855,-9.6103
0.0908,-0.24696,0.49833,-9.8187
0.0909,-0.26084,0.50773,-10.003
0.091,-0.2744,0.51661,-10.166
0.0911,-0.28764,0.52479,-10.307
0.0912,-0.30056,0.53215,-10.428
0.0913,-0.31313,0.53855,-10.526
0.0914,-0.32528,0.54384,-10.6
0.0915,-0.33691,0.54789,-10.648
0.0916,-0.34802,0.55066,-10.667
0.0917,-0.35858,0.55216,-10.658
0.0918,-0.36855,0.55241,-10.619
0.0919,-0.37791,0.55157,-10.55
0.092,-0.38663,0.54982,-10.452
0.0921,-0.39468,0.54732,-10.326
0.0922,-0.40197,0.54427,-10.172
0.0923,-0.4085,0.54086,-9.9899
0.0924,-0.41427,0.53724,-9.7813
0.0925,-0.4193,0.53348,-9.5464
0.0926,-0.42364,0.52963,-9.2859
0.0927,-0.42735,0.5257,-9.0004
0.0928,-0.43047,0.52161,-8.6909
0.0929,-0.43303,0.51727,-8.3581
0.093,-0.43504,0.51257,-8.0033
0.0931,-0.43653,0.50738,-7.628
0.0932,-0.43753,0.50156,-7.234
0.0933,-0.43806,0.49495,-6.8225
0.0934,-0.43814,0.48741,-6.3944
0.0935,-0.43783,0.47881,-5.95
0.0936,-0.43712,0.46905,-5.4889
0.0937,-0.43594,0.45806,-5.0096
0.0938,-0.43422,0.4458,-4.5105
0.0939,-0.4319,0.4323,-3.9904
0.094,-0.42889,0.41762,-3.4481
0.0941,-0.42515,0.40183,-2.8836
0.0942,-0.42068,0.38501,-2.2981
0.0943,-0.41555,0.3673,-1.694
0.0944,-0.40983,0.34881,-1.074
0.0945,-0.40361,0.32966,-0.44087
0.0946,-0.39698,0.30999,0.20258
0.0947,-0.39001,0.28994,0.85434
0.0948,-0.38271,0.26964,1.5131
0.0949,-0.37511,0.24917,2.1782
0.095,-0.36723,0.22859,2.8488
0.0951,-0.35909,0.20791,3.5246
0.0952,-0.35072,0.18706,4.2052
0.0953,-0.34213,0.16596,4.8901
0.0954,-0.33338,0.14451,5.5789
0.0955,-0.32447,0.12262,6.2709
0.0956,-0.3154,0.1002,6.9659
0.0957,-0.30619,0.07726,7.6636
0.0958,-0.29685,0.053812,8.3635
0.0959,-0.28738,0.029918,9.0654
0.096,-0.27784,0.0056968,9.7688
0.0961,-0.2683,-0.018691,10.473
0.0962,-0.25887,-0.043077,11.177
0.0963,-0.2497,-0.067287,11.878
0.0964,-0.24088,-0.091138,12.577
0.0965,-0.23255,-0.11445,13.271
0.0966,-0.22478,-0.13709,13.958
0.0967,-0.2176,-0.15892,14.637
0.0968,-0.21096,-0.17986,15.305
0.0969,-0.20471,-0.19987,15.962
0.097,-0.19858,-0.21899,16.604
0.0971,-0.19219,-0.23731,17.233
0.0972,-0.18512,-0.25501,17.846
0.0973,-0.17698,-0.27225,18.444
0.0974,-0.16742,-0.28923,19.027
0.0975,-0.15622,-0.3061,19.595
0.0976,-0.14327,-0.32299,20.149
0.0977,-0.12854,-0.33995,20.687
0.0978,-0.11206,-0.35697,21.211
0.0979,-0.093845,-0.37397,21.717
0.098,-0.074004,-0.39085,22.204
0.0981,-0.05267,-0.40746,22.67
0.0982,-0.030036,-0.42363,23.114
0.0983,-0.0063866,-0.43926,23.534
0.0984,0.017916,-0.45418,23.929
0.0985,0.042483,-0.46823,24.299
0.0986,0.066941,-0.48127,24.644
0.0987,0.090946,-0.49319,24.964
0.0988,0.11421,-0.50391,25.259
0.0989,0.13653,-0.51339,25.529
0.099,0.15778,-0.52168,25.774
0.0991,0.17787,-0.52885,25.992
0.0992,0.19678,-0.53502,26.185
0.0993,0.21453,-0.54035,26.35
0.0994,0.23116,-0.54501,26.489
0.0995,0.24672,-0.54914,26.602
0.0996,0.26127,-0.55291,26.687
0.0997,0.27487,-0.55645,26.745
0.0998,0.28757,-0.55985,26.777
0.0999,0.29943,-0.56316,26.783
0.1,0.31049,-0.56643,26.761
0.1001,0.32082,-0.56965,26.714
0.1002,0.33046,-0.57277,26.64
0.1003,0.33943,-0.57572,26.539
0.1004,0.34773,-0.57842,26.411
0.1005,0.35537,-0.58078,26.256
0.1006,0.36231,-0.58275,26.074
0.1007,0.36852,-0.58434,25.864
0.1008,0.37398,-0.58565,25.629
0.1009,0.37867,-0.58689,25.368
0.101,0.38259,-0.5884,25.083
0.1011,0.38576,-0.59064,24.774
0.1012,0.38819,-0.59423,24.444
0.1013,0.38989,-0.59995,24.092
0.1014,0.39087,-0.60875,23.719
0.1015,0.39111,-0.62166,23.325
0.1016,0.39062,-0.63965,22.911
0.1017,0.38941,-0.66324,22.476
0.1018,0.38748,-0.69172,22.022
0.1019,0.3849,-0.72247,21.549
0.102,0.38173,-0.75092,21.057
0.1021,0.37808,-0.7717,20.548
0.1022,0.37402,-0.78071,20.02
0.1023,0.36967,-0.77648,19.475
0.1024,0.36507,-0.76014,18.912
0.1025,0.36023,-0.73433,18.331
0.1026,0.35512,-0.70199,17.734
0.1027,0.34971,-0.6655,17.121
0.1028,0.34396,-0.62637,16.495
0.1029,0.33783,-0.58534,15.854
0.103,0.33129,-0.54274,15.199
0.1031,0.32431,-0.49875,14.532
0.1032,0.31689,-0.45368,13.853
0.1033,0.30901,-0.40807,13.162
0.1034,0.30068,-0.36266,12.462
0.1035,0.29189,-0.3182,11.756
0.1036,0.28266,-0.27536,11.045
0.1037,0.27295,-0.23461,10.332
0.1038,0.26275,-0.19622,9.6193
0.1039,0.25207,-0.16028,8.9073
0.104,0.2409,-0.12672,8.1966
0.1041,0.22927,-0.095393,7.4869
0.1042,0.21721,-0.066042,6.7774
0.1043,0.20478,-0.038391,6.0675
0.1044,0.19202,-0.012148,5.3572
0.1045,0.17896,0.012967,4.6469
0.1046,0.16567,0.037214,3.9383
0.1047,0.15222,0.060831,3.2339
0.1048,0.13865,0.084037,2.5366
0.1049,0.125,0.10703,1.8489
0.105,0.11131,0.12996,1.1729
0.1051,0.097576,0.15296,0.50965
0.1052,0.083774,0.17606,-0.14103
0.1053,0.069869,0.19926,-0.77984
0.1054,0.055813,0.22244,-1.4078
0.1055,0.041549,0.24542,-2.0258
0.1056,0.027014,0.26797,-2.6338
0.1057,0.012163,0.28984,-3.2309
0.1058,-0.0030308,0.31079,-3.8152
0.1059,-0.018578,0.33066,-4.3841
0.106,-0.034476,0.34935,-4.9351
0.1061,-0.05071,0.36681,-5.4665
0.1062,-0.067259,0.3831,-5.9774
0.1063,-0.0841,0.39828,-6.4684
0.1064,-0.10119,0.41247,-6.9401
0.1065,-0.11847,0.42578,-7.3935
0.1066,-0.13585,0.43836,-7.8286
0.1067,-0.15321,0.45034,-8.2447
0.1068,-0.17046,0.46187,-8.64
0.1069,-0.18746,0.47305,-9.0119
0.107,-0.20412,0.48399,-9.3576
0.1071,-0.22036,0.4948,-9.6747
0.1072,-0.23612,0.5055,-9.9618
0.1073,-0.25138,0.51605,-10.218
0.1074,-0.26616,0.52638,-10.446
0.1075,-0.28049,0.53636,-10.646
0.1076,-0.2944,0.54582,-10.822
0.1077,-0.30792,0.55461,-10.975
0.1078,-0.32106,0.56258,-11.106
0.1079,-0.33382,0.56957,-11.216
0.108,-0.3462,0.57549,-11.305
0.1081,-0.35817,0.5802,-11.37
0.1082,-0.36967,0.58365,-11.41
0.1083,-0.38065,0.58579,-11.423
0.1084,-0.39105,0.58663,-11.406
0.1085,-0.4008,0.58626,-11.359
0.1086,-0.40985,0.58481,-11.282
0.1087,-0.41818,0.5825,-11.175
0.1088,-0.42576,0.57955,-11.04
0.1089,-0.43262,0.57619,-10.876
0.109,-0.43878,0.57262,-10.685
0.1091,-0.44426,0.56897,-10.468
0.1092,-0.44908,0.56533,-10.225
0.1093,-0.45327,0.56168,-9.9564
0.1094,-0.45684,0.55796,-9.663
0.1095,-0.45982,0.55405,-9.3452
0.1096,-0.46221,0.54982,-9.0043
0.1097,-0.46405,0.54514,-8.6417
0.1098,-0.46538,0.53987,-8.2593
0.1099,-0.46623,0.53386,-7.8589
0.11,-0.46664,0.52697,-7.4419
0.1101,-0.46664,0.51906,-7.0091
0.1102,-0.46621,0.51,-6.56
0.1103,-0.4653,0.4997,-6.0937
0.1104,-0.46384,0.4881,-5.6084
0.1105,-0.46175,0.4752,-5.1025
0.1106,-0.45897,0.46104,-4.5747
0.1107,-0.45547,0.4457,-4.0246
0.1108,-0.45126,0.42931,-3.4524
0.1109,-0.44637,0.41198,-2.8598
0.111,-0.44086,0.39383,-2.2488
0.1111,-0.43481,0.37498,-1.6224
0.1112,-0.42829,0.35555,-0.98342
0.1113,-0.42139,0.33569,-0.33453
0.1114,-0.41548,0.31681,0.26584
0.1115,-0.42186,0.3098,0.28259
0.1116,-0.42546,0.30074,0.29533
0.1117,-0.42696,0.29062,0.30544
0.1118,-0.42777,0.28004,0.31453
0.1119,-0.42581,0.2678,0.32061
0.112,-0.42235,0.25505,0.32577
0.1121,-0.4206,0.24271,0.33295
0.1122,-0.4189,0.22944,0.33984
0.1123,-0.41563,0.21487,0.34545
0.1124,-0.41346,0.19999,0.35185
0.1125,-0.41215,0.18456,0.35873
0.1126,-0.40815,0.16784,0.36336
0.1127,-0.40211,0.15064,0.36686
0.1128,-0.39628,0.1338,0.37092
0.1129,-0.38948,0.11718,0.37465
0.113,-0.38224,0.10146,0.37859
0.1131,-0.37775,0.087708,0.38514
0.1132,-0.37573,0.075544,0.39345
0.1133,-0.37402,0.064372,0.40169
0.1134,-0.37295,0.054271,0.40987
0.1135,-0.37153,0.044721,0.41714
0.1136,-0.36688,0.034975,0.4214
0.1137,-0.36005,0.025457,0.4238
0.1138,-0.35346,0.0166,0.42632
0.1139,-0.34579,0.0076944,0.42824
0.114,-0.33648,-0.0016499,0.42905
0.1141,-0.32771,-0.011106,0.43035
0.1142,-0.31852,-0.021146,0.43144
0.1143,-0.30643,-0.032432,0.43058
0.1144,-0.29303,-0.044389,0.42884
0.1145,-0.27961,-0.05658,0.42735
0.1146,-0.26353,-0.069548,0.42418
0.1147,-0.24495,-0.082995,0.41938
0.1148,-0.22786,-0.09565,0.41573
0.1149,-0.21268,-0.10726,0.41362
0.115,-0.19778,-0.11807,0.41167
0.1151,-0.1851,-0.12745,0.4111
0.1152,-0.17538,-0.13517,0.41236
0.1153,-0.16502,-0.14215,0.41271
0.1154,-0.15271,-0.14864,0.41097
0.1155,-0.14067,-0.15406,0.40869
0.1156,-0.12867,-0.15859,0.40566
0.1157,-0.11558,-0.16269,0.40097
0.1158,-0.10343,-0.16599,0.39602
0.1159,-0.093251,-0.16854,0.39168
0.116,-0.082748,-0.17113,0.38638
0.1161,-0.071334,-0.174,0.3798
0.1162,-0.060092,-0.17697,0.37289
0.1163,-0.047807,-0.18047,0.36497
0.1164,-0.033164,-0.18485,0.35513
0.1165,-0.017428,-0.18978,0.3444
0.1166,-0.0012392,-0.19505,0.33329
0.1167,0.015629,-0.20067,0.32163
0.1168,0.031398,-0.20598,0.31062
0.1169,0.044473,-0.21046,0.3013
0.117,0.056029,-0.21425,0.29256
0.1171,0.066756,-0.21734,0.2837
0.1172,0.076105,-0.2194,0.27496
0.1173,0.085176,-0.22061,0.26544
0.1174,0.094946,-0.2211,0.25432
0.1175,0.10366,-0.22039,0.24293
0.1176,0.11045,-0.21834,0.23199
0.1177,0.11668,-0.21548,0.22064
0.1178,0.12229,-0.21192,0.20906
0.1179,0.12641,-0.20763,0.19809
0.118,0.13076,-0.20326,0.18656
0.1181,0.1368,-0.19933,0.17349
0.1182,0.14336,-0.19565,0.15982
0.1183,0.15043,-0.19234,0.14571
0.1184,0.15962,-0.18988,0.13007
0.1185,0.16988,-0.18799,0.11376
0.1186,0.17903,-0.18604,0.098489
0.1187,0.18738,-0.18401,0.084107
0.1188,0.19537,-0.18187,0.070279
0.1189,0.2016,-0.1791,0.057991
0.119,0.20649,-0.17563,0.046879
0.1191,0.21198,-0.1718,0.035378
0.1192,0.21766,-0.16737,0.023584
0.1193,0.22202,-0.1618,0.012481
0.1194,0.22543,-0.15498,0.0016516
0.1195,0.22789,-0.1468,-0.0090088
0.1196,0.22806,-0.13688,-0.018561
0.1197,0.2262,-0.12528,-0.027132
0.1198,0.22384,-0.11248,-0.035837
0.1199,0.22107,-0.098714,-0.044654
0.12,0.21793,-0.084203,-0.053476
0.1201,0.21578,-0.069553,-0.063125
0.1202,0.2151,-0.055165,-0.073835
0.1203,0.21519,-0.041124,-0.084903
0.1204,0.21615,-0.027639,-0.096262
0.1205,0.21789,-0.014809,-0.10775
0.1206,0.21911,-0.0023482,-0.11838
0.1207,0.21944,0.0098405,-0.12779
0.1208,0.21971,0.021588,-0.13665
0.1209,0.21981,0.03298,-0.14496
0.121,0.21939,0.044189,-0.15254
0.1211,0.21911,0.055138,-0.15997
0.1212,0.21868,0.066008,-0.16719
0.1213,0.21655,0.077295,-0.17319
0.1214,0.2126,0.089134,-0.17796
0.1215,0.20748,0.10143,-0.1821
0.1216,0.2006,0.11438,-0.18535
0.1217,0.1918,0.12807,-0.1876
0.1218,0.1825,0.1421,-0.18994
0.1219,0.17324,0.15628,-0.19277
0.122,0.16343,0.17066,-0.19557
0.1221,0.15376,0.1849,-0.19869
0.1222,0.14514,0.19857,-0.20271
0.1223,0.13664,0.21175,-0.20685
0.1224,0.1275,0.22442,-0.21041
0.1225,0.11839,0.23625,-0.21377
