0.05,1.3878,-0.28895,-1.0702
0.0501,1.3691,-0.23559,-1.1061
0.0502,1.3483,-0.1819,-1.1406
0.0503,1.3256,-0.12797,-1.1737
0.0504,1.301,-0.073889,-1.2052
0.0505,1.2745,-0.019728,-1.2352
0.0506,1.2462,0.034431,-1.2637
0.0507,1.2161,0.088504,-1.2905
0.0508,1.1844,0.14241,-1.3155
0.0509,1.1511,0.19609,-1.3388
0.051,1.1161,0.24946,-1.3603
0.0511,1.0796,0.30243,-1.3799
0.0512,1.0415,0.35494,-1.3975
0.0513,1.002,0.40695,-1.4131
0.0514,0.96109,0.45838,-1.4266
0.0515,0.91882,0.50917,-1.4381
0.0516,0.87526,0.55927,-1.4475
0.0517,0.83048,0.60861,-1.4547
0.0518,0.78457,0.65713,-1.4598
0.0519,0.73759,0.70478,-1.4627
0.052,0.68963,0.75151,-1.4635
0.0521,0.64079,0.79724,-1.4621
0.0522,0.59115,0.84192,-1.4585
0.0523,0.54079,0.8855,-1.4528
0.0524,0.48979,0.92791,-1.445
0.0525,0.43823,0.96909,-1.435
0.0526,0.38618,1.009,-1.4229
0.0527,0.33369,1.0476,-1.4086
0.0528,0.28082,1.0847,-1.3921
0.0529,0.22763,1.1205,-1.3736
0.053,0.17417,1.1547,-1.353
0.0531,0.12049,1.1874,-1.3303
0.0532,0.066643,1.2185,-1.3057
0.0533,0.012689,1.2479,-1.279
0.0534,-0.041309,1.2757,-1.2504
0.0535,-0.095283,1.3017,-1.2199
0.0536,-0.14916,1.326,-1.1877
0.0537,-0.20286,1.3484,-1.1537
0.0538,-0.2563,1.3691,-1.118
0.0539,-0.30938,1.3878,-1.0808
0.054,-0.36202,1.4047,-1.0421
0.0541,-0.41414,1.4196,-1.002
0.0542,-0.46566,1.4325,-0.9606
0.0543,-0.51649,1.4435,-0.91799
0.0544,-0.56654,1.4524,-0.87425
0.0545,-0.61575,1.4592,-0.82944
0.0546,-0.66404,1.464,-0.78363
0.0547,-0.71135,1.4666,-0.7369
0.0548,-0.75763,1.467,-0.68927
0.0549,-0.80285,1.4653,-0.6408
0.055,-0.84696,1.4614,-0.59153
0.0551,-0.88992,1.4553,-0.5415
0.0552,-0.93171,1.4469,-0.49074
0.0553,-0.97229,1.4364,-0.4393
0.0554,-1.0116,1.4236,-0.38724
0.0555,-1.0497,1.4087,-0.3346
0.0556,-1.0864,1.3916,-0.28146
0.0557,-1.1217,1.3723,-0.22789
0.0558,-1.1557,1.3511,-0.17397
0.0559,-1.1881,1.3278,-0.1198
0.056,-1.2189,1.3025,-0.065466
0.0561,-1.2481,1.2754,-0.011079
0.0562,-1.2757,1.2464,0.043264
0.0563,-1.3014,1.2157,0.097463
0.0564,-1.3254,1.1832,0.15142
0.0565,-1.3474,1.1491,0.20503
0.0566,-1.3676,1.1135,0.25822
0.0567,-1.3857,1.0763,0.31092
0.0568,-1.4019,1.0377,0.36306
0.0569,-1.4161,0.99773,0.41462
0.057,-1.4282,0.95642,0.46553
0.0571,-1.4383,0.91386,0.51577
0.0572,-1.4464,0.87009,0.56528
0.0573,-1.4524,0.82517,0.61404
0.0574,-1.4563,0.77916,0.66199
0.0575,-1.4581,0.73214,0.7091
0.0576,-1.4579,0.68416,0.75532
0.0577,-1.4555,0.63528,0.8006
0.0578,-1.4511,0.58557,0.84486
0.0579,-1.4445,0.53511,0.88806
0.058,-1.4358,0.48396,0.93011
0.0581,-1.4249,0.4322,0.97095
0.0582,-1.4119,0.37989,1.0105
0.0583,-1.4328,-1.5449,2.9567
0.0584,-1.3778,-2.6946,4.0521
0.0585,-1.2654,-3.7275,4.9734
0.0586,-1.1237,-4.7244,5.8294
0.0587,-0.97017,-5.6325,6.5848
0.0588,-0.76809,-6.463,7.2141
0.0589,-0.50487,-7.3053,7.794
0.059,-0.23076,-8.2036,8.4191
0.0591,0.045479,-9.2073,9.1476
0.0592,0.36205,-10.322,9.9467
0.0593,0.73968,-11.511,10.759
0.0594,1.1616,-12.698,11.525
0.0595,1.625,-13.888,12.254
0.0596,2.1307,-15.05,12.911
0.0597,2.6659,-16.107,13.434
0.0598,3.2548,-17.084,13.824
0.0599,3.8796,-18.086,14.201
0.06,4.5409,-19.161,14.616
0.0601,5.2245,-20.323,15.095
0.0602,5.9475,-21.588,15.638
0.0603,6.7206,-22.908,16.186
0.0604,7.5299,-24.212,16.681
0.0605,8.3725,-25.509,17.137
0.0606,9.2539,-26.786,17.534
0.0607,10.164,-27.926,17.764
0.0608,11.098,-28.862,17.765
0.0609,12.056,-29.657,17.603
0.061,13.018,-30.373,17.356
0.0611,13.973,-31.044,17.071
0.0612,14.945,-31.759,16.813
0.0613,15.942,-32.578,16.634
0.0614,16.944,-33.47,16.522
0.0615,17.949,-34.411,16.457
0.0616,18.981,-35.403,16.416
0.0617,20.04,-36.381,16.333
0.0618,21.117,-37.28,16.154
0.0619,22.219,-38.118,15.887
0.062,23.347,-38.892,15.532
0.0621,24.478,-39.555,15.061
0.0622,25.61,-40.14,14.511
0.0623,26.754,-40.735,13.959
0.0624,27.9,-41.359,13.433
0.0625,29.033,-41.996,12.933
0.0626,30.167,-42.65,12.449
0.0627,31.307,-43.265,11.92
0.0628,32.438,-43.75,11.269
0.0629,33.559,-44.101,10.494
0.063,34.675,-44.352,9.623
0.0631,35.777,-44.483,8.6454
0.0632,36.858,-44.498,7.5718
0.0633,37.919,-44.468,6.4736
0.0634,38.952,-44.45,5.413
0.0635,39.952,-44.466,4.4192
0.0636,40.932,-44.56,3.5231
0.0637,41.904,-44.749,2.7282
0.0638,42.863,-44.974,1.9813
0.0639,43.807,-45.172,1.221
0.064,44.743,-45.304,0.39969
0.0641,45.664,-45.313,-0.53029
0.0642,46.559,-45.178,-1.5816
0.0643,47.429,-44.937,-2.7143
0.0644,48.265,-44.618,-3.8963
0.0645,49.055,-44.217,-5.1164
0.0646,49.798,-43.769,-6.34
0.0647,50.502,-43.322,-7.5283
0.0648,51.163,-42.869,-8.6835
0.0649,51.779,-42.398,-9.8168
0.065,52.36,-41.913,-10.935
0.0651,52.905,-41.37,-12.082
0.0652,53.4,-40.707,-13.305
0.0653,53.844,-39.941,-14.589
0.0654,54.243,-39.124,-15.887
0.0655,54.585,-38.272,-17.174
0.0656,54.871,-37.417,-18.418
0.0657,55.108,-36.618,-19.57
0.0658,55.293,-35.886,-20.616
0.0659,55.42,-35.19,-21.583
0.066,55.494,-34.521,-22.486
0.0661,55.523,-33.863,-23.35
0.0662,55.495,-33.15,-24.23
0.0663,55.404,-32.336,-25.169
0.0664,55.251,-31.405,-26.185
0.0665,55.03,-30.343,-27.286
0.0666,54.732,-29.164,-28.454
0.0667,54.36,-27.929,-29.628
0.0668,53.916,-26.695,-30.757
0.0669,53.392,-25.474,-31.821
0.067,52.787,-24.287,-32.801
0.0671,52.107,-23.145,-33.688
0.0672,51.35,-22.024,-34.509
0.0673,50.518,-20.899,-35.285
0.0674,49.62,-19.773,-36.026
0.0675,48.66,-18.626,-36.752
0.0676,47.636,-17.433,-37.484
0.0677,46.553,-16.214,-38.205
0.0678,45.414,-15.008,-38.878
0.0679,44.217,-13.829,-39.48
0.068,42.968,-12.698,-39.992
0.0681,41.677,-11.639,-40.396
0.0682,40.348,-10.629,-40.713
0.0683,38.984,-9.618,-40.991
0.0684,37.601,-8.5811,-41.264
0.0685,36.208,-7.4969,-41.559
0.0686,34.804,-6.3338,-41.903
0.0687,33.393,-5.0913,-42.295
0.0688,31.983,-3.7966,-42.712
0.0689,30.571,-2.4669,-43.131
0.069,29.154,-1.1329,-43.514
0.0691,27.742,0.14046,-43.802
0.0692,26.341,1.3093,-43.956
0.0693,24.956,2.3731,-43.975
0.0694,23.594,3.3373,-43.873
0.0695,22.268,4.2183,-43.677
0.0696,20.979,5.0644,-43.437
0.0697,19.726,5.9113,-43.188
0.0698,18.513,6.7576,-42.935
0.0699,17.338,7.6032,-42.676
0.07,16.19,8.4535,-42.41
0.0701,15.068,9.2854,-42.111
0.0702,13.972,10.069,-41.752
0.0703,12.898,10.8,-41.325
0.0704,11.847,11.477,-40.833
0.0705,10.824,12.095,-40.279
0.0706,9.8305,12.682,-39.693
0.0707,8.861,13.277,-39.112
0.0708,7.9159,13.897,-38.557
0.0709,6.9937,14.542,-38.029
0.071,6.0872,15.204,-37.515
0.0711,5.1944,15.847,-36.978
0.0712,4.318,16.422,-36.373
0.0713,3.4571,16.901,-35.675
0.0714,2.612,17.265,-34.865
0.0715,1.7901,17.495,-33.933
0.0716,0.99611,17.598,-32.892
0.0717,0.23024,17.61,-31.782
0.0718,-0.50499,17.565,-30.639
0.0719,-1.2082,17.496,-29.501
0.072,-1.8855,17.447,-28.407
0.0721,-2.5416,17.435,-27.372
0.0722,-3.1757,17.442,-26.379
0.0723,-3.7898,17.445,-25.403
0.0724,-4.3878,17.427,-24.426
0.0725,-4.9672,17.359,-23.422
0.0726,-5.5248,17.224,-22.376
0.0727,-6.0624,17.03,-21.298
0.0728,-6.579,16.79,-20.2
0.0729,-7.0692,16.504,-19.089
0.073,-7.5332,16.191,-17.984
0.0731,-7.9736,15.866,-16.899
0.0732,-8.388,15.525,-15.831
0.0733,-8.7742,15.15,-14.766
0.0734,-9.1342,14.725,-13.686
0.0735,-9.4666,14.221,-12.564
0.0736,-9.767,13.612,-11.376
0.0737,-10.036,12.896,-10.123
0.0738,-10.274,12.094,-8.8228
0.0739,-10.48,11.228,-7.4995
0.074,-10.652,10.331,-6.1884
0.0741,-10.792,9.445,-4.9281
0.0742,-10.9,8.591,-3.7417
0.0743,-10.974,7.7765,-2.6378
0.0744,-11.017,7.0067,-1.6186
0.0745,-11.032,6.2685,-0.66913
0.0746,-11.016,5.5276,0.24385
0.0747,-10.971,4.7535,1.1513
0.0748,-10.896,3.9268,2.0738
0.0749,-10.789,3.0304,3.0254
0.075,-10.648,2.0636,4.0046
0.0751,-10.471,1.0473,4.9908
0.0752,-10.258,0.0012309,5.9626
0.0753,-10.005,-1.0659,6.9073
0.0754,-9.7115,-2.1432,7.8149
0.0755,-9.3806,-3.2253,8.6825
0.0756,-9.0117,-4.323,9.5203
0.0757,-8.6061,-5.4472,10.341
0.0758,-8.1682,-6.601,11.152
0.0759,-7.6984,-7.7913,11.962
0.076,-7.1944,-9.0208,12.77
0.0761,-6.6572,-10.27,13.559
0.0762,-6.0879,-11.511,14.301
0.0763,-5.4851,-12.72,14.971
0.0764,-4.8494,-13.874,15.548
0.0765,-4.1845,-14.955,16.016
0.0766,-3.4921,-15.97,16.385
0.0767,-2.7726,-16.942,16.678
0.0768,-2.0297,-17.893,16.92
0.0769,-1.2657,-18.847,17.139
0.077,-0.47927,-19.834,17.362
0.0771,0.33045,-20.87,17.606
0.0772,1.1636,-21.953,17.868
0.0773,2.0228,-23.078,18.14
0.0774,2.9098,-24.226,18.402
0.0775,3.8226,-25.368,18.626
0.0776,4.759,-26.477,18.789
0.0777,5.7176,-27.544,18.881
0.0778,6.6947,-28.564,18.901
0.0779,7.686,-29.537,18.854
0.078,8.6894,-30.478,18.755
0.0781,9.7029,-31.395,18.616
0.0782,10.723,-32.286,18.438
0.0783,11.748,-33.15,18.219
0.0784,12.778,-33.98,17.954
0.0785,13.81,-34.76,17.63
0.0786,14.843,-35.477,17.234
0.0787,15.873,-36.125,16.762
0.0788,16.899,-36.705,16.216
0.0789,17.917,-37.223,15.608
0.079,18.925,-37.704,14.961
0.0791,19.922,-38.176,14.305
0.0792,20.907,-38.658,13.661
0.0793,21.877,-39.161,13.04
0.0794,22.834,-39.689,12.445
0.0795,23.776,-40.228,11.862
0.0796,24.701,-40.75,11.266
0.0797,25.607,-41.232,10.634
0.0798,26.493,-41.651,9.944
0.0799,27.353,-41.985,9.1773
0.08,28.183,-42.223,8.3274
0.0801,28.98,-42.37,7.4022
0.0802,29.739,-42.438,6.4162
0.0803,30.456,-42.442,5.3879
0.0804,31.13,-42.402,4.3379
0.0805,31.76,-42.329,3.279
0.0806,32.343,-42.222,2.2124
0.0807,32.878,-42.08,1.1348
0.0808,33.366,-41.897,0.041392
0.0809,33.805,-41.666,-1.0742
0.081,34.195,-41.385,-2.2134
0.0811,34.535,-41.061,-3.3682
0.0812,34.817,-40.698,-4.5261
0.0813,35.053,-40.319,-5.6767
0.0814,35.235,-39.931,-6.8039
0.0815,35.364,-39.543,-7.8963
0.0816,35.439,-39.154,-8.9542
0.0817,35.463,-38.755,-9.9865
0.0818,35.436,-38.329,-11.01
0.0819,35.359,-37.849,-12.049
0.082,35.234,-37.292,-13.126
0.0821,35.063,-36.646,-14.252
0.0822,34.847,-35.909,-15.43
0.0823,34.588,-35.084,-16.653
0.0824,34.287,-34.189,-17.904
0.0825,33.948,-33.247,-19.16
0.0826,33.576,-32.28,-20.399
0.0827,33.172,-31.305,-21.603
0.0828,32.743,-30.337,-22.762
0.0829,32.293,-29.38,-23.871
0.083,31.822,-28.426,-24.936
0.0831,31.331,-27.468,-25.964
0.0832,30.823,-26.497,-26.963
0.0833,30.299,-25.506,-27.939
0.0834,29.759,-24.494,-28.892
0.0835,29.207,-23.467,-29.816
0.0836,28.643,-22.432,-30.702
0.0837,28.068,-21.391,-31.549
0.0838,27.482,-20.346,-32.352
0.0839,26.887,-19.295,-33.116
0.084,26.283,-18.225,-33.851
0.0841,25.673,-17.127,-34.57
0.0842,25.057,-15.989,-35.284
0.0843,24.436,-14.8,-36.005
0.0844,23.81,-13.559,-36.737
0.0845,23.18,-12.275,-37.47
0.0846,22.547,-10.966,-38.189
0.0847,21.908,-9.6529,-38.873
0.0848,21.265,-8.3589,-39.497
0.0849,20.617,-7.1048,-40.042
0.085,19.964,-5.9003,-40.5
0.0851,19.309,-4.7465,-40.871
0.0852,18.652,-3.6388,-41.163
0.0853,17.996,-2.5655,-41.389
0.0854,17.34,-1.5112,-41.567
0.0855,16.685,-0.46449,-41.711
0.0856,16.032,0.58228,-41.83
0.0857,15.379,1.6338,-41.93
0.0858,14.725,2.6879,-42.01
0.0859,14.07,3.7358,-42.06
0.086,13.413,4.7706,-42.077
0.0861,12.754,5.7887,-42.056
0.0862,12.09,6.7887,-41.997
0.0863,11.422,7.7728,-41.903
0.0864,10.75,8.7464,-41.782
0.0865,10.072,9.7118,-41.636
0.0866,9.3918,10.666,-41.465
0.0867,8.7077,11.603,-41.266
0.0868,8.02,12.513,-41.027
0.0869,7.3295,13.377,-40.733
0.087,6.6368,14.177,-40.368
0.0871,5.9418,14.902,-39.92
0.0872,5.2457,15.542,-39.382
0.0873,4.5504,16.098,-38.757
0.0874,3.857,16.581,-38.058
0.0875,3.1667,17.01,-37.307
0.0876,2.4811,17.404,-36.524
0.0877,1.8011,17.78,-35.73
0.0878,1.1265,18.151,-34.938
0.0879,0.45723,18.521,-34.154
0.088,-0.20682,18.886,-33.373
0.0881,-0.86633,19.238,-32.589
0.0882,-1.5217,19.566,-31.789
0.0883,-2.1722,19.855,-30.961
0.0884,-2.8166,20.096,-30.097
0.0885,-3.4536,20.284,-29.196
0.0886,-4.081,20.42,-28.258
0.0887,-4.6971,20.504,-27.288
0.0888,-5.3002,20.541,-26.291
0.0889,-5.8888,20.529,-25.271
0.089,-6.4609,20.466,-24.224
0.0891,-7.0158,20.347,-23.149
0.0892,-7.5526,20.165,-22.039
0.0893,-8.0703,19.916,-20.893
0.0894,-8.5682,19.599,-19.708
0.0895,-9.0463,19.22,-18.493
0.0896,-9.504,18.789,-17.257
0.0897,-9.9401,18.321,-16.016
0.0898,-10.354,17.833,-14.788
0.0899,-10.746,17.341,-13.59
0.09,-11.114,16.854,-12.431
0.0901,-11.458,16.373,-11.314
0.0902,-11.777,15.892,-10.234
0.0903,-12.07,15.399,-9.178
0.0904,-12.335,14.876,-8.1317
0.0905,-12.571,14.309,-7.0806
0.0906,-12.777,13.687,-6.0141
0.0907,-12.954,13.001,-4.926
0.0908,-13.099,12.254,-3.8169
0.0909,-13.212,11.449,-2.6925
0.091,-13.293,10.595,-1.561
0.0911,-13.34,9.7,-0.43086
0.0912,-13.354,8.7715,0.68987
0.0913,-13.334,7.814,1.7968
0.0914,-13.28,6.8285,2.8887
0.0915,-13.192,5.8158,3.9652
0.0916,-13.069,4.7777,5.0251
0.0917,-12.913,3.7174,6.0653
0.0918,-12.722,2.6422,7.079
0.0919,-12.498,1.5627,8.0561
0.092,-12.241,0.48923,8.9863
0.0921,-11.948,-0.56992,9.8606
0.0922,-11.62,-1.6094,10.674
0.0923,-11.257,-2.6297,11.425
0.0924,-10.857,-3.6379,12.122
0.0925,-10.421,-4.6457,12.777
0.0926,-9.9489,-5.667,13.403
0.0927,-9.4417,-6.7162,14.017
0.0928,-8.8998,-7.804,14.63
0.0929,-8.3241,-8.9341,15.246
0.093,-7.7153,-10.103,15.863
0.0931,-7.074,-11.303,16.473
0.0932,-6.4004,-12.519,17.063
0.0933,-5.6952,-13.737,17.62
0.0934,-4.9587,-14.944,18.129
0.0935,-4.1916,-16.13,18.584
0.0936,-3.3952,-17.29,18.978
0.0937,-2.571,-18.42,19.311
0.0938,-1.7205,-19.522,19.586
0.0939,-0.84541,-20.597,19.805
0.094,0.052551,-21.646,19.971
0.0941,0.97228,-22.667,20.085
0.0942,1.9127,-23.659,20.144
0.0943,2.8727,-24.619,20.148
0.0944,3.8512,-25.545,20.097
0.0945,4.8475,-26.44,19.992
0.0946,5.8602,-27.308,19.841
0.0947,6.8878,-28.158,19.652
0.0948,7.929,-29,19.438
0.0949,8.9819,-29.841,19.208
0.095,10.045,-30.687,18.968
0.0951,11.116,-31.538,18.72
0.0952,12.194,-32.388,18.461
0.0953,13.278,-33.225,18.179
0.0954,14.365,-34.034,17.861
0.0955,15.454,-34.8,17.492
0.0956,16.542,-35.507,17.06
0.0957,17.629,-36.146,16.556
0.0958,18.71,-36.714,15.98
0.0959,19.784,-37.213,15.336
0.096,20.849,-37.648,14.632
0.0961,21.902,-38.029,13.878
0.0962,22.941,-38.365,13.086
0.0963,23.964,-38.663,12.263
0.0964,24.968,-38.927,11.416
0.0965,25.954,-39.159,10.549
0.0966,26.917,-39.361,9.6622
0.0967,27.857,-39.53,8.7573
0.0968,28.771,-39.668,7.8356
0.0969,29.658,-39.776,6.9003
0.097,30.514,-39.855,5.9551
0.0971,31.337,-39.909,5.0039
0.0972,32.125,-39.938,4.0491
0.0973,32.875,-39.938,3.09
0.0974,33.585,-39.904,2.1218
0.0975,34.251,-39.826,1.1368
0.0976,34.873,-39.693,0.12549
0.0977,35.447,-39.494,-0.92201
0.0978,35.973,-39.221,-2.0129
0.0979,36.449,-38.87,-3.1498
0.098,36.873,-38.443,-4.3301
0.0981,37.245,-37.947,-5.5458
0.0982,37.564,-37.396,-6.7842
0.0983,37.83,-36.802,-8.0305
0.0984,38.04,-36.179,-9.2705
0.0985,38.195,-35.539,-10.493
0.0986,38.294,-34.886,-11.69
0.0987,38.337,-34.223,-12.86
0.0988,38.324,-33.547,-14.003
0.0989,38.256,-32.855,-15.124
0.099,38.134,-32.141,-16.228
0.0991,37.959,-31.402,-17.318
0.0992,37.735,-30.633,-18.398
0.0993,37.461,-29.835,-19.468
0.0994,37.137,-29.004,-20.529
0.0995,36.763,-28.14,-21.577
0.0996,36.341,-27.241,-22.615
0.0997,35.872,-26.304,-23.643
0.0998,35.36,-25.325,-24.666
0.0999,34.809,-24.302,-25.688
0.1,34.223,-23.232,-26.712
0.1001,33.607,-22.119,-27.736
0.1002,32.963,-20.967,-28.754
0.1003,32.295,-19.788,-29.758
0.1004,31.605,-18.593,-30.733
0.1005,30.895,-17.396,-31.667
0.1006,30.167,-16.207,-32.547
0.1007,29.423,-15.037,-33.362
0.1008,28.666,-13.889,-34.109
0.1009,27.897,-12.763,-34.79
0.101,27.12,-11.652,-35.409
0.1011,26.337,-10.55,-35.978
0.1012,25.55,-9.4462,-36.506
0.1013,24.761,-8.3334,-37.001
0.1014,23.97,-7.2061,-37.471
0.1015,23.178,-6.0614,-37.919
0.1016,22.386,-4.8994,-38.346
0.1017,21.594,-3.7219,-38.752
0.1018,20.803,-2.5314,-39.134
0.1019,20.013,-1.3323,-39.492
0.102,19.225,-0.13096,-39.818
0.1021,18.44,1.0669,-40.11
0.1022,17.657,2.2568,-40.365
0.1023,16.878,3.434,-40.578
0.1024,16.102,4.5927,-40.747
0.1025,15.329,5.726,-40.864
0.1026,14.559,6.8261,-40.923
0.1027,13.791,7.8845,-40.917
0.1028,13.024,8.8938,-40.839
0.1029,12.26,9.8496,-40.687
0.103,11.499,10.751,-40.463
0.1031,10.741,11.602,-40.171
0.1032,9.9857,12.411,-39.823
0.1033,9.2328,13.188,-39.43
0.1034,8.4815,13.944,-39.002
0.1035,7.7313,14.688,-38.552
0.1036,6.9819,15.426,-38.085
0.1037,6.2333,16.159,-37.603
0.1038,5.4855,16.882,-37.104
0.1039,4.7385,17.587,-36.581
0.104,3.9928,18.265,-36.026
0.1041,3.2489,18.906,-35.43
0.1042,2.5079,19.501,-34.787
0.1043,1.7708,20.044,-34.092
0.1044,1.039,20.53,-33.344
0.1045,0.31334,20.959,-32.543
0.1046,-0.40531,21.33,-31.691
0.1047,-1.1166,21.643,-30.79
0.1048,-1.8203,21.9,-29.841
0.1049,-2.5165,22.099,-28.845
0.105,-3.2052,22.243,-27.805
0.1051,-3.8861,22.333,-26.724
0.1052,-4.5588,22.372,-25.605
0.1053,-5.2225,22.367,-24.458
0.1054,-5.8762,22.324,-23.291
0.1055,-6.5185,22.254,-22.114
0.1056,-7.1477,22.162,-20.94
0.1057,-7.762,22.056,-19.775
0.1058,-8.3594,21.937,-18.624
0.1059,-8.9376,21.803,-17.489
0.106,-9.4948,21.648,-16.365
0.1061,-10.029,21.461,-15.243
0.1062,-10.54,21.23,-14.114
0.1063,-11.027,20.945,-12.968
0.1064,-11.488,20.598,-11.799
0.1065,-11.923,20.185,-10.603
0.1066,-12.332,19.707,-9.3838
0.1067,-12.716,19.17,-8.1446
0.1068,-13.074,18.579,-6.8929
0.1069,-13.406,17.943,-5.6363
0.107,-13.712,17.268,-4.3821
0.1071,-13.993,16.561,-3.1362
0.1072,-14.247,15.825,-1.9035
0.1073,-14.474,15.064,-0.6879
0.1074,-14.673,14.281,0.50697
0.1075,-14.843,13.478,1.6774
0.1076,-14.983,12.66,2.8193
0.1077,-15.091,11.83,3.9281
0.1078,-15.165,10.99,5.0002
0.1079,-15.205,10.141,6.0334
0.108,-15.207,9.2818,7.0281
0.1081,-15.172,8.4078,7.9878
0.1082,-15.097,7.5124,8.9186
0.1083,-14.983,6.5875,9.8282
0.1084,-14.828,5.6256,10.725
0.1085,-14.635,4.6208,11.615
0.1086,-14.404,3.5706,12.503
0.1087,-14.136,2.477,13.389
0.1088,-13.833,1.3457,14.267
0.1089,-13.495,0.18593,15.13
0.109,-13.123,-0.99138,15.969
0.1091,-12.717,-2.175,16.772
0.1092,-12.27,-3.3536,17.522
0.1093,-11.8,-4.5234,18.233
0.1094,-11.296,-5.6784,18.89
0.1095,-10.757,-6.8169,19.49
0.1096,-10.186,-7.9396,20.036
0.1097,-9.5805,-9.0477,20.53
0.1098,-8.9413,-10.143,20.973
0.1099,-8.2678,-11.228,21.368
0.11,-7.5604,-12.304,21.716
0.1101,-7.0774,-13.188,22.095
0.1102,-7.1364,-13.67,22.611
0.1103,-7.1896,-14.137,23.105
0.1104,-7.2342,-14.586,23.57
0.1105,-7.271,-15.013,24.004
0.1106,-7.3013,-15.422,24.412
0.1107,-7.3255,-15.823,24.805
0.1108,-7.3436,-16.218,25.185
0.1109,-7.3555,-16.594,25.538
0.111,-7.3608,-16.942,25.856
0.1111,-7.3586,-17.264,26.14
0.1112,-7.3473,-17.555,26.385
0.1113,-7.3252,-17.805,26.577
0.1114,-7.2911,-18.004,26.707
0.1115,-7.2445,-18.148,26.769
0.1116,-7.1855,-18.234,26.762
0.1117,-7.1151,-18.269,26.694
0.1118,-7.0338,-18.265,26.576
0.1119,-6.9431,-18.224,26.413
0.112,-6.8442,-18.149,26.209
0.1121,-6.7384,-18.049,25.974
0.1122,-6.626,-17.93,25.715
0.1123,-6.5067,-17.794,25.433
0.1124,-6.3804,-17.64,25.126
0.1125,-6.247,-17.468,24.796
0.1126,-6.1065,-17.275,24.439
0.1127,-5.9588,-17.061,24.055
0.1128,-5.8041,-16.826,23.644
0.1129,-5.6428,-16.563,23.2
0.113,-5.4755,-16.268,22.719
0.1131,-5.3022,-15.945,22.206
0.1132,-5.1221,-15.591,21.657
0.1133,-4.9347,-15.198,21.062
0.1134,-4.7395,-14.757,20.415
0.1135,-4.5357,-14.271,19.715
0.1136,-4.323,-13.74,18.962
0.1137,-4.1016,-13.165,18.157
0.1138,-3.872,-12.552,17.309
0.1139,-3.6356,-11.911,16.426
0.114,-3.3942,-11.246,15.515
0.1141,-3.1495,-10.565,14.587
0.1142,-2.9027,-9.8817,13.655
0.1143,-2.6549,-9.2005,12.724
0.1144,-2.4065,-8.521,11.796
0.1145,-2.1578,-7.8446,10.871
0.1146,-1.9084,-7.1703,9.9488
0.1147,-1.6579,-6.4916,9.0214
0.1148,-1.4059,-5.803,8.0833
0.1149,-1.1521,-5.1016,7.1314
0.115,-0.89659,-4.3827,6.161
0.1151,-0.6394,-3.6422,5.1681
0.1152,-0.38054,-2.879,4.1515
0.1153,-0.12021,-2.0904,3.1088
0.1154,0.14128,-1.2733,2.0372
0.1155,0.40381,-0.43081,0.93984
0.1156,0.66742,0.43214,-0.17849
0.1157,0.90854,1.2346,-1.2134
0.1158,0.92677,1.2869,-1.2744
0.1159,0.94299,1.3362,-1.3301
0.116,0.9566,1.3823,-1.3798
0.1161,0.95837,1.4307,-1.4196
0.1162,0.94047,1.4848,-1.4451
0.1163,0.91954,1.5366,-1.4652
0.1164,0.90925,1.5836,-1.491
0.1165,0.89295,1.6353,-1.5153
0.1166,0.85913,1.6966,-1.5312
0.1167,0.8247,1.7603,-1.5485
0.1168,0.80117,1.8227,-1.5751
0.1169,0.78225,1.8851,-1.6057
0.117,0.76566,1.9478,-1.6386
0.1171,0.74959,2.0135,-1.6746
0.1172,0.72672,2.0855,-1.7095
0.1173,0.70138,2.159,-1.7431
0.1174,0.68424,2.2292,-1.7812
0.1175,0.67151,2.2975,-1.8214
0.1176,0.65382,2.3651,-1.8556
0.1177,0.63437,2.4299,-1.8849
0.1178,0.61792,2.4919,-1.914
0.1179,0.60012,2.5517,-1.939
0.118,0.57892,2.607,-1.9559
0.1181,0.55477,2.6584,-1.9656
0.1182,0.52334,2.71,-1.9677
0.1183,0.4845,2.7608,-1.9615
0.1184,0.44324,2.8091,-1.9502
0.1185,0.3944,2.8595,-1.9333
0.1186,0.33183,2.915,-1.9077
0.1187,0.26729,2.9694,-1.879
0.1188,0.21272,3.0195,-1.8558
0.1189,0.15996,3.0707,-1.8351
0.119,0.10214,3.1258,-1.8131
0.1191,0.047713,3.1816,-1.7945
0.1192,0.00015624,3.2372,-1.7822
0.1193,-0.045421,3.2929,-1.7713
0.1194,-0.08572,3.3453,-1.7619
0.1195,-0.11804,3.3933,-1.7556
0.1196,-0.15172,3.4405,-1.7467
0.1197,-0.19098,3.4865,-1.7307
0.1198,-0.22777,3.5276,-1.7122
0.1199,-0.26158,3.5638,-1.6916
0.12,-0.30018,3.5967,-1.6628
0.1201,-0.34281,3.6256,-1.6258
0.1202,-0.38565,3.6511,-1.5851
0.1203,-0.4328,3.6753,-1.5388
0.1204,-0.48603,3.6977,-1.4846
0.1205,-0.54085,3.7168,-1.4257
0.1206,-0.597,3.7338,-1.3636
0.1207,-0.65596,3.749,-1.297
0.1208,-0.71418,3.7615,-1.2288
0.1209,-0.77177,3.7742,-1.1613
0.121,-0.83355,3.7903,-1.0927
0.1211,-0.89592,3.8074,-1.0244
0.1212,-0.95057,3.8229,-0.96168
0.1213,-0.99819,3.8371,-0.9048
0.1214,-1.0421,3.8497,-0.85068
0.1215,-1.0798,3.8583,-0.80008
0.1216,-1.1114,3.8626,-0.75324
0.1217,-1.1407,3.8621,-0.70635
0.1218,-1.1661,3.8544,-0.65821
0.1219,-1.1863,3.8394,-0.6094
0.122,-1.208,3.8205,-0.55619
0.1221,-1.2352,3.7991,-0.49503
0.1222,-1.2651,3.7745,-0.42798
0.1223,-1.2978,3.748,-0.35585
0.1224,-1.3363,3.7198,-0.27653
0.1225,-1.3765,3.6879,-0.19189
