0.05,0.4325,0.045837,-0.46187
0.0501,0.42072,0.066572,-0.47103
0.0502,0.4081,0.087201,-0.4797
0.0503,0.39469,0.1076,-0.48782
0.0504,0.38056,0.12764,-0.49531
0.0505,0.36577,0.14721,-0.5021
0.0506,0.3504,0.16618,-0.50811
0.0507,0.3345,0.1845,-0.51331
0.0508,0.31812,0.20214,-0.51765
0.0509,0.30129,0.2191,-0.5211
0.051,0.28402,0.23543,-0.52368
0.0511,0.26633,0.25122,-0.52544
0.0512,0.24821,0.26657,-0.52641
0.0513,0.22968,0.28157,-0.52669
0.0514,0.21077,0.29632,-0.52634
0.0515,0.1915,0.31091,-0.52544
0.0516,0.17191,0.32541,-0.52404
0.0517,0.15204,0.33982,-0.52218
0.0518,0.13195,0.35415,-0.51987
0.0519,0.11167,0.36834,-0.51709
0.052,0.091264,0.38234,-0.51382
0.0521,0.070806,0.39607,-0.50998
0.0522,0.050368,0.40941,-0.50551
0.0523,0.030019,0.42225,-0.5003
0.0524,0.0098334,0.43447,-0.49426
0.0525,-0.010141,0.44594,-0.48728
0.0526,-0.029869,0.45657,-0.47924
0.0527,-0.049342,0.46629,-0.47006
0.0528,-0.068567,0.47506,-0.45969
0.0529,-0.08757,0.4829,-0.44812
0.053,-0.10638,0.48985,-0.43536
0.0531,-0.12502,0.49596,-0.4215
0.0532,-0.14351,0.50134,-0.40663
0.0533,-0.16187,0.50606,-0.39087
0.0534,-0.1801,0.51024,-0.37436
0.0535,-0.19819,0.51396,-0.35725
0.0536,-0.21614,0.51728,-0.33967
0.0537,-0.23393,0.52029,-0.32172
0.0538,-0.25153,0.52301,-0.30354
0.0539,-0.2689,0.52546,-0.2852
0.054,-0.28597,0.52762,-0.26677
0.0541,-0.30268,0.52944,-0.24831
0.0542,-3.9941,2.5709,-0.55838
0.0543,-5.678,3.557,-0.68925
0.0544,-6.8678,4.2511,-0.77493
0.0545,-8.015,4.8947,-0.86841
0.0546,-8.9053,5.4124,-0.9557
0.0547,-9.5313,5.6846,-1.0027
0.0548,-10.291,5.8553,-1.0347
0.0549,-11.373,6.2114,-1.1085
0.055,-12.756,6.856,-1.2329
0.0551,-14.321,7.6279,-1.3618
0.0552,-15.902,8.387,-1.4774
0.0553,-17.276,9.0383,-1.576
0.0554,-18.438,9.5461,-1.653
0.0555,-19.311,9.7624,-1.6972
0.0556,-19.908,9.7158,-1.7184
0.0557,-20.407,9.4535,-1.7198
0.0558,-21.16,9.1866,-1.7221
0.0559,-22.248,9.0587,-1.7485
0.056,-23.632,9.1841,-1.812
0.0561,-25.2,9.5608,-1.8967
0.0562,-26.605,9.9211,-1.9655
0.0563,-27.617,10.06,-2.0041
0.0564,-28.417,10.08,-2.0305
0.0565,-29.046,9.9487,-2.0412
0.0566,-29.206,9.3492,-2.0039
0.0567,-28.906,8.2599,-1.9156
0.0568,-28.576,7.0627,-1.8195
0.0569,-28.437,5.9903,-1.7472
0.057,-28.463,5.0423,-1.6923
0.0571,-28.712,4.3012,-1.6459
0.0572,-29.198,3.8436,-1.6175
0.0573,-29.719,3.5184,-1.6062
0.0574,-30.103,3.1024,-1.5865
0.0575,-30.295,2.4499,-1.5343
0.0576,-30.256,1.4862,-1.4511
0.0577,-30.052,0.27398,-1.3511
0.0578,-29.827,-1.0261,-1.2414
0.0579,-29.57,-2.3464,-1.1242
0.058,-29.249,-3.6379,-1.0103
0.0581,-29.001,-4.7496,-0.91137
0.0582,-28.883,-5.598,-0.82753
0.0583,-28.75,-6.3816,-0.74813
0.0584,-28.496,-7.1987,-0.66614
0.0585,-28.06,-8.18,-0.56539
0.0586,-27.281,-9.5285,-0.42853
0.0587,-26.114,-11.312,-0.2535
0.0588,-24.809,-13.318,-0.058951
0.0589,-23.56,-15.332,0.13814
0.059,-22.361,-17.287,0.33366
0.0591,-21.281,-19.067,0.52062
0.0592,-20.45,-20.53,0.6853
0.0593,-19.807,-21.733,0.8303
0.0594,-19.223,-22.836,0.97669
0.0595,-18.661,-23.928,1.1447
0.0596,-18.035,-25.109,1.3513
0.0597,-17.205,-26.514,1.6194
0.0598,-16.151,-28.186,1.9595
0.0599,-14.915,-30.07,2.3435
0.06,-13.553,-32.04,2.7193
0.0601,-12.211,-33.89,3.0437
0.0602,-11.009,-35.48,3.3085
0.0603,-9.8668,-36.874,3.5363
0.0604,-8.6872,-38.195,3.7427
0.0605,-7.482,-39.514,3.9351
0.0606,-6.1985,-40.948,4.134
0.0607,-4.72,-42.628,4.359
0.0608,-3.0814,-44.513,4.6026
0.0609,-1.3718,-46.481,4.8525
0.061,0.42979,-48.481,5.1024
0.0611,2.2751,-50.406,5.3267
0.0612,3.9652,-52.039,5.4919
0.0613,5.4154,-53.286,5.6004
0.0614,6.6948,-54.234,5.6762
0.0615,7.8404,-54.993,5.7338
0.0616,8.9107,-55.69,5.7879
0.0617,10.08,-56.519,5.8562
0.0618,11.458,-57.59,5.9345
0.0619,13.018,-58.857,6.0054
0.062,14.732,-60.215,6.0618
0.0621,16.574,-61.565,6.0962
0.0622,18.451,-62.8,6.0966
0.0623,20.29,-63.859,6.0711
0.0624,22.059,-64.735,6.0398
0.0625,23.681,-65.434,6.0179
0.0626,25.13,-66.03,6.02
0.0627,26.525,-66.674,6.0545
0.0628,27.967,-67.453,6.118
0.0629,29.458,-68.348,6.203
0.063,31.019,-69.321,6.3041
0.0631,32.647,-70.29,6.4127
0.0632,34.188,-71.079,6.5122
0.0633,35.508,-71.574,6.589
0.0634,36.618,-71.799,6.6411
0.0635,37.545,-71.812,6.6734
0.0636,38.285,-71.66,6.6899
0.0637,38.932,-71.457,6.6986
0.0638,39.636,-71.33,6.7127
0.0639,40.457,-71.33,6.7408
0.064,41.428,-71.467,6.7832
0.0641,42.594,-71.731,6.8371
0.0642,43.89,-72.032,6.8962
0.0643,45.155,-72.241,6.949
0.0644,46.274,-72.274,6.9833
0.0645,47.18,-72.09,6.9929
0.0646,47.833,-71.692,6.9796
0.0647,48.297,-71.167,6.9509
0.0648,48.692,-70.609,6.9148
0.0649,49.066,-70.053,6.8776
0.065,49.435,-69.515,6.8433
0.0651,49.841,-69.012,6.813
0.0652,50.255,-68.495,6.782
0.0653,50.537,-67.834,6.7385
0.0654,50.73,-67.074,6.6842
0.0655,50.772,-66.14,6.6127
0.0656,50.614,-64.994,6.5209
0.0657,50.278,-63.677,6.4107
0.0658,49.892,-62.309,6.2932
0.0659,49.573,-60.995,6.1804
0.066,49.378,-59.805,6.0785
0.0661,49.336,-58.778,5.9893
0.0662,49.413,-57.888,5.9115
0.0663,49.493,-57.048,5.8375
0.0664,49.463,-56.166,5.7559
0.0665,49.265,-55.168,5.6582
0.0666,48.847,-53.989,5.5407
0.0667,48.196,-52.609,5.4025
0.0668,47.356,-51.061,5.2456
0.0669,46.394,-49.393,5.0765
0.067,45.376,-47.682,4.9045
0.0671,44.392,-46.025,4.7376
0.0672,43.488,-44.464,4.5788
0.0673,42.624,-42.967,4.4259
0.0674,41.734,-41.481,4.2738
0.0675,40.775,-39.956,4.1161
0.0676,39.696,-38.325,3.9467
0.0677,38.487,-36.575,3.7639
0.0678,37.199,-34.753,3.5718
0.0679,35.906,-32.923,3.3772
0.068,34.65,-31.142,3.186
0.0681,33.464,-29.474,3.0034
0.0682,32.379,-27.967,2.8341
0.0683,31.372,-26.609,2.6775
0.0684,30.375,-25.343,2.5269
0.0685,29.317,-24.088,2.3742
0.0686,28.127,-22.749,2.2121
0.0687,26.747,-21.253,2.0346
0.0688,25.163,-19.577,1.839
0.0689,23.421,-17.751,1.629
0.069,21.603,-15.85,1.4135
0.0691,19.795,-13.971,1.2013
0.0692,18.061,-12.187,0.99913
0.0693,16.429,-10.528,0.81051
0.0694,14.893,-8.9972,0.6354
0.0695,13.427,-7.5762,0.47025
0.0696,11.988,-6.209,0.30946
0.0697,10.527,-4.8386,0.14769
0.0698,9.0179,-3.4447,-0.018026
0.0699,7.4608,-2.0298,-0.18757
0.07,5.8705,-0.61364,-0.35815
0.0701,4.2876,0.74596,-0.52455
0.0702,2.7721,1.9781,-0.68043
0.0703,1.3578,3.0548,-0.82173
0.0704,0.028208,3.9973,-0.94948
0.0705,-1.2568,4.8507,-1.0683
0.0706,-2.5501,5.6834,-1.1843
0.0707,-3.9158,6.5736,-1.3039
0.0708,-5.3987,7.5679,-1.4327
0.0709,-6.9986,8.6688,-1.572
0.071,-8.6835,9.8467,-1.7184
0.0711,-10.405,11.042,-1.8659
0.0712,-12.095,12.173,-2.008
0.0713,-13.681,13.167,-2.1377
0.0714,-15.115,13.975,-2.2496
0.0715,-16.38,14.579,-2.3424
0.0716,-17.496,15.011,-2.4196
0.0717,-18.519,15.338,-2.4866
0.0718,-19.514,15.623,-2.5495
0.0719,-20.523,15.904,-2.6126
0.072,-21.566,16.199,-2.6776
0.0721,-22.632,16.492,-2.7427
0.0722,-23.683,16.737,-2.8035
0.0723,-24.677,16.892,-2.8551
0.0724,-25.592,16.942,-2.8947
0.0725,-26.421,16.883,-2.9218
0.0726,-27.174,16.731,-2.9377
0.0727,-27.881,16.531,-2.9462
0.0728,-28.592,16.341,-2.9533
0.0729,-29.343,16.195,-2.9635
0.073,-30.146,16.109,-2.9782
0.0731,-30.984,16.06,-2.9959
0.0732,-31.809,15.99,-3.012
0.0733,-32.549,15.818,-3.0199
0.0734,-33.139,15.482,-3.0123
0.0735,-33.541,14.942,-2.9851
0.0736,-33.752,14.197,-2.9385
0.0737,-33.803,13.289,-2.8755
0.0738,-33.749,12.278,-2.8012
0.0739,-33.646,11.226,-2.7218
0.074,-33.542,10.188,-2.6429
0.0741,-33.467,9.2032,-2.5671
0.0742,-33.424,8.2718,-2.4939
0.0743,-33.383,7.3619,-2.4204
0.0744,-33.309,6.435,-2.3422
0.0745,-33.166,5.4505,-2.2551
0.0746,-32.928,4.3772,-2.1566
0.0747,-32.598,3.2185,-2.0472
0.0748,-32.207,2.0106,-1.9303
0.0749,-31.793,0.79231,-1.8106
0.075,-31.381,-0.40829,-1.6916
0.0751,-30.977,-1.577,-1.575
0.0752,-30.567,-2.7266,-1.4598
0.0753,-30.11,-3.8977,-1.3426
0.0754,-29.557,-5.1393,-1.2178
0.0755,-28.867,-6.4947,-1.0805
0.0756,-28.019,-7.9948,-0.92761
0.0757,-27.011,-9.6427,-0.7584
0.0758,-25.873,-11.406,-0.57457
0.0759,-24.659,-13.228,-0.38036
0.076,-23.433,-15.04,-0.18054
0.0761,-22.251,-16.778,0.022691
0.0762,-21.145,-18.41,0.23182
0.0763,-20.118,-19.942,0.45527
0.0764,-19.151,-21.409,0.70574
0.0765,-18.211,-22.858,0.98862
0.0766,-17.251,-24.334,1.286
0.0767,-16.228,-25.858,1.569
0.0768,-15.119,-27.424,1.8241
0.0769,-13.925,-29.01,2.0545
0.077,-12.662,-30.6,2.2712
0.0771,-11.363,-32.17,2.488
0.0772,-10.065,-33.709,2.7133
0.0773,-8.7839,-35.226,2.9488
0.0774,-7.5043,-36.743,3.1923
0.0775,-6.188,-38.281,3.4383
0.0776,-4.7887,-39.857,3.6754
0.0777,-3.2655,-41.477,3.8904
0.0778,-1.6024,-43.123,4.0754
0.0779,0.17809,-44.755,4.228
0.078,2.0203,-46.333,4.3538
0.0781,3.8509,-47.821,4.4659
0.0782,5.5957,-49.198,4.5759
0.0783,7.2014,-50.458,4.6846
0.0784,8.657,-51.608,4.7844
0.0785,9.9974,-52.658,4.8656
0.0786,11.289,-53.626,4.9182
0.0787,12.611,-54.538,4.9394
0.0788,14.026,-55.416,4.9368
0.0789,15.565,-56.272,4.9252
0.079,17.213,-57.12,4.9218
0.0791,18.915,-57.968,4.9424
0.0792,20.6,-58.815,4.9907
0.0793,22.208,-59.656,5.0588
0.0794,23.713,-60.49,5.137
0.0795,25.129,-61.302,5.2192
0.0796,26.494,-62.077,5.3024
0.0797,27.859,-62.808,5.3857
0.0798,29.258,-63.491,5.4694
0.0799,30.698,-64.121,5.5535
0.08,32.151,-64.693,5.6366
0.0801,33.564,-65.2,5.716
0.0802,34.881,-65.618,5.7886
0.0803,36.053,-65.918,5.851
0.0804,37.056,-66.082,5.9005
0.0805,37.903,-66.104,5.9362
0.0806,38.639,-65.997,5.96
0.0807,39.327,-65.791,5.9752
0.0808,40.029,-65.528,5.9857
0.0809,40.783,-65.247,5.9957
0.081,41.599,-64.977,6.0075
0.0811,42.455,-64.738,6.0212
0.0812,43.308,-64.523,6.0345
0.0813,44.114,-64.303,6.0441
0.0814,44.838,-64.043,6.0462
0.0815,45.46,-63.707,6.0375
0.0816,45.977,-63.266,6.0167
0.0817,46.4,-62.717,5.9844
0.0818,46.747,-62.077,5.9425
0.0819,47.034,-61.367,5.8941
0.082,47.27,-60.599,5.8412
0.0821,47.448,-59.778,5.7848
0.0822,47.555,-58.89,5.7238
0.0823,47.569,-57.908,5.656
0.0824,47.473,-56.811,5.5785
0.0825,47.264,-55.588,5.4893
0.0826,46.951,-54.246,5.3883
0.0827,46.561,-52.81,5.2774
0.0828,46.12,-51.327,5.16
0.0829,45.656,-49.849,5.0404
0.083,45.191,-48.42,4.9224
0.0831,44.734,-47.069,4.808
0.0832,44.278,-45.793,4.6966
0.0833,43.805,-44.558,4.5858
0.0834,43.29,-43.314,4.4717
0.0835,42.701,-42.013,4.35
0.0836,42.015,-40.616,4.2177
0.0837,41.218,-39.108,4.0738
0.0838,40.314,-37.498,3.9196
0.0839,39.315,-35.809,3.7576
0.084,38.24,-34.07,3.5912
0.0841,37.106,-32.307,3.4231
0.0842,35.928,-30.538,3.2545
0.0843,34.71,-28.764,3.0853
0.0844,33.451,-26.974,2.9141
0.0845,32.148,-25.157,2.739
0.0846,30.798,-23.304,2.5589
0.0847,29.404,-21.417,2.3739
0.0848,27.977,-19.52,2.1856
0.0849,26.534,-17.65,1.9965
0.085,25.098,-15.844,1.8098
0.0851,23.691,-14.131,1.628
0.0852,22.321,-12.523,1.4519
0.0853,20.984,-11.008,1.2809
0.0854,19.663,-9.555,1.1128
0.0855,18.33,-8.1254,0.94476
0.0856,16.956,-6.6778,0.77375
0.0857,15.52,-5.1776,0.59793
0.0858,14.015,-3.6083,0.41681
0.0859,12.446,-1.9747,0.23131
0.086,10.832,-0.29806,0.043598
0.0861,9.2013,1.3879,-0.1435
0.0862,7.5796,3.0449,-0.3273
0.0863,5.9863,4.6444,-0.50595
0.0864,4.43,6.1733,-0.67861
0.0865,2.9078,7.6296,-0.84558
0.0866,1.4087,9.0191,-1.0078
0.0867,-0.078905,10.351,-1.1663
0.0868,-1.5602,11.63,-1.3217
0.0869,-3.031,12.851,-1.4737
0.087,-4.4781,14.006,-1.6213
0.0871,-5.8835,15.082,-1.7632
0.0872,-7.2323,16.068,-1.8982
0.0873,-8.5195,16.96,-2.0256
0.0874,-9.7522,17.766,-2.1459
0.0875,-10.95,18.506,-2.2604
0.0876,-12.141,19.209,-2.3716
0.0877,-13.356,19.908,-2.4819
0.0878,-14.614,20.628,-2.5931
0.0879,-15.924,21.379,-2.7062
0.088,-17.276,22.15,-2.8204
0.0881,-18.645,22.918,-2.9337
0.0882,-19.997,23.648,-3.043
0.0883,-21.299,24.305,-3.1452
0.0884,-22.526,24.862,-3.2376
0.0885,-23.665,25.303,-3.3186
0.0886,-24.719,25.624,-3.388
0.0887,-25.701,25.834,-3.4471
0.0888,-26.628,25.952,-3.4976
0.0889,-27.513,25.993,-3.5414
0.089,-28.365,25.97,-3.5797
0.0891,-29.182,25.886,-3.6128
0.0892,-29.956,25.741,-3.6403
0.0893,-30.678,25.526,-3.661
0.0894,-31.342,25.242,-3.674
0.0895,-31.947,24.895,-3.6791
0.0896,-32.505,24.502,-3.6771
0.0897,-33.034,24.082,-3.6697
0.0898,-33.554,23.657,-3.6589
0.0899,-34.076,23.236,-3.6466
0.09,-34.606,22.821,-3.6333
0.0901,-35.132,22.397,-3.6186
0.0902,-35.629,21.94,-3.6
0.0903,-36.067,21.418,-3.5745
0.0904,-36.414,20.799,-3.5391
0.0905,-36.646,20.063,-3.4911
0.0906,-36.751,19.202,-3.4297
0.0907,-36.732,18.224,-3.3554
0.0908,-36.606,17.154,-3.2704
0.0909,-36.398,16.02,-3.1776
0.091,-36.132,14.846,-3.0797
0.0911,-35.829,13.653,-2.9787
0.0912,-35.501,12.447,-2.8755
0.0913,-35.149,11.228,-2.7695
0.0914,-34.768,9.9902,-2.6598
0.0915,-34.351,8.7297,-2.5454
0.0916,-33.894,7.4449,-2.4256
0.0917,-33.396,6.14,-2.3008
0.0918,-32.863,4.8247,-2.1721
0.0919,-32.301,3.5108,-2.0407
0.092,-31.715,2.2063,-1.9079
0.0921,-31.104,0.91093,-1.7737
0.0922,-30.459,-0.38598,-1.6372
0.0923,-29.762,-1.7054,-1.4961
0.0924,-28.992,-3.0732,-1.3478
0.0925,-28.129,-4.5117,-1.1895
0.0926,-27.161,-6.0342,-1.019
0.0927,-26.087,-7.6408,-0.83508
0.0928,-24.922,-9.3172,-0.63702
0.0929,-23.691,-11.039,-0.42404
0.093,-22.427,-12.778,-0.19416
0.0931,-21.165,-14.508,0.055849
0.0932,-19.931,-16.209,0.32696
0.0933,-18.734,-17.869,0.60998
0.0934,-17.566,-19.481,0.88602
0.0935,-16.405,-21.044,1.1411
0.0936,-15.227,-22.561,1.3743
0.0937,-14.016,-24.044,1.5941
0.0938,-12.769,-25.505,1.8116
0.0939,-11.496,-26.953,2.0362
0.094,-10.208,-28.393,2.2702
0.0941,-8.9142,-29.824,2.5094
0.0942,-7.6073,-31.24,2.7452
0.0943,-6.2692,-32.63,2.9665
0.0944,-4.8743,-33.989,3.1615
0.0945,-3.3954,-35.315,3.3236
0.0946,-1.8145,-36.613,3.4544
0.0947,-0.13236,-37.893,3.5632
0.0948,1.6271,-39.166,3.6635
0.0949,3.4226,-40.438,3.7675
0.095,5.2056,-41.702,3.8791
0.0951,6.9349,-42.937,3.9927
0.0952,8.5894,-44.108,4.0973
0.0953,10.171,-45.176,4.1822
0.0954,11.699,-46.111,4.2411
0.0955,13.199,-46.903,4.2759
0.0956,14.694,-47.56,4.2976
0.0957,16.195,-48.109,4.321
0.0958,17.696,-48.595,4.3576
0.0959,19.18,-49.059,4.4116
0.096,20.63,-49.528,4.4808
0.0961,22.035,-50.01,4.5604
0.0962,23.397,-50.49,4.6455
0.0963,24.729,-50.943,4.7325
0.0964,26.054,-51.34,4.8186
0.0965,27.386,-51.664,4.902
0.0966,28.735,-51.913,4.9822
0.0967,30.094,-52.098,5.0593
0.0968,31.446,-52.233,5.1335
0.0969,32.764,-52.329,5.2047
0.097,34.025,-52.38,5.2725
0.0971,35.205,-52.369,5.3351
0.0972,36.29,-52.271,5.3902
0.0973,37.274,-52.057,5.4354
0.0974,38.163,-51.708,5.469
0.0975,38.965,-51.217,5.4903
0.0976,39.694,-50.598,5.5003
0.0977,40.364,-49.88,5.5011
0.0978,40.987,-49.102,5.4954
0.0979,41.57,-48.302,5.4855
0.098,42.121,-47.506,5.4733
0.0981,42.647,-46.721,5.4592
0.0982,43.15,-45.94,5.4426
0.0983,43.628,-45.145,5.4219
0.0984,44.072,-44.316,5.3956
0.0985,44.471,-43.443,5.3622
0.0986,44.809,-42.521,5.3211
0.0987,45.079,-41.55,5.2724
0.0988,45.274,-40.533,5.2171
0.0989,45.394,-39.473,5.1559
0.099,45.438,-38.369,5.0892
0.0991,45.406,-37.214,5.0167
0.0992,45.292,-36,4.9372
0.0993,45.09,-34.718,4.8492
0.0994,44.793,-33.361,4.7516
0.0995,44.396,-31.933,4.6439
0.0996,43.898,-30.451,4.5268
0.0997,43.308,-28.94,4.4019
0.0998,42.641,-27.43,4.2716
0.0999,41.919,-25.946,4.1384
0.1,41.169,-24.505,4.0042
0.1001,40.412,-23.111,3.8702
0.1002,39.658,-21.757,3.7364
0.1003,38.904,-20.431,3.6017
0.1004,38.135,-19.116,3.4648
0.1005,37.328,-17.794,3.3239
0.1006,36.463,-16.453,3.1778
0.1007,35.522,-15.083,3.0262
0.1008,34.499,-13.683,2.8691
0.1009,33.395,-12.256,2.7071
0.101,32.217,-10.807,2.541
0.1011,30.976,-9.3402,2.3711
0.1012,29.682,-7.8577,2.1978
0.1013,28.342,-6.3587,2.0209
0.1014,26.96,-4.8425,1.8404
0.1015,25.535,-3.312,1.6562
0.1016,24.07,-1.7759,1.4688
0.1017,22.57,-0.24758,1.2789
0.1018,21.048,1.2569,1.0879
0.1019,19.523,2.7203,0.89729
0.102,18.015,4.1266,0.7089
0.1021,16.541,5.4651,0.52412
0.1022,15.109,6.7322,0.34384
0.1023,13.717,7.9334,0.16816
0.1024,12.354,9.084,-0.003499
0.1025,11.005,10.206,-0.17225
0.1026,9.6498,11.322,-0.33953
0.1027,8.2732,12.451,-0.50666
0.1028,6.8637,13.603,-0.67458
0.1029,5.4174,14.777,-0.84355
0.103,3.9371,15.967,-1.0132
0.1031,2.4314,17.157,-1.1824
0.1032,0.91131,18.334,-1.3501
0.1033,-0.61375,19.483,-1.5149
0.1034,-2.1367,20.59,-1.6761
0.1035,-3.6523,21.651,-1.833
0.1036,-5.1556,22.662,-1.9857
0.1037,-6.6403,23.622,-2.134
0.1038,-8.0975,24.53,-2.2781
0.1039,-9.5169,25.382,-2.4174
0.104,-10.889,26.17,-2.5515
0.1041,-12.208,26.885,-2.6796
0.1042,-13.471,27.521,-2.8011
0.1043,-14.682,28.077,-2.9155
0.1044,-15.85,28.561,-3.0231
0.1045,-16.989,28.987,-3.1244
0.1046,-18.115,29.375,-3.2209
0.1047,-19.245,29.742,-3.3139
0.1048,-20.391,30.105,-3.4049
0.1049,-21.556,30.471,-3.4946
0.105,-22.736,30.838,-3.5829
0.1051,-23.921,31.195,-3.6688
0.1052,-25.096,31.525,-3.7507
0.1053,-26.244,31.805,-3.8267
0.1054,-27.352,32.016,-3.8952
0.1055,-28.408,32.145,-3.9552
0.1056,-29.403,32.183,-4.0061
0.1057,-30.335,32.133,-4.0483
0.1058,-31.202,31.996,-4.0822
0.1059,-32.003,31.78,-4.1085
0.106,-32.74,31.488,-4.1276
0.1061,-33.412,31.125,-4.1396
0.1062,-34.017,30.692,-4.1442
0.1063,-34.558,30.196,-4.1411
0.1064,-35.036,29.642,-4.1302
0.1065,-35.46,29.037,-4.112
0.1066,-35.842,28.394,-4.0872
0.1067,-36.194,27.725,-4.0573
0.1068,-36.529,27.04,-4.0235
0.1069,-36.854,26.346,-3.9867
0.107,-37.168,25.645,-3.9471
0.1071,-37.465,24.929,-3.9042
0.1072,-37.729,24.184,-3.8567
0.1073,-37.94,23.392,-3.8027
0.1074,-38.079,22.538,-3.7407
0.1075,-38.127,21.607,-3.6694
0.1076,-38.076,20.593,-3.5884
0.1077,-37.922,19.495,-3.4978
0.1078,-37.673,18.318,-3.3987
0.1079,-37.339,17.073,-3.2922
0.108,-36.936,15.77,-3.1796
0.1081,-36.473,14.423,-3.0617
0.1082,-35.962,13.042,-2.9392
0.1083,-35.405,11.636,-2.8123
0.1084,-34.807,10.211,-2.6809
0.1085,-34.168,8.7747,-2.5453
0.1086,-33.493,7.3328,-2.4059
0.1087,-32.786,5.8928,-2.2631
0.1088,-32.047,5.6021,-2.1856
0.1089,-31.369,5.5076,-2.1217
0.109,-30.748,5.4139,-2.0584
0.1091,-30.15,5.3238,-1.997
0.1092,-29.565,5.2392,-1.9425
0.1093,-28.955,5.1554,-1.8886
0.1094,-28.254,5.0665,-1.8256
0.1095,-27.46,4.9765,-1.7591
0.1096,-26.618,4.8915,-1.698
0.1097,-25.742,4.8101,-1.6381
0.1098,-24.824,4.7275,-1.5742
0.1099,-23.881,4.6449,-1.5095
0.11,-22.935,4.5641,-1.4462
0.1101,-21.976,4.4839,-1.3847
0.1102,-20.967,4.4025,-1.3257
0.1103,-19.895,4.318,-1.2663
0.1104,-18.755,4.2279,-1.201
0.1105,-17.552,4.132,-1.1299
0.1106,-16.327,4.0335,-1.0576
0.1107,-15.143,3.9359,-0.98668
0.1108,-14.02,3.8388,-0.91702
0.1109,-12.942,3.7422,-0.84964
0.111,-11.919,3.6481,-0.78707
0.1111,-10.951,3.5574,-0.7311
0.1112,-9.9712,3.4676,-0.67982
0.1113,-8.9021,3.3753,-0.62779
0.1114,-7.7257,3.2799,-0.57178
0.1115,-6.4519,3.1846,-0.51473
0.1116,-5.0872,3.0908,-0.4591
0.1117,-3.6618,2.9982,-0.40206
0.1118,-2.2301,2.9072,-0.34223
0.1119,-0.83543,2.8216,-0.28475
0.112,0.49157,2.7439,-0.23368
0.1121,0.51724,2.7413,-0.25979
0.1122,0.54238,2.7398,-0.28286
0.1123,0.56655,2.7382,-0.30425
0.1124,0.58577,2.7388,-0.3263
0.1125,0.59986,2.7453,-0.34966
0.1126,0.61361,2.753,-0.3716
0.1127,0.6284,2.7559,-0.39004
0.1128,0.63889,2.7597,-0.407
0.1129,0.64372,2.7692,-0.4255
0.113,0.64723,2.7785,-0.44377
0.1131,0.65215,2.784,-0.45891
0.1132,0.6575,2.7883,-0.47193
0.1133,0.66398,2.7932,-0.48582
0.1134,0.67157,2.8004,-0.50213
0.1135,0.67911,2.8135,-0.52162
0.1136,0.68765,2.8309,-0.54313
0.1137,0.69919,2.8483,-0.56428
0.1138,0.7118,2.8668,-0.58474
0.1139,0.72412,2.8906,-0.60726
0.114,0.73825,2.9179,-0.63236
0.1141,0.75376,2.9456,-0.65749
0.1142,0.76796,2.974,-0.68088
0.1143,0.78073,3.0032,-0.70289
0.1144,0.79234,3.0331,-0.72378
0.1145,0.80119,3.0649,-0.74353
0.1146,0.8068,3.0983,-0.76162
0.1147,0.81019,3.1313,-0.77766
0.1148,0.80986,3.1659,-0.79211
0.1149,0.80503,3.2042,-0.80584
0.115,0.79901,3.242,-0.81812
0.1151,0.79428,3.2764,-0.82836
0.1152,0.78912,3.311,-0.83833
0.1153,0.7831,3.3486,-0.85007
0.1154,0.77812,3.3867,-0.8627
0.1155,0.77406,3.4244,-0.87494
0.1156,0.76986,3.4632,-0.88721
0.1157,0.76677,3.5025,-0.89991
0.1158,0.76509,3.5417,-0.91281
0.1159,0.76331,3.5837,-0.9271
0.116,0.76172,3.6291,-0.94339
0.1161,0.76149,3.6749,-0.95998
0.1162,0.76116,3.7207,-0.97539
0.1163,0.7594,3.7684,-0.99054
0.1164,0.75699,3.8173,-1.0058
0.1165,0.7534,3.8659,-1.02
0.1166,0.74646,3.9149,-1.032
0.1167,0.73617,3.9636,-1.0416
0.1168,0.72332,4.0107,-1.0483
0.1169,0.70737,4.0563,-1.052
0.117,0.68871,4.1008,-1.0536
0.1171,0.66912,4.1434,-1.0536
0.1172,0.64835,4.1855,-1.0529
0.1173,0.62559,4.2293,-1.0526
0.1174,0.6024,4.2732,-1.0524
0.1175,0.58042,4.3151,-1.0518
0.1176,0.55915,4.3562,-1.0516
0.1177,0.53881,4.3977,-1.0528
0.1178,0.52049,4.4385,-1.0551
0.1179,0.50374,4.4785,-1.0581
0.118,0.48775,4.5184,-1.0614
0.1181,0.47317,4.5572,-1.0646
0.1182,0.45967,4.5944,-1.067
0.1183,0.44568,4.6319,-1.069
0.1184,0.43096,4.6704,-1.0713
0.1185,0.41583,4.7083,-1.0728
0.1186,0.399,4.7454,-1.0724
0.1187,0.37999,4.782,-1.0704
0.1188,0.36011,4.8164,-1.0665
0.1189,0.33948,4.8479,-1.0603
0.119,0.31701,4.8779,-1.0519
0.1191,0.2932,4.9062,-1.0416
0.1192,0.2688,4.9314,-1.0288
0.1193,0.24325,4.9545,-1.0136
0.1194,0.21692,4.9758,-0.99676
0.1195,0.19164,4.9941,-0.9789
0.1196,0.16767,5.0102,-0.96085
0.1197,0.14436,5.0261,-0.94401
0.1198,0.12261,5.0417,-0.92884
0.1199,0.10341,5.0553,-0.9146
0.12,0.086083,5.0675,-0.90105
0.1201,0.07032,5.0791,-0.88851
0.1202,0.056527,5.0893,-0.87649
0.1203,0.043894,5.098,-0.86417
0.1204,0.031224,5.1059,-0.85128
0.1205,0.018623,5.1125,-0.83736
0.1206,0.0060103,5.1168,-0.82158
0.1207,-0.0075024,5.1198,-0.80402
0.1208,-0.02202,5.1225,-0.78537
0.1209,-0.037288,5.1247,-0.76573
0.121,-0.054073,5.1272,-0.74487
0.1211,-0.072623,5.1305,-0.72284
0.1212,-0.091866,5.1339,-0.69961
0.1213,-0.11116,5.137,-0.67524
0.1214,-0.13043,5.1406,-0.65024
0.1215,-0.14865,5.1444,-0.62526
0.1216,-0.16501,5.1476,-0.60063
0.1217,-0.17984,5.1502,-0.57679
0.1218,-0.19298,5.1515,-0.55416
0.1219,-0.2036,5.1483,-0.53272
0.122,-0.21209,5.1374,-0.51261
0.1221,-0.21944,5.1164,-0.49435
0.1222,-0.22564,5.0815,-0.47774
0.1223,-0.23069,5.0315,-0.4618
0.1224,-0.23544,4.9706,-0.44599
0.1225,-0.23992,4.9042,-0.43013
