0.05,0.67126,0.019805,-0.66344
0.0501,0.6556,0.049331,-0.67818
0.0502,0.6388,0.078869,-0.69218
0.0503,0.62091,0.10829,-0.70536
0.0504,0.602,0.13748,-0.71765
0.0505,0.58216,0.16632,-0.72896
0.0506,0.56146,0.19469,-0.73926
0.0507,0.54,0.22249,-0.74847
0.0508,0.51784,0.24967,-0.75655
0.0509,0.49502,0.27616,-0.76348
0.051,0.47158,0.30196,-0.76923
0.0511,0.44755,0.3271,-0.77379
0.0512,0.42292,0.35161,-0.77721
0.0513,0.39772,0.37559,-0.77951
0.0514,0.37196,0.39912,-0.78075
0.0515,0.34568,0.42226,-0.781
0.0516,0.3189,0.44506,-0.7803
0.0517,0.29168,0.46753,-0.77868
0.0518,0.26407,0.48967,-0.77617
0.0519,0.2361,0.51145,-0.77274
0.052,0.20783,0.53283,-0.76837
0.0521,0.17933,0.55374,-0.76301
0.0522,0.15063,0.5741,-0.7566
0.0523,0.12182,0.59381,-0.74908
0.0524,0.092956,0.61278,-0.74036
0.0525,0.064115,0.63089,-0.73039
0.0526,0.035351,0.64805,-0.71911
0.0527,0.0067111,0.66418,-0.70647
0.0528,-0.021777,0.6792,-0.69242
0.0529,-0.050101,0.69309,-0.67697
0.053,-0.078263,0.70582,-0.66012
0.0531,-0.10626,0.71743,-0.64194
0.0532,-0.13409,0.72797,-0.6225
0.0533,-0.16176,0.73748,-0.60192
0.0534,-0.18923,0.74605,-0.58032
0.0535,-0.21648,0.75373,-0.55785
0.0536,-0.24348,0.7606,-0.53462
0.0537,-0.27021,0.7667,-0.51077
0.0538,-0.29662,0.77206,-0.48639
0.0539,-0.32268,0.77671,-0.46158
0.054,-0.34834,0.78064,-0.4364
0.0541,-0.37357,0.78382,-0.41092
0.0542,-0.39831,0.7862,-0.38516
0.0543,-0.4225,0.7877,-0.35916
0.0544,-0.44608,0.78821,-0.33291
0.0545,-0.46897,0.78763,-0.3064
0.0546,-0.49113,0.78584,-0.27961
0.0547,-0.51252,0.78276,-0.25249
0.0548,-0.53313,0.77828,-0.22502
0.0549,-0.55295,0.77234,-0.19717
0.055,-0.57198,0.76492,-0.16895
0.0551,-0.59022,0.75601,-0.14036
0.0552,-0.6077,0.74565,-0.11145
0.0553,-0.6244,0.73387,-0.082284
0.0554,-0.64034,0.72075,-0.05294
0.0555,-0.65551,0.70636,-0.023501
0.0556,-0.66991,0.6908,0.0059381
0.0557,-0.68356,0.67418,0.035285
0.0558,-0.69644,0.65661,0.064446
0.0559,-0.70854,0.63818,0.093328
0.056,-0.71983,0.61899,0.12185
0.0561,-0.73028,0.5991,0.14994
0.0562,-0.73985,0.57856,0.17755
0.0563,-0.74849,0.5574,0.20464
0.0564,-0.75616,0.53562,0.23121
0.0565,-0.7628,0.51318,0.25727
0.0566,-0.76839,0.49008,0.28284
0.0567,-0.7729,0.46629,0.30798
0.0568,-0.77633,0.44177,0.3327
0.0569,-0.77864,0.41653,0.35706
0.057,-0.77985,0.39057,0.38108
0.0571,-0.77994,0.36393,0.40475
0.0572,-0.77891,0.33665,0.42804
0.0573,-0.77677,0.30881,0.45093
0.0574,-0.77351,0.28049,0.47335
0.0575,-0.76916,0.25178,0.49523
0.0576,-0.7637,0.22282,0.51652
0.0577,-0.75715,0.1937,0.53713
0.0578,-0.7495,0.16456,0.55698
0.0579,-0.74074,0.13548,0.576
0.058,-0.73084,0.10656,0.5941
0.0581,-0.71978,0.077842,0.61123
0.0582,-0.70753,0.049368,0.62736
0.0583,-0.69409,0.02114,0.64246
0.0584,-0.67945,-0.0068579,0.65654
0.0585,-0.66362,-0.034658,0.66961
0.0586,-0.64663,-0.0623,0.68173
0.0587,-0.62851,-0.089823,0.69292
0.0588,-0.60932,-0.11726,0.70324
0.0589,-0.5891,-0.14464,0.71273
0.059,-0.56792,-0.17197,0.72142
0.0591,-0.54583,-0.19924,0.72933
0.0592,-0.52291,-0.22643,0.73647
0.0593,-0.49924,-0.25348,0.74283
0.0594,-0.47489,-0.28032,0.74841
0.0595,-0.44995,-0.30685,0.75316
0.0596,-0.4245,-0.33297,0.75704
0.0597,-0.39862,-0.3586,0.75997
0.0598,-0.37238,-0.38362,0.76189
0.0599,-0.34584,-0.40792,0.76271
0.06,-0.31902,-0.43143,0.76234
0.0601,-0.29197,-0.45408,0.76071
0.0602,-0.2647,-0.47582,0.75779
0.0603,-0.23722,-0.49666,0.75351
0.0604,-0.20953,-0.5166,0.74787
0.0605,-0.18164,-0.53567,0.74085
0.0606,-0.15355,-0.55392,0.73249
0.0607,-0.12528,-0.5714,0.72281
0.0608,-0.096814,-0.58817,0.71184
0.0609,-0.068184,-0.60427,0.69965
0.061,-0.03941,-0.61974,0.6863
0.0611,-0.01053,-0.63462,0.67185
0.0612,0.018407,-0.64892,0.65638
0.0613,0.047338,-0.66262,0.63996
0.0614,0.076188,-0.67569,0.62263
0.0615,0.10488,-0.68806,0.60444
0.0616,0.13334,-0.69967,0.58542
0.0617,0.16148,-0.71042,0.56559
0.0618,0.18926,-0.72023,0.54497
0.0619,0.21661,-0.72901,0.52353
0.062,0.24349,-0.7367,0.5013
0.0621,0.26987,-0.74321,0.47827
0.0622,0.29572,-0.74852,0.45445
0.0623,0.32103,-0.75259,0.42988
0.0624,0.34581,-0.75542,0.40457
0.0625,0.37006,-0.75703,0.37858
0.0626,0.39378,-0.75744,0.35198
0.0627,0.41698,-0.75669,0.32482
0.0628,0.43967,-0.75484,0.2972
0.0629,0.46183,-0.75193,0.2692
0.063,0.48347,-0.74802,0.24091
0.0631,0.50455,-0.74314,0.21243
0.0632,0.52506,-0.7373,0.18385
0.0633,0.54494,-0.7305,0.15523
0.0634,0.56416,-0.72272,0.12665
0.0635,0.58266,-0.71391,0.098136
0.0636,0.6004,-0.70402,0.069721
0.0637,0.61732,-0.69299,0.04141
0.0638,0.63189,-0.79026,-0.20245
0.0639,0.6464,-0.84434,-0.36518
0.064,0.65975,-0.89256,-0.51952
0.0641,0.67233,-0.93737,-0.66747
0.0642,0.68507,-0.97829,-0.80795
0.0643,0.69671,-1.0139,-0.94159
0.0644,0.70633,-1.0453,-1.0703
0.0645,0.71556,-1.0749,-1.1957
0.0646,0.72494,-1.1033,-1.3179
0.0647,0.73287,-1.1292,-1.4371
0.0648,0.73919,-1.1517,-1.5525
0.0649,0.74487,-1.1707,-1.6639
0.065,0.74955,-1.1864,-1.7703
0.0651,0.75315,-1.1992,-1.871
0.0652,0.75629,-1.209,-1.9651
0.0653,0.75845,-1.2156,-2.0532
0.0654,0.75886,-1.2196,-2.1369
0.0655,0.75813,-1.2223,-2.217
0.0656,0.7567,-1.2238,-2.2936
0.0657,0.75398,-1.2236,-2.3664
0.0658,0.74972,-1.2207,-2.4349
0.0659,0.74447,-1.215,-2.4983
0.066,0.7381,-1.2065,-2.556
0.0661,0.73039,-1.1951,-2.607
0.0662,0.72163,-1.1805,-2.6503
0.0663,0.7118,-1.1621,-2.6854
0.0664,0.70042,-1.1399,-2.7125
0.0665,0.68807,-1.1152,-2.7328
0.0666,0.67506,-1.0885,-2.7477
0.0667,0.66054,-1.0592,-2.7583
0.0668,0.64402,-1.0272,-2.765
0.0669,0.62657,-0.99355,-2.7683
0.067,0.6084,-0.95876,-2.7682
0.0671,0.58883,-0.92236,-2.7641
0.0672,0.56789,-0.88429,-2.7553
0.0673,0.54615,-0.84462,-2.7418
0.0674,0.52322,-0.8032,-2.7231
0.0675,0.49912,-0.76005,-2.6988
0.0676,0.47454,-0.71546,-2.6689
0.0677,0.44956,-0.6692,-2.6339
0.0678,0.4236,-0.62119,-2.5942
0.0679,0.39708,-0.57192,-2.55
0.068,0.37046,-0.52185,-2.5016
0.0681,0.34343,-0.47079,-2.4489
0.0682,0.31584,-0.41868,-2.3915
0.0683,0.28827,-0.36552,-2.3292
0.0684,0.26066,-0.31113,-2.2623
0.0685,0.23272,-0.25542,-2.1909
0.0686,0.20459,-0.19856,-2.1152
0.0687,0.17649,-0.14039,-2.0354
0.0688,0.14809,-0.080964,-1.9519
0.0689,0.11964,-0.020957,-1.8652
0.069,0.091488,0.038932,-1.7756
0.0691,0.063291,0.098845,-1.6837
0.0692,0.034624,0.15884,-1.5895
0.0693,0.0059152,0.21858,-1.4932
0.0694,-0.02269,0.27791,-1.3948
0.0695,-0.051443,0.33712,-1.2943
0.0696,-0.080249,0.39623,-1.1913
0.0697,-0.10882,0.45519,-1.0859
0.0698,-0.13744,0.51396,-0.97818
0.0699,-0.1661,0.57237,-0.86795
0.07,-0.19432,0.63004,-0.75513
0.0701,-0.22203,0.68703,-0.63995
0.0702,-0.2495,0.74338,-0.52261
0.0703,-0.27639,0.79899,-0.40356
0.0704,-0.30253,0.85383,-0.28332
0.0705,-0.32826,0.9081,-0.1624
0.0706,-0.35361,0.96163,-0.041002
0.0707,-0.37814,1.0142,0.08054
0.0708,-0.40201,1.0658,0.20195
0.0709,-0.42552,1.1161,0.323
0.071,-0.44846,1.1649,0.4435
0.0711,-0.4707,1.212,0.56321
0.0712,-0.49265,1.2576,0.68211
0.0713,-0.51414,1.3016,0.80015
0.0714,-0.53474,1.3437,0.91718
0.0715,-0.55459,1.3841,1.033
0.0716,-0.57407,1.4227,1.1476
0.0717,-0.5929,1.4594,1.2608
0.0718,-0.61093,1.4939,1.3725
0.0719,-0.62839,1.526,1.4827
0.072,-0.64519,1.5558,1.5914
0.0721,-0.661,1.583,1.6985
0.0722,-0.67597,1.6079,1.8036
0.0723,-0.69019,1.6306,1.9067
0.0724,-0.70342,1.6511,2.0076
0.0725,-0.71552,1.6694,2.1063
0.0726,-0.72666,1.6858,2.2025
0.0727,-0.73669,1.6999,2.296
0.0728,-0.74553,1.7118,2.3866
0.0729,-0.75344,1.7214,2.4737
0.073,-0.76053,1.7287,2.557
0.0731,-0.76663,1.7336,2.6363
0.0732,-0.77182,1.7361,2.7113
0.0733,-0.77624,1.7363,2.7819
0.0734,-0.77973,1.7342,2.8482
0.0735,-0.78225,1.7297,2.9101
0.0736,-0.78407,1.7231,2.968
0.0737,-0.78506,1.7142,3.0221
0.0738,-0.78495,1.7029,3.0725
0.0739,-0.7838,1.6894,3.1194
0.074,-0.78175,1.6736,3.1627
0.0741,-0.77853,1.6556,3.202
0.0742,-0.77409,1.6354,3.237
0.0743,-0.76859,1.6131,3.2676
0.0744,-0.76188,1.5886,3.2935
0.0745,-0.75364,1.5618,3.3147
0.0746,-0.74401,1.5328,3.3311
0.0747,-0.73307,1.5017,3.3428
0.0748,-0.72064,1.4685,3.35
0.0749,-0.70672,1.4333,3.3525
0.075,-0.69152,1.3965,3.3504
0.0751,-0.67499,1.3579,3.3436
0.0752,-0.65705,1.3177,3.3321
0.0753,-0.63796,1.2759,3.3156
0.0754,-0.61793,1.2325,3.2941
0.0755,-0.59693,1.1872,3.2674
0.0756,-0.57507,1.1402,3.2357
0.0757,-0.55257,1.0913,3.1992
0.0758,-0.52939,1.0408,3.1583
0.0759,-0.50549,0.98855,3.1131
0.076,-0.4811,0.93503,3.0639
0.0761,-0.45626,0.8804,3.0111
0.0762,-0.43084,0.82468,2.9547
0.0763,-0.40488,0.76799,2.8949
0.0764,-0.37847,0.71038,2.8316
0.0765,-0.35154,0.6518,2.7647
0.0766,-0.32412,0.59222,2.6941
0.0767,-0.29639,0.53175,2.6195
0.0768,-0.26837,0.4704,2.5409
0.0769,-0.23998,0.40831,2.4583
0.077,-0.21136,0.34567,2.3718
0.0771,-0.18257,0.28268,2.2816
0.0772,-0.15357,0.21945,2.1879
0.0773,-0.12444,0.15614,2.091
0.0774,-0.095355,0.092836,1.9912
0.0775,-0.066274,0.029516,1.8886
0.0776,-0.037147,-0.033848,1.7834
0.0777,-0.0081463,-0.097159,1.6758
0.0778,0.020642,-0.16042,1.5657
0.0779,0.049297,-0.22362,1.4532
0.078,0.07772,-0.28663,1.3384
0.0781,0.10578,-0.34931,1.2216
0.0782,0.1336,-0.41167,1.1032
0.0783,0.16125,-0.4736,0.98333
0.0784,0.18861,-0.53492,0.86249
0.0785,0.21563,-0.59551,0.74093
0.0786,0.24243,-0.65532,0.61884
0.0787,0.26895,-0.71419,0.49628
0.0788,0.29509,-0.77196,0.37329
0.0789,0.3209,-0.8286,0.24983
0.079,0.3464,-0.88404,0.12579
0.0791,0.37141,-0.93817,0.0011247
0.0792,0.39586,-0.99096,-0.12406
0.0793,0.4198,-1.0424,-0.2496
0.0794,0.44312,-1.0924,-0.37522
0.0795,0.46572,-1.1408,-0.50054
0.0796,0.48764,-1.1876,-0.62517
0.0797,0.50886,-1.2325,-0.74882
0.0798,0.52926,-1.2755,-0.87118
0.0799,0.54886,-1.3163,-0.99201
0.08,0.56771,-1.3551,-1.1111
0.0801,0.58576,-1.3917,-1.2283
0.0802,0.60298,-1.4262,-1.3436
0.0803,0.61945,-1.4586,-1.4568
0.0804,0.63511,-1.4889,-1.5679
0.0805,0.64988,-1.5171,-1.6768
0.0806,0.66386,-1.5431,-1.7832
0.0807,0.67708,-1.5668,-1.887
0.0808,0.68951,-1.5881,-1.9882
0.0809,0.70114,-1.607,-2.0864
0.081,0.71204,-1.6234,-2.1816
0.0811,0.72213,-1.6372,-2.2737
0.0812,0.73134,-1.6485,-2.3626
0.0813,0.73972,-1.6574,-2.4482
0.0814,0.74725,-1.664,-2.5307
0.0815,0.7538,-1.6681,-2.6098
0.0816,0.75934,-1.67,-2.6856
0.0817,0.76389,-1.6696,-2.758
0.0818,0.76737,-1.6668,-2.8267
0.0819,0.76973,-1.6617,-2.8915
0.082,0.77105,-1.6544,-2.9521
0.0821,0.77134,-1.6448,-3.0082
0.0822,0.7705,-1.6329,-3.0596
0.0823,0.76855,-1.6189,-3.1062
0.0824,0.76553,-1.6026,-3.1479
0.0825,0.76135,-1.5841,-3.1848
0.0826,0.75597,-1.5635,-3.2169
0.0827,0.74943,-1.5408,-3.2443
0.0828,0.74169,-1.5159,-3.2672
0.0829,0.73264,-1.4889,-3.2857
0.083,0.72228,-1.4598,-3.2998
0.0831,0.71064,-1.4287,-3.3095
0.0832,0.69768,-1.3956,-3.3146
0.0833,0.68338,-1.3604,-3.3152
0.0834,0.6678,-1.3231,-3.3112
0.0835,0.65095,-1.2838,-3.3025
0.0836,0.63283,-1.2424,-3.2892
0.0837,0.6135,-1.1991,-3.2713
0.0838,0.59307,-1.154,-3.2488
0.0839,0.57156,-1.1071,-3.2218
0.084,0.54905,-1.0587,-3.1904
0.0841,0.52565,-1.0089,-3.1545
0.0842,0.5014,-0.95777,-3.1142
0.0843,0.47636,-0.90544,-3.0694
0.0844,0.45069,-0.85197,-3.0201
0.0845,0.42448,-0.79736,-2.9662
0.0846,0.39777,-0.74161,-2.9079
0.0847,0.37068,-0.68476,-2.8452
0.0848,0.3433,-0.6269,-2.7782
0.0849,0.31565,-0.56809,-2.7071
0.085,0.28777,-0.50844,-2.6322
0.0851,0.25974,-0.44808,-2.5537
0.0852,0.23159,-0.38709,-2.4719
0.0853,0.20328,-0.32552,-2.3869
0.0854,0.17483,-0.26345,-2.299
0.0855,0.14629,-0.20092,-2.2082
0.0856,0.11761,-0.13795,-2.1146
0.0857,0.088821,-0.074613,-2.0181
0.0858,0.059985,-0.011014,-1.9188
0.0859,0.031109,0.052766,-1.8167
0.086,0.0021752,0.11662,-1.7117
0.0861,-0.026767,0.18041,-1.6041
0.0862,-0.055659,0.24399,-1.4939
0.0863,-0.084501,0.30726,-1.3813
0.0864,-0.11324,0.37009,-1.2666
0.0865,-0.14181,0.43235,-1.1499
0.0866,-0.17015,0.49398,-1.0315
0.0867,-0.19826,0.55489,-0.91155
0.0868,-0.22604,0.61498,-0.79016
0.0869,-0.25341,0.67421,-0.6675
0.087,-0.28035,0.73255,-0.54373
0.0871,-0.3068,0.78993,-0.41904
0.0872,-0.33268,0.84632,-0.2937
0.0873,-0.35799,0.90169,-0.16799
0.0874,-0.38273,0.95597,-0.04221
0.0875,-0.40689,1.0091,0.083353
0.0876,-0.43045,1.0608,0.20843
0.0877,-0.45346,1.1112,0.3328
0.0878,-0.4759,1.16,0.45631
0.0879,-0.49776,1.2072,0.57884
0.088,-0.51906,1.2526,0.70035
0.0881,-0.53979,1.2963,0.8208
0.0882,-0.55987,1.338,0.94016
0.0883,-0.57929,1.3777,1.0584
0.0884,-0.59803,1.4154,1.1754
0.0885,-0.61604,1.451,1.2911
0.0886,-0.63327,1.4844,1.4052
0.0887,-0.6497,1.5154,1.5175
0.0888,-0.66531,1.5441,1.6279
0.0889,-0.68002,1.5703,1.7361
0.089,-0.69384,1.594,1.8418
0.0891,-0.70675,1.6153,1.9448
0.0892,-0.71871,1.6341,2.045
0.0893,-0.7297,1.6506,2.1422
0.0894,-0.73972,1.6647,2.2363
0.0895,-0.74877,1.6766,2.327
0.0896,-0.75681,1.6862,2.4143
0.0897,-0.76388,1.6936,2.4981
0.0898,-0.77,1.6988,2.5782
0.0899,-0.77518,1.7016,2.6545
0.09,-0.77941,1.7022,2.7268
0.0901,-0.78274,1.7005,2.7949
0.0902,-0.78516,1.6965,2.859
0.0903,-0.78664,1.6902,2.9188
0.0904,-0.78718,1.6815,2.9745
0.0905,-0.78677,1.6705,3.0261
0.0906,-0.78533,1.6571,3.0735
0.0907,-0.78283,1.6415,3.1169
0.0908,-0.77921,1.6235,3.1562
0.0909,-0.77441,1.6033,3.1913
0.091,-0.76838,1.5809,3.2221
0.0911,-0.76108,1.5563,3.2484
0.0912,-0.75247,1.5295,3.2702
0.0913,-0.74249,1.5006,3.2872
0.0914,-0.73112,1.4696,3.2992
0.0915,-0.71838,1.4366,3.3064
0.0916,-0.70426,1.4015,3.3085
0.0917,-0.68879,1.3645,3.3057
0.0918,-0.67203,1.3257,3.2979
0.0919,-0.65406,1.285,3.2854
0.092,-0.63493,1.2427,3.268
0.0921,-0.61474,1.1987,3.2461
0.0922,-0.59359,1.1531,3.2195
0.0923,-0.57156,1.106,3.1884
0.0924,-0.54873,1.0573,3.1528
0.0925,-0.52521,1.0071,3.1129
0.0926,-0.50104,0.9554,3.0686
0.0927,-0.47628,0.90227,3.0202
0.0928,-0.45099,0.84778,2.9675
0.0929,-0.42522,0.79201,2.9109
0.093,-0.39897,0.73506,2.8504
0.0931,-0.37228,0.67706,2.786
0.0932,-0.34519,0.61812,2.7179
0.0933,-0.31771,0.55834,2.6461
0.0934,-0.28985,0.49781,2.5707
0.0935,-0.26168,0.43664,2.4916
0.0936,-0.23323,0.3749,2.4089
0.0937,-0.20455,0.31265,2.3225
0.0938,-0.17567,0.25,2.2326
0.0939,-0.14667,0.18702,2.1391
0.094,-0.11757,0.1238,2.0423
0.0941,-0.088434,0.060432,1.9422
0.0942,-0.059304,-0.0029898,1.8393
0.0943,-0.030227,-0.066387,1.7336
0.0944,-0.0012245,-0.12969,1.6254
0.0945,0.027663,-0.19284,1.5151
0.0946,0.056401,-0.25575,1.4027
0.0947,0.084963,-0.31838,1.2885
0.0948,0.11332,-0.38065,1.1725
0.0949,0.14144,-0.44249,1.0551
0.095,0.16929,-0.50384,0.93614
0.0951,0.19685,-0.56462,0.81593
0.0952,0.2241,-0.62473,0.69458
0.0953,0.25101,-0.68406,0.57225
0.0954,0.27755,-0.74252,0.44911
0.0955,0.30369,-0.79997,0.32534
0.0956,0.3294,-0.8563,0.20111
0.0957,0.35466,-0.91139,0.076566
0.0958,0.37946,-0.96514,-0.048145
0.0959,0.40376,-1.0174,-0.17289
0.096,0.42751,-1.0682,-0.29755
0.0961,0.45068,-1.1174,-0.42197
0.0962,0.47321,-1.1649,-0.54599
0.0963,0.49506,-1.2108,-0.66939
0.0964,0.51619,-1.2548,-0.79196
0.0965,0.53658,-1.297,-0.91345
0.0966,0.55619,-1.3372,-1.0336
0.0967,0.57501,-1.3755,-1.1522
0.0968,0.59305,-1.4116,-1.2689
0.0969,0.61028,-1.4455,-1.3835
0.097,0.6267,-1.4772,-1.496
0.0971,0.64233,-1.5067,-1.6061
0.0972,0.65716,-1.5338,-1.7138
0.0973,0.67117,-1.5587,-1.819
0.0974,0.68435,-1.5813,-1.9216
0.0975,0.69671,-1.6015,-2.0216
0.0976,0.70824,-1.6194,-2.1188
0.0977,0.7189,-1.6349,-2.2132
0.0978,0.7287,-1.648,-2.3047
0.0979,0.73763,-1.6586,-2.3931
0.098,0.74565,-1.6669,-2.4782
0.0981,0.75276,-1.6727,-2.5599
0.0982,0.75894,-1.676,-2.6381
0.0983,0.76416,-1.677,-2.7126
0.0984,0.76841,-1.6756,-2.7832
0.0985,0.77165,-1.6718,-2.8499
0.0986,0.77388,-1.6658,-2.9126
0.0987,0.77506,-1.6575,-2.971
0.0988,0.77517,-1.647,-3.0252
0.0989,0.77421,-1.6343,-3.075
0.099,0.77213,-1.6194,-3.1203
0.0991,0.76892,-1.6024,-3.161
0.0992,0.76454,-1.5832,-3.197
0.0993,0.75896,-1.5618,-3.2283
0.0994,0.75214,-1.5383,-3.2548
0.0995,0.74404,-1.5126,-3.2766
0.0996,0.73464,-1.4847,-3.2938
0.0997,0.72391,-1.4548,-3.3063
0.0998,0.71182,-1.4227,-3.3143
0.0999,0.69838,-1.3886,-3.3178
0.1,0.6836,-1.3524,-3.3169
0.1001,0.66749,-1.3142,-3.3114
0.1002,0.65011,-1.2741,-3.3015
0.1003,0.63151,-1.2321,-3.2871
0.1004,0.61175,-1.1883,-3.268
0.1005,0.59089,-1.1427,-3.2444
0.1006,0.56902,-1.0954,-3.2161
0.1007,0.54623,-1.0465,-3.1832
0.1008,0.52258,-0.99608,-3.1456
0.1009,0.49817,-0.9443,-3.1035
0.101,0.47307,-0.89124,-3.0568
0.1011,0.44735,-0.83702,-3.0058
0.1012,0.4211,-0.78171,-2.9504
0.1013,0.39437,-0.72537,-2.8908
0.1014,0.36723,-0.66806,-2.8272
0.1015,0.33974,-0.60984,-2.7595
0.1016,0.31196,-0.55076,-2.6879
0.1017,0.28393,-0.49086,-2.6126
0.1018,0.25568,-0.43021,-2.5336
0.1019,0.22726,-0.36887,-2.4512
0.102,0.1987,-0.30691,-2.3654
0.1021,0.17001,-0.2444,-2.2765
0.1022,0.14121,-0.18144,-2.1845
0.1023,0.11232,-0.11812,-2.0895
0.1024,0.083362,-0.054522,-1.9918
0.1025,0.05434,0.0092509,-1.8913
0.1026,0.025287,0.0731,-1.7882
0.1027,-0.003772,0.13693,-1.6825
0.1028,-0.032808,0.20063,-1.5743
0.1029,-0.061784,0.26411,-1.4636
0.103,-0.090657,0.32726,-1.3506
0.1031,-0.11939,0.38998,-1.2354
0.1032,-0.14793,0.45218,-1.1181
0.1033,-0.17624,0.51375,-0.99905
0.1034,-0.20426,0.57461,-0.8784
0.1035,-0.23195,0.63468,-0.75641
0.1036,-0.25927,0.69387,-0.63332
0.1037,-0.28617,0.75211,-0.50937
0.1038,-0.31261,0.80935,-0.38479
0.1039,-0.33856,0.86552,-0.2598
0.104,-0.36396,0.92056,-0.13459
0.1041,-0.38881,0.97443,-0.0093414
0.1042,-0.4131,1.027,0.11575
0.1043,-0.43682,1.0783,0.24051
0.1044,-0.45995,1.1282,0.36476
0.1045,-0.48247,1.1766,0.48834
0.1046,-0.50437,1.2234,0.61108
0.1047,-0.52564,1.2684,0.73284
0.1048,-0.54625,1.3115,0.85348
0.1049,-0.56621,1.3528,0.97288
0.105,-0.58548,1.3919,1.0909
0.1051,-0.60403,1.4289,1.2075
0.1052,-0.62185,1.4637,1.3226
0.1053,-0.6389,1.4962,1.4359
0.1054,-0.65514,1.5264,1.5474
0.1055,-0.67055,1.5542,1.6569
0.1056,-0.68509,1.5796,1.7642
0.1057,-0.69875,1.6027,1.8691
0.1058,-0.71148,1.6234,1.9714
0.1059,-0.72329,1.6416,2.0708
0.106,-0.73415,1.6575,2.1673
0.1061,-0.74406,1.671,2.2604
0.1062,-0.75301,1.6822,2.3502
0.1063,-0.76101,1.691,2.4364
0.1064,-0.76804,1.6975,2.519
0.1065,-0.77411,1.7018,2.5978
0.1066,-0.77921,1.7038,2.6728
0.1067,-0.78335,1.7036,2.7439
0.1068,-0.78653,1.701,2.811
0.1069,-0.78873,1.6962,2.8742
0.107,-0.78996,1.6891,2.9333
0.1071,-0.79019,1.6796,2.9883
0.1072,-0.7894,1.6679,3.0391
0.1073,-0.78758,1.6538,3.0857
0.1074,-0.78467,1.6374,3.128
0.1075,-0.78064,1.6187,3.166
0.1076,-0.77543,1.5977,3.1996
0.1077,-0.76901,1.5744,3.2287
0.1078,-0.76132,1.549,3.2533
0.1079,-0.75233,1.5214,3.2734
0.108,-0.742,1.4917,3.2888
0.1081,-0.7303,1.46,3.2994
0.1082,-0.71724,1.4263,3.3052
0.1083,-0.70283,1.3906,3.3062
0.1084,-0.68709,1.353,3.3023
0.1085,-0.67007,1.3136,3.2935
0.1086,-0.65184,1.2723,3.2798
0.1087,-0.63248,1.2293,3.2613
0.1088,-0.61206,1.1846,3.238
0.1089,-0.59067,1.1383,3.2102
0.109,-0.5684,1.0904,3.1778
0.1091,-0.54532,1.0409,3.141
0.1092,-0.52152,0.99003,3.1
0.1093,-0.49706,0.93775,3.0547
0.1094,-0.47201,0.88413,3.0052
0.1095,-0.44641,0.82924,2.9517
0.1096,-0.42032,0.77312,2.8942
0.1097,-0.39378,0.71584,2.8327
0.1098,-0.36683,0.6575,2.7673
0.1099,-0.3395,0.5982,2.698
0.11,-0.31183,0.53805,2.625
0.1101,-0.28385,0.47715,2.5481
0.1102,-0.25559,0.4156,2.4677
0.1103,-0.22708,0.35353,2.3836
0.1104,-0.19835,0.29101,2.2961
0.1105,-0.16944,0.22814,2.2052
0.1106,-0.1404,0.16499,2.111
0.1107,-0.11125,0.10165,2.0136
0.1108,-0.082046,0.038192,1.9132
0.1109,-0.052823,-0.025322,1.8099
0.111,-0.023626,-0.088818,1.7039
0.1111,0.0055051,-0.15223,1.5954
0.1112,0.034533,-0.21547,1.4845
0.1113,0.06342,-0.27848,1.3716
0.1114,0.092132,-0.34117,1.2568
0.1115,0.12063,-0.40347,1.1403
0.1116,0.1489,-0.46528,1.0223
0.1117,0.17689,-0.52654,0.90293
0.1118,0.20457,-0.58714,0.78242
0.1119,0.23192,-0.64699,0.66086
0.112,0.25891,-0.70602,0.53838
0.1121,0.28549,-0.76411,0.41511
0.1122,0.31165,-0.82118,0.2912
0.1123,0.33733,-0.87712,0.16678
0.1124,0.36254,-0.93183,0.042022
0.1125,0.38724,-0.98521,-0.082902
0.1126,0.41142,-1.0372,-0.20781
0.1127,0.43505,-1.0876,-0.33251
0.1128,0.45809,-1.1364,-0.45681
0.1129,0.48051,-1.1835,-0.58051
0.113,0.50227,-1.2288,-0.70342
0.1131,0.52335,-1.2723,-0.82534
0.1132,0.54371,-1.3138,-0.94607
0.1133,0.56332,-1.3534,-1.0654
0.1134,0.58216,-1.3909,-1.1832
0.1135,0.60022,-1.4264,-1.2992
0.1136,0.61747,-1.4596,-1.4133
0.1137,0.6339,-1.4907,-1.5252
0.1138,0.6495,-1.5195,-1.6349
0.1139,0.66426,-1.546,-1.7422
0.114,0.67819,-1.5701,-1.8469
0.1141,0.69126,-1.5919,-1.949
0.1142,0.70348,-1.6113,-2.0484
0.1143,0.71483,-1.6284,-2.1448
0.1144,0.72531,-1.643,-2.2384
0.1145,0.7349,-1.6552,-2.3289
0.1146,0.74359,-1.665,-2.4163
0.1147,0.75137,-1.6724,-2.5004
0.1148,0.75822,-1.6774,-2.5811
0.1149,0.76413,-1.68,-2.6582
0.115,0.76909,-1.6803,-2.7317
0.1151,0.77308,-1.6782,-2.8012
0.1152,0.77608,-1.6737,-2.8668
0.1153,0.77809,-1.667,-2.9282
0.1154,0.77907,-1.6579,-2.9853
0.1155,0.779,-1.6466,-3.0381
0.1156,0.77786,-1.6331,-3.0865
0.1157,0.7756,-1.6174,-3.1303
0.1158,0.77219,-1.5995,-3.1696
0.1159,0.76758,-1.5794,-3.2043
0.116,0.76173,-1.5572,-3.2344
0.1161,0.75461,-1.5329,-3.2599
0.1162,0.74617,-1.5064,-3.2807
0.1163,0.73638,-1.4778,-3.2969
0.1164,0.72522,-1.4471,-3.3085
0.1165,0.71268,-1.4143,-3.3155
0.1166,0.69879,-1.3794,-3.3178
0.1167,0.68353,-1.3425,-3.3156
0.1168,0.66697,-1.3035,-3.3088
0.1169,0.64914,-1.2627,-3.2974
0.117,0.63012,-1.2199,-3.2815
0.1171,0.60997,-1.1754,-3.261
0.1172,0.58877,-1.1292,-3.2359
0.1173,0.5666,-1.0813,-3.2063
0.1174,0.54353,-1.0318,-3.172
0.1175,0.51966,-0.98097,-3.1333
0.1176,0.49506,-0.92873,-3.09
0.1177,0.46979,-0.87522,-3.0422
0.1178,0.44394,-0.82052,-2.99
0.1179,0.41756,-0.7647,-2.9335
0.118,0.39072,-0.70783,-2.8727
0.1181,0.36347,-0.65,-2.808
0.1182,0.33586,-0.59127,-2.7393
0.1183,0.30794,-0.53171,-2.6667
0.1184,0.27974,-0.47139,-2.5906
0.1185,0.25131,-0.41038,-2.5109
0.1186,0.22268,-0.34872,-2.4277
0.1187,0.19389,-0.2865,-2.3413
0.1188,0.16496,-0.22377,-2.2517
0.1189,0.13592,-0.16061,-2.1589
0.119,0.10681,-0.097104,-2.0632
0.1191,0.077635,-0.033348,-1.9646
0.1192,0.048436,0.030563,-1.8632
0.1193,0.019235,0.094522,-1.7591
0.1194,-0.0099403,0.15842,-1.6524
0.1195,-0.039061,0.22216,-1.5433
0.1196,-0.068097,0.28563,-1.4318
0.1197,-0.097013,0.34872,-1.3182
0.1198,-0.12577,0.41135,-1.2025
0.1199,-0.15433,0.47341,-1.0849
0.12,-0.18266,0.53483,-0.96557
0.1201,-0.2107,0.59553,-0.84476
0.1202,-0.23841,0.65542,-0.72265
0.1203,-0.26575,0.71443,-0.59946
0.1204,-0.29272,0.76736,-0.48524
0.1205,-0.31976,0.77344,-0.46022
0.1206,-0.34638,0.77922,-0.43512
0.1207,-0.37252,0.78404,-0.40962
0.1208,-0.398,0.78726,-0.38375
0.1209,-0.4225,0.78898,-0.35745
0.121,-0.4464,0.78971,-0.3309
0.1211,-0.47006,0.78953,-0.304
0.1212,-0.49297,0.78783,-0.27684
0.1213,-0.51478,0.78434,-0.24933
0.1214,-0.53601,0.77951,-0.22156
0.1215,-0.55685,0.7739,-0.19356
0.1216,-0.57705,0.76751,-0.16555
0.1217,-0.59659,0.7601,-0.13741
0.1218,-0.61547,0.7514,-0.10898
0.1219,-0.63348,0.74128,-0.080214
0.122,-0.65071,0.72992,-0.051263
0.1221,-0.66749,0.71751,-0.022035
0.1222,-0.68365,0.70391,0.0074227
0.1223,-0.69887,0.68894,0.037052
0.1224,-0.71321,0.6728,0.066698
0.1225,-0.72685,0.65584,0.096191
