0.05,0.67126,0.019813,-0.66344
0.0501,0.6556,0.049339,-0.67818
0.0502,0.63879,0.078877,-0.69218
0.0503,0.6209,0.1083,-0.70536
0.0504,0.60199,0.13749,-0.71765
0.0505,0.58215,0.16633,-0.72897
0.0506,0.56146,0.1947,-0.73926
0.0507,0.54,0.2225,-0.74847
0.0508,0.51783,0.24967,-0.75655
0.0509,0.49501,0.27617,-0.76348
0.051,0.47158,0.30197,-0.76923
0.0511,0.44754,0.3271,-0.77379
0.0512,0.42292,0.35162,-0.77721
0.0513,0.39771,0.3756,-0.77951
0.0514,0.37196,0.39913,-0.78075
0.0515,0.34567,0.42226,-0.781
0.0516,0.3189,0.44506,-0.7803
0.0517,0.29168,0.46754,-0.77868
0.0518,0.26406,0.48968,-0.77617
0.0519,0.2361,0.51146,-0.77274
0.052,0.20783,0.53284,-0.76837
0.0521,0.17932,0.55375,-0.76301
0.0522,0.15063,0.57411,-0.7566
0.0523,0.12181,0.59382,-0.74908
0.0524,0.092952,0.61278,-0.74036
0.0525,0.064112,0.6309,-0.73039
0.0526,0.035348,0.64806,-0.71911
0.0527,0.0067074,0.66419,-0.70646
0.0528,-0.02178,0.67921,-0.69242
0.0529,-0.050105,0.69309,-0.67697
0.053,-0.078267,0.70583,-0.66012
0.0531,-0.10626,0.71744,-0.64193
0.0532,-0.1341,0.72797,-0.62249
0.0533,-0.16176,0.73749,-0.60191
0.0534,-0.18923,0.74606,-0.58032
0.0535,-0.21648,0.75374,-0.55784
0.0536,-0.24349,0.76061,-0.53462
0.0537,-0.27022,0.76671,-0.51077
0.0538,-0.29663,0.77207,-0.48639
0.0539,-0.32269,0.77672,-0.46158
0.054,-0.34835,0.78065,-0.4364
0.0541,-0.37357,0.78383,-0.41091
0.0542,-0.39831,0.78621,-0.38516
0.0543,-0.4225,0.7877,-0.35915
0.0544,-0.44608,0.78822,-0.33291
0.0545,-0.46897,0.78764,-0.3064
0.0546,-0.49113,0.78585,-0.2796
0.0547,-0.51253,0.78277,-0.25249
0.0548,-0.53314,0.77828,-0.22502
0.0549,-0.55295,0.77235,-0.19717
0.055,-0.57198,0.76493,-0.16894
0.0551,-0.59023,0.75602,-0.14035
0.0552,-0.6077,0.74566,-0.11144
0.0553,-0.6244,0.73388,-0.082279
0.0554,-0.64034,0.72076,-0.052935
0.0555,-0.65551,0.70636,-0.023496
0.0556,-0.66992,0.69081,0.0059434
0.0557,-0.68356,0.67419,0.03529
0.0558,-0.69644,0.65662,0.064451
0.0559,-0.70854,0.63819,0.093334
0.056,-0.71983,0.619,0.12186
0.0561,-0.73029,0.59911,0.14995
0.0562,-0.73986,0.57857,0.17755
0.0563,-0.7485,0.55741,0.20464
0.0564,-0.75616,0.53562,0.23121
0.0565,-0.76281,0.51319,0.25727
0.0566,-0.7684,0.49009,0.28285
0.0567,-0.77291,0.46629,0.30798
0.0568,-0.77633,0.44177,0.33271
0.0569,-0.77865,0.41653,0.35707
0.057,-0.77985,0.39058,0.38108
0.0571,-0.77995,0.36394,0.40475
0.0572,-0.77892,0.33666,0.42805
0.0573,-0.77677,0.30881,0.45093
0.0574,-0.77352,0.28049,0.47335
0.0575,-0.76916,0.25179,0.49524
0.0576,-0.76371,0.22282,0.51653
0.0577,-0.75715,0.19371,0.53714
0.0578,-0.7495,0.16456,0.55699
0.0579,-0.74074,0.13548,0.576
0.058,-0.73084,0.10656,0.59411
0.0581,-0.71978,0.077843,0.61124
0.0582,-0.70754,0.049369,0.62737
0.0583,-0.6941,0.02114,0.64247
0.0584,-0.67946,-0.006857,0.65654
0.0585,-0.66363,-0.034657,0.66962
0.0586,-0.64663,-0.062299,0.68173
0.0587,-0.62852,-0.089823,0.69293
0.0588,-0.60932,-0.11726,0.70325
0.0589,-0.58911,-0.14464,0.71274
0.059,-0.56792,-0.17197,0.72142
0.0591,-0.54584,-0.19924,0.72933
0.0592,-0.52292,-0.22643,0.73647
0.0593,-0.49924,-0.25348,0.74284
0.0594,-0.47489,-0.28032,0.74842
0.0595,-0.44995,-0.30685,0.75317
0.0596,-0.4245,-0.33297,0.75704
0.0597,-0.39862,-0.3586,0.75998
0.0598,-0.37238,-0.38362,0.76189
0.0599,-0.34584,-0.40792,0.76271
0.06,-0.31902,-0.43143,0.76234
0.0601,-0.29197,-0.45408,0.76072
0.0602,-0.2647,-0.47582,0.75779
0.0603,-0.23722,-0.49666,0.75352
0.0604,-0.20953,-0.5166,0.74787
0.0605,-0.18164,-0.53567,0.74086
0.0606,-0.15355,-0.55392,0.73249
0.0607,-0.12527,-0.5714,0.72281
0.0608,-0.096813,-0.58817,0.71184
0.0609,-0.068183,-0.60426,0.69965
0.061,-0.039409,-0.61974,0.6863
0.0611,-0.010528,-0.63462,0.67185
0.0612,0.018409,-0.64892,0.65639
0.0613,0.047339,-0.66262,0.63996
0.0614,0.07619,-0.67568,0.62263
0.0615,0.10488,-0.68806,0.60444
0.0616,0.13334,-0.69966,0.58542
0.0617,0.16149,-0.71042,0.5656
0.0618,0.18926,-0.72023,0.54497
0.0619,0.21661,-0.72901,0.52354
0.062,0.24349,-0.73669,0.5013
0.0621,0.26987,-0.74321,0.47827
0.0622,0.29573,-0.74851,0.45446
0.0623,0.32104,-0.75259,0.42988
0.0624,0.34581,-0.75542,0.40457
0.0625,0.37006,-0.75702,0.37858
0.0626,0.39378,-0.75743,0.35198
0.0627,0.41699,-0.75669,0.32482
0.0628,0.43967,-0.75483,0.2972
0.0629,0.46184,-0.75192,0.2692
0.063,0.48347,-0.74801,0.24091
0.0631,0.50455,-0.74313,0.21243
0.0632,0.52506,-0.73729,0.18385
0.0633,0.54494,-0.73049,0.15523
0.0634,0.56416,-0.72271,0.12665
0.0635,0.58266,-0.7139,0.098136
0.0636,0.6004,-0.70401,0.069721
0.0637,0.61732,-0.69298,0.04141
0.0638,0.58003,-0.69673,-0.22849
0.0639,0.56102,-0.69275,-0.4107
0.064,0.54202,-0.68693,-0.58687
0.0641,0.5234,-0.68051,-0.76033
0.0642,0.50634,-0.67309,-0.92968
0.0643,0.48903,-0.66371,-1.0939
0.0644,0.47011,-0.65288,-1.2552
0.0645,0.45118,-0.64168,-1.4168
0.0646,0.43286,-0.63034,-1.5795
0.0647,0.41305,-0.6182,-1.742
0.0648,0.39157,-0.60475,-1.9029
0.0649,0.36949,-0.58979,-2.0616
0.065,0.34682,-0.57381,-2.2175
0.0651,0.32388,-0.55732,-2.3694
0.0652,0.30169,-0.54056,-2.5165
0.0653,0.27926,-0.52304,-2.659
0.0654,0.25546,-0.50519,-2.7983
0.0655,0.23074,-0.48742,-2.9365
0.0656,0.20557,-0.46972,-3.0738
0.0657,0.17923,-0.45165,-3.2093
0.0658,0.15166,-0.43297,-3.3415
0.0659,0.12359,-0.41332,-3.4696
0.066,0.095212,-0.39298,-3.5928
0.0661,0.066746,-0.3723,-3.7099
0.0662,0.039046,-0.35139,-3.8191
0.0663,0.012226,-0.3298,-3.9191
0.0664,-0.014124,-0.30776,-4.0098
0.0665,-0.039624,-0.28559,-4.0931
0.0666,-0.064342,-0.2632,-4.1705
0.0667,-0.089862,-0.23994,-4.2426
0.0668,-0.11693,-0.21588,-4.3094
0.0669,-0.14457,-0.19127,-4.3724
0.067,-0.17244,-0.16645,-4.4318
0.0671,-0.20117,-0.14158,-4.4866
0.0672,-0.23047,-0.11688,-4.5357
0.0673,-0.25974,-0.092202,-4.5791
0.0674,-0.28922,-0.067741,-4.6161
0.0675,-0.31868,-0.043685,-4.6461
0.0676,-0.34728,-0.019953,-4.669
0.0677,-0.3752,0.0039576,-4.6849
0.0678,-0.40314,0.027948,-4.6941
0.0679,-0.43067,0.051852,-4.6969
0.068,-0.45725,0.075547,-4.6939
0.0681,-0.48312,0.099039,-4.6848
0.0682,-0.50815,0.12206,-4.6689
0.0683,-0.53164,0.14478,-4.6457
0.0684,-0.55366,0.1674,-4.6154
0.0685,-0.57463,0.18993,-4.5777
0.0686,-0.59425,0.21231,-4.5327
0.0687,-0.6125,0.23487,-4.4806
0.0688,-0.62985,0.25755,-4.4212
0.0689,-0.64606,0.28002,-4.3555
0.069,-0.66082,0.30196,-4.2843
0.0691,-0.67482,0.32346,-4.2081
0.0692,-0.68853,0.34441,-4.1268
0.0693,-0.70154,0.36475,-4.041
0.0694,-0.71377,0.38442,-3.9506
0.0695,-0.72553,0.40353,-3.8555
0.0696,-0.73656,0.42208,-3.7552
0.0697,-0.74664,0.44021,-3.6496
0.0698,-0.75607,0.45774,-3.5387
0.0699,-0.76459,0.47448,-3.4222
0.07,-0.77147,0.49027,-3.3002
0.0701,-0.77673,0.50526,-3.1727
0.0702,-0.78067,0.51936,-3.0397
0.0703,-0.78297,0.53274,-2.9019
0.0704,-0.78366,0.54561,-2.7597
0.0705,-0.78335,0.55813,-2.6134
0.0706,-0.78197,0.57015,-2.4634
0.0707,-0.77907,0.58176,-2.3102
0.0708,-0.77497,0.5929,-2.1539
0.0709,-0.77002,0.6033,-1.9949
0.071,-0.76389,0.6127,-1.8335
0.0711,-0.75662,0.62122,-1.6702
0.0712,-0.74874,0.6288,-1.5046
0.0713,-0.7401,0.63531,-1.337
0.0714,-0.73027,0.64072,-1.1679
0.0715,-0.71969,0.64521,-0.99741
0.0716,-0.70877,0.64863,-0.82554
0.0717,-0.69721,0.65086,-0.65271
0.0718,-0.68485,0.65179,-0.47938
0.0719,-0.6719,0.65131,-0.30555
0.072,-0.65812,0.64927,-0.13115
0.0721,-0.6432,0.64582,0.043573
0.0722,-0.62737,0.64107,0.2185
0.0723,-0.61074,0.63516,0.39361
0.0724,-0.59299,0.62816,0.56886
0.0725,-0.5741,0.62029,0.74404
0.0726,-0.55422,0.61155,0.91895
0.0727,-0.53322,0.60193,1.0931
0.0728,-0.51115,0.59148,1.266
0.0729,-0.48849,0.58025,1.4369
0.073,-0.46542,0.56817,1.6054
0.0731,-0.44185,0.55536,1.7707
0.0732,-0.41808,0.54191,1.9327
0.0733,-0.39435,0.52787,2.0913
0.0734,-0.37044,0.51317,2.2462
0.0735,-0.3464,0.49791,2.3973
0.0736,-0.32249,0.48199,2.5451
0.0737,-0.29844,0.46529,2.6896
0.0738,-0.27384,0.44775,2.8306
0.0739,-0.24887,0.42943,2.9681
0.074,-0.22366,0.41032,3.1021
0.0741,-0.19802,0.39059,3.2319
0.0742,-0.17207,0.37039,3.3572
0.0743,-0.14607,0.34979,3.4776
0.0744,-0.11978,0.32878,3.5931
0.0745,-0.09289,0.30747,3.7032
0.0746,-0.065536,0.28584,3.8081
0.0747,-0.037743,0.26385,3.9078
0.0748,-0.0092262,0.24148,4.0021
0.0749,0.019948,0.2189,4.091
0.075,0.0495,0.19613,4.1744
0.0751,0.079465,0.17321,4.2522
0.0752,0.10978,0.15026,4.3239
0.0753,0.13997,0.12737,4.3891
0.0754,0.16974,0.10439,4.4475
0.0755,0.19912,0.081247,4.4987
0.0756,0.22798,0.057903,4.5428
0.0757,0.25615,0.034278,4.5799
0.0758,0.28383,0.010281,4.6102
0.0759,0.31107,-0.013961,4.6339
0.076,0.33771,-0.038323,4.6513
0.0761,0.36374,-0.062704,4.6629
0.0762,0.38939,-0.08705,4.6685
0.0763,0.41457,-0.11125,4.6684
0.0764,0.43922,-0.1353,4.6623
0.0765,0.4634,-0.15919,4.65
0.0766,0.48701,-0.18287,4.6312
0.0767,0.50981,-0.20631,4.6056
0.0768,0.5318,-0.22949,4.5731
0.0769,0.55304,-0.25228,4.5337
0.077,0.57337,-0.2746,4.4877
0.0771,0.59273,-0.29639,4.4351
0.0772,0.61122,-0.31763,4.3761
0.0773,0.62873,-0.33829,4.3111
0.0774,0.6451,-0.35847,4.2401
0.0775,0.66044,-0.37826,4.1632
0.0776,0.67479,-0.39769,4.0804
0.0777,0.6879,-0.41677,3.9916
0.0778,0.69966,-0.43556,3.897
0.0779,0.71015,-0.45397,3.7962
0.078,0.71925,-0.47195,3.6897
0.0781,0.72689,-0.48946,3.5777
0.0782,0.73336,-0.50655,3.4605
0.0783,0.73886,-0.52314,3.3386
0.0784,0.74337,-0.53921,3.2124
0.0785,0.74696,-0.55478,3.0823
0.0786,0.74985,-0.56978,2.9485
0.0787,0.75197,-0.58408,2.8112
0.0788,0.75319,-0.59763,2.6703
0.0789,0.75354,-0.61032,2.5258
0.079,0.75294,-0.62205,2.3776
0.0791,0.75113,-0.63277,2.2256
0.0792,0.74806,-0.64252,2.0699
0.0793,0.74384,-0.65132,1.9108
0.0794,0.7384,-0.65917,1.7485
0.0795,0.73175,-0.66614,1.5834
0.0796,0.72404,-0.67223,1.4161
0.0797,0.71524,-0.67736,1.2468
0.0798,0.70528,-0.68149,1.076
0.0799,0.69422,-0.68458,0.90404
0.08,0.68217,-0.68659,0.731
0.0801,0.66909,-0.6875,0.55711
0.0802,0.65502,-0.68732,0.38249
0.0803,0.64009,-0.68606,0.20725
0.0804,0.62431,-0.68371,0.031578
0.0805,0.60769,-0.68027,-0.14421
0.0806,0.59041,-0.67574,-0.31982
0.0807,0.57261,-0.67005,-0.49487
0.0808,0.55428,-0.66319,-0.66896
0.0809,0.5355,-0.65515,-0.84177
0.081,0.51636,-0.64592,-1.0131
0.0811,0.49677,-0.63555,-1.1828
0.0812,0.47667,-0.62414,-1.3506
0.0813,0.45614,-0.61176,-1.5167
0.0814,0.43512,-0.59848,-1.6808
0.0815,0.41343,-0.58436,-1.843
0.0816,0.39105,-0.56948,-2.0031
0.0817,0.36801,-0.55387,-2.1608
0.0818,0.34426,-0.53758,-2.3159
0.0819,0.31985,-0.52069,-2.4678
0.082,0.295,-0.50331,-2.6162
0.0821,0.26981,-0.48546,-2.7607
0.0822,0.24429,-0.46723,-2.9008
0.0823,0.21854,-0.44866,-3.0364
0.0824,0.19269,-0.42976,-3.1672
0.0825,0.16667,-0.41047,-3.2932
0.0826,0.14046,-0.39078,-3.4143
0.0827,0.1141,-0.37063,-3.5305
0.0828,0.087539,-0.34997,-3.6417
0.0829,0.060654,-0.32878,-3.7478
0.083,0.033495,-0.30709,-3.8488
0.0831,0.0061012,-0.28492,-3.9444
0.0832,-0.02154,-0.26231,-4.0345
0.0833,-0.049419,-0.23929,-4.1186
0.0834,-0.077486,-0.21589,-4.1968
0.0835,-0.1058,-0.19211,-4.2689
0.0836,-0.13442,-0.168,-4.3348
0.0837,-0.16329,-0.14359,-4.3946
0.0838,-0.19238,-0.11897,-4.4482
0.0839,-0.22168,-0.094233,-4.4957
0.084,-0.25108,-0.069489,-4.537
0.0841,-0.28044,-0.044831,-4.5721
0.0842,-0.30966,-0.020337,-4.601
0.0843,-0.3386,0.003937,-4.6233
0.0844,-0.36701,0.027969,-4.6389
0.0845,-0.39474,0.051793,-4.6477
0.0846,-0.4217,0.075444,-4.6495
0.0847,-0.44774,0.09895,-4.6443
0.0848,-0.47276,0.12233,-4.6322
0.0849,-0.49679,0.1456,-4.6132
0.085,-0.51978,0.1687,-4.5877
0.0851,-0.54168,0.19164,-4.5557
0.0852,-0.56254,0.2144,-4.5175
0.0853,-0.58245,0.23699,-4.4732
0.0854,-0.60141,0.25937,-4.4229
0.0855,-0.61943,0.28155,-4.3666
0.0856,-0.63656,0.3035,-4.3044
0.0857,-0.65278,0.32515,-4.236
0.0858,-0.66803,0.34644,-4.1617
0.0859,-0.68231,0.3673,-4.0812
0.086,-0.69568,0.38763,-3.9948
0.0861,-0.70809,0.40737,-3.9025
0.0862,-0.71953,0.42647,-3.8046
0.0863,-0.73005,0.44491,-3.7012
0.0864,-0.7396,0.46267,-3.5925
0.0865,-0.74813,0.47974,-3.4788
0.0866,-0.75561,0.49614,-3.3601
0.0867,-0.762,0.51186,-3.2366
0.0868,-0.76717,0.52688,-3.1084
0.0869,-0.77104,0.54122,-2.9755
0.087,-0.77357,0.55489,-2.8381
0.0871,-0.77473,0.56789,-2.6964
0.0872,-0.7745,0.58026,-2.5507
0.0873,-0.77299,0.59201,-2.4012
0.0874,-0.77028,0.60315,-2.2484
0.0875,-0.76643,0.61365,-2.0925
0.0876,-0.76155,0.62347,-1.9341
0.0877,-0.75576,0.63255,-1.7733
0.0878,-0.74908,0.64079,-1.6104
0.0879,-0.74155,0.6481,-1.4455
0.088,-0.73322,0.65439,-1.2788
0.0881,-0.72406,0.65959,-1.1104
0.0882,-0.71402,0.66362,-0.94029
0.0883,-0.70311,0.66646,-0.76863
0.0884,-0.69134,0.66804,-0.59558
0.0885,-0.67866,0.66833,-0.42139
0.0886,-0.66507,0.66734,-0.24635
0.0887,-0.65061,0.66504,-0.070759
0.0888,-0.63525,0.66143,0.10507
0.0889,-0.61896,0.65656,0.28081
0.089,-0.60178,0.65049,0.45618
0.0891,-0.58375,0.64328,0.63095
0.0892,-0.56485,0.63504,0.80488
0.0893,-0.54511,0.62585,0.97773
0.0894,-0.5246,0.61579,1.1493
0.0895,-0.50336,0.60492,1.3194
0.0896,-0.48141,0.59329,1.4877
0.0897,-0.45889,0.58094,1.6538
0.0898,-0.43591,0.56788,1.8175
0.0899,-0.41254,0.55412,1.9785
0.09,-0.38887,0.53967,2.1364
0.0901,-0.36501,0.52454,2.2909
0.0902,-0.34097,0.50873,2.442
0.0903,-0.31677,0.49224,2.5893
0.0904,-0.29241,0.47508,2.733
0.0905,-0.26786,0.45723,2.8728
0.0906,-0.24302,0.43871,3.0088
0.0907,-0.21785,0.41953,3.1408
0.0908,-0.19229,0.39973,3.2687
0.0909,-0.1663,0.37936,3.3923
0.091,-0.13986,0.35848,3.5114
0.0911,-0.11299,0.33718,3.6256
0.0912,-0.085699,0.31551,3.7348
0.0913,-0.057974,0.29353,3.8385
0.0914,-0.029854,0.27129,3.9367
0.0915,-0.0013743,0.24881,4.0291
0.0916,0.027446,0.22611,4.1155
0.0917,0.05655,0.20321,4.1959
0.0918,0.085852,0.18013,4.2703
0.0919,0.11528,0.15687,4.3384
0.092,0.14476,0.13345,4.4004
0.0921,0.17414,0.10989,4.4561
0.0922,0.2033,0.086183,4.5054
0.0923,0.23215,0.062343,4.5482
0.0924,0.26059,0.038367,4.5845
0.0925,0.28853,0.014252,4.6143
0.0926,0.31593,-0.0099944,4.6374
0.0927,0.34277,-0.034339,4.6539
0.0928,0.36903,-0.058736,4.6639
0.0929,0.3947,-0.083151,4.6675
0.093,0.4198,-0.10752,4.6647
0.0931,0.44431,-0.13176,4.6556
0.0932,0.46822,-0.15581,4.6402
0.0933,0.49151,-0.1796,4.6186
0.0934,0.51414,-0.20308,4.5906
0.0935,0.53601,-0.22619,4.5561
0.0936,0.55707,-0.24891,4.5152
0.0937,0.57723,-0.27121,4.4677
0.0938,0.59642,-0.29307,4.4136
0.0939,0.61456,-0.31447,4.353
0.094,0.63161,-0.3354,4.2859
0.0941,0.64754,-0.35588,4.2125
0.0942,0.66231,-0.37592,4.133
0.0943,0.67594,-0.39552,4.0475
0.0944,0.68844,-0.41472,3.9564
0.0945,0.69981,-0.43353,3.8597
0.0946,0.71006,-0.45193,3.7576
0.0947,0.71919,-0.46993,3.6503
0.0948,0.72722,-0.48748,3.5378
0.0949,0.73414,-0.50456,3.4204
0.095,0.73997,-0.52112,3.2982
0.0951,0.74475,-0.53712,3.1714
0.0952,0.7485,-0.5525,3.0401
0.0953,0.75124,-0.56722,2.9046
0.0954,0.75301,-0.58123,2.7651
0.0955,0.7538,-0.59447,2.6219
0.0956,0.7536,-0.6069,2.4751
0.0957,0.7524,-0.61848,2.3249
0.0958,0.75017,-0.62916,2.1714
0.0959,0.74686,-0.63891,2.0148
0.096,0.74243,-0.6477,1.8553
0.0961,0.73686,-0.65552,1.6929
0.0962,0.73011,-0.66238,1.5279
0.0963,0.72218,-0.66825,1.3605
0.0964,0.7131,-0.67314,1.1909
0.0965,0.7029,-0.67703,1.0197
0.0966,0.69163,-0.67988,0.84694
0.0967,0.67937,-0.68167,0.67314
0.0968,0.66618,-0.68238,0.49856
0.0969,0.65214,-0.68196,0.32351
0.097,0.6373,-0.68039,0.14824
0.0971,0.62172,-0.67768,-0.027041
0.0972,0.60546,-0.67381,-0.20215
0.0973,0.58852,-0.66877,-0.37692
0.0974,0.57095,-0.66259,-0.55116
0.0975,0.55278,-0.65527,-0.72469
0.0976,0.53401,-0.64683,-0.89728
0.0977,0.51466,-0.63728,-1.0687
0.0978,0.49474,-0.62667,-1.2387
0.0979,0.47428,-0.61504,-1.407
0.098,0.45326,-0.60244,-1.5734
0.0981,0.4317,-0.58895,-1.7376
0.0982,0.40962,-0.57462,-1.8994
0.0983,0.387,-0.55953,-2.0585
0.0984,0.36385,-0.54375,-2.2148
0.0985,0.3402,-0.52735,-2.3681
0.0986,0.31605,-0.51037,-2.5182
0.0987,0.29145,-0.49287,-2.6647
0.0988,0.26646,-0.4749,-2.8075
0.0989,0.24113,-0.45648,-2.9462
0.099,0.21553,-0.43764,-3.0807
0.0991,0.18971,-0.41839,-3.2106
0.0992,0.16371,-0.39874,-3.3357
0.0993,0.13755,-0.37867,-3.4558
0.0994,0.11123,-0.35816,-3.5707
0.0995,0.084718,-0.3372,-3.6805
0.0996,0.057984,-0.31577,-3.7849
0.0997,0.030966,-0.29386,-3.8839
0.0998,0.0036209,-0.27148,-3.9775
0.0999,-0.024081,-0.24864,-4.0655
0.1,-0.052159,-0.22537,-4.1479
0.1001,-0.080606,-0.20173,-4.2246
0.1002,-0.10938,-0.17775,-4.2953
0.1003,-0.13844,-0.15351,-4.36
0.1004,-0.16771,-0.12905,-4.4185
0.1005,-0.1971,-0.10445,-4.4707
0.1006,-0.22652,-0.079757,-4.5164
0.1007,-0.25587,-0.055039,-4.5557
0.1008,-0.28502,-0.030359,-4.5884
0.1009,-0.31387,-0.0057732,-4.6146
0.101,-0.3423,0.018672,-4.6342
0.1011,-0.37021,0.042937,-4.6471
0.1012,-0.39748,0.067012,-4.6535
0.1013,-0.42401,0.090902,-4.6532
0.1014,-0.44971,0.11462,-4.6463
0.1015,-0.47452,0.13816,-4.6327
0.1016,-0.49836,0.16154,-4.6125
0.1017,-0.5212,0.18475,-4.5856
0.1018,-0.54303,0.2078,-4.5523
0.1019,-0.56385,0.23067,-4.5125
0.102,-0.58367,0.25335,-4.4663
0.1021,-0.60252,0.27579,-4.414
0.1022,-0.62043,0.29798,-4.3555
0.1023,-0.63742,0.31986,-4.291
0.1024,-0.65352,0.34139,-4.2207
0.1025,-0.66872,0.36253,-4.1444
0.1026,-0.68301,0.38321,-4.0623
0.1027,-0.69636,0.40339,-3.9745
0.1028,-0.70875,0.42301,-3.8808
0.1029,-0.72013,0.44202,-3.7816
0.103,-0.73047,0.46039,-3.6767
0.1031,-0.73972,0.4781,-3.5664
0.1032,-0.74786,0.49512,-3.4509
0.1033,-0.75485,0.51147,-3.3303
0.1034,-0.76067,0.52713,-3.2048
0.1035,-0.7653,0.54211,-3.0747
0.1036,-0.76873,0.55643,-2.9403
0.1037,-0.77095,0.57009,-2.8017
0.1038,-0.77195,0.5831,-2.6591
0.1039,-0.77174,0.59544,-2.5128
0.104,-0.77033,0.60711,-2.363
0.1041,-0.76775,0.6181,-2.2099
0.1042,-0.76405,0.62837,-2.0538
0.1043,-0.75929,0.63789,-1.8948
0.1044,-0.75353,0.64661,-1.7332
0.1045,-0.74683,0.65447,-1.5694
0.1046,-0.73922,0.66139,-1.4035
0.1047,-0.73073,0.66731,-1.2357
0.1048,-0.72139,0.67214,-1.0663
0.1049,-0.71119,0.67582,-0.89541
0.105,-0.70013,0.67829,-0.72327
0.1051,-0.6882,0.6795,-0.55001
0.1052,-0.67536,0.67942,-0.37581
0.1053,-0.66161,0.67804,-0.20087
0.1054,-0.64693,0.67538,-0.025408
0.1055,-0.63132,0.67145,0.15033
0.1056,-0.61481,0.66629,0.32605
0.1057,-0.5974,0.65996,0.50147
0.1058,-0.57913,0.65253,0.67627
0.1059,-0.56007,0.64405,0.85013
0.106,-0.54025,0.63461,1.0227
0.1061,-0.51975,0.62426,1.1938
0.1062,-0.49862,0.61308,1.3631
0.1063,-0.47692,0.60112,1.5304
0.1064,-0.45471,0.58841,1.6954
0.1065,-0.43204,0.57499,1.8578
0.1066,-0.40896,0.56087,2.0176
0.1067,-0.38552,0.54606,2.1745
0.1068,-0.36176,0.53056,2.3282
0.1069,-0.33771,0.51439,2.4785
0.107,-0.31339,0.49754,2.6254
0.1071,-0.28882,0.48003,2.7685
0.1072,-0.26399,0.46187,2.9077
0.1073,-0.23889,0.44307,3.0428
0.1074,-0.2135,0.42366,3.1737
0.1075,-0.18777,0.40367,3.3002
0.1076,-0.16168,0.38315,3.4222
0.1077,-0.13518,0.36213,3.5394
0.1078,-0.10826,0.34067,3.6518
0.1079,-0.080924,0.31882,3.759
0.108,-0.05316,0.29662,3.861
0.1081,-0.024999,0.27414,3.9575
0.1082,0.0035163,0.25139,4.0483
0.1083,0.032326,0.22843,4.1332
0.1084,0.06136,0.20526,4.2121
0.1085,0.090541,0.1819,4.2847
0.1086,0.11978,0.15836,4.351
0.1087,0.149,0.13466,4.411
0.1088,0.17811,0.11079,4.4646
0.1089,0.20703,0.086769,4.5118
0.109,0.23568,0.062609,4.5526
0.1091,0.26399,0.03833,4.5869
0.1092,0.2919,0.013954,4.6149
0.1093,0.31936,-0.010491,4.6364
0.1094,0.3463,-0.03497,4.6514
0.1095,0.37269,-0.059451,4.66
0.1096,0.39849,-0.083906,4.662
0.1097,0.42366,-0.10829,4.6576
0.1098,0.44818,-0.13255,4.6466
0.1099,0.47201,-0.15663,4.6292
0.11,0.49512,-0.18046,4.6053
0.1101,0.51746,-0.20399,4.575
0.1102,0.53901,-0.22717,4.5382
0.1103,0.55971,-0.24997,4.4951
0.1104,0.5795,-0.27236,4.4455
0.1105,0.59834,-0.29431,4.3895
0.1106,0.61618,-0.31582,4.3271
0.1107,0.63295,-0.33689,4.2585
0.1108,0.64864,-0.35752,4.1836
0.1109,0.6632,-0.3777,4.1027
0.111,0.67664,-0.39744,4.0157
0.1111,0.68894,-0.41675,3.923
0.1112,0.70012,-0.43563,3.8246
0.1113,0.7102,-0.45406,3.7209
0.1114,0.7192,-0.47204,3.6119
0.1115,0.72714,-0.48955,3.498
0.1116,0.73403,-0.50654,3.3792
0.1117,0.73989,-0.52299,3.2557
0.1118,0.74472,-0.53886,3.1278
0.1119,0.74851,-0.55409,2.9955
0.112,0.75127,-0.56863,2.8591
0.1121,0.75297,-0.58245,2.7186
0.1122,0.75362,-0.5955,2.5742
0.1123,0.75318,-0.60774,2.4262
0.1124,0.75165,-0.61913,2.2747
0.1125,0.74903,-0.62965,2.1199
0.1126,0.74533,-0.63925,1.9621
0.1127,0.74054,-0.64792,1.8014
0.1128,0.73465,-0.65564,1.6382
0.1129,0.72766,-0.66238,1.4726
0.113,0.71958,-0.66812,1.3048
0.1131,0.71041,-0.67284,1.1352
0.1132,0.7002,-0.67651,0.9639
0.1133,0.68896,-0.67911,0.79123
0.1134,0.67676,-0.68061,0.61744
0.1135,0.66364,-0.68099,0.44283
0.1136,0.64965,-0.68022,0.26768
0.1137,0.63487,-0.67829,0.092244
0.1138,0.63637,-0.66943,-0.0042241
0.1139,0.65225,-0.65579,-0.034356
0.114,0.66765,-0.64155,-0.064354
0.1141,0.68217,-0.62584,-0.093927
0.1142,0.69525,-0.60857,-0.12289
0.1143,0.70706,-0.59011,-0.15141
0.1144,0.71828,-0.57059,-0.17987
0.1145,0.72863,-0.5498,-0.20812
0.1146,0.73733,-0.52753,-0.23566
0.1147,0.74452,-0.50386,-0.26259
0.1148,0.75095,-0.47938,-0.28934
0.1149,0.75683,-0.45467,-0.31585
0.115,0.76201,-0.42976,-0.3419
0.1151,0.76627,-0.40434,-0.36752
0.1152,0.76935,-0.37832,-0.39269
0.1153,0.77119,-0.35185,-0.41729
0.1154,0.77221,-0.32506,-0.44154
0.1155,0.77251,-0.29793,-0.4656
0.1156,0.7717,-0.27047,-0.4892
0.1157,0.7697,-0.24273,-0.51219
0.1158,0.76683,-0.21498,-0.53467
0.1159,0.76327,-0.18751,-0.55649
0.116,0.75876,-0.16023,-0.57749
0.1161,0.75298,-0.13272,-0.59778
0.1162,0.74576,-0.1048,-0.61742
0.1163,0.73705,-0.076513,-0.63628
0.1164,0.72685,-0.047789,-0.65438
0.1165,0.71501,-0.018489,-0.67165
0.1166,0.7013,0.01131,-0.68779
0.1167,0.68598,0.041321,-0.70279
0.1168,0.66964,0.071224,-0.71694
0.1169,0.65242,0.1008,-0.73019
0.117,0.634,0.13008,-0.74226
0.1171,0.61437,0.15922,-0.75336
0.1172,0.59381,0.18822,-0.76375
0.1173,0.57243,0.21688,-0.77337
0.1174,0.55031,0.24515,-0.78221
0.1175,0.52761,0.27309,-0.79045
0.1176,0.50435,0.30056,-0.7979
0.1177,0.48048,0.32735,-0.80424
0.1178,0.45618,0.35338,-0.80951
0.1179,0.43164,0.37865,-0.81385
0.118,0.40668,0.40322,-0.8171
0.1181,0.38113,0.42727,-0.81922
0.1182,0.35502,0.451,-0.82038
0.1183,0.32837,0.4744,-0.82053
0.1184,0.30114,0.49737,-0.81946
0.1185,0.27335,0.51993,-0.81721
0.1186,0.24512,0.54207,-0.8138
0.1187,0.21654,0.5636,-0.8091
0.1188,0.18772,0.58441,-0.80307
0.1189,0.15867,0.60456,-0.79578
0.119,0.12919,0.62415,-0.7871
0.1191,0.099291,0.64317,-0.77703
0.1192,0.069278,0.6615,-0.76579
0.1193,0.039357,0.67899,-0.75344
0.1194,0.009523,0.69555,-0.73985
0.1195,-0.020112,0.71108,-0.72506
0.1196,-0.049357,0.72544,-0.70913
0.1197,-0.078184,0.73854,-0.69199
0.1198,-0.10659,0.75042,-0.67372
0.1199,-0.13451,0.76122,-0.65454
0.12,-0.16208,0.77107,-0.63448
0.1201,-0.18951,0.78008,-0.61349
0.1202,-0.21682,0.78836,-0.59168
0.1203,-0.24393,0.79588,-0.56914
0.1204,-0.27086,0.8025,-0.54574
0.1205,-0.29756,0.80819,-0.52153
0.1206,-0.32388,0.81294,-0.49667
0.1207,-0.34981,0.81667,-0.47112
0.1208,-0.37541,0.81938,-0.44484
0.1209,-0.40067,0.8212,-0.41802
0.121,-0.42555,0.8222,-0.3908
0.1211,-0.45003,0.82228,-0.36318
0.1212,-0.47393,0.82137,-0.33525
0.1213,-0.49709,0.81938,-0.30719
0.1214,-0.51952,0.81618,-0.27885
0.1215,-0.5412,0.81161,-0.25018
0.1216,-0.56195,0.8056,-0.2213
0.1217,-0.58165,0.7981,-0.19232
0.1218,-0.60039,0.7891,-0.1632
0.1219,-0.61818,0.77868,-0.13403
0.122,-0.63503,0.76696,-0.10493
0.1221,-0.651,0.75395,-0.075863
0.1222,-0.66616,0.73967,-0.046768
0.1223,-0.68043,0.72418,-0.01775
0.1224,-0.6938,0.7075,0.011187
0.1225,-0.70637,0.6897,0.040124
