0.05,0.083467,0.028647,-0.085229
0.0501,0.080428,0.031869,-0.086314
0.0502,0.077118,0.035043,-0.087415
0.0503,0.073566,0.038164,-0.088533
0.0504,0.069805,0.041225,-0.089666
0.0505,0.065863,0.044224,-0.090816
0.0506,0.061773,0.047147,-0.091968
0.0507,0.057561,0.049983,-0.093109
0.0508,0.053254,0.052724,-0.094222
0.0509,0.048874,0.055356,-0.095291
0.051,0.044448,0.057862,-0.096286
0.0511,0.039996,0.060229,-0.09719
0.0512,0.035535,0.062464,-0.097988
0.0513,0.031085,0.064573,-0.09866
0.0514,0.026662,0.066553,-0.099193
0.0515,0.022276,0.068415,-0.099582
0.0516,0.017941,0.070175,-0.099807
0.0517,0.013667,0.071841,-0.099862
0.0518,0.0094632,0.073427,-0.099737
0.0519,0.0053332,0.074951,-0.099424
0.052,0.0012863,0.076424,-0.09891
0.0521,-0.0026728,0.077857,-0.098182
0.0522,-0.0065408,0.079265,-0.097228
0.0523,-0.010316,0.080655,-0.096033
0.0524,-0.013993,0.082027,-0.094582
0.0525,-0.017574,0.083387,-0.092862
0.0526,-0.02106,0.084733,-0.090865
0.0527,-0.024452,0.086059,-0.088581
0.0528,-0.027751,0.087355,-0.086006
0.0529,-0.030963,0.088611,-0.083139
0.053,-0.03409,0.089824,-0.079987
0.0531,-0.037134,0.090978,-0.076558
0.0532,-0.040097,0.092066,-0.072871
0.0533,-0.042981,0.093085,-0.06895
0.0534,-0.045784,0.094025,-0.064821
0.0535,-0.048504,0.094893,-0.060517
0.0536,-0.051135,0.095686,-0.056075
0.0537,-0.053671,0.096405,-0.05153
0.0538,-0.056101,0.097054,-0.046923
0.0539,-0.058421,0.097628,-0.042291
0.054,-0.060635,0.098134,-0.03767
0.0541,-0.062752,0.098569,-0.033094
0.0542,-0.064767,0.098932,-0.028593
0.0543,-0.066683,0.099222,-0.024189
0.0544,-0.068508,0.099417,-0.0199
0.0545,-0.070246,0.099504,-0.015735
0.0546,-0.071903,0.099463,-0.011699
0.0547,-0.073484,0.099264,-0.007784
0.0548,-0.074994,0.098871,-0.0039819
0.0549,-0.07644,0.098253,-0.00027817
0.055,-0.07783,0.097376,0.0033425
0.0551,-0.07917,0.096209,0.0068976
0.0552,-0.080465,0.094726,0.010401
0.0553,-0.081722,0.092915,0.013864
0.0554,-0.082946,0.090765,0.017295
0.0555,-0.08414,0.088277,0.020698
0.0556,-0.085305,0.085461,0.02407
0.0557,-0.086443,0.082338,0.027406
0.0558,-0.087546,0.078931,0.030695
0.0559,-0.08862,0.075273,0.03392
0.056,-0.089655,0.071402,0.037063
0.0561,-0.090645,0.067358,0.040104
0.0562,-0.091582,0.06318,0.043023
0.0563,-0.092455,0.05891,0.045803
0.0564,-0.093268,0.054586,0.048429
0.0565,-0.094012,0.050238,0.050892
0.0566,-0.094679,0.045894,0.053189
0.0567,-0.095267,0.041575,0.055323
0.0568,-0.095774,0.037295,0.057324
0.0569,-0.096186,0.033064,0.059209
0.057,-0.096499,0.028887,0.060992
0.0571,-0.096705,0.024765,0.062698
0.0572,-0.09679,0.020697,0.064348
0.0573,-0.096738,0.016677,0.065959
0.0574,-0.096537,0.012704,0.067544
0.0575,-0.096156,0.0087704,0.069114
0.0576,-0.095576,0.0048755,0.070675
0.0577,-0.094776,0.0010207,0.072229
0.0578,-0.093732,-0.0027912,0.073774
0.0579,-0.092425,-0.0065535,0.075302
0.058,-0.090837,-0.010256,0.076802
0.0581,-0.088959,-0.013885,0.078263
0.0582,-0.086781,-0.017429,0.079669
0.0583,-0.088315,-0.020763,0.080953
0.0584,-0.075969,-0.024374,0.082611
0.0585,-0.051525,-0.028176,0.084423
0.0586,-0.015687,-0.032111,0.086345
0.0587,0.031031,-0.03619,0.088496
0.0588,0.08822,-0.040491,0.090894
0.0589,0.15537,-0.045011,0.093449
0.059,0.23195,-0.049681,0.096174
0.0591,0.31772,-0.05452,0.099105
0.0592,0.41264,-0.05963,0.10229
0.0593,0.5166,-0.065022,0.10579
0.0594,0.62939,-0.07065,0.10962
0.0595,0.75085,-0.076496,0.1137
0.0596,0.88074,-0.08254,0.11797
0.0597,1.0187,-0.088761,0.12246
0.0598,1.1643,-0.095188,0.12716
0.0599,1.3173,-0.10183,0.13198
0.06,1.4771,-0.10863,0.13688
0.0601,1.6436,-0.11555,0.14181
0.0602,1.8168,-0.12261,0.14672
0.0603,1.9964,-0.12981,0.15162
0.0604,2.1824,-0.13711,0.15646
0.0605,2.3745,-0.14446,0.16113
0.0606,2.5725,-0.15185,0.16556
0.0607,2.7759,-0.15927,0.1698
0.0608,2.9843,-0.16675,0.17387
0.0609,3.197,-0.1743,0.17768
0.061,3.4134,-0.18191,0.18126
0.0611,3.6326,-0.1896,0.18466
0.0612,3.8543,-0.19745,0.1879
0.0613,4.078,-0.20545,0.19097
0.0614,4.3031,-0.21355,0.19393
0.0615,4.5295,-0.22174,0.19676
0.0616,4.7569,-0.23004,0.19946
0.0617,4.985,-0.23843,0.20211
0.0618,5.2137,-0.24688,0.20477
0.0619,5.4426,-0.2554,0.20739
0.062,5.6714,-0.26395,0.21
0.0621,5.8997,-0.27248,0.21262
0.0622,6.1271,-0.281,0.21527
0.0623,6.3531,-0.28947,0.21786
0.0624,6.5773,-0.29786,0.22039
0.0625,6.7993,-0.30612,0.22285
0.0626,7.0188,-0.31422,0.22517
0.0627,7.2355,-0.32214,0.22736
0.0628,7.4489,-0.32985,0.22946
0.0629,7.6588,-0.33732,0.23146
0.063,7.8647,-0.34454,0.23335
0.0631,8.0662,-0.35144,0.23515
0.0632,8.2627,-0.35798,0.2369
0.0633,8.454,-0.36409,0.23858
0.0634,8.6393,-0.36968,0.24015
0.0635,8.8184,-0.3747,0.24164
0.0636,8.9908,-0.37908,0.24304
0.0637,9.1562,-0.38279,0.24435
0.0638,9.3144,-0.38576,0.24558
0.0639,9.4653,-0.38796,0.24671
0.064,9.6086,-0.38936,0.24773
0.0641,9.7443,-0.38997,0.24866
0.0642,9.8722,-0.3898,0.24947
0.0643,9.9921,-0.38889,0.25012
0.0644,10.104,-0.38727,0.25059
0.0645,10.207,-0.385,0.25088
0.0646,10.302,-0.38213,0.25098
0.0647,10.388,-0.37876,0.25086
0.0648,10.465,-0.37496,0.25055
0.0649,10.532,-0.37081,0.25003
0.065,10.59,-0.36639,0.24927
0.0651,10.638,-0.36173,0.24828
0.0652,10.677,-0.3569,0.24708
0.0653,10.705,-0.3519,0.24567
0.0654,10.723,-0.34679,0.24403
0.0655,10.731,-0.34159,0.2422
0.0656,10.729,-0.33631,0.24023
0.0657,10.716,-0.33098,0.23809
0.0658,10.694,-0.32559,0.2358
0.0659,10.66,-0.32011,0.23335
0.066,10.617,-0.31455,0.23074
0.0661,10.563,-0.30889,0.22792
0.0662,10.499,-0.30309,0.22487
0.0663,10.425,-0.2971,0.22157
0.0664,10.341,-0.29092,0.21798
0.0665,10.247,-0.28451,0.21409
0.0666,10.144,-0.27787,0.2099
0.0667,10.031,-0.271,0.20541
0.0668,9.9085,-0.26392,0.20061
0.0669,9.7768,-0.25663,0.19551
0.067,9.6358,-0.24914,0.19009
0.0671,9.4856,-0.24147,0.18435
0.0672,9.3262,-0.23366,0.17829
0.0673,9.1578,-0.22572,0.17192
0.0674,8.9804,-0.21769,0.16525
0.0675,8.7943,-0.20959,0.1583
0.0676,8.5996,-0.20145,0.15111
0.0677,8.3968,-0.19326,0.14372
0.0678,8.1862,-0.18504,0.13613
0.0679,7.968,-0.17678,0.1284
0.068,7.7426,-0.16846,0.12056
0.0681,7.5104,-0.16007,0.11261
0.0682,7.2717,-0.15156,0.10459
0.0683,7.0267,-0.14289,0.096548
0.0684,6.7759,-0.13408,0.08851
0.0685,6.5194,-0.12509,0.08052
0.0686,6.2576,-0.11594,0.07265
0.0687,5.9908,-0.10661,0.064953
0.0688,5.7193,-0.09713,0.057469
0.0689,5.4435,-0.087485,0.05025
0.069,5.1638,-0.077685,0.043352
0.0691,4.8804,-0.067753,0.036793
0.0692,4.5938,-0.057719,0.03059
0.0693,4.3041,-0.047607,0.024771
0.0694,4.0118,-0.037458,0.019343
0.0695,3.7171,-0.0273,0.014279
0.0696,3.4204,-0.017169,0.0095686
0.0697,3.1219,-0.007085,0.0051905
0.0698,2.822,0.0029272,0.0010949
0.0699,2.5213,0.012853,-0.0027759
0.07,2.22,0.02271,-0.0064544
0.0701,1.9188,0.032492,-0.009985
0.0702,1.6181,0.042206,-0.013419
0.0703,1.3185,0.051864,-0.016791
0.0704,1.0205,0.061466,-0.020114
0.0705,0.72434,0.071005,-0.023418
0.0706,0.43058,0.080478,-0.026732
0.0707,0.13953,0.089884,-0.030069
0.0708,-0.14848,0.099208,-0.033447
0.0709,-0.43312,0.10843,-0.036888
0.071,-0.71411,0.11752,-0.040392
0.0711,-0.99111,0.12645,-0.043954
0.0712,-1.2638,0.13516,-0.047562
0.0713,-1.5318,0.14361,-0.051192
0.0714,-1.7949,0.15175,-0.054803
0.0715,-2.0526,0.15952,-0.058366
0.0716,-2.3046,0.16686,-0.061849
0.0717,-2.5506,0.17373,-0.065216
0.0718,-2.7903,0.18008,-0.068442
0.0719,-3.0235,0.18587,-0.071523
0.072,-3.2497,0.19109,-0.07444
0.0721,-3.4689,0.19572,-0.077182
0.0722,-3.6805,0.19975,-0.079752
0.0723,-3.8843,0.20318,-0.082153
0.0724,-4.08,0.20602,-0.084375
0.0725,-4.2673,0.20831,-0.086427
0.0726,-4.4457,0.21007,-0.088325
0.0727,-4.615,0.21134,-0.090078
0.0728,-4.7749,0.21217,-0.091689
0.0729,-4.9253,0.21257,-0.093176
0.073,-5.0659,0.21259,-0.09455
0.0731,-5.1968,0.21224,-0.095805
0.0732,-5.3177,0.21154,-0.096937
0.0733,-5.4287,0.2105,-0.097948
0.0734,-5.5297,0.20912,-0.098797
0.0735,-5.6207,0.20742,-0.09946
0.0736,-5.7015,0.20539,-0.099926
0.0737,-5.7721,0.20304,-0.10017
0.0738,-5.8324,0.20038,-0.10018
0.0739,-5.8823,0.19743,-0.09992
0.074,-5.9216,0.19419,-0.099394
0.0741,-5.9503,0.19067,-0.098583
0.0742,-5.9684,0.18689,-0.097475
0.0743,-5.9758,0.18286,-0.096075
0.0744,-5.9725,0.1786,-0.094388
0.0745,-5.9585,0.17413,-0.092421
0.0746,-5.9339,0.16947,-0.09019
0.0747,-5.8987,0.16464,-0.087717
0.0748,-5.8529,0.15965,-0.085011
0.0749,-5.7966,0.15453,-0.082083
0.075,-5.7298,0.14926,-0.078941
0.0751,-5.6527,0.14386,-0.075584
0.0752,-5.5654,0.13831,-0.072006
0.0753,-5.4681,0.1326,-0.068204
0.0754,-5.361,0.12673,-0.064174
0.0755,-5.2444,0.12068,-0.05991
0.0756,-5.1186,0.11443,-0.055408
0.0757,-4.9838,0.10799,-0.050671
0.0758,-4.8403,0.10135,-0.04569
0.0759,-4.6883,0.094502,-0.040473
0.076,-4.528,0.087453,-0.035009
0.0761,-4.3597,0.080209,-0.029308
0.0762,-4.1836,0.072783,-0.02337
0.0763,-3.9998,0.065186,-0.017222
0.0764,-3.8085,0.057419,-0.010885
0.0765,-3.6101,0.04951,-0.004398
0.0766,-3.4046,0.041481,0.0022007
0.0767,-3.1925,0.033342,0.0088411
0.0768,-2.9741,0.02511,0.015471
0.0769,-2.7497,0.0168,0.022035
0.077,-2.5197,0.0084174,0.028476
0.0771,-2.2844,-3.3817e-05,0.034738
0.0772,-2.0441,-0.0085533,0.040781
0.0773,-1.7994,-0.017142,0.046573
0.0774,-1.5504,-0.025808,0.052087
0.0775,-1.2977,-0.03455,0.057307
0.0776,-1.0415,-0.043369,0.062238
0.0777,-0.78226,-0.052277,0.06689
0.0778,-0.52041,-0.061275,0.07128
0.0779,-0.25635,-0.070364,0.07544
0.078,0.0095002,-0.07954,0.079406
0.0781,0.27672,-0.088807,0.08321
0.0782,0.54493,-0.09815,0.086885
0.0783,0.81372,-0.10755,0.090464
0.0784,1.0828,-0.11698,0.093968
0.0785,1.3517,-0.12641,0.097415
0.0786,1.6201,-0.13582,0.10082
0.0787,1.8878,-0.14517,0.10419
0.0788,2.1544,-0.15444,0.10754
0.0789,2.4194,-0.16361,0.11084
0.079,2.6826,-0.17264,0.11412
0.0791,2.9435,-0.18153,0.11735
0.0792,3.2017,-0.19025,0.12052
0.0793,3.4567,-0.19879,0.12362
0.0794,3.7082,-0.20712,0.12665
0.0795,3.9557,-0.21523,0.12958
0.0796,4.1988,-0.22309,0.13242
0.0797,4.4371,-0.23068,0.13516
0.0798,4.6704,-0.23795,0.13781
0.0799,4.8981,-0.24487,0.14037
0.08,5.1201,-0.2514,0.14285
0.0801,5.336,-0.25747,0.14526
0.0802,5.5455,-0.26304,0.14759
0.0803,5.7482,-0.26805,0.14984
0.0804,5.9439,-0.27245,0.15202
0.0805,6.1322,-0.27621,0.1541
0.0806,6.3129,-0.27929,0.15607
0.0807,6.4858,-0.28168,0.15792
0.0808,6.6506,-0.28338,0.15963
0.0809,6.807,-0.28439,0.16119
0.081,6.9549,-0.28475,0.16259
0.0811,7.0942,-0.28449,0.16381
0.0812,7.2245,-0.28364,0.16485
0.0813,7.3458,-0.28227,0.16569
0.0814,7.4578,-0.28042,0.16633
0.0815,7.5602,-0.27815,0.16677
0.0816,7.653,-0.27552,0.167
0.0817,7.7359,-0.27257,0.16699
0.0818,7.8087,-0.26937,0.16677
0.0819,7.8712,-0.26594,0.16633
0.082,7.9234,-0.26233,0.16568
0.0821,7.9652,-0.25856,0.16482
0.0822,7.9965,-0.25465,0.16377
0.0823,8.0173,-0.2506,0.16252
0.0824,8.0276,-0.2464,0.16109
0.0825,8.0275,-0.24205,0.15947
0.0826,8.0169,-0.23755,0.15765
0.0827,7.996,-0.23287,0.15563
0.0828,7.9646,-0.22799,0.1534
0.0829,7.9229,-0.22292,0.15094
0.083,7.871,-0.21763,0.14823
0.0831,7.8088,-0.21211,0.14526
0.0832,7.7364,-0.20637,0.142
0.0833,7.654,-0.20039,0.13845
0.0834,7.5617,-0.19419,0.13459
0.0835,7.4595,-0.18777,0.13042
0.0836,7.3475,-0.18115,0.12594
0.0837,7.2261,-0.17436,0.12115
0.0838,7.0951,-0.1674,0.11607
0.0839,6.9549,-0.16032,0.11071
0.084,6.8056,-0.15311,0.10506
0.0841,6.6473,-0.14581,0.099161
0.0842,6.4803,-0.13842,0.093018
0.0843,6.3048,-0.13095,0.086651
0.0844,6.121,-0.1234,0.080087
0.0845,5.9293,-0.11577,0.073343
0.0846,5.73,-0.10805,0.066447
0.0847,5.5233,-0.10024,0.059429
0.0848,5.3097,-0.092301,0.052322
0.0849,5.0895,-0.084213,0.045157
0.085,4.8629,-0.075971,0.03797
0.0851,4.6304,-0.067557,0.030798
0.0852,4.3922,-0.058967,0.023682
0.0853,4.1486,-0.050204,0.016664
0.0854,3.8999,-0.041278,0.0097869
0.0855,3.6464,-0.032203,0.0030968
0.0856,3.3885,-0.022998,-0.0033648
0.0857,3.1263,-0.013683,-0.0095622
0.0858,2.8604,-0.00428,-0.015464
0.0859,2.5909,0.0051893,-0.021051
0.086,2.3184,0.014702,-0.026314
0.0861,2.0431,0.024235,-0.031251
0.0862,1.7654,0.033778,-0.035874
0.0863,1.4858,0.043312,-0.040201
0.0864,1.2046,0.052823,-0.044257
0.0865,0.92217,0.062298,-0.048072
0.0866,0.63899,0.071738,-0.051679
0.0867,0.35544,0.081137,-0.055116
0.0868,0.071984,0.090494,-0.058416
0.0869,-0.21097,0.099811,-0.061616
0.087,-0.49296,0.10909,-0.064749
0.0871,-0.77357,0.11833,-0.067843
0.0872,-1.0524,0.12752,-0.070921
0.0873,-1.3289,0.13666,-0.074003
0.0874,-1.6029,0.14573,-0.077104
0.0875,-1.8739,0.1547,-0.080231
0.0876,-2.1416,0.16355,-0.083385
0.0877,-2.4057,0.17225,-0.086567
0.0878,-2.6658,0.18074,-0.089768
0.0879,-2.9216,0.18899,-0.092974
0.088,-3.1729,0.19694,-0.096169
0.0881,-3.4192,0.20455,-0.099333
0.0882,-3.6603,0.21175,-0.10244
0.0883,-3.8957,0.21851,-0.10547
0.0884,-4.1253,0.22477,-0.10839
0.0885,-4.3485,0.2305,-0.11117
0.0886,-4.5652,0.23567,-0.11381
0.0887,-4.7748,0.24024,-0.11628
0.0888,-4.9772,0.24422,-0.11859
0.0889,-5.172,0.24758,-0.12071
0.089,-5.3589,0.25035,-0.12267
0.0891,-5.5376,0.25253,-0.12446
0.0892,-5.7078,0.25414,-0.12609
0.0893,-5.8694,0.25522,-0.12757
0.0894,-6.0221,0.25579,-0.12891
0.0895,-6.1656,0.25589,-0.13012
0.0896,-6.2997,0.25554,-0.13121
0.0897,-6.4243,0.25479,-0.13217
0.0898,-6.5393,0.25365,-0.13301
0.0899,-6.6445,0.25214,-0.13373
0.09,-6.7398,0.2503,-0.13429
0.0901,-6.8251,0.24814,-0.13468
0.0902,-6.9004,0.24566,-0.13489
0.0903,-6.9656,0.24288,-0.13489
0.0904,-7.0206,0.23981,-0.13467
0.0905,-7.0653,0.23646,-0.13421
0.0906,-7.0997,0.23286,-0.1335
0.0907,-7.1237,0.229,-0.13253
0.0908,-7.1372,0.2249,-0.13129
0.0909,-7.1401,0.22059,-0.12978
0.091,-7.1324,0.21608,-0.128
0.0911,-7.1141,0.21138,-0.12595
0.0912,-7.0852,0.20651,-0.12363
0.0913,-7.0457,0.20147,-0.12105
0.0914,-6.9957,0.19628,-0.11822
0.0915,-6.9352,0.19093,-0.11514
0.0916,-6.8645,0.18543,-0.11184
0.0917,-6.7835,0.17977,-0.1083
0.0918,-6.6925,0.17395,-0.10455
0.0919,-6.5916,0.16797,-0.10057
0.092,-6.481,0.16182,-0.096367
0.0921,-6.3609,0.15548,-0.091934
0.0922,-6.2315,0.14897,-0.087265
0.0923,-6.0929,0.14226,-0.082351
0.0924,-5.9455,0.13536,-0.077193
0.0925,-5.7894,0.12827,-0.071786
0.0926,-5.6248,0.12101,-0.06613
0.0927,-5.4521,0.11357,-0.060234
0.0928,-5.2714,0.10598,-0.0541
0.0929,-5.083,0.098245,-0.04775
0.093,-4.8871,0.090376,-0.041204
0.0931,-4.684,0.082369,-0.034505
0.0932,-4.4739,0.074242,-0.02768
0.0933,-4.2571,0.066006,-0.020778
0.0934,-4.0339,0.057666,-0.013852
0.0935,-3.8045,0.04923,-0.0069566
0.0936,-3.5694,0.040707,-0.00015026
0.0937,-3.3288,0.032101,0.0065099
0.0938,-3.0832,0.023411,0.012972
0.0939,-2.8328,0.014638,0.019192
0.094,-2.5782,0.0057763,0.025137
0.0941,-2.3196,-0.0031753,0.030783
0.0942,-2.0575,-0.01222,0.036121
0.0943,-1.7923,-0.021354,0.041154
0.0944,-1.5242,-0.030585,0.045895
0.0945,-1.2538,-0.039901,0.050368
0.0946,-0.98132,-0.049296,0.054601
0.0947,-0.70718,-0.058751,0.05863
0.0948,-0.43176,-0.068262,0.062491
0.0949,-0.15545,-0.077807,0.066218
0.095,0.12136,-0.087366,0.069843
0.0951,0.39829,-0.096918,0.073394
0.0952,0.67495,-0.10644,0.076892
0.0953,0.95095,-0.11592,0.080351
0.0954,1.2259,-0.12532,0.083781
0.0955,1.4995,-0.13462,0.087183
0.0956,1.7712,-0.14382,0.090556
0.0957,2.0408,-0.15288,0.093894
0.0958,2.3078,-0.16181,0.097191
0.0959,2.5719,-0.17056,0.10044
0.096,2.8326,-0.17914,0.10363
0.0961,3.0895,-0.18753,0.10675
0.0962,3.3422,-0.1957,0.1098
0.0963,3.5904,-0.20361,0.11277
0.0964,3.8337,-0.21125,0.11565
0.0965,4.0717,-0.21856,0.11846
0.0966,4.3041,-0.2255,0.12117
0.0967,4.5304,-0.23203,0.1238
0.0968,4.7505,-0.23808,0.12635
0.0969,4.9641,-0.2436,0.1288
0.097,5.1708,-0.24856,0.13117
0.0971,5.3703,-0.25289,0.13344
0.0972,5.5624,-0.25657,0.13561
0.0973,5.7468,-0.25957,0.13767
0.0974,5.9233,-0.26189,0.13961
0.0975,6.0915,-0.26353,0.14141
0.0976,6.2514,-0.26452,0.14305
0.0977,6.4025,-0.26488,0.14453
0.0978,6.5447,-0.26465,0.14583
0.0979,6.6779,-0.26388,0.14695
0.098,6.8017,-0.26262,0.14788
0.0981,6.916,-0.26092,0.14862
0.0982,7.0206,-0.25884,0.14916
0.0983,7.1154,-0.25643,0.14948
0.0984,7.2002,-0.25372,0.14959
0.0985,7.2749,-0.25076,0.14948
0.0986,7.3393,-0.24757,0.14916
0.0987,7.3933,-0.24419,0.14862
0.0988,7.4369,-0.24063,0.14788
0.0989,7.47,-0.2369,0.14694
0.099,7.4926,-0.233,0.14579
0.0991,7.5047,-0.22893,0.14445
0.0992,7.5063,-0.22468,0.14291
0.0993,7.4974,-0.22025,0.14116
0.0994,7.478,-0.21562,0.13919
0.0995,7.4482,-0.21078,0.13701
0.0996,7.4081,-0.20572,0.13458
0.0997,7.3576,-0.20044,0.13191
0.0998,7.2969,-0.19495,0.12897
0.0999,7.2259,-0.18923,0.12577
0.1,7.1449,-0.1833,0.12227
0.1001,7.0539,-0.17717,0.11848
0.1002,6.9529,-0.17085,0.11439
0.1003,6.8422,-0.16435,0.11
0.1004,6.7218,-0.15769,0.10531
0.1005,6.5919,-0.15089,0.10033
0.1006,6.4528,-0.14396,0.095075
0.1007,6.3046,-0.13691,0.089543
0.1008,6.1475,-0.12976,0.08376
0.1009,5.9818,-0.1225,0.077742
0.101,5.8078,-0.11514,0.071513
0.1011,5.6256,-0.10768,0.065086
0.1012,5.4356,-0.10012,0.058487
0.1013,5.2381,-0.092448,0.051741
0.1014,5.0334,-0.084652,0.044876
0.1015,4.8217,-0.076707,0.037922
0.1016,4.6034,-0.068611,0.030915
0.1017,4.3788,-0.060358,0.023892
0.1018,4.1483,-0.05194,0.016895
0.1019,3.912,-0.043364,0.0099666
0.102,3.6704,-0.034636,0.003153
0.1021,3.4238,-0.02577,-0.0035009
0.1022,3.1725,-0.016779,-0.0099526
0.1023,2.9167,-0.0076802,-0.016164
0.1024,2.6568,0.0015075,-0.022102
0.1025,2.3932,0.010766,-0.027744
0.1026,2.1262,0.020077,-0.033074
0.1027,1.8561,0.029419,-0.038089
0.1028,1.5834,0.038787,-0.042791
0.1029,1.3084,0.048164,-0.047197
0.103,1.0316,0.057541,-0.051328
0.1031,0.75331,0.066905,-0.05521
0.1032,0.47402,0.076259,-0.058874
0.1033,0.19412,0.085596,-0.062354
0.1034,-0.085947,0.094913,-0.065683
0.1035,-0.36578,0.10421,-0.068893
0.1036,-0.64497,0.11347,-0.072017
0.1037,-0.92309,0.1227,-0.075082
0.1038,-1.1998,0.13188,-0.078113
0.1039,-1.4746,0.14101,-0.081131
0.104,-1.7471,0.15007,-0.084153
0.1041,-2.0171,0.15904,-0.087188
0.1042,-2.2841,0.16788,-0.090244
0.1043,-2.5477,0.17658,-0.093321
0.1044,-2.8076,0.18509,-0.096413
0.1045,-3.0635,0.19338,-0.099511
0.1046,-3.3151,0.20139,-0.1026
0.1047,-3.5619,0.20909,-0.10567
0.1048,-3.8037,0.21643,-0.10868
0.1049,-4.0401,0.22335,-0.11164
0.105,-4.2707,0.22982,-0.1145
0.1051,-4.4954,0.23578,-0.11726
0.1052,-4.7136,0.24122,-0.11989
0.1053,-4.9252,0.24609,-0.12237
0.1054,-5.1296,0.25037,-0.12471
0.1055,-5.3267,0.25406,-0.12688
0.1056,-5.5161,0.25714,-0.12888
0.1057,-5.6975,0.25963,-0.13072
0.1058,-5.8706,0.26152,-0.13239
0.1059,-6.0352,0.26285,-0.13391
0.106,-6.1911,0.26364,-0.13528
0.1061,-6.3381,0.26391,-0.1365
0.1062,-6.4759,0.26371,-0.1376
0.1063,-6.6043,0.26305,-0.13856
0.1064,-6.7233,0.26197,-0.1394
0.1065,-6.8327,0.2605,-0.14011
0.1066,-6.9323,0.25867,-0.14069
0.1067,-7.0221,0.2565,-0.1411
0.1068,-7.1018,0.254,-0.14134
0.1069,-7.1715,0.25121,-0.14139
0.107,-7.231,0.24813,-0.14122
0.1071,-7.2802,0.24479,-0.14084
0.1072,-7.3191,0.2412,-0.14022
0.1073,-7.3476,0.23737,-0.13935
0.1074,-7.3657,0.23333,-0.13823
0.1075,-7.3732,0.22907,-0.13686
0.1076,-7.3702,0.22462,-0.13522
0.1077,-7.3566,0.21998,-0.13331
0.1078,-7.3324,0.21516,-0.13115
0.1079,-7.2977,0.21018,-0.12872
0.108,-7.2525,0.20504,-0.12604
0.1081,-7.1968,0.19973,-0.12311
0.1082,-7.1308,0.19426,-0.11993
0.1083,-7.0545,0.18862,-0.11652
0.1084,-6.9681,0.18281,-0.11287
0.1085,-6.8718,0.17683,-0.10899
0.1086,-6.7657,0.17067,-0.10488
0.1087,-6.6499,0.16432,-0.10053
0.1088,-6.5248,0.15779,-0.095953
0.1089,-6.3904,0.15108,-0.091139
0.109,-6.247,0.14418,-0.086083
0.1091,-6.0948,0.13711,-0.080783
0.1092,-5.934,0.12987,-0.075237
0.1093,-5.7647,0.12247,-0.069453
0.1094,-5.5873,0.11492,-0.063428
0.1095,-5.402,0.10724,-0.057176
0.1096,-5.2091,0.099447,-0.050724
0.1097,-5.0087,0.091529,-0.0441
0.1098,-4.8012,0.083489,-0.037328
0.1099,-4.5868,0.075338,-0.030454
0.11,-4.3659,0.067078,-0.023524
0.1101,-4.1387,0.05871,-0.016592
0.1102,-3.9056,0.05024,-0.0097106
0.1103,-3.6668,0.041669,-0.0029371
0.1104,-3.4229,0.033,0.0036752
0.1105,-3.174,0.024233,0.010078
0.1106,-2.9205,0.015368,0.01623
0.1107,-2.663,0.0064046,0.0221
0.1108,-2.4016,-0.0026554,0.027669
0.1109,-2.1368,-0.011805,0.032928
0.111,-1.8689,-0.021049,0.037882
0.1111,-1.5984,-0.030374,0.042545
0.1112,-1.3256,-0.039772,0.04694
0.1113,-1.0509,-0.049226,0.051099
0.1114,-0.77468,-0.058728,0.055054
0.1115,-0.49727,-0.068259,0.058843
0.1116,-0.21909,-0.0778,0.062499
0.1117,0.029909,-0.086539,0.065183
0.1118,0.035251,-0.088753,0.060892
0.1119,0.040454,-0.091323,0.057287
0.112,0.045183,-0.094133,0.054011
0.1121,0.048572,-0.096081,0.050049
0.1122,0.050892,-0.096414,0.045295
0.1123,0.052621,-0.096456,0.040773
0.1124,0.054205,-0.097183,0.03676
0.1125,0.054853,-0.097014,0.032205
0.1126,0.054502,-0.094892,0.026444
0.1127,0.053849,-0.092409,0.020319
0.1128,0.053909,-0.090821,0.014679
0.1129,0.054555,-0.089875,0.0095735
0.113,0.055688,-0.089354,0.0047399
0.1131,0.05696,-0.088827,1.8224e-05
0.1132,0.058193,-0.087663,-0.0047267
0.1133,0.059303,-0.086256,-0.0090829
0.1134,0.06077,-0.085497,-0.012674
0.1135,0.062402,-0.084951,-0.015743
0.1136,0.064019,-0.083781,-0.018828
0.1137,0.065757,-0.082334,-0.021798
0.1138,0.06813,-0.081434,-0.02437
0.1139,0.070878,-0.080891,-0.026585
0.114,0.073757,-0.080128,-0.028812
0.1141,0.076581,-0.078717,-0.031305
0.1142,0.079264,-0.076403,-0.034247
0.1143,0.081399,-0.07323,-0.037376
0.1144,0.082854,-0.069365,-0.040513
0.1145,0.083298,-0.064264,-0.043908
0.1146,0.082744,-0.057733,-0.04776
0.1147,0.081658,-0.050908,-0.051389
0.1148,0.080717,-0.044876,-0.054341
0.1149,0.079821,-0.03914,-0.05698
0.115,0.078912,-0.033166,-0.059755
0.1151,0.07822,-0.027368,-0.062462
0.1152,0.078021,-0.022088,-0.065016
0.1153,0.078152,-0.017144,-0.067446
0.1154,0.078724,-0.012793,-0.069644
0.1155,0.079656,-0.0091509,-0.071477
0.1156,0.080634,-0.0057606,-0.073167
0.1157,0.081393,-0.0025161,-0.074608
0.1158,0.082172,9.6547e-06,-0.075508
0.1159,0.082852,0.0019537,-0.075923
0.116,0.083143,0.0040249,-0.076321
0.1161,0.082929,0.00645,-0.076856
0.1162,0.082347,0.0091075,-0.07761
0.1163,0.081179,0.012281,-0.078685
0.1164,0.079368,0.016057,-0.080129
0.1165,0.077008,0.020214,-0.08182
0.1166,0.074223,0.024618,-0.083768
0.1167,0.07094,0.029156,-0.085784
0.1168,0.067269,0.033507,-0.087625
0.1169,0.063087,0.037886,-0.089334
0.117,0.058262,0.042722,-0.091176
0.1171,0.052917,0.047731,-0.092929
0.1172,0.047513,0.052228,-0.094322
0.1173,0.042171,0.056204,-0.095429
0.1174,0.037003,0.059755,-0.096427
0.1175,0.032227,0.062567,-0.097178
0.1176,0.028048,0.064459,-0.097675
0.1177,0.02436,0.065636,-0.097977
0.1178,0.021197,0.066054,-0.098048
0.1179,0.018454,0.065828,-0.097861
0.118,0.015788,0.065584,-0.097682
0.1181,0.012798,0.065823,-0.0976
0.1182,0.0094569,0.066467,-0.097509
0.1183,0.0056911,0.067558,-0.097361
0.1184,0.0014616,0.069215,-0.097223
0.1185,-0.0031025,0.071223,-0.096989
0.1186,-0.0077402,0.073327,-0.096641
0.1187,-0.012478,0.075677,-0.09626
0.1188,-0.01729,0.0783,-0.095867
0.1189,-0.022089,0.081059,-0.095368
0.119,-0.02682,0.084003,-0.094827
0.1191,-0.031515,0.087107,-0.09415
0.1192,-0.035999,0.089943,-0.093071
0.1193,-0.040236,0.092364,-0.091454
0.1194,-0.044312,0.094574,-0.089407
0.1195,-0.048197,0.096416,-0.086801
0.1196,-0.051628,0.097454,-0.083457
0.1197,-0.054583,0.097748,-0.079456
0.1198,-0.057118,0.097572,-0.07504
0.1199,-0.059228,0.096957,-0.070276
0.12,-0.060938,0.096047,-0.065322
0.1201,-0.062489,0.095226,-0.060375
0.1202,-0.06394,0.09453,-0.055475
0.1203,-0.065286,0.093813,-0.050528
0.1204,-0.066657,0.093224,-0.045619
0.1205,-0.068295,0.093038,-0.040813
0.1206,-0.070254,0.093247,-0.036101
0.1207,-0.072631,0.093935,-0.031505
0.1208,-0.075492,0.095236,-0.02713
0.1209,-0.078744,0.097021,-0.022946
0.121,-0.082128,0.098994,-0.018945
0.1211,-0.085497,0.10103,-0.015152
0.1212,-0.088682,0.10289,-0.011531
0.1213,-0.0915,0.10427,-0.0079585
0.1214,-0.09384,0.10503,-0.0044379
0.1215,-0.095715,0.10512,-0.00091658
0.1216,-0.097064,0.1043,0.0027518
0.1217,-0.097959,0.10258,0.0066153
0.1218,-0.098612,0.10027,0.010535
0.1219,-0.099192,0.097545,0.014509
0.122,-0.099686,0.094295,0.018602
0.1221,-0.10013,0.090608,0.022769
0.1222,-0.10056,0.086581,0.026909
0.1223,-0.10087,0.082126,0.03104
0.1224,-0.10104,0.077315,0.035062
0.1225,-0.10125,0.072515,0.038795
