0.05,0.025806,-0.23413,0.17673
0.0501,0.037904,-0.23701,0.17121
0.0502,0.049881,-0.23919,0.16525
0.0503,0.061724,-0.24067,0.15881
0.0504,0.073432,-0.24144,0.15187
0.0505,0.085008,-0.24155,0.14442
0.0506,0.096473,-0.24106,0.13646
0.0507,0.10786,-0.24009,0.12803
0.0508,0.11918,-0.23874,0.11921
0.0509,0.13044,-0.23715,0.11008
0.051,0.14164,-0.23545,0.10073
0.0511,0.15277,-0.23372,0.091242
0.0512,0.16378,-0.23204,0.081686
0.0513,0.17463,-0.23046,0.072107
0.0514,0.18525,-0.22898,0.062524
0.0515,0.19556,-0.22756,0.052941
0.0516,0.20546,-0.22616,0.043347
0.0517,0.21488,-0.2247,0.033713
0.0518,0.22369,-0.22307,0.023997
0.0519,0.2318,-0.22115,0.014155
0.052,0.23912,-0.21884,0.0041338
0.0521,0.24559,-0.21603,-0.0061234
0.0522,0.2512,-0.2126,-0.016665
0.0523,0.25594,-0.2085,-0.027528
0.0524,0.25985,-0.20371,-0.038737
0.0525,0.26301,-0.19822,-0.050292
0.0526,0.26549,-0.19208,-0.062163
0.0527,0.26741,-0.18539,-0.074304
0.0528,0.26885,-0.17824,-0.086647
0.0529,0.26992,-0.17076,-0.099111
0.053,0.27071,-0.16307,-0.11161
0.0531,0.27131,-0.15529,-0.12408
0.0532,0.27177,-0.14752,-0.13645
0.0533,0.27213,-0.13982,-0.14867
0.0534,0.27242,-0.13223,-0.16069
0.0535,0.27264,-0.12473,-0.17249
0.0536,0.27277,-0.11731,-0.18404
0.0537,0.27276,-0.10992,-0.19535
0.0538,0.27256,-0.10247,-0.20639
0.0539,0.27209,-0.09486,-0.21718
0.054,0.2713,-0.086981,-0.22769
0.0541,0.27013,-0.078719,-0.23792
0.0542,0.26852,-0.069978,-0.24783
0.0543,0.26645,-0.060686,-0.25738
0.0544,0.26391,-0.050811,-0.26651
0.0545,0.2609,-0.040356,-0.27515
0.0546,0.25744,-0.029359,-0.28325
0.0547,0.25358,-0.017896,-0.29076
0.0548,0.24934,-0.0060648,-0.29766
0.0549,0.24479,0.0060227,-0.30392
0.055,0.23997,0.018246,-0.30955
0.0551,0.23494,0.030485,-0.31456
0.0552,0.22976,0.042631,-0.31897
0.0553,0.22445,0.054594,-0.32279
0.0554,0.21905,0.066304,-0.32602
0.0555,0.21355,0.077724,-0.32867
0.0556,0.20794,0.088855,-0.33077
0.0557,0.20219,0.099728,-0.33233
0.0558,0.19624,0.1104,-0.33339
0.0559,0.19005,0.12097,-0.33401
0.056,0.18355,0.13151,-0.33424
0.0561,0.17671,0.14213,-0.33414
0.0562,0.16946,0.1529,-0.33379
0.0563,0.16176,0.16388,-0.33325
0.0564,0.15358,0.17507,-0.33257
0.0565,0.14496,0.18646,-0.33178
0.0566,0.1359,0.198,-0.33091
0.0567,0.12645,0.20959,-0.32995
0.0568,0.11666,0.22113,-0.32889
0.0569,0.1066,0.23246,-0.32771
0.057,0.096326,0.24345,-0.32637
0.0571,0.08592,0.25394,-0.3248
0.0572,0.075444,0.26381,-0.32295
0.0573,0.064947,0.27292,-0.32076
0.0574,0.054461,0.28117,-0.31815
0.0575,0.044008,0.2885,-0.31508
0.0576,0.033584,0.29489,-0.31151
0.0577,0.02317,0.30036,-0.30744
0.0578,0.012737,0.30496,-0.30285
0.0579,0.0022472,0.30877,-0.29778
0.058,-0.0083421,0.31191,-0.29228
0.0581,-0.019073,0.3145,-0.2864
0.0582,-0.02998,0.31666,-0.28019
0.0583,-0.041091,0.31852,-0.27374
0.0584,-0.052425,0.3202,-0.26708
0.0585,-0.063985,0.32177,-0.26029
0.0586,-0.075755,0.32332,-0.25338
0.0587,-0.087705,0.32488,-0.24641
0.0588,-0.099787,0.32645,-0.23938
0.0589,-0.11193,0.32799,-0.23228
0.059,-0.12407,0.32945,-0.22507
0.0591,-0.13611,0.33072,-0.21769
0.0592,-0.14797,0.33172,-0.2101
0.0593,-0.15956,0.33232,-0.20222
0.0594,-0.1708,0.33243,-0.19402
0.0595,-0.18162,0.33196,-0.18544
0.0596,-0.19197,0.33087,-0.17644
0.0597,-0.20178,0.32911,-0.16701
0.0598,-0.21103,0.32671,-0.15715
0.0599,-0.21971,0.3237,-0.14689
0.06,-0.2278,0.32016,-0.13627
0.0601,-0.23532,0.31616,-0.12534
0.0602,-0.24231,0.31182,-0.11418
0.0603,-0.2488,0.30723,-0.10285
0.0604,-0.25484,0.3025,-0.091419
0.0605,-0.26048,0.29772,-0.079959
0.0606,-0.26575,0.29296,-0.068525
0.0607,-0.27067,0.28824,-0.05716
0.0608,-0.27526,0.28359,-0.045886
0.0609,-0.27951,0.27897,-0.034708
0.061,-0.2834,0.27432,-0.023612
0.0611,-0.28691,0.26956,-0.012565
0.0612,-0.29002,0.26459,-0.001523
0.0613,-0.29269,0.25929,0.0095592
0.0614,-0.29489,0.25358,0.020726
0.0615,-0.29662,0.24737,0.032012
0.0616,-0.29785,0.24059,0.043434
0.0617,-0.2986,0.23317,0.054989
0.0618,-0.29886,0.22511,0.066656
0.0619,-0.29867,0.21641,0.07839
0.062,-0.29807,0.20716,0.090129
0.0621,-0.29711,0.19742,0.10179
0.0622,-0.29582,0.18731,0.1133
0.0623,-0.29428,0.17694,0.12454
0.0624,-0.29253,0.16644,0.13543
0.0625,2.1397,0.16455,0.37387
0.0626,3.2712,0.16036,0.31664
0.0627,4.1163,0.15702,0.10248
0.0628,4.8466,0.1559,-0.18343
0.0629,5.2941,0.15658,-0.45357
0.063,5.8386,0.15474,-0.67896
0.0631,6.7135,0.15261,-0.90582
0.0632,7.5944,0.15333,-1.1427
0.0633,8.4899,0.15486,-1.4426
0.0634,9.6341,0.1567,-1.8928
0.0635,10.801,0.16064,-2.4173
0.0636,11.932,0.16384,-2.996
0.0637,13.012,0.16643,-3.6669
0.0638,13.985,0.16975,-4.3608
0.0639,14.787,0.17278,-4.9854
0.064,15.724,0.17265,-5.5689
0.0641,17.026,0.17147,-6.1419
0.0642,18.523,0.17126,-6.7251
0.0643,20.111,0.17088,-7.4417
0.0644,21.734,0.17114,-8.3675
0.0645,23.17,0.17429,-9.3964
0.0646,24.382,0.17807,-10.468
0.0647,25.596,0.18124,-11.609
0.0648,26.785,0.18521,-12.744
0.0649,27.764,0.18869,-13.802
0.065,28.632,0.18914,-14.837
0.0651,29.529,0.18886,-15.838
0.0652,30.415,0.18942,-16.759
0.0653,31.394,0.18989,-17.698
0.0654,32.589,0.19201,-18.75
0.0655,33.824,0.19837,-19.869
0.0656,34.967,0.20673,-21.047
0.0657,36.147,0.21663,-22.308
0.0658,37.391,0.22953,-23.566
0.0659,38.618,0.24322,-24.781
0.066,39.876,0.25508,-26.034
0.0661,41.155,0.26805,-27.318
0.0662,42.277,0.28329,-28.569
0.0663,43.238,0.29886,-29.834
0.0664,44.176,0.31612,-31.147
0.0665,45.095,0.33787,-32.467
0.0666,45.973,0.36115,-33.847
0.0667,46.86,0.3838,-35.326
0.0668,47.689,0.40774,-36.779
0.0669,48.383,0.43191,-38.125
0.067,49.025,0.4523,-39.4
0.0671,49.675,0.47078,-40.572
0.0672,50.271,0.48918,-41.613
0.0673,50.829,0.50544,-42.632
0.0674,51.397,0.5202,-43.677
0.0675,51.938,0.53706,-44.701
0.0676,52.49,0.55423,-45.778
0.0677,53.166,0.56956,-47.004
0.0678,53.91,0.58538,-48.309
0.0679,54.584,0.60168,-49.624
0.068,55.16,0.61515,-50.948
0.0681,55.606,0.62744,-52.183
0.0682,55.855,0.64055,-53.242
0.0683,55.969,0.65206,-54.21
0.0684,56.051,0.66166,-55.148
0.0685,56.084,0.67305,-56.021
0.0686,56.051,0.68557,-56.869
0.0687,56.012,0.69718,-57.743
0.0688,55.969,0.70949,-58.571
0.0689,55.874,0.72253,-59.316
0.069,55.792,0.73362,-60.056
0.0691,55.667,0.74372,-60.718
0.0692,55.443,0.75434,-61.231
0.0693,55.14,0.76335,-61.658
0.0694,54.799,0.77014,-62.048
0.0695,54.451,0.77741,-62.404
0.0696,54.139,0.78448,-62.812
0.0697,53.855,0.79023,-63.333
0.0698,53.547,0.79714,-63.847
0.0699,53.167,0.80564,-64.324
0.07,52.716,0.81309,-64.773
0.0701,52.172,0.82007,-65.127
0.0702,51.528,0.82743,-65.334
0.0703,50.818,0.8333,-65.432
0.0704,50.033,0.83757,-65.407
0.0705,49.15,0.84268,-65.215
0.0706,48.219,0.84776,-64.927
0.0707,47.295,0.85161,-64.615
0.0708,46.371,0.85591,-64.258
0.0709,45.457,0.86127,-63.864
0.071,44.561,0.86599,-63.464
0.0711,43.63,0.87046,-62.989
0.0712,42.69,0.87468,-62.449
0.0713,41.742,0.87727,-61.861
0.0714,40.796,0.87786,-61.236
0.0715,39.836,0.8783,-60.537
0.0716,38.839,0.87875,-59.755
0.0717,37.79,0.87876,-58.896
0.0718,36.689,0.87947,-57.935
0.0719,35.57,0.88144,-56.878
0.072,34.463,0.88327,-55.754
0.0721,33.359,0.88505,-54.531
0.0722,32.244,0.88764,-53.164
0.0723,31.101,0.89055,-51.652
0.0724,29.897,0.89336,-49.989
0.0725,28.631,0.89716,-48.171
0.0726,27.331,0.90206,-46.241
0.0727,26.013,0.90801,-44.242
0.0728,24.676,0.91616,-42.184
0.0729,23.353,0.92768,-40.1
0.073,22.088,0.94251,-38.044
0.0731,20.891,0.96134,-36.039
0.0732,19.768,0.98542,-34.086
0.0733,18.713,1.0147,-32.192
0.0734,17.672,1.0483,-30.329
0.0735,16.583,1.085,-28.45
0.0736,15.437,1.1213,-26.554
0.0737,14.247,1.1526,-24.663
0.0738,13.031,1.1764,-22.787
0.0739,11.829,1.1907,-20.946
0.074,10.669,1.1925,-19.164
0.0741,9.5444,1.1808,-17.437
0.0742,8.4512,1.157,-15.763
0.0743,7.3926,1.1226,-14.16
0.0744,6.3497,1.0804,-12.629
0.0745,5.3009,1.034,-11.154
0.0746,4.2431,0.98547,-9.7338
0.0747,3.1743,0.93568,-8.3718
0.0748,2.1092,0.88635,-7.0734
0.0749,1.0997,0.83838,-5.8657
0.075,0.1876,0.79178,-4.7787
0.0751,-0.62461,0.74736,-3.8093
0.0752,-1.3449,0.70617,-2.9356
0.0753,-1.9936,0.66856,-2.1348
0.0754,-2.6186,0.63457,-1.3747
0.0755,-3.2478,0.60412,-0.62709
0.0756,-3.873,0.57645,0.11547
0.0757,-4.4982,0.5508,0.86144
0.0758,-5.1364,0.52692,1.6273
0.0759,-5.77,0.50476,2.411
0.076,-6.378,0.48426,3.1947
0.0761,-6.9578,0.46543,3.9633
0.0762,-7.4931,0.44832,4.6962
0.0763,-7.9627,0.43283,5.3734
0.0764,-8.3784,0.41865,5.998
0.0765,-8.7557,0.40524,6.5806
0.0766,-9.0847,0.39186,7.1192
0.0767,-9.3591,0.3781,7.612
0.0768,-9.5781,0.36366,8.0601
0.0769,-9.7274,0.34835,8.4595
0.077,-9.8056,0.33264,8.8145
0.0771,-9.83,0.3174,9.1388
0.0772,-9.8037,0.30304,9.4352
0.0773,-9.7203,0.28963,9.6987
0.0774,-9.5865,0.27723,9.9343
0.0775,-9.4061,0.26572,10.149
0.0776,-9.179,0.25479,10.35
0.0777,-8.9276,0.24446,10.559
0.0778,-8.6766,0.23484,10.793
0.0779,-8.4216,0.2259,11.045
0.078,-8.156,0.21769,11.298
0.0781,-7.881,0.2104,11.541
0.0782,-7.579,0.20395,11.749
0.0783,-7.2244,0.19828,11.899
0.0784,-6.8084,0.19322,11.978
0.0785,-6.3178,0.18833,11.975
0.0786,-5.7316,0.18313,11.878
0.0787,-5.0549,0.17764,11.698
0.0788,-4.3151,0.17193,11.462
0.0789,-3.5326,0.16605,11.191
0.079,-2.7268,0.16035,10.907
0.0791,-1.9161,0.15511,10.62
0.0792,-1.0959,0.15017,10.32
0.0793,-0.25005,0.14552,9.996
0.0794,0.62339,0.14145,9.6463
0.0795,1.5234,0.13811,9.2703
0.0796,2.4513,0.1356,8.8685
0.0797,3.3968,0.13423,8.4506
0.0798,4.3463,0.13403,8.0217
0.0799,5.2967,0.13468,7.5773
0.08,6.243,0.13606,7.1185
0.0801,7.1802,0.13805,6.645
0.0802,8.1287,0.1402,6.1265
0.0803,9.1002,0.14215,5.5671
0.0804,10.122,0.14384,4.9328
0.0805,11.211,0.14528,4.2103
0.0806,12.371,0.14651,3.3996
0.0807,13.589,0.14784,2.5192
0.0808,14.836,0.14949,1.5951
0.0809,16.094,0.15133,0.64769
0.081,17.347,0.15309,-0.30677
0.0811,18.579,0.15461,-1.2548
0.0812,19.786,0.15569,-2.191
0.0813,20.97,0.15641,-3.1132
0.0814,22.128,0.15709,-4.02
0.0815,23.264,0.15805,-4.9195
0.0816,24.391,0.15953,-5.8265
0.0817,25.513,0.16183,-6.7496
0.0818,26.626,0.16496,-7.6902
0.0819,27.73,0.16879,-8.6488
0.082,28.824,0.1732,-9.6226
0.0821,29.909,0.17807,-10.61
0.0822,30.993,0.18316,-11.615
0.0823,32.087,0.18864,-12.646
0.0824,33.194,0.19511,-13.699
0.0825,34.311,0.20322,-14.771
0.0826,35.431,0.21349,-15.855
0.0827,36.548,0.22643,-16.943
0.0828,37.653,0.24209,-18.026
0.0829,38.737,0.26001,-19.096
0.083,39.789,0.27958,-20.138
0.0831,40.792,0.30021,-21.129
0.0832,41.735,0.32127,-22.053
0.0833,42.612,0.34229,-22.9
0.0834,43.419,0.3631,-23.664
0.0835,44.164,0.38363,-24.353
0.0836,44.86,0.40383,-24.977
0.0837,45.517,0.42378,-25.546
0.0838,46.144,0.44341,-26.067
0.0839,46.757,0.46249,-26.551
0.084,47.366,0.48081,-27.003
0.0841,47.971,0.49826,-27.418
0.0842,48.567,0.5147,-27.787
0.0843,49.143,0.53024,-28.094
0.0844,49.681,0.54514,-28.321
0.0845,50.171,0.55953,-28.458
0.0846,50.609,0.57342,-28.504
0.0847,50.996,0.58689,-28.463
0.0848,51.331,0.59996,-28.339
0.0849,51.615,0.61255,-28.134
0.085,51.841,0.62474,-27.847
0.0851,52.002,0.63669,-27.476
0.0852,52.091,0.64841,-27.022
0.0853,52.106,0.65992,-26.492
0.0854,52.043,0.67127,-25.892
0.0855,51.907,0.68241,-25.237
0.0856,51.707,0.69318,-24.548
0.0857,51.46,0.70351,-23.846
0.0858,51.186,0.71332,-23.152
0.0859,50.903,0.72253,-22.489
0.086,50.619,0.73121,-21.863
0.0861,50.331,0.73959,-21.272
0.0862,50.026,0.74777,-20.707
0.0863,49.689,0.75581,-20.158
0.0864,49.304,0.7637,-19.613
0.0865,48.862,0.77129,-19.07
0.0866,48.357,0.77839,-18.527
0.0867,47.786,0.78498,-17.984
0.0868,47.148,0.79112,-17.441
0.0869,46.447,0.79691,-16.903
0.087,45.69,0.80252,-16.374
0.0871,44.88,0.80813,-15.858
0.0872,44.023,0.81375,-15.358
0.0873,43.123,0.81931,-14.877
0.0874,42.181,0.82465,-14.412
0.0875,41.204,0.82951,-13.968
0.0876,40.202,0.83361,-13.547
0.0877,39.187,0.83688,-13.154
0.0878,38.168,0.83936,-12.791
0.0879,37.153,0.84124,-12.456
0.088,36.141,0.84281,-12.145
0.0881,35.13,0.84441,-11.852
0.0882,34.117,0.84612,-11.571
0.0883,33.094,0.84794,-11.294
0.0884,32.053,0.84978,-11.014
0.0885,30.983,0.85155,-10.721
0.0886,29.875,0.85314,-10.406
0.0887,28.72,0.85462,-10.064
0.0888,27.517,0.85615,-9.6929
0.0889,26.273,0.85792,-9.299
0.089,24.994,0.86015,-8.8897
0.0891,23.692,0.86311,-8.4736
0.0892,22.381,0.86699,-8.0602
0.0893,21.071,0.87196,-7.6572
0.0894,19.775,0.87828,-7.2689
0.0895,18.501,0.88632,-6.8979
0.0896,17.255,0.89669,-6.5428
0.0897,16.034,0.91031,-6.1975
0.0898,14.835,0.92826,-5.855
0.0899,13.653,0.95149,-5.5105
0.09,12.485,0.98035,-5.1611
0.0901,11.329,1.0139,-4.8061
0.0902,10.186,1.0494,-4.446
0.0903,9.0552,1.0824,-4.0781
0.0904,7.9312,1.1082,-3.6961
0.0905,6.8097,1.1232,-3.2931
0.0906,5.6858,1.1256,-2.8627
0.0907,4.5557,1.1158,-2.4002
0.0908,3.4188,1.0953,-1.9057
0.0909,2.2781,1.0664,-1.3839
0.091,1.1406,1.0312,-0.84275
0.0911,0.018676,0.99169,-0.29351
0.0912,-1.0711,0.94933,0.25004
0.0913,-2.1126,0.90519,0.77612
0.0914,-3.0937,0.86026,1.2778
0.0915,-4.0082,0.81544,1.7535
0.0916,-4.8586,0.77159,2.2075
0.0917,-5.6535,0.72952,2.6479
0.0918,-6.4025,0.6898,3.0821
0.0919,-7.1145,0.65274,3.5159
0.092,-7.7979,0.61843,3.9537
0.0921,-8.4579,0.58683,4.3983
0.0922,-9.0972,0.55783,4.8518
0.0923,-9.7176,0.5313,5.3162
0.0924,-10.319,0.5071,5.7933
0.0925,-10.9,0.48508,6.2829
0.0926,-11.458,0.46503,6.7849
0.0927,-11.993,0.44672,7.2983
0.0928,-12.5,0.4298,7.8199
0.0929,-12.977,0.4139,8.3431
0.093,-13.415,0.39865,8.859
0.0931,-13.807,0.38369,9.3561
0.0932,-14.141,0.36877,9.823
0.0933,-14.41,0.35378,10.252
0.0934,-14.61,0.33876,10.639
0.0935,-14.739,0.32378,10.984
0.0936,-14.799,0.30896,11.291
0.0937,-14.795,0.29441,11.566
0.0938,-14.734,0.2802,11.817
0.0939,-14.625,0.26639,12.051
0.094,-14.479,0.25307,12.278
0.0941,-14.306,0.24035,12.506
0.0942,-14.111,0.22834,12.737
0.0943,-13.9,0.2172,12.972
0.0944,-13.67,0.20703,13.208
0.0945,-13.417,0.1979,13.439
0.0946,-13.135,0.18978,13.655
0.0947,-12.818,0.18255,13.849
0.0948,-12.456,0.17601,14.011
0.0949,-12.044,0.16991,14.131
0.095,-11.576,0.16402,14.202
0.0951,-11.05,0.15817,14.221
0.0952,-10.468,0.15224,14.185
0.0953,-9.8319,0.1462,14.095
0.0954,-9.1442,0.14011,13.953
0.0955,-8.4075,0.13403,13.761
0.0956,-7.6243,0.12805,13.521
0.0957,-6.7994,0.12228,13.239
0.0958,-5.9393,0.11684,12.922
0.0959,-5.0525,0.11184,12.579
0.096,-4.1489,0.10743,12.219
0.0961,-3.2367,0.10375,11.85
0.0962,-2.3218,0.10087,11.477
0.0963,-1.4065,0.098864,11.099
0.0964,-0.48927,0.097744,10.713
0.0965,0.43558,0.097447,10.309
0.0966,1.3764,0.097862,9.8746
0.0967,2.3427,0.098837,9.3974
0.0968,3.3433,0.1002,8.8652
0.0969,4.3832,0.1018,8.2705
0.097,5.463,0.10352,7.6112
0.0971,6.5799,0.10524,6.89
0.0972,7.7286,0.10687,6.1126
0.0973,8.9027,0.10833,5.2869
0.0974,10.097,0.10955,4.4206
0.0975,11.305,0.11049,3.5211
0.0976,12.521,0.11119,2.5963
0.0977,13.74,0.11174,1.6533
0.0978,14.955,0.11225,0.69824
0.0979,16.16,0.11288,-0.2634
0.098,17.349,0.11375,-1.2271
0.0981,18.518,0.11495,-2.1903
0.0982,19.665,0.11653,-3.1518
0.0983,20.791,0.11847,-4.113
0.0984,21.898,0.12072,-5.0781
0.0985,22.994,0.12321,-6.0546
0.0986,24.086,0.12592,-7.0506
0.0987,25.182,0.12891,-8.0741
0.0988,26.286,0.13236,-9.1307
0.0989,27.399,0.13657,-10.223
0.099,28.522,0.14198,-11.348
0.0991,29.647,0.14908,-12.503
0.0992,30.77,0.15833,-13.678
0.0993,31.881,0.17008,-14.863
0.0994,32.97,0.18442,-16.046
0.0995,34.028,0.20116,-17.213
0.0996,35.048,0.21988,-18.353
0.0997,36.022,0.24004,-19.455
0.0998,36.947,0.26109,-20.513
0.0999,37.821,0.28255,-21.522
0.1,38.647,0.30408,-22.48
0.1001,39.425,0.32541,-23.389
0.1002,40.16,0.34636,-24.251
0.1003,40.857,0.36677,-25.067
0.1004,41.52,0.38654,-25.842
0.1005,42.155,0.40559,-26.576
0.1006,42.764,0.4239,-27.269
0.1007,43.349,0.4415,-27.919
0.1008,43.911,0.45841,-28.523
0.1009,44.45,0.47467,-29.073
0.101,44.963,0.49033,-29.565
0.1011,45.445,0.50539,-29.989
0.1012,45.891,0.51986,-30.337
0.1013,46.293,0.53378,-30.598
0.1014,46.64,0.54718,-30.762
0.1015,46.923,0.5601,-30.818
0.1016,47.136,0.5726,-30.761
0.1017,47.274,0.58474,-30.59
0.1018,47.338,0.59656,-30.307
0.1019,47.331,0.60808,-29.921
0.102,47.26,0.61933,-29.443
0.1021,47.135,0.6303,-28.889
0.1022,46.966,0.64096,-28.276
0.1023,46.761,0.6513,-27.619
0.1024,46.525,0.66132,-26.931
0.1025,46.261,0.67103,-26.222
0.1026,45.969,0.68041,-25.5
0.1027,45.647,0.68947,-24.772
0.1028,45.294,0.69818,-24.041
0.1029,44.904,0.70651,-23.312
0.103,44.476,0.71447,-22.585
0.1031,44.005,0.72205,-21.862
0.1032,43.487,0.72929,-21.144
0.1033,42.916,0.73628,-20.429
0.1034,42.289,0.74306,-19.718
0.1035,41.602,0.74963,-19.012
0.1036,40.854,0.75599,-18.313
0.1037,40.047,0.76207,-17.625
0.1038,39.184,0.76781,-16.952
0.1039,38.273,0.77312,-16.301
0.104,37.325,0.77796,-15.678
0.1041,36.349,0.78231,-15.089
0.1042,35.355,0.78618,-14.538
0.1043,34.352,0.78963,-14.026
0.1044,33.345,0.79273,-13.553
0.1045,32.336,0.79552,-13.114
0.1046,31.325,0.79804,-12.704
0.1047,30.31,0.80031,-12.316
0.1048,29.287,0.80235,-11.943
0.1049,28.248,0.80417,-11.576
0.105,27.188,0.80583,-11.21
0.1051,26.102,0.80739,-10.838
0.1052,24.985,0.80894,-10.457
0.1053,23.836,0.81057,-10.064
0.1054,22.655,0.81235,-9.6594
0.1055,21.444,0.81434,-9.2448
0.1056,20.208,0.81659,-8.8221
0.1057,18.952,0.81916,-8.3947
0.1058,17.686,0.82214,-7.9665
0.1059,16.417,0.82572,-7.5411
0.106,15.153,0.83019,-7.1219
0.1061,13.902,0.83598,-6.7116
0.1062,12.669,0.84369,-6.3119
0.1063,11.459,0.85407,-5.9233
0.1064,10.273,0.86796,-5.5454
0.1065,9.1129,0.88624,-5.176
0.1066,7.9757,0.90952,-4.8112
0.1067,6.8574,0.93764,-4.4454
0.1068,5.752,0.96907,-4.0722
0.1069,4.6531,1.0006,-3.6845
0.107,3.5552,1.0279,-3.2761
0.1071,2.4547,1.0468,-2.8426
0.1072,1.3504,1.0544,-2.3819
0.1073,0.24377,1.0503,-1.8951
0.1074,-0.86133,1.0355,-1.3859
0.1075,-1.9589,1.012,-0.86035
0.1076,-3.0413,0.9821,-0.3257
0.1077,-4.1002,0.94773,0.21113
0.1078,-5.1273,0.91024,0.74453
0.1079,-6.1153,0.87054,1.2708
0.108,-7.0584,0.82936,1.7881
0.1081,-7.9524,0.78738,2.2956
0.1082,-8.7954,0.7454,2.7937
0.1083,-9.5875,0.70422,3.2826
0.1084,-10.331,0.66461,3.7633
0.1085,-11.031,0.62718,4.2374
0.1086,-11.693,0.59228,4.7077
0.1087,-12.324,0.56011,5.1779
0.1088,-12.929,0.53064,5.6528
0.1089,-13.515,0.50378,6.1374
0.109,-14.085,0.47932,6.6357
0.1091,-14.64,0.45699,7.1503
0.1092,-15.177,0.43651,7.6812
0.1093,-15.692,0.41755,8.2252
0.1094,-16.179,0.39983,8.7762
0.1095,-16.631,0.38307,9.3258
0.1096,-17.04,0.36705,9.8647
0.1097,-17.398,0.35154,10.384
0.1098,-17.701,0.33639,10.875
0.1099,-17.945,0.32146,11.334
0.11,-18.127,0.30662,11.758
0.1101,-18.248,0.29182,12.148
0.1102,-18.309,0.27701,12.506
0.1103,-18.312,0.26225,12.838
0.1104,-18.263,0.24764,13.148
0.1105,-18.167,0.23335,13.443
0.1106,-18.03,0.21957,13.727
0.1107,-17.859,0.20649,14.006
0.1108,-17.658,0.19426,14.28
0.1109,-17.431,0.18298,14.549
0.111,-17.181,0.17266,14.812
0.1111,-16.907,0.16324,15.066
0.1112,-16.604,0.15462,15.306
0.1113,-16.269,0.1467,15.525
0.1114,-15.896,0.13934,15.718
0.1115,-15.478,0.13243,15.875
0.1116,-15.011,0.12586,15.992
0.1117,-14.49,0.11954,16.06
0.1118,-13.914,0.11338,16.076
0.1119,-13.28,0.10726,16.036
0.112,-12.593,0.10112,15.94
0.1121,-11.855,0.094954,15.792
0.1122,-11.072,0.0888,15.595
0.1123,-10.252,0.08275,15.359
0.1124,-9.4021,0.07694,15.091
0.1125,-8.5299,0.071534,14.798
0.1126,-7.6417,0.066697,14.488
0.1127,-6.7415,0.062561,14.163
0.1128,-5.8317,0.059218,13.825
0.1129,-4.9119,0.056706,13.472
0.113,-3.9801,0.055012,13.1
0.1131,-3.0326,0.054086,12.701
0.1132,-2.5452,0.052557,12.281
0.1133,-2.5097,0.048824,11.882
0.1134,-2.4773,0.043677,11.494
0.1135,-2.4462,0.037725,11.107
0.1136,-2.4176,0.029862,10.69
0.1137,-2.3913,0.020444,10.214
0.1138,-2.3642,0.011061,9.6901
0.1139,-2.3367,0.0013716,9.1192
0.114,-2.311,-0.0096005,8.4946
0.1141,-2.2862,-0.021273,7.8519
0.1142,-2.2606,-0.033031,7.2187
0.1143,-2.235,-0.045107,6.5801
0.1144,-2.21,-0.057128,5.942
0.1145,-2.1843,-0.06842,5.3152
0.1146,-2.1578,-0.079062,4.6655
0.1147,-2.1313,-0.088486,3.968
0.1148,-2.1034,-0.095382,3.2384
0.1149,-2.0734,-0.099606,2.4759
0.115,-2.0424,-0.10185,1.9206
0.1151,-2.0095,-0.10468,1.8992
0.1152,-1.9765,-0.10792,1.8782
0.1153,-1.9442,-0.11151,1.8588
0.1154,-1.913,-0.11633,1.843
0.1155,-1.8816,-0.12341,1.8303
0.1156,-1.8509,-0.13095,1.8182
0.1157,-1.8221,-0.13754,1.8067
0.1158,-1.7936,-0.145,1.7974
0.1159,-1.7649,-0.15389,1.79
0.116,-1.7379,-0.16259,1.7849
0.1161,-1.7128,-0.17136,1.7825
0.1162,-1.6874,-0.18136,1.7816
0.1163,-1.662,-0.19195,1.7819
0.1164,-1.638,-0.20274,1.7844
0.1165,-1.6142,-0.21379,1.7872
0.1166,-1.5894,-0.22319,1.7867
0.1167,-1.5649,-0.22866,1.7815
0.1168,-1.5407,-0.23049,1.772
0.1169,-1.5153,-0.22963,1.7577
0.117,-1.4899,-0.22644,1.74
0.1171,-1.4661,-0.22233,1.7225
0.1172,-1.4431,-0.21873,1.7061
0.1173,-1.4205,-0.21501,1.6893
0.1174,-1.3992,-0.2108,1.6726
0.1175,-1.3793,-0.2069,1.6568
0.1176,-1.3596,-0.203,1.6407
0.1177,-1.3409,-0.19855,1.6242
0.1178,-1.3238,-0.19524,1.6102
0.1179,-1.3075,-0.19415,1.599
0.118,-1.2922,-0.19404,1.5893
0.1181,-1.2786,-0.19484,1.5821
0.1182,-1.266,-0.19825,1.5784
0.1183,-1.2535,-0.20347,1.5766
0.1184,-1.242,-0.20808,1.575
0.1185,-1.2314,-0.21141,1.5725
0.1186,-1.2205,-0.21306,1.567
0.1187,-1.2096,-0.21132,1.5569
0.1188,-1.1995,-0.20644,1.5429
0.1189,-1.1899,-0.20056,1.5267
0.119,-1.1805,-0.19414,1.5089
0.1191,-1.1726,-0.18632,1.4897
0.1192,-1.1658,-0.17763,1.4695
0.1193,-1.1591,-0.1684,1.4477
0.1194,-1.153,-0.15778,1.4241
0.1195,-1.1484,-0.14591,1.3998
0.1196,-1.1445,-0.1342,1.3757
0.1197,-1.1414,-0.12306,1.3523
0.1198,-1.1404,-0.11266,1.3311
0.1199,-1.1409,-0.10402,1.3129
0.12,-1.1421,-0.097616,1.2974
0.1201,-1.1446,-0.092992,1.2848
0.1202,-1.1487,-0.090117,1.2755
0.1203,-1.153,-0.088419,1.2677
0.1204,-1.1574,-0.086094,1.2593
0.1205,-1.1627,-0.081995,1.2496
0.1206,-1.1683,-0.076372,1.2383
0.1207,-1.1734,-0.069179,1.2245
0.1208,-1.1792,-0.060425,1.2091
0.1209,-1.186,-0.05089,1.1935
0.121,-1.1929,-0.040586,1.1768
0.1211,-1.1999,-0.028374,1.1576
0.1212,-1.2074,-0.014186,1.1362
0.1213,-1.215,0.0012441,1.113
0.1214,-1.2223,0.01799,1.0873
0.1215,-1.2302,0.035842,1.0603
0.1216,-1.239,0.053288,1.0339
0.1217,-1.2483,0.069536,1.0087
0.1218,-1.2585,0.084737,0.98524
0.1219,-1.2702,0.098101,0.96493
0.122,-1.2828,0.1087,0.94856
0.1221,-1.2963,0.11739,0.93525
0.1222,-1.3111,0.12521,0.92436
0.1223,-1.3266,0.13225,0.91527
0.1224,-1.3422,0.13913,0.90668
0.1225,-1.3582,0.14685,0.89778
