0.05,0.99311,-0.095124,-0.8719
0.0501,0.9749,-0.054567,-0.8954
0.0502,0.95514,-0.013861,-0.91784
0.0503,0.9339,0.026885,-0.93917
0.0504,0.91124,0.067562,-0.9593
0.0505,0.88723,0.10807,-0.97818
0.0506,0.86195,0.1483,-0.99575
0.0507,0.83548,0.18816,-1.012
0.0508,0.8079,0.22756,-1.0268
0.0509,0.77926,0.26644,-1.0401
0.051,0.74963,0.30474,-1.052
0.0511,0.71904,0.34242,-1.0623
0.0512,0.68751,0.37947,-1.0711
0.0513,0.65508,0.41592,-1.0784
0.0514,0.62176,0.45176,-1.0841
0.0515,0.58759,0.48702,-1.0883
0.0516,0.5526,0.52171,-1.0909
0.0517,0.51686,0.55583,-1.0921
0.0518,0.48041,0.58935,-1.0917
0.0519,0.44331,0.62225,-1.0899
0.052,0.40565,0.6545,-1.0866
0.0521,0.36746,0.68602,-1.0817
0.0522,0.32882,0.71675,-1.0753
0.0523,0.28979,0.74664,-1.0673
0.0524,0.25044,0.77558,-1.0577
0.0525,0.21084,0.80352,-1.0464
0.0526,0.17106,0.83035,-1.0335
0.0527,0.13118,0.85602,-1.0188
0.0528,0.091236,0.88043,-1.0025
0.0529,0.051292,0.90354,-0.98442
0.053,0.011382,0.9253,-0.96472
0.0531,-0.028464,0.94569,-0.94338
0.0532,-0.068221,0.9647,-0.92047
0.0533,-0.10786,0.98233,-0.89605
0.0534,-0.14735,0.99862,-0.87022
0.0535,-0.18664,1.0136,-0.84308
0.0536,-0.2257,1.0272,-0.81474
0.0537,-0.26446,1.0396,-0.78529
0.0538,-0.30288,1.0507,-0.75484
0.0539,-0.34089,1.0606,-0.72348
0.054,-0.37846,1.0692,-0.69128
0.0541,-0.41554,1.0764,-0.65831
0.0542,-0.45206,1.0824,-0.62463
0.0543,-0.48796,1.087,-0.59028
0.0544,-0.52318,1.0901,-0.55533
0.0545,-0.55764,1.0917,-0.51979
0.0546,-0.59127,1.0917,-0.48369
0.0547,-0.62402,1.0901,-0.44704
0.0548,-0.65583,1.0868,-0.40986
0.0549,-0.68669,1.0816,-0.37215
0.055,-0.71657,1.0746,-0.33391
0.0551,-0.74545,1.0658,-0.29516
0.0552,-0.77333,1.0552,-0.25594
0.0553,-0.80018,1.0427,-0.21629
0.0554,-0.82601,1.0285,-0.17629
0.0555,-0.85077,1.0126,-0.136
0.0556,-0.82515,1.0388,0.11994
0.0557,-0.82776,1.0322,0.24873
0.0558,-0.83713,1.013,0.34268
0.0559,-0.85013,0.98664,0.41967
0.056,-0.86638,0.95423,0.48492
0.0561,-0.8824,0.91704,0.54237
0.0562,-0.89594,0.87814,0.59712
0.0563,-0.9092,0.8383,0.65219
0.0564,-0.92297,0.797,0.70665
0.0565,-0.93467,0.75387,0.75881
0.0566,-0.94421,0.70858,0.80744
0.0567,-0.95305,0.66036,0.85287
0.0568,-0.96087,0.60983,0.8953
0.0569,-0.96758,0.55818,0.93478
0.057,-0.97399,0.50611,0.97142
0.0571,-0.97867,0.45373,1.0067
0.0572,-0.9803,0.40183,1.0425
0.0573,-0.97999,0.35054,1.0792
0.0574,-0.97885,0.29888,1.1153
0.0575,-0.97633,0.24552,1.1491
0.0576,-0.97239,0.19018,1.1792
0.0577,-0.96783,0.1328,1.2059
0.0578,-0.96252,0.073613,1.2294
0.0579,-0.95618,0.013477,1.2495
0.058,-0.94936,-0.046214,1.2658
0.0581,-0.9417,-0.10497,1.2788
0.0582,-0.93226,-0.16244,1.2901
0.0583,-0.92139,-0.218,1.3019
0.0584,-0.90922,-0.27138,1.315
0.0585,-0.89431,-0.32358,1.3285
0.0586,-0.87631,-0.37544,1.3416
0.0587,-0.85691,-0.42725,1.3542
0.0588,-0.83663,-0.47899,1.3656
0.0589,-0.81458,-0.53061,1.3744
0.059,-0.79099,-0.58169,1.3798
0.0591,-0.76658,-0.63213,1.3825
0.0592,-0.74088,-0.68177,1.3823
0.0593,-0.71396,-0.73013,1.3792
0.0594,-0.68678,-0.7767,1.3736
0.0595,-0.65904,-0.82195,1.3664
0.0596,-0.62984,-0.86626,1.3576
0.0597,-0.59974,-0.9097,1.3474
0.0598,-0.56953,-0.95226,1.3357
0.0599,-0.5388,-0.99412,1.322
0.06,-0.50753,-1.0349,1.3055
0.0601,-0.47643,-1.0742,1.2863
0.0602,-0.44524,-1.1119,1.2652
0.0603,-0.41331,-1.1479,1.2424
0.0604,-0.38088,-1.1815,1.218
0.0605,-0.34808,-1.2126,1.192
0.0606,-0.3144,-1.2415,1.1646
0.0607,-0.28009,-1.268,1.1362
0.0608,-0.24562,-1.2921,1.107
0.0609,-0.21042,-1.3146,1.0766
0.061,-0.17405,-1.3359,1.0446
0.0611,-0.13725,-1.3562,1.0109
0.0612,-0.10038,-1.3754,0.97554
0.0613,-0.063126,-1.3933,0.93821
0.0614,-0.025739,-1.4096,0.89874
0.0615,0.011397,-1.424,0.85754
0.0616,0.04859,-1.4363,0.81466
0.0617,0.085707,-1.4462,0.76995
0.0618,0.12197,-1.4534,0.72345
0.0619,0.15738,-1.458,0.67548
0.062,0.19239,-1.4604,0.62621
0.0621,0.22672,-1.4609,0.57612
0.0622,0.26024,-1.4599,0.5257
0.0623,0.29357,-1.4575,0.47512
0.0624,0.32672,-1.4535,0.42426
0.0625,0.3591,-1.4474,0.37327
0.0626,0.39094,-1.4391,0.32223
0.0627,0.4227,-1.4285,0.27105
0.0628,0.45398,-1.4151,0.21964
0.0629,0.48463,-1.3992,0.16794
0.063,0.51512,-1.3811,0.1157
0.0631,0.54524,-1.3611,0.062993
0.0632,0.57436,-1.3392,0.010214
0.0633,0.60283,-1.3159,-0.042425
0.0634,0.6311,-1.2913,-0.09503
0.0635,0.65871,-1.2654,-0.14737
0.0636,0.6853,-1.2378,-0.19924
0.0637,0.71111,-1.2083,-0.2509
0.0638,0.7359,-1.1764,-0.30259
0.0639,0.75919,-1.1421,-0.35409
0.064,0.7812,-1.1057,-0.40523
0.0641,0.80216,-1.0672,-0.45609
0.0642,0.82168,-1.0268,-0.50658
0.0643,0.83968,-0.98478,-0.55641
0.0644,0.85647,-0.94127,-0.60542
0.0645,0.87198,-0.8964,-0.6534
0.0646,0.88616,-0.85026,-0.70001
0.0647,0.89945,-0.8031,-0.74504
0.0648,0.91199,-0.75489,-0.78853
0.0649,0.92349,-0.70556,-0.83053
0.065,0.934,-0.65517,-0.87112
0.0651,0.94368,-0.60388,-0.9104
0.0652,0.95224,-0.5517,-0.94844
0.0653,0.95959,-0.49878,-0.98529
0.0654,0.96596,-0.44531,-1.0212
0.0655,0.97114,-0.39133,-1.0561
0.0656,0.97464,-0.33681,-1.0898
0.0657,0.97655,-0.28191,-1.1223
0.0658,0.97712,-0.22679,-1.1533
0.0659,0.97604,-0.17158,-1.1825
0.066,0.97325,-0.11635,-1.2097
0.0661,0.96899,-0.061097,-1.235
0.0662,0.96304,-0.0056453,-1.2585
0.0663,0.95502,0.050082,-1.2803
0.0664,0.94513,0.10603,-1.3003
0.0665,0.93361,0.16212,-1.3188
0.0666,0.92024,0.21828,-1.3358
0.0667,0.90511,0.27427,-1.3512
0.0668,0.88861,0.32983,-1.3648
0.0669,0.87076,0.38482,-1.3765
0.067,0.85149,0.43905,-1.3861
0.0671,0.83124,0.49224,-1.3933
0.0672,0.81028,0.54438,-1.3982
0.0673,0.78841,0.59557,-1.4009
0.0674,0.7656,0.64586,-1.4016
0.0675,0.74201,0.69525,-1.4005
0.0676,0.71744,0.74383,-1.398
0.0677,0.69172,0.79147,-1.394
0.0678,0.66509,0.83795,-1.3885
0.0679,0.63761,0.88312,-1.3816
0.068,0.60904,0.92699,-1.3731
0.0681,0.57943,0.96946,-1.3628
0.0682,0.54897,1.0105,-1.3506
0.0683,0.51759,1.0502,-1.3364
0.0684,0.48533,1.0885,-1.3199
0.0685,0.45245,1.1253,-1.3014
0.0686,0.41898,1.1608,-1.2808
0.0687,0.3848,1.1948,-1.2583
0.0688,0.35007,1.2274,-1.234
0.0689,0.31498,1.2582,-1.2079
0.069,0.27951,1.2873,-1.1799
0.0691,0.2438,1.3145,-1.1502
0.0692,0.20809,1.3398,-1.1187
0.0693,0.17235,1.3631,-1.0855
0.0694,0.13649,1.3845,-1.0504
0.0695,0.10072,1.4039,-1.0136
0.0696,0.065173,1.4212,-0.97499
0.0697,0.029687,1.4364,-0.93468
0.0698,-0.0057105,1.4496,-0.89283
0.0699,-0.04091,1.4607,-0.84971
0.07,-0.076137,1.47,-0.80551
0.0701,-0.11157,1.4775,-0.76035
0.0702,-0.14701,1.4832,-0.71439
0.0703,-0.18239,1.4871,-0.66773
0.0704,-0.21782,1.4892,-0.6203
0.0705,-0.25319,1.4895,-0.57204
0.0706,-0.28826,1.4878,-0.52298
0.0707,-0.32303,1.484,-0.47304
0.0708,-0.35747,1.4782,-0.42211
0.0709,-0.39126,1.4701,-0.37026
0.071,-0.42429,1.46,-0.3177
0.0711,-0.45661,1.4478,-0.26461
0.0712,-0.48818,1.4336,-0.2112
0.0713,-0.51885,1.4175,-0.15774
0.0714,-0.54871,1.3994,-0.10438
0.0715,-0.57773,1.3793,-0.051157
0.0716,-0.60576,1.357,0.0018961
0.0717,-0.6328,1.3325,0.054749
0.0718,-0.65899,1.3059,0.10743
0.0719,-0.68427,1.2771,0.15994
0.072,-0.70863,1.2463,0.21224
0.0721,-0.73216,1.2136,0.26428
0.0722,-0.75487,1.1791,0.31595
0.0723,-0.77667,1.1429,0.36708
0.0724,-0.79768,1.1051,0.41753
0.0725,-0.81798,1.0659,0.46719
0.0726,-0.83744,1.0252,0.516
0.0727,-0.85597,0.98298,0.5639
0.0728,-0.8736,0.93935,0.61095
0.0729,-0.89015,0.8943,0.65715
0.073,-0.90547,0.84789,0.70244
0.0731,-0.91955,0.80024,0.74681
0.0732,-0.93236,0.75143,0.79025
0.0733,-0.9437,0.70152,0.83268
0.0734,-0.9535,0.65059,0.87399
0.0735,-0.96181,0.59873,0.91411
0.0736,-0.9686,0.54601,0.95293
0.0737,-0.97381,0.49255,0.99024
0.0738,-0.9776,0.43848,1.026
0.0739,-0.98004,0.38388,1.06
0.074,-0.98103,0.32882,1.0924
0.0741,-0.9806,0.27338,1.123
0.0742,-0.97886,0.21765,1.1519
0.0743,-0.97577,0.16168,1.1792
0.0744,-0.97128,0.10556,1.2048
0.0745,-0.96545,0.049375,1.2288
0.0746,-0.95828,-0.0067947,1.2513
0.0747,-0.94964,-0.062876,1.2721
0.0748,-0.93956,-0.11872,1.2911
0.0749,-0.92812,-0.17421,1.3084
0.075,-0.91525,-0.22926,1.3239
0.0751,-0.90092,-0.28382,1.3373
0.0752,-0.88517,-0.33786,1.3489
0.0753,-0.86797,-0.39141,1.3587
0.0754,-0.84922,-0.44449,1.3666
0.0755,-0.82898,-0.49704,1.3728
0.0756,-0.80732,-0.54899,1.3773
0.0757,-0.78427,-0.60025,1.3801
0.0758,-0.75988,-0.65069,1.3812
0.0759,-0.7343,-0.70018,1.3804
0.076,-0.70762,-0.7486,1.3778
0.0761,-0.67992,-0.79583,1.3731
0.0762,-0.6514,-0.84179,1.3664
0.0763,-0.62221,-0.88643,1.3576
0.0764,-0.59238,-0.92973,1.3468
0.0765,-0.56198,-0.97167,1.3339
0.0766,-0.53111,-1.0122,1.3191
0.0767,-0.49976,-1.0512,1.3025
0.0768,-0.46793,-1.0887,1.284
0.0769,-0.43568,-1.1246,1.2638
0.077,-0.40303,-1.1587,1.2419
0.0771,-0.36987,-1.1912,1.2183
0.0772,-0.33621,-1.2219,1.1929
0.0773,-0.30209,-1.2509,1.1657
0.0774,-0.26748,-1.2781,1.1368
0.0775,-0.23236,-1.3037,1.1061
0.0776,-0.19684,-1.3274,1.0736
0.0777,-0.16095,-1.3495,1.0394
0.0778,-0.12466,-1.3697,1.0035
0.0779,-0.088058,-1.3882,0.966
0.078,-0.05128,-1.4048,0.92695
0.0781,-0.014378,-1.4196,0.88644
0.0782,0.022556,-1.4325,0.84453
0.0783,0.059362,-1.4434,0.80131
0.0784,0.095938,-1.4524,0.75684
0.0785,0.13223,-1.4593,0.71116
0.0786,0.16811,-1.4641,0.6643
0.0787,0.20345,-1.4668,0.61635
0.0788,0.23822,-1.4674,0.56737
0.0789,0.27243,-1.4658,0.5175
0.079,0.30605,-1.4622,0.46688
0.0791,0.33913,-1.4566,0.41569
0.0792,0.37173,-1.449,0.36406
0.0793,0.40385,-1.4394,0.31212
0.0794,0.43548,-1.4279,0.25998
0.0795,0.46667,-1.4144,0.2077
0.0796,0.49741,-1.3989,0.15529
0.0797,0.52765,-1.3814,0.10278
0.0798,0.55737,-1.3619,0.05017
0.0799,0.58653,-1.3403,-0.0025537
0.08,0.61501,-1.3168,-0.055343
0.0801,0.64274,-1.2913,-0.10812
0.0802,0.66967,-1.2638,-0.16081
0.0803,0.69573,-1.2345,-0.21329
0.0804,0.72081,-1.2033,-0.26545
0.0805,0.74488,-1.1702,-0.31721
0.0806,0.76787,-1.1353,-0.36848
0.0807,0.78969,-1.0984,-0.41921
0.0808,0.8103,-1.0598,-0.46931
0.0809,0.82973,-1.0193,-0.51876
0.081,0.84794,-0.97723,-0.56747
0.0811,0.86491,-0.93356,-0.61539
0.0812,0.88067,-0.88845,-0.66244
0.0813,0.89526,-0.842,-0.70854
0.0814,0.90866,-0.79432,-0.75357
0.0815,0.92093,-0.74552,-0.79745
0.0816,0.93214,-0.69572,-0.84008
0.0817,0.94228,-0.64499,-0.88139
0.0818,0.95132,-0.5934,-0.92133
0.0819,0.95928,-0.54105,-0.95986
0.082,0.96612,-0.48801,-0.99696
0.0821,0.97175,-0.43436,-1.0326
0.0822,0.97611,-0.3802,-1.0668
0.0823,0.97914,-0.32558,-1.0995
0.0824,0.9807,-0.27057,-1.1308
0.0825,0.9807,-0.21523,-1.1606
0.0826,0.97908,-0.15963,-1.189
0.0827,0.97578,-0.10385,-1.2157
0.0828,0.97075,-0.047939,-1.2409
0.0829,0.96398,0.0080157,-1.2643
0.083,0.95549,0.063958,-1.286
0.0831,0.94528,0.11984,-1.3059
0.0832,0.93338,0.1756,-1.3239
0.0833,0.91987,0.23117,-1.3401
0.0834,0.9048,0.28649,-1.3544
0.0835,0.88826,0.34146,-1.3669
0.0836,0.87035,0.39599,-1.3776
0.0837,0.85115,0.44995,-1.3864
0.0838,0.83074,0.50322,-1.3933
0.0839,0.80922,0.55569,-1.3984
0.084,0.78667,0.60724,-1.4016
0.0841,0.76315,0.65778,-1.4028
0.0842,0.73868,0.70725,-1.4021
0.0843,0.71333,0.7556,-1.3995
0.0844,0.68709,0.8028,-1.395
0.0845,0.65993,0.84882,-1.3887
0.0846,0.63189,0.89364,-1.3806
0.0847,0.60296,0.93719,-1.3707
0.0848,0.57314,0.97944,-1.3591
0.0849,0.54245,1.0203,-1.3457
0.085,0.51092,1.0598,-1.3306
0.0851,0.4786,1.0978,-1.3136
0.0852,0.44554,1.1343,-1.2948
0.0853,0.41183,1.1693,-1.2742
0.0854,0.37758,1.2027,-1.2515
0.0855,0.34285,1.2344,-1.227
0.0856,0.30773,1.2646,-1.2005
0.0857,0.27233,1.293,-1.172
0.0858,0.23671,1.3196,-1.1417
0.0859,0.20094,1.3444,-1.1095
0.086,0.16508,1.3673,-1.0755
0.0861,0.12918,1.3882,-1.0398
0.0862,0.093263,1.4072,-1.0024
0.0863,0.05734,1.4242,-0.96357
0.0864,0.021445,1.4392,-0.92322
0.0865,-0.014412,1.4522,-0.88147
0.0866,-0.050224,1.4632,-0.83839
0.0867,-0.085963,1.4722,-0.79406
0.0868,-0.12162,1.4793,-0.74857
0.0869,-0.15718,1.4844,-0.70201
0.087,-0.19262,1.4876,-0.65447
0.0871,-0.22788,1.4889,-0.60605
0.0872,-0.26291,1.4882,-0.55684
0.0873,-0.29768,1.4856,-0.50693
0.0874,-0.3321,1.4811,-0.45638
0.0875,-0.36609,1.4745,-0.40527
0.0876,-0.39959,1.466,-0.35362
0.0877,-0.43249,1.4554,-0.3015
0.0878,-0.46469,1.4428,-0.24896
0.0879,-0.49614,1.4281,-0.19606
0.088,-0.52677,1.4113,-0.14289
0.0881,-0.55654,1.3925,-0.089551
0.0882,-0.58541,1.3716,-0.036149
0.0883,-0.6134,1.3486,0.017208
0.0884,-0.64048,1.3236,0.070418
0.0885,-0.66666,1.2966,0.12338
0.0886,-0.69196,1.2676,0.17603
0.0887,-0.71639,1.2365,0.2283
0.0888,-0.73996,1.2036,0.28013
0.0889,-0.76266,1.1687,0.33148
0.089,-0.7845,1.1321,0.38231
0.0891,-0.80544,1.0937,0.43255
0.0892,-0.82546,1.0537,0.48215
0.0893,-0.84453,1.0122,0.53103
0.0894,-0.8626,0.96925,0.57912
0.0895,-0.87962,0.92491,0.62634
0.0896,-0.89553,0.87927,0.67261
0.0897,-0.91026,0.8324,0.71787
0.0898,-0.92377,0.78435,0.76206
0.0899,-0.93598,0.73519,0.8051
0.09,-0.94685,0.68501,0.84694
0.0901,-0.95634,0.63387,0.88754
0.0902,-0.9644,0.58185,0.92687
0.0903,-0.97102,0.52904,0.96488
0.0904,-0.97618,0.47551,1.0015
0.0905,-0.97986,0.42135,1.0367
0.0906,-0.98209,0.36664,1.0705
0.0907,-0.98288,0.31146,1.1027
0.0908,-0.98223,0.25591,1.1332
0.0909,-0.98017,0.20005,1.1621
0.091,-0.97671,0.14399,1.1894
0.0911,-0.97184,0.087808,1.2148
0.0912,-0.96556,0.031581,1.2385
0.0913,-0.95786,-0.024604,1.2604
0.0914,-0.94873,-0.080665,1.2806
0.0915,-0.93815,-0.13652,1.299
0.0916,-0.9261,-0.1921,1.3156
0.0917,-0.91257,-0.24731,1.3305
0.0918,-0.89756,-0.30207,1.3435
0.0919,-0.88108,-0.35632,1.3548
0.092,-0.86315,-0.40999,1.3642
0.0921,-0.84381,-0.46301,1.3719
0.0922,-0.82308,-0.51535,1.3776
0.0923,-0.80101,-0.56694,1.3816
0.0924,-0.77768,-0.61773,1.3836
0.0925,-0.75314,-0.66766,1.3838
0.0926,-0.72747,-0.71665,1.3822
0.0927,-0.70076,-0.76462,1.3787
0.0928,-0.6731,-0.81148,1.3733
0.0929,-0.64457,-0.85716,1.366
0.093,-0.61525,-0.90158,1.3569
0.0931,-0.58524,-0.94465,1.3458
0.0932,-0.55461,-0.98631,1.3328
0.0933,-0.52341,-1.0265,1.3179
0.0934,-0.4917,-1.0652,1.301
0.0935,-0.4595,-1.1022,1.2823
0.0936,-0.42684,-1.1377,1.2616
0.0937,-0.39372,-1.1715,1.2391
0.0938,-0.36016,-1.2037,1.2147
0.0939,-0.32615,-1.2341,1.1886
0.094,-0.29168,-1.2628,1.1607
0.0941,-0.25678,-1.2897,1.131
0.0942,-0.22145,-1.3148,1.0996
0.0943,-0.18572,-1.3381,1.0666
0.0944,-0.14964,-1.3596,1.0319
0.0945,-0.11327,-1.3792,0.99554
0.0946,-0.076671,-1.397,0.95762
0.0947,-0.03993,-1.413,0.91815
0.0948,-0.0031365,-1.4271,0.87719
0.0949,0.03362,-1.4392,0.83481
0.095,0.07025,-1.4495,0.79108
0.0951,0.10666,-1.4578,0.74611
0.0952,0.14278,-1.464,0.69997
0.0953,0.17853,-1.4683,0.65278
0.0954,0.21385,-1.4705,0.60462
0.0955,0.2487,-1.4707,0.55559
0.0956,0.28305,-1.4688,0.50578
0.0957,0.3169,-1.4649,0.45526
0.0958,0.35021,-1.4588,0.40413
0.0959,0.38301,-1.4507,0.35248
0.096,0.41528,-1.4406,0.3004
0.0961,0.44702,-1.4285,0.24797
0.0962,0.47823,-1.4143,0.19528
0.0963,0.50889,-1.3982,0.14243
0.0964,0.53898,-1.38,0.089487
0.0965,0.56847,-1.3599,0.036527
0.0966,0.59733,-1.3377,-0.016389
0.0967,0.62549,-1.3136,-0.069211
0.0968,0.65291,-1.2874,-0.12189
0.0969,0.6795,-1.2593,-0.17438
0.097,0.7052,-1.2293,-0.22663
0.0971,0.72995,-1.1974,-0.27858
0.0972,0.75367,-1.1635,-0.33017
0.0973,0.77632,-1.1279,-0.38131
0.0974,0.79786,-1.0905,-0.43193
0.0975,0.81825,-1.0513,-0.48195
0.0976,0.83746,-1.0105,-0.53128
0.0977,0.85549,-0.96815,-0.57983
0.0978,0.87235,-0.92423,-0.62752
0.0979,0.88802,-0.87887,-0.67429
0.098,0.90253,-0.83216,-0.72004
0.0981,0.91588,-0.7842,-0.76472
0.0982,0.92807,-0.73508,-0.80825
0.0983,0.93912,-0.68492,-0.85058
0.0984,0.94901,-0.63382,-0.89164
0.0985,0.95774,-0.58187,-0.93138
0.0986,0.96529,-0.52917,-0.96977
0.0987,0.97163,-0.4758,-1.0067
0.0988,0.9767,-0.42186,-1.0422
0.0989,0.98045,-0.36742,-1.0762
0.099,0.98282,-0.31255,-1.1087
0.0991,0.98374,-0.25733,-1.1396
0.0992,0.98315,-0.20183,-1.1689
0.0993,0.98098,-0.14611,-1.1966
0.0994,0.97717,-0.090237,-1.2227
0.0995,0.97169,-0.034267,-1.2472
0.0996,0.96449,0.021734,-1.27
0.0997,0.9556,0.077705,-1.2911
0.0998,0.94501,0.13358,-1.3105
0.0999,0.93279,0.18929,-1.3281
0.1,0.91895,0.24477,-1.344
0.1001,0.90358,0.29994,-1.3579
0.1002,0.88676,0.35472,-1.3701
0.1003,0.86856,0.40903,-1.3803
0.1004,0.84906,0.46276,-1.3886
0.1005,0.82835,0.51583,-1.3951
0.1006,0.8065,0.56813,-1.3996
0.1007,0.78357,0.61956,-1.4023
0.1008,0.75962,0.67002,-1.403
0.1009,0.7347,0.71943,-1.4019
0.101,0.70883,0.76771,-1.3989
0.1011,0.68206,0.81478,-1.3941
0.1012,0.6544,0.86059,-1.3874
0.1013,0.62588,0.90513,-1.3788
0.1014,0.59651,0.94834,-1.3684
0.1015,0.56632,0.9902,-1.3562
0.1016,0.53533,1.0307,-1.3422
0.1017,0.50359,1.0697,-1.3263
0.1018,0.47112,1.1073,-1.3086
0.1019,0.43799,1.1434,-1.2891
0.102,0.40426,1.1779,-1.2677
0.1021,0.36998,1.2108,-1.2445
0.1022,0.33523,1.2421,-1.2194
0.1023,0.30008,1.2717,-1.1925
0.1024,0.26461,1.2996,-1.1636
0.1025,0.2289,1.3257,-1.1329
0.1026,0.193,1.35,-1.1004
0.1027,0.15697,1.3724,-1.066
0.1028,0.12087,1.3929,-1.0299
0.1029,0.084722,1.4114,-0.99219
0.103,0.048571,1.428,-0.95285
0.1031,0.012439,1.4426,-0.91202
0.1032,-0.023652,1.4552,-0.86979
0.1033,-0.059679,1.4658,-0.82627
0.1034,-0.095618,1.4744,-0.78154
0.1035,-0.13144,1.481,-0.7357
0.1036,-0.16711,1.4856,-0.68882
0.1037,-0.2026,1.4882,-0.641
0.1038,-0.23784,1.4889,-0.5923
0.1039,-0.27279,1.4876,-0.5428
0.104,-0.3074,1.4843,-0.49258
0.1041,-0.34162,1.479,-0.44172
0.1042,-0.37538,1.4718,-0.3903
0.1043,-0.40861,1.4626,-0.33839
0.1044,-0.44125,1.4514,-0.28607
0.1045,-0.47324,1.4382,-0.23342
0.1046,-0.5045,1.423,-0.18051
0.1047,-0.535,1.4057,-0.12741
0.1048,-0.56468,1.3863,-0.074203
0.1049,-0.59353,1.3649,-0.020954
0.105,-0.6215,1.3414,0.032262
0.1051,-0.64859,1.3158,0.085368
0.1052,-0.67479,1.2883,0.13829
0.1053,-0.70009,1.2587,0.19095
0.1054,-0.72449,1.2272,0.24326
0.1055,-0.74798,1.1937,0.29516
0.1056,-0.77056,1.1584,0.34656
0.1057,-0.79222,1.1213,0.3974
0.1058,-0.81293,1.0825,0.4476
0.1059,-0.83268,1.042,0.4971
0.106,-0.85143,0.99995,0.54583
0.1061,-0.86913,0.95646,0.59372
0.1062,-0.88575,0.91158,0.64071
0.1063,-0.89957,0.88448,0.68834
0.1064,-0.91253,0.8577,0.73589
0.1065,-0.92414,0.8298,0.78285
0.1066,-0.93421,0.8008,0.82883
0.1067,-0.94289,0.77086,0.87359
0.1068,-0.95021,0.73994,0.91725
0.1069,-0.95608,0.70792,0.95988
0.107,-0.96044,0.67493,1.0012
0.1071,-0.96325,0.64106,1.0409
0.1072,-0.96453,0.60627,1.0793
0.1073,-0.96444,0.57062,1.1163
0.1074,-0.96311,0.53426,1.1519
0.1075,-0.96042,0.49716,1.186
0.1076,-0.95625,0.45932,1.2183
0.1077,-0.95063,0.4209,1.2489
0.1078,-0.94358,0.38199,1.2778
0.1079,-0.93504,0.34254,1.3052
0.108,-0.92501,0.30267,1.3309
0.1081,-0.91349,0.26252,1.3548
0.1082,-0.9005,0.22213,1.3768
0.1083,-0.88616,0.18158,1.397
0.1084,-0.87056,0.14103,1.4153
0.1085,-0.8536,0.10039,1.4314
0.1086,-0.8352,0.05961,1.4453
0.1087,-0.81544,0.018812,1.457
0.1088,-0.79437,-0.021925,1.4668
0.1089,-0.77191,-0.062683,1.4745
0.109,-0.74811,-0.10338,1.4801
0.1091,-0.72309,-0.14385,1.4837
0.1092,-0.69695,-0.1841,1.4854
0.1093,-0.66981,-0.22415,1.4853
0.1094,-0.64182,-0.26386,1.4833
0.1095,-0.61301,-0.30317,1.4791
0.1096,-0.58338,-0.34219,1.4729
0.1097,-0.55302,-0.38082,1.4646
0.1098,-0.5221,-0.41891,1.4543
0.1099,-0.49058,-0.45648,1.4419
0.11,-0.45849,-0.49348,1.4276
0.1101,-0.42595,-0.5297,1.4112
0.1102,-0.39302,-0.565,1.393
0.1103,-0.35968,-0.59945,1.3729
0.1104,-0.32598,-0.633,1.3508
0.1105,-0.29195,-0.66556,1.3267
0.1106,-0.25755,-0.69719,1.3004
0.1107,-0.22276,-0.72792,1.2721
0.1108,-0.18766,-0.75763,1.2417
0.1109,-0.15228,-0.78632,1.2093
0.111,-0.11661,-0.81404,1.1748
0.1111,-0.080698,-0.84073,1.1385
0.1112,-0.044674,-0.8663,1.1005
0.1113,-0.0085477,-0.89079,1.061
0.1114,0.027659,-0.91421,1.0198
0.1115,0.063879,-0.93647,0.97705
0.1116,0.10002,-0.95757,0.93286
0.1117,0.136,-0.97753,0.88727
0.1118,0.17166,-0.99625,0.84031
0.1119,0.21077,-1.0115,0.8096
0.112,0.25033,-1.0258,0.78123
0.1121,0.28937,-1.0386,0.75181
0.1122,0.32772,-1.0496,0.72139
0.1123,0.36535,-1.0592,0.69018
0.1124,0.40239,-1.0674,0.65813
0.1125,0.43888,-1.0739,0.62507
0.1126,0.47475,-1.0787,0.59114
0.1127,0.50989,-1.0819,0.55643
0.1128,0.54434,-1.0835,0.52092
0.1129,0.57815,-1.0834,0.48461
0.113,0.61134,-1.0819,0.44769
0.1131,0.64385,-1.0789,0.41015
0.1132,0.67553,-1.0741,0.37198
0.1133,0.70634,-1.0677,0.3333
0.1134,0.73634,-1.0598,0.29421
0.1135,0.76555,-1.0502,0.25464
0.1136,0.79385,-1.039,0.21468
0.1137,0.82113,-1.0262,0.17452
0.1138,0.84732,-1.0117,0.1342
0.1139,0.87239,-0.99569,0.093776
0.114,0.89629,-0.97819,0.053402
0.1141,0.91893,-0.95915,0.013081
0.1142,0.9402,-0.93844,-0.027223
0.1143,0.96008,-0.91617,-0.06741
0.1144,0.97859,-0.89248,-0.1074
0.1145,0.99576,-0.86731,-0.14727
0.1146,1.0115,-0.84067,-0.18695
0.1147,1.0258,-0.81272,-0.2263
0.1148,1.0387,-0.78359,-0.26531
0.1149,1.0503,-0.75334,-0.304
0.115,1.0605,-0.72211,-0.34227
0.1151,1.0694,-0.68996,-0.38007
0.1152,1.0769,-0.65685,-0.41749
0.1153,1.0831,-0.62289,-0.45449
0.1154,1.088,-0.58826,-0.4909
0.1155,1.0915,-0.55298,-0.52675
0.1156,1.0935,-0.51702,-0.56199
0.1157,1.094,-0.48054,-0.5964
0.1158,1.0928,-0.44363,-0.62987
0.1159,1.09,-0.40622,-0.66245
0.116,1.0856,-0.36836,-0.69408
0.1161,1.0793,-0.33012,-0.72466
0.1162,1.0712,-0.29145,-0.75423
0.1163,1.0614,-0.25228,-0.78284
0.1164,1.0497,-0.21276,-0.81039
0.1165,1.0362,-0.17293,-0.83685
0.1166,1.0209,-0.13273,-0.86227
0.1167,1.0038,-0.092236,-0.88659
0.1168,0.98513,-0.051631,-0.90972
0.1169,0.96483,-0.01093,-0.93169
0.117,0.94299,0.029881,-0.95253
0.1171,0.9197,0.070686,-0.97218
0.1172,0.89509,0.11136,-0.99063
0.1173,0.86928,0.15186,-1.0079
0.1174,0.84236,0.19206,-1.024
0.1175,0.81441,0.23183,-1.0388
0.1176,0.78547,0.27113,-1.0522
0.1177,0.75557,0.30991,-1.0642
0.1178,0.72474,0.34807,-1.0748
0.1179,0.69303,0.38562,-1.0839
0.118,0.66044,0.42258,-1.0914
0.1181,0.62697,0.45893,-1.0974
0.1182,0.59263,0.49465,-1.1018
0.1183,0.55746,0.52977,-1.1047
0.1184,0.5215,0.56422,-1.1059
0.1185,0.48477,0.59795,-1.1054
0.1186,0.44734,0.63095,-1.1033
0.1187,0.40927,0.66321,-1.0995
0.1188,0.37062,0.69465,-1.094
0.1189,0.33146,0.72523,-1.0868
0.119,0.29188,0.755,-1.078
0.1191,0.25195,0.78388,-1.0676
0.1192,0.21179,0.81174,-1.0556
0.1193,0.17148,0.83855,-1.0419
0.1194,0.13109,0.86426,-1.0267
0.1195,0.090656,0.88876,-1.0099
0.1196,0.050252,0.91198,-0.9914
0.1197,0.0099242,0.93392,-0.9714
0.1198,-0.030278,0.95453,-0.94989
0.1199,-0.070314,0.97375,-0.92688
0.12,-0.11016,0.99163,-0.90248
0.1201,-0.1498,1.0082,-0.87678
0.1202,-0.1892,1.0234,-0.84976
0.1203,-0.22835,1.0372,-0.82149
0.1204,-0.26722,1.0497,-0.79205
0.1205,-0.30579,1.0608,-0.76149
0.1206,-0.34401,1.0705,-0.72982
0.1207,-0.38186,1.0788,-0.69717
0.1208,-0.41928,1.0858,-0.66362
0.1209,-0.45621,1.0914,-0.62924
0.121,-0.49255,1.0956,-0.59413
0.1211,-0.52821,1.0983,-0.55839
0.1212,-0.5631,1.0995,-0.52206
0.1213,-0.59714,1.0991,-0.48519
0.1214,-0.63026,1.0971,-0.44783
0.1215,-0.66243,1.0934,-0.41
0.1216,-0.6936,1.0879,-0.37172
0.1217,-0.72372,1.0807,-0.33304
0.1218,-0.75278,1.0716,-0.29401
0.1219,-0.78076,1.0608,-0.25463
0.122,-0.80766,1.0483,-0.21493
0.1221,-0.83347,1.034,-0.17498
0.1222,-0.85818,1.0179,-0.13477
0.1223,-0.88179,1.0002,-0.094325
0.1224,-0.90429,0.98094,-0.053724
0.1225,-0.92568,0.96012,-0.013025
