0.05,0.59019,-1.0347,0.42685
0.0501,0.62295,-1.0296,0.39174
0.0502,0.65471,-1.023,0.35623
0.0503,0.68538,-1.0148,0.3204
0.0504,0.71491,-1.005,0.28427
0.0505,0.74325,-0.9937,0.24789
0.0506,0.77039,-0.98089,0.21126
0.0507,0.79631,-0.9666,0.1744
0.0508,0.82105,-0.95088,0.13726
0.0509,0.84464,-0.93378,0.099836
0.051,0.8671,-0.91539,0.062149
0.0511,0.88849,-0.89579,0.024211
0.0512,0.90881,-0.87508,-0.013945
0.0513,0.92808,-0.85333,-0.052269
0.0514,0.94626,-0.83061,-0.0907
0.0515,0.96331,-0.80697,-0.12917
0.0516,0.97912,-0.78246,-0.16761
0.0517,0.99361,-0.75708,-0.20593
0.0518,1.0067,-0.73084,-0.24405
0.0519,1.0182,-0.70374,-0.28188
0.052,1.028,-0.67578,-0.31932
0.0521,1.0361,-0.64695,-0.35628
0.0522,1.0423,-0.61725,-0.39269
0.0523,1.0466,-0.58668,-0.42846
0.0524,1.0489,-0.55524,-0.46353
0.0525,1.0493,-0.52293,-0.49788
0.0526,1.0477,-0.48977,-0.53147
0.0527,1.0443,-0.45578,-0.5643
0.0528,1.039,-0.42103,-0.59636
0.0529,1.0321,-0.38559,-0.62766
0.053,1.0236,-0.34954,-0.65819
0.0531,1.0137,-0.31299,-0.68796
0.0532,1.0026,-0.27603,-0.71695
0.0533,0.99018,-0.23878,-0.74514
0.0534,0.97671,-0.20132,-0.77251
0.0535,0.96221,-0.16371,-0.79901
0.0536,0.94671,-0.12598,-0.82459
0.0537,0.93022,-0.08818,-0.8492
0.0538,0.91274,-0.050338,-0.87276
0.0539,0.89422,-0.012491,-0.89516
0.054,0.87463,0.025341,-0.91631
0.0541,0.85391,0.063143,-0.93611
0.0542,0.83201,0.1009,-0.95445
0.0543,0.80887,0.13861,-0.97123
0.0544,0.78445,0.17626,-0.98637
0.0545,0.75874,0.21384,-0.99979
0.0546,0.73176,0.25132,-1.0114
0.0547,0.70354,0.28866,-1.0213
0.0548,0.67417,0.32579,-1.0294
0.0549,0.64373,0.36265,-1.0358
0.055,0.61235,0.39913,-1.0404
0.0551,0.58014,0.43515,-1.0433
0.0552,0.54723,0.47062,-1.0446
0.0553,0.51374,0.50544,-1.0443
0.0554,0.47978,0.53954,-1.0425
0.0555,0.44543,0.57286,-1.0392
0.0556,0.41077,0.60532,-1.0346
0.0557,0.37583,0.63687,-1.0286
0.0558,0.34065,0.66748,-1.0212
0.0559,0.30523,0.69712,-1.0125
0.056,0.26954,0.72575,-1.0024
0.0561,0.23355,0.75338,-0.99093
0.0562,0.19722,0.78001,-0.97805
0.0563,0.16049,0.80563,-0.96376
0.0564,0.12332,0.83025,-0.94806
0.0565,0.085683,0.85386,-0.93097
0.0566,0.047604,0.87644,-0.91251
0.0567,0.0091289,0.89793,-0.89272
0.0568,-0.029673,0.9183,-0.87165
0.0569,-0.068705,0.93746,-0.84936
0.057,-0.10785,0.95532,-0.82592
0.0571,-0.14697,0.97181,-0.80139
0.0572,-0.18595,0.98684,-0.77586
0.0573,-0.22463,1.0003,-0.7494
0.0574,-0.2629,1.0122,-0.72208
0.0575,-0.30063,1.0223,-0.69397
0.0576,-0.33774,1.0307,-0.6651
0.0577,-0.37414,1.0373,-0.63551
0.0578,-0.40978,1.0421,-0.60522
0.0579,-0.44466,1.0451,-0.57423
0.058,-0.47876,1.0463,-0.54255
0.0581,-0.51211,1.0457,-0.51016
0.0582,-0.54476,1.0434,-0.47708
0.0583,-0.54529,1.1121,-0.34081
0.0584,-0.55831,1.1342,-0.26257
0.0585,-0.5727,1.141,-0.19985
0.0586,-0.5877,1.1386,-0.14517
0.0587,-0.60398,1.1293,-0.096364
0.0588,-0.62094,1.1161,-0.051625
0.0589,-0.63717,1.101,-0.0081841
0.059,-0.65277,1.0842,0.035521
0.0591,-0.66804,1.0652,0.078983
0.0592,-0.68261,1.0448,0.1214
0.0593,-0.69668,1.0232,0.16232
0.0594,-0.7108,0.99982,0.20163
0.0595,-0.72458,0.97453,0.23954
0.0596,-0.7375,0.94726,0.27625
0.0597,-0.74946,0.91787,0.31183
0.0598,-0.76007,0.88726,0.34685
0.0599,-0.76863,0.85616,0.38201
0.06,-0.77518,0.82439,0.4177
0.0601,-0.78025,0.79133,0.45329
0.0602,-0.78421,0.75696,0.48777
0.0603,-0.78727,0.72121,0.52053
0.0604,-0.78981,0.6839,0.55167
0.0605,-0.79173,0.6449,0.58117
0.0606,-0.7928,0.60426,0.60903
0.0607,-0.79287,0.56204,0.63546
0.0608,-0.7919,0.51876,0.66081
0.0609,-0.78956,0.47509,0.68556
0.061,-0.7857,0.43144,0.71061
0.0611,-0.78033,0.38808,0.73631
0.0612,-0.77348,0.34545,0.76205
0.0613,-0.76526,0.30349,0.78723
0.0614,-0.75612,0.2616,0.81184
0.0615,-0.74611,0.21928,0.83552
0.0616,-0.73501,0.17646,0.85751
0.0617,-0.72276,0.13305,0.87759
0.0618,-0.70957,0.089037,0.89597
0.0619,-0.69527,0.044535,0.91261
0.062,-0.67976,-0.00035952,0.92756
0.0621,-0.66319,-0.045614,0.94131
0.0622,-0.64569,-0.09089,0.95402
0.0623,-0.62718,-0.13589,0.96548
0.0624,-0.60781,-0.18069,0.97573
0.0625,-0.58781,-0.22552,0.98481
0.0626,-0.56722,-0.27034,0.99233
0.0627,-0.546,-0.3151,0.99797
0.0628,-0.52441,-0.35974,1.0019
0.0629,-0.50247,-0.40394,1.0043
0.063,-0.48002,-0.44736,1.0051
0.0631,-0.45699,-0.48988,1.0047
0.0632,-0.43349,-0.53135,1.0031
0.0633,-0.40938,-0.57161,1.0002
0.0634,-0.38463,-0.61071,0.9963
0.0635,-0.35927,-0.64881,0.99125
0.0636,-0.33336,-0.68581,0.98469
0.0637,-0.30693,-0.72168,0.9762
0.0638,-0.28016,-0.7566,0.96578
0.0639,-0.25316,-0.79073,0.95345
0.064,-0.22584,-0.82399,0.93915
0.0641,-0.19817,-0.85642,0.92304
0.0642,-0.17019,-0.88802,0.90545
0.0643,-0.14177,-0.9187,0.88649
0.0644,-0.11285,-0.94845,0.86628
0.0645,-0.083573,-0.97736,0.8451
0.0646,-0.054075,-1.0053,0.82302
0.0647,-0.024429,-1.032,0.79989
0.0648,0.0050667,-1.0572,0.77578
0.0649,0.034181,-1.0809,0.7508
0.065,0.062904,-1.1028,0.72485
0.0651,0.091291,-1.1229,0.69794
0.0652,0.11927,-1.1411,0.67029
0.0653,0.14698,-1.1576,0.64199
0.0654,0.17462,-1.172,0.61296
0.0655,0.20222,-1.1846,0.58327
0.0656,0.22968,-1.1952,0.55287
0.0657,0.25701,-1.2037,0.52156
0.0658,0.28411,-1.2103,0.4893
0.0659,0.31079,-1.215,0.45624
0.066,0.33697,-1.2177,0.42232
0.0661,0.36277,-1.2185,0.38743
0.0662,0.38813,-1.2175,0.35177
0.0663,0.41307,-1.2149,0.31561
0.0664,0.43772,-1.2106,0.27899
0.0665,0.46213,-1.2047,0.24204
0.0666,0.48612,-1.1973,0.20501
0.0667,0.50962,-1.1883,0.16795
0.0668,0.53255,-1.1776,0.13082
0.0669,0.55473,-1.1652,0.093751
0.067,0.576,-1.1511,0.056826
0.0671,0.59636,-1.1353,0.020002
0.0672,0.61575,-1.1177,-0.016692
0.0673,0.63415,-1.0984,-0.053175
0.0674,0.65159,-1.0773,-0.089517
0.0675,0.66815,-1.0545,-0.12577
0.0676,0.68378,-1.0299,-0.16188
0.0677,0.69848,-1.0037,-0.19782
0.0678,0.7123,-0.97587,-0.23364
0.0679,0.72518,-0.94671,-0.26929
0.068,0.7371,-0.91634,-0.30474
0.0681,0.7481,-0.88487,-0.34006
0.0682,0.75815,-0.85246,-0.37519
0.0683,0.76714,-0.81929,-0.40993
0.0684,0.77502,-0.78537,-0.44421
0.0685,0.78177,-0.75061,-0.47801
0.0686,0.78724,-0.715,-0.5111
0.0687,0.79133,-0.67851,-0.54331
0.0688,0.79405,-0.6411,-0.57462
0.0689,0.79541,-0.60283,-0.60491
0.069,0.79533,-0.5638,-0.63403
0.0691,0.79385,-0.52404,-0.66203
0.0692,0.79104,-0.48353,-0.68901
0.0693,0.78685,-0.44234,-0.71497
0.0694,0.78123,-0.40046,-0.73994
0.0695,0.77425,-0.35784,-0.76402
0.0696,0.76592,-0.3145,-0.78724
0.0697,0.75621,-0.2705,-0.8095
0.0698,0.74526,-0.22586,-0.83085
0.0699,0.73325,-0.18068,-0.85131
0.07,0.72028,-0.13515,-0.87081
0.0701,0.70648,-0.089484,-0.88932
0.0702,0.69199,-0.043805,-0.90688
0.0703,0.67688,0.0017206,-0.92343
0.0704,0.66111,0.046979,-0.93889
0.0705,0.64466,0.091963,-0.95325
0.0706,0.62753,0.13665,-0.96644
0.0707,0.60964,0.18097,-0.97826
0.0708,0.59094,0.22492,-0.98859
0.0709,0.57148,0.2685,-0.99733
0.071,0.55124,0.31171,-1.0043
0.0711,0.53021,0.35453,-1.0095
0.0712,0.50843,0.39701,-1.0129
0.0713,0.48592,0.43911,-1.0145
0.0714,0.46263,0.48076,-1.0144
0.0715,0.43858,0.52193,-1.0125
0.0716,0.4138,0.5626,-1.009
0.0717,0.38831,0.60268,-1.0039
0.0718,0.3622,0.64207,-0.99737
0.0719,0.33559,0.68073,-0.98941
0.072,0.30857,0.71853,-0.98009
0.0721,0.28123,0.75536,-0.96939
0.0722,0.25366,0.79119,-0.95739
0.0723,0.22596,0.82599,-0.94412
0.0724,0.19813,0.85965,-0.92956
0.0725,0.1702,0.89211,-0.91371
0.0726,0.14226,0.92331,-0.89661
0.0727,0.1143,0.95311,-0.87823
0.0728,0.08632,0.98141,-0.8585
0.0729,0.058341,1.0082,-0.83747
0.073,0.030356,1.0335,-0.81518
0.0731,0.0022812,1.0573,-0.79159
0.0732,-0.025928,1.0796,-0.76674
0.0733,-0.054265,1.1005,-0.7407
0.0734,-0.082766,1.1201,-0.71351
0.0735,-0.11145,1.1383,-0.68519
0.0736,-0.14024,1.1551,-0.6559
0.0737,-0.16902,1.1705,-0.62574
0.0738,-0.19772,1.1843,-0.59479
0.0739,-0.22623,1.1965,-0.56316
0.074,-0.25441,1.2068,-0.531
0.0741,-0.28219,1.2153,-0.49836
0.0742,-0.30953,1.2218,-0.46529
0.0743,-0.33635,1.2265,-0.43186
0.0744,-0.3626,1.2291,-0.39809
0.0745,-0.38828,1.2296,-0.36392
0.0746,-0.41335,1.2282,-0.32934
0.0747,-0.43775,1.2247,-0.29435
0.0748,-0.46146,1.2191,-0.25891
0.0749,-0.48448,1.2115,-0.22302
0.075,-0.50679,1.202,-0.18674
0.0751,-0.52843,1.1906,-0.15007
0.0752,-0.54945,1.1774,-0.11306
0.0753,-0.56988,1.1624,-0.075768
0.0754,-0.58975,1.1458,-0.038285
0.0755,-0.60909,1.1278,-0.00065283
0.0756,-0.62787,1.1083,0.037034
0.0757,-0.64603,1.0875,0.074659
0.0758,-0.66353,1.0654,0.11217
0.0759,-0.68031,1.0421,0.1495
0.076,-0.69625,1.0175,0.18652
0.0761,-0.71128,0.99173,0.22313
0.0762,-0.72532,0.96474,0.25927
0.0763,-0.73827,0.93651,0.29487
0.0764,-0.75,0.90699,0.32987
0.0765,-0.76047,0.87614,0.36427
0.0766,-0.76961,0.84393,0.39807
0.0767,-0.77733,0.81038,0.43124
0.0768,-0.78359,0.77553,0.46378
0.0769,-0.78844,0.73944,0.49573
0.077,-0.79188,0.7022,0.52708
0.0771,-0.79396,0.66393,0.55782
0.0772,-0.79472,0.62475,0.58796
0.0773,-0.79425,0.58475,0.6175
0.0774,-0.79258,0.54405,0.64638
0.0775,-0.78973,0.50275,0.67456
0.0776,-0.78576,0.46089,0.70198
0.0777,-0.7807,0.41853,0.72857
0.0778,-0.77455,0.37577,0.75422
0.0779,-0.76737,0.33266,0.77886
0.078,-0.75918,0.28926,0.80242
0.0781,-0.75001,0.24566,0.82481
0.0782,-0.73984,0.20189,0.84599
0.0783,-0.72868,0.15794,0.86593
0.0784,-0.71649,0.11382,0.88462
0.0785,-0.70323,0.069528,0.90202
0.0786,-0.68888,0.025011,0.91814
0.0787,-0.67343,-0.019718,0.93297
0.0788,-0.65687,-0.064625,0.94649
0.0789,-0.63927,-0.10968,0.9587
0.079,-0.62069,-0.15482,0.96961
0.0791,-0.6012,-0.19994,0.97921
0.0792,-0.58092,-0.24492,0.9875
0.0793,-0.55992,-0.28965,0.99448
0.0794,-0.53828,-0.33401,1.0001
0.0795,-0.51606,-0.37787,1.0044
0.0796,-0.49332,-0.42113,1.0072
0.0797,-0.4701,-0.46369,1.0086
0.0798,-0.44644,-0.50544,1.0085
0.0799,-0.42235,-0.5463,1.0069
0.08,-0.39786,-0.58623,1.0036
0.0801,-0.37297,-0.62521,0.99858
0.0802,-0.34767,-0.66321,0.99189
0.0803,-0.32196,-0.70027,0.98348
0.0804,-0.29582,-0.73639,0.97338
0.0805,-0.26922,-0.77156,0.9616
0.0806,-0.24217,-0.80579,0.94819
0.0807,-0.21469,-0.83908,0.93325
0.0808,-0.18679,-0.87139,0.91684
0.0809,-0.15851,-0.90271,0.89905
0.081,-0.12991,-0.933,0.88
0.0811,-0.10105,-0.96221,0.85977
0.0812,-0.072,-0.99029,0.83845
0.0813,-0.042796,-1.0172,0.81609
0.0814,-0.013515,-1.0428,0.79277
0.0815,0.015762,-1.0671,0.76852
0.0816,0.044955,-1.09,0.74336
0.0817,0.073974,-1.1113,0.71732
0.0818,0.10275,-1.1308,0.6904
0.0819,0.13122,-1.1486,0.66262
0.082,0.15937,-1.1645,0.63396
0.0821,0.18717,-1.1784,0.60446
0.0822,0.21464,-1.1903,0.57409
0.0823,0.24179,-1.2003,0.54287
0.0824,0.26865,-1.2082,0.51082
0.0825,0.29523,-1.2142,0.47794
0.0826,0.32155,-1.2183,0.44426
0.0827,0.34759,-1.2205,0.40984
0.0828,0.37331,-1.2209,0.37477
0.0829,0.39871,-1.2195,0.33911
0.083,0.42372,-1.2164,0.30298
0.0831,0.4483,-1.2115,0.26649
0.0832,0.4724,-1.205,0.22974
0.0833,0.496,-1.1967,0.19283
0.0834,0.51901,-1.1868,0.15586
0.0835,0.54138,-1.1752,0.11888
0.0836,0.56306,-1.162,0.081939
0.0837,0.58397,-1.147,0.04507
0.0838,0.60406,-1.1304,0.0082977
0.0839,0.62327,-1.1121,-0.028371
0.084,0.64157,-1.092,-0.064937
0.0841,0.65893,-1.0703,-0.1014
0.0842,0.67534,-1.047,-0.13778
0.0843,0.69079,-1.0221,-0.17406
0.0844,0.70528,-0.99562,-0.21022
0.0845,0.7188,-0.96772,-0.24622
0.0846,0.73134,-0.93845,-0.28203
0.0847,0.74289,-0.90791,-0.3176
0.0848,0.75342,-0.87622,-0.35286
0.0849,0.76291,-0.84348,-0.38774
0.085,0.77132,-0.80977,-0.42216
0.0851,0.7786,-0.7752,-0.45602
0.0852,0.78471,-0.73982,-0.48924
0.0853,0.78959,-0.70367,-0.52173
0.0854,0.79319,-0.66676,-0.55341
0.0855,0.79544,-0.62909,-0.58419
0.0856,0.7963,-0.59063,-0.61403
0.0857,0.79574,-0.55138,-0.64288
0.0858,0.79374,-0.51132,-0.67072
0.0859,0.79031,-0.47048,-0.69752
0.086,0.78547,-0.42885,-0.72331
0.0861,0.77928,-0.3865,-0.7481
0.0862,0.77177,-0.34347,-0.77193
0.0863,0.76302,-0.29983,-0.79482
0.0864,0.75309,-0.25566,-0.8168
0.0865,0.74206,-0.21105,-0.83788
0.0866,0.72998,-0.16608,-0.85806
0.0867,0.71693,-0.12085,-0.8773
0.0868,0.70299,-0.075474,-0.89558
0.0869,0.6882,-0.030025,-0.91284
0.087,0.67264,0.015399,-0.929
0.0871,0.65636,0.060694,-0.94399
0.0872,0.63937,0.10577,-0.95773
0.0873,0.6217,0.15054,-0.97013
0.0874,0.60334,0.19498,-0.98113
0.0875,0.58429,0.23903,-0.99063
0.0876,0.56451,0.28266,-0.99856
0.0877,0.54398,0.32587,-1.0049
0.0878,0.52269,0.36864,-1.0095
0.0879,0.50063,0.41097,-1.0124
0.088,0.47779,0.45284,-1.0136
0.0881,0.45421,0.49423,-1.013
0.0882,0.42991,0.53512,-1.0108
0.0883,0.40493,0.57546,-1.0069
0.0884,0.37933,0.61519,-1.0014
0.0885,0.35319,0.65425,-0.99443
0.0886,0.32657,0.69256,-0.98597
0.0887,0.29955,0.73001,-0.97609
0.0888,0.2722,0.76652,-0.96487
0.0889,0.24462,0.80199,-0.95232
0.089,0.21684,0.83634,-0.93848
0.0891,0.18894,0.86948,-0.92336
0.0892,0.16096,0.90135,-0.90696
0.0893,0.13291,0.93192,-0.88927
0.0894,0.10481,0.96113,-0.87029
0.0895,0.076675,0.98896,-0.85002
0.0896,0.0485,1.0154,-0.82846
0.0897,0.020255,1.0404,-0.80562
0.0898,-0.0080687,1.0639,-0.78153
0.0899,-0.036468,1.086,-0.75623
0.09,-0.064935,1.1066,-0.72978
0.0901,-0.093457,1.1258,-0.70226
0.0902,-0.12201,1.1434,-0.67374
0.0903,-0.15057,1.1596,-0.6443
0.0904,-0.17908,1.1741,-0.61404
0.0905,-0.20748,1.1871,-0.58304
0.0906,-0.2357,1.1984,-0.55137
0.0907,-0.26366,1.2079,-0.51911
0.0908,-0.29126,1.2157,-0.48632
0.0909,-0.31843,1.2216,-0.45304
0.091,-0.34509,1.2255,-0.41932
0.0911,-0.37118,1.2275,-0.38517
0.0912,-0.39666,1.2274,-0.35063
0.0913,-0.42149,1.2252,-0.3157
0.0914,-0.44567,1.221,-0.28039
0.0915,-0.46918,1.2147,-0.2447
0.0916,-0.49205,1.2065,-0.20864
0.0917,-0.51427,1.1963,-0.17221
0.0918,-0.53585,1.1843,-0.13545
0.0919,-0.55681,1.1706,-0.098398
0.092,-0.57716,1.1552,-0.061099
0.0921,-0.59688,1.1382,-0.023621
0.0922,-0.61598,1.1197,0.01395
0.0923,-0.63443,1.0998,0.051527
0.0924,-0.65221,1.0786,0.08902
0.0925,-0.66926,1.056,0.12636
0.0926,-0.68554,1.0321,0.16346
0.0927,-0.70097,1.007,0.20024
0.0928,-0.71547,0.98061,0.23662
0.0929,-0.72897,0.95296,0.27254
0.093,-0.74137,0.92405,0.30794
0.0931,-0.75259,0.89389,0.34281
0.0932,-0.76257,0.86247,0.3771
0.0933,-0.77124,0.82981,0.4108
0.0934,-0.77856,0.7959,0.44391
0.0935,-0.78448,0.76078,0.47641
0.0936,-0.789,0.72449,0.50828
0.0937,-0.79213,0.6871,0.53954
0.0938,-0.79387,0.64867,0.57014
0.0939,-0.79428,0.60929,0.60008
0.094,-0.79339,0.56908,0.62933
0.0941,-0.79127,0.52814,0.65785
0.0942,-0.78798,0.48658,0.68561
0.0943,-0.78356,0.4445,0.71254
0.0944,-0.77805,0.40198,0.73861
0.0945,-0.77149,0.3591,0.76374
0.0946,-0.76388,0.31591,0.78787
0.0947,-0.75524,0.27245,0.81094
0.0948,-0.74558,0.22875,0.83288
0.0949,-0.73489,0.18483,0.85364
0.095,-0.72317,0.14071,0.87318
0.0951,-0.71042,0.0964,0.89145
0.0952,-0.69664,0.051892,0.90845
0.0953,-0.68184,0.0072015,0.92416
0.0954,-0.66602,-0.037638,0.93857
0.0955,-0.64921,-0.082586,0.9517
0.0956,-0.63144,-0.12759,0.96353
0.0957,-0.61273,-0.17257,0.97405
0.0958,-0.59316,-0.21747,0.98328
0.0959,-0.57277,-0.26218,0.99118
0.096,-0.55165,-0.30661,0.99772
0.0961,-0.52984,-0.35066,1.0029
0.0962,-0.50744,-0.39421,1.0066
0.0963,-0.48449,-0.43716,1.0088
0.0964,-0.46104,-0.47942,1.0095
0.0965,-0.43714,-0.5209,1.0087
0.0966,-0.4128,-0.56153,1.0063
0.0967,-0.38804,-0.60124,1.0022
0.0968,-0.36287,-0.64001,0.99651
0.0969,-0.3373,-0.6778,0.98915
0.097,-0.31131,-0.7146,0.98012
0.0971,-0.28491,-0.75042,0.96945
0.0972,-0.2581,-0.78526,0.95718
0.0973,-0.23088,-0.81912,0.94334
0.0974,-0.20327,-0.85202,0.92801
0.0975,-0.17529,-0.88393,0.91124
0.0976,-0.14698,-0.91485,0.89312
0.0977,-0.11839,-0.94472,0.87374
0.0978,-0.089584,-0.9735,0.85317
0.0979,-0.060616,-1.0011,0.8315
0.098,-0.031528,-1.0275,0.80878
0.0981,-0.0023894,-1.0526,0.78509
0.0982,0.026727,-1.0762,0.76045
0.0983,0.055754,-1.0983,0.7349
0.0984,0.084634,-1.1189,0.70846
0.0985,0.11331,-1.1377,0.68115
0.0986,0.14175,-1.1548,0.65296
0.0987,0.16991,-1.17,0.62391
0.0988,0.19777,-1.1834,0.59399
0.0989,0.2253,-1.1947,0.56323
0.099,0.25251,-1.2042,0.53163
0.0991,0.27939,-1.2116,0.49923
0.0992,0.30593,-1.217,0.46606
0.0993,0.33213,-1.2205,0.43217
0.0994,0.358,-1.2221,0.39761
0.0995,0.38351,-1.2219,0.36247
0.0996,0.40865,-1.2198,0.3268
0.0997,0.43339,-1.216,0.29071
0.0998,0.45768,-1.2104,0.25427
0.0999,0.48149,-1.2032,0.21756
0.1,0.50474,-1.1942,0.18069
0.1001,0.5274,-1.1837,0.1437
0.1002,0.5494,-1.1714,0.10668
0.1003,0.57069,-1.1575,0.069677
0.1004,0.59122,-1.1419,0.03273
0.1005,0.61095,-1.1246,-0.0041274
0.1006,0.62983,-1.1057,-0.040873
0.1007,0.64784,-1.085,-0.077496
0.1008,0.66494,-1.0628,-0.11401
0.1009,0.68111,-1.0389,-0.15042
0.101,0.69634,-1.0136,-0.18668
0.1011,0.7106,-0.98668,-0.22279
0.1012,0.72388,-0.9584,-0.25872
0.1013,0.73615,-0.92881,-0.2944
0.1014,0.74738,-0.898,-0.3298
0.1015,0.75755,-0.86605,-0.36485
0.1016,0.76662,-0.83305,-0.39947
0.1017,0.77455,-0.79906,-0.43358
0.1018,0.7813,-0.76417,-0.4671
0.1019,0.78682,-0.72843,-0.49995
0.102,0.79107,-0.69186,-0.53204
0.1021,0.79402,-0.65451,-0.56332
0.1022,0.79563,-0.6164,-0.59371
0.1023,0.79587,-0.57752,-0.62318
0.1024,0.79473,-0.5379,-0.65169
0.1025,0.7922,-0.49754,-0.67922
0.1026,0.7883,-0.45644,-0.70576
0.1027,0.78303,-0.41462,-0.73132
0.1028,0.77644,-0.37212,-0.7559
0.1029,0.76857,-0.32897,-0.77951
0.103,0.75948,-0.28524,-0.80217
0.1031,0.74924,-0.241,-0.82387
0.1032,0.73792,-0.19634,-0.84463
0.1033,0.72558,-0.15136,-0.86442
0.1034,0.71229,-0.10616,-0.88324
0.1035,0.69811,-0.060844,-0.90104
0.1036,0.68309,-0.015476,-0.91778
0.1037,0.66727,0.029846,-0.93341
0.1038,0.65069,0.075031,-0.94785
0.1039,0.63337,0.12,-0.96103
0.104,0.61532,0.1647,-0.97285
0.1041,0.59656,0.20907,-0.98326
0.1042,0.57708,0.25306,-0.99216
0.1043,0.55689,0.29664,-0.99949
0.1044,0.53599,0.3398,-1.0052
0.1045,0.51435,0.38251,-1.0092
0.1046,0.492,0.42473,-1.0116
0.1047,0.46893,0.46646,-1.0122
0.1048,0.44516,0.50766,-1.0112
0.1049,0.42073,0.5483,-1.0084
0.105,0.39565,0.58833,-1.0041
0.1051,0.36999,0.62769,-0.99819
0.1052,0.34381,0.66633,-0.99075
0.1053,0.31717,0.70418,-0.98182
0.1054,0.29013,0.74116,-0.97147
0.1055,0.26278,0.77719,-0.95974
0.1056,0.23516,0.81219,-0.94665
0.1057,0.20735,0.84608,-0.93224
0.1058,0.17939,0.87879,-0.91654
0.1059,0.15132,0.91024,-0.89955
0.106,0.12318,0.94038,-0.88128
0.1061,0.094981,0.96917,-0.86175
0.1062,0.066741,0.99656,-0.84097
0.1063,0.03846,1.0225,-0.81894
0.1064,0.010114,1.0471,-0.79568
0.1065,-0.018294,1.0702,-0.77122
0.1066,-0.046754,1.0918,-0.7456
0.1067,-0.07525,1.1119,-0.71887
0.1068,-0.10376,1.1306,-0.6911
0.1069,-0.13225,1.1477,-0.66235
0.107,-0.16069,1.1633,-0.63271
0.1071,-0.18903,1.1772,-0.60226
0.1072,-0.2172,1.1895,-0.57108
0.1073,-0.24515,1.2001,-0.53925
0.1074,-0.27282,1.2089,-0.50682
0.1075,-0.30012,1.2159,-0.47386
0.1076,-0.32701,1.221,-0.4404
0.1077,-0.35341,1.2241,-0.40649
0.1078,-0.37928,1.2253,-0.37214
0.1079,-0.40456,1.2244,-0.33737
0.108,-0.42922,1.2216,-0.30221
0.1081,-0.45324,1.2167,-0.26667
0.1082,-0.47661,1.2099,-0.23076
0.1083,-0.49932,1.2011,-0.19451
0.1084,-0.52138,1.1904,-0.15795
0.1085,-0.54279,1.1779,-0.1211
0.1086,-0.56356,1.1637,-0.084023
0.1087,-0.58369,1.1478,-0.046761
0.1088,-0.60317,1.1304,-0.0093786
0.1089,-0.62199,1.1114,0.028053
0.109,-0.64013,1.091,0.065455
0.1091,-0.65755,1.0693,0.10276
0.1092,-0.6742,1.0462,0.13991
0.1093,-0.69004,1.0218,0.17681
0.1094,-0.705,0.99614,0.2134
0.1095,-0.71902,0.96924,0.2496
0.1096,-0.73201,0.94108,0.28535
0.1097,-0.7439,0.91167,0.3206
0.1098,-0.75462,0.88101,0.35531
0.1099,-0.76412,0.84912,0.38945
0.11,-0.77232,0.81601,0.42301
0.1101,-0.77919,0.7817,0.45595
0.1102,-0.78469,0.74623,0.48828
0.1103,-0.78881,0.70965,0.51997
0.1104,-0.79157,0.67202,0.551
0.1105,-0.79367,0.64171,0.58955
0.1106,-0.79449,0.611,0.62795
0.1107,-0.7936,0.57949,0.66587
0.1108,-0.79116,0.54719,0.70325
0.1109,-0.78748,0.5142,0.73999
0.111,-0.7826,0.48062,0.77586
0.1111,-0.77639,0.44648,0.81077
0.1112,-0.76897,0.41183,0.84476
0.1113,-0.76044,0.37667,0.87778
0.1114,-0.75079,0.34107,0.90963
0.1115,-0.74006,0.30513,0.94021
0.1116,-0.72836,0.26893,0.96948
0.1117,-0.71562,0.2324,0.99733
0.1118,-0.7018,0.19549,1.0237
0.1119,-0.68698,0.1582,1.0487
0.112,-0.67115,0.12061,1.0722
0.1121,-0.65421,0.082695,1.0942
0.1122,-0.63619,0.044527,1.1147
0.1123,-0.61719,0.0061499,1.1337
0.1124,-0.59729,-0.032371,1.1513
0.1125,-0.5766,-0.070924,1.1672
0.1126,-0.55525,-0.10938,1.1815
0.1127,-0.53322,-0.14777,1.194
0.1128,-0.51056,-0.18606,1.2048
0.1129,-0.4874,-0.22414,1.2137
0.113,-0.46377,-0.26189,1.2209
0.1131,-0.43962,-0.2993,1.2261
0.1132,-0.415,-0.3363,1.2295
0.1133,-0.38998,-0.37279,1.2311
0.1134,-0.36452,-0.4087,1.2307
0.1135,-0.33859,-0.44399,1.2283
0.1136,-0.31229,-0.4786,1.224
0.1137,-0.28561,-0.51255,1.2177
0.1138,-0.25849,-0.5459,1.2094
0.1139,-0.23097,-0.57859,1.1992
0.114,-0.20314,-0.61057,1.1871
0.1141,-0.17494,-0.64185,1.1731
0.1142,-0.14638,-0.67243,1.1574
0.1143,-0.11757,-0.70222,1.14
0.1144,-0.088584,-0.73115,1.1212
0.1145,-0.059376,-0.75921,1.1008
0.1146,-0.030021,-0.78635,1.079
0.1147,-0.00061183,-0.81249,1.0558
0.1148,0.028818,-0.83761,1.0313
0.1149,0.058207,-0.86165,1.0055
0.115,0.087407,-0.88447,0.97839
0.1151,0.11636,-0.90599,0.95004
0.1152,0.14508,-0.92617,0.92041
0.1153,0.17351,-0.94491,0.88958
0.1154,0.20158,-0.96208,0.85758
0.1155,0.22935,-0.97766,0.82439
0.1156,0.25684,-0.99162,0.79007
0.1157,0.28402,-1.0039,0.75467
0.1158,0.31086,-1.0146,0.71819
0.1159,0.3374,-1.0236,0.68062
0.116,0.36354,-1.0309,0.64204
0.1161,0.39744,-1.0355,0.60958
0.1162,0.43293,-1.0388,0.57826
0.1163,0.46788,-1.0405,0.54612
0.1164,0.5023,-1.0403,0.5132
0.1165,0.53629,-1.0388,0.47959
0.1166,0.5697,-1.0357,0.44538
0.1167,0.60235,-1.0311,0.41063
0.1168,0.63427,-1.025,0.37542
0.1169,0.66548,-1.0176,0.33975
0.117,0.6958,-1.0086,0.3037
0.1171,0.7251,-0.99834,0.26737
0.1172,0.75338,-0.98674,0.23083
0.1173,0.78057,-0.97373,0.19402
0.1174,0.80658,-0.95922,0.15691
0.1175,0.83146,-0.94335,0.11949
0.1176,0.85523,-0.92619,0.081816
0.1177,0.87777,-0.90767,0.043899
0.1178,0.89904,-0.88784,0.0058044
0.1179,0.91908,-0.86683,-0.032454
0.118,0.93786,-0.84466,-0.070821
0.1181,0.95527,-0.82141,-0.10915
0.1182,0.97127,-0.79719,-0.14734
0.1183,0.98586,-0.77196,-0.18544
0.1184,0.99893,-0.74569,-0.22342
0.1185,1.0105,-0.71854,-0.26115
0.1186,1.0205,-0.6906,-0.29854
0.1187,1.0289,-0.6618,-0.33557
0.1188,1.0357,-0.6322,-0.37214
0.1189,1.0408,-0.6019,-0.40816
0.119,1.0442,-0.57089,-0.44357
0.1191,1.0458,-0.53912,-0.47831
0.1192,1.0456,-0.50668,-0.5123
0.1193,1.0437,-0.47357,-0.54557
0.1194,1.0401,-0.43969,-0.57816
0.1195,1.0349,-0.40512,-0.61002
0.1196,1.028,-0.36999,-0.64109
0.1197,1.0196,-0.33425,-0.67141
0.1198,1.0097,-0.29791,-0.70096
0.1199,0.99837,-0.26114,-0.72966
0.12,0.98573,-0.22403,-0.75748
0.1201,0.97178,-0.18653,-0.7844
0.1202,0.95655,-0.14873,-0.81037
0.1203,0.94019,-0.11074,-0.83534
0.1204,0.92269,-0.072564,-0.85929
0.1205,0.90406,-0.034249,-0.88213
0.1206,0.88437,0.0040302,-0.90373
0.1207,0.86365,0.042217,-0.92403
0.1208,0.84183,0.08035,-0.94297
0.1209,0.81893,0.11834,-0.96044
0.121,0.79499,0.1561,-0.97634
0.1211,0.76997,0.19366,-0.99063
0.1212,0.74384,0.23102,-1.0033
0.1213,0.71669,0.26811,-1.0142
0.1214,0.68854,0.3049,-1.0235
0.1215,0.65939,0.3414,-1.0311
0.1216,0.62928,0.37753,-1.0369
0.1217,0.59829,0.41322,-1.041
0.1218,0.56644,0.44846,-1.0434
0.1219,0.53379,0.4832,-1.0441
0.122,0.50044,0.51734,-1.0432
0.1221,0.46644,0.55089,-1.0408
0.1222,0.43186,0.58382,-1.0369
0.1223,0.39679,0.61601,-1.0315
0.1224,0.36132,0.64739,-1.0248
0.1225,0.3255,0.67794,-1.0166
