0.05,0.43256,0.048779,-0.46493
0.0501,0.42067,0.06955,-0.47402
0.0502,0.40793,0.090213,-0.4826
0.0503,0.39438,0.11065,-0.49062
0.0504,0.38011,0.13073,-0.49801
0.0505,0.36517,0.15033,-0.50469
0.0506,0.34965,0.16935,-0.5106
0.0507,0.3336,0.18772,-0.51569
0.0508,0.31707,0.20541,-0.51992
0.0509,0.30009,0.22242,-0.52327
0.051,0.28268,0.2388,-0.52576
0.0511,0.26484,0.25463,-0.52742
0.0512,0.2466,0.27001,-0.5283
0.0513,0.22796,0.28504,-0.52849
0.0514,0.20894,0.29981,-0.52805
0.0515,0.18958,0.3144,-0.52706
0.0516,0.16991,0.32889,-0.52557
0.0517,0.14997,0.34328,-0.5236
0.0518,0.1298,0.35757,-0.52119
0.0519,0.10945,0.37172,-0.51829
0.052,0.088975,0.38566,-0.51489
0.0521,0.068442,0.39933,-0.51092
0.0522,0.04793,0.4126,-0.50631
0.0523,0.027498,0.42538,-0.50095
0.0524,0.0072288,0.43753,-0.49476
0.0525,-0.012838,0.44894,-0.48762
0.0526,-0.032656,0.4595,-0.47943
0.0527,-0.052226,0.46917,-0.4701
0.0528,-0.071542,0.47789,-0.45959
0.0529,-0.090636,0.48569,-0.44788
0.053,-0.10952,0.49258,-0.435
0.0531,-0.12824,0.49865,-0.42102
0.0532,-0.14679,0.50397,-0.40603
0.0533,-0.16521,0.50864,-0.39017
0.0534,-0.18347,0.51275,-0.37356
0.0535,-0.20159,0.51639,-0.35635
0.0536,-0.21956,0.51962,-0.33866
0.0537,-0.23735,0.52253,-0.32062
0.0538,-0.25494,0.52514,-0.30233
0.0539,-0.27229,0.52747,-0.28388
0.054,-0.28934,0.5295,-0.26534
0.0541,-0.30604,0.53117,-0.24676
0.0542,-0.32229,0.53241,-0.22816
0.0543,-0.33806,0.53309,-0.20952
0.0544,-0.35329,0.53308,-0.19081
0.0545,-0.36793,0.53226,-0.172
0.0546,-0.38195,0.53053,-0.15302
0.0547,-0.39533,0.52777,-0.13382
0.0548,-0.40807,0.52393,-0.11438
0.0549,-0.4202,0.51896,-0.094661
0.055,-0.43171,0.51285,-0.074674
0.0551,-0.44265,0.50562,-0.054441
0.0552,-0.45304,0.49731,-0.034017
0.0553,-0.4629,0.48797,-0.013453
0.0554,-0.47227,0.47769,0.0071699
0.0555,-0.48117,0.46655,0.027771
0.0556,-0.48962,0.45464,0.048255
0.0557,-0.49764,0.44206,0.068536
0.0558,-0.50521,0.42889,0.088515
0.0559,-0.51233,0.41522,0.10812
0.056,-0.51895,0.40108,0.12727
0.0561,-0.52504,0.38652,0.14595
0.0562,-0.53054,0.37154,0.16412
0.0563,-0.5354,0.35613,0.18181
0.0564,-0.53957,0.34024,0.19904
0.0565,-0.54302,0.32385,0.21588
0.0566,-0.5457,0.30691,0.23235
0.0567,-0.54762,0.2894,0.24854
0.0568,-0.54875,0.27129,0.26446
0.0569,-0.54911,0.25259,0.28015
0.057,-0.54869,0.23332,0.29563
0.0571,-0.54751,0.21351,0.31092
0.0572,-0.5456,0.19324,0.326
0.0573,-0.54298,0.17261,0.34083
0.0574,-0.53968,0.15171,0.35536
0.0575,-0.53574,0.13069,0.36951
0.0576,-0.53115,0.10968,0.38321
0.0577,-0.52594,0.088799,0.39636
0.0578,-0.52005,0.068155,0.40889
0.0579,-0.51347,0.047834,0.42073
0.058,-0.50612,0.02788,0.4318
0.0581,-0.49796,0.0083101,0.4421
0.0582,-0.48892,-0.010898,0.45159
0.0583,-0.30329,-0.030751,0.46135
0.0584,-0.069747,-0.05132,0.47142
0.0585,0.20518,-0.072591,0.48161
0.0586,0.49765,-0.094358,0.49182
0.0587,0.75824,-0.11722,0.50242
0.0588,1.0478,-0.14078,0.51296
0.0589,1.4105,-0.16435,0.52323
0.059,1.8026,-0.18857,0.53377
0.0591,2.2372,-0.21379,0.54476
0.0592,2.738,-0.23957,0.55619
0.0593,3.2779,-0.26615,0.56823
0.0594,3.8555,-0.29366,0.58074
0.0595,4.4784,-0.32159,0.59339
0.0596,5.1035,-0.34998,0.60618
0.0597,5.736,-0.37882,0.61891
0.0598,6.4441,-0.40741,0.6312
0.0599,7.2508,-0.43548,0.64306
0.06,8.1466,-0.46335,0.65459
0.0601,9.1258,-0.49101,0.66586
0.0602,10.137,-0.5188,0.67704
0.0603,11.14,-0.54727,0.68824
0.0604,12.157,-0.57625,0.69913
0.0605,13.21,-0.60526,0.70947
0.0606,14.286,-0.63427,0.71919
0.0607,15.381,-0.66306,0.72818
0.0608,16.481,-0.69128,0.73641
0.0609,17.573,-0.71912,0.74402
0.061,18.671,-0.74709,0.75121
0.0611,19.792,-0.77547,0.75824
0.0612,20.93,-0.80453,0.76525
0.0613,22.071,-0.83415,0.7722
0.0614,23.236,-0.86418,0.77897
0.0615,24.437,-0.89436,0.78552
0.0616,25.689,-0.92436,0.79165
0.0617,26.998,-0.95376,0.7972
0.0618,28.333,-0.98264,0.80223
0.0619,29.664,-1.0115,0.80687
0.062,30.986,-1.0409,0.81115
0.0621,32.3,-1.0714,0.81523
0.0622,33.614,-1.1041,0.81916
0.0623,34.934,-1.14,0.82287
0.0624,36.25,-1.1808,0.82628
0.0625,37.548,-1.231,0.82968
0.0626,38.835,-1.2988,0.83322
0.0627,40.125,-1.4017,0.83766
0.0628,41.437,-1.5697,0.84428
0.0629,42.784,-1.8185,0.85392
0.063,44.15,-2.1016,0.86588
0.0631,45.501,-2.3517,0.87865
0.0632,46.816,-2.54,0.89118
0.0633,48.094,-2.6718,0.90243
0.0634,49.355,-2.7693,0.91096
0.0635,50.614,-2.8602,0.91661
0.0636,51.875,-2.9652,0.9208
0.0637,53.143,-3.0923,0.92479
0.0638,54.409,-3.2413,0.92896
0.0639,55.641,-3.4028,0.93374
0.064,56.823,-3.5556,0.93863
0.0641,57.897,-3.6744,0.94266
0.0642,58.845,-3.7434,0.94425
0.0643,59.685,-3.7617,0.94218
0.0644,60.459,-3.7461,0.93539
0.0645,61.224,-3.7277,0.92393
0.0646,62.008,-3.7347,0.91007
0.0647,62.814,-3.7761,0.8971
0.0648,63.616,-3.8388,0.88723
0.0649,64.377,-3.8937,0.88105
0.065,65.065,-3.9051,0.8773
0.0651,65.659,-3.8453,0.87327
0.0652,66.131,-3.7048,0.86627
0.0653,66.466,-3.489,0.85469
0.0654,66.675,-3.215,0.83789
0.0655,66.792,-2.9146,0.81674
0.0656,66.863,-2.6279,0.79371
0.0657,66.932,-2.3858,0.77115
0.0658,67.015,-2.1996,0.75008
0.0659,67.088,-2.0602,0.73077
0.066,67.12,-1.9435,0.71247
0.0661,67.092,-1.8224,0.69242
0.0662,66.993,-1.6841,0.66695
0.0663,66.819,-1.5351,0.63358
0.0664,66.579,-1.393,0.59091
0.0665,66.289,-1.2728,0.53694
0.0666,65.974,-1.1786,0.4659
0.0667,65.675,-1.1079,0.35755
0.0668,65.448,-1.0571,0.15638
0.0669,65.334,-1.0234,-0.19417
0.067,65.3,-1.003,-0.61932
0.0671,65.231,-0.99014,-0.97409
0.0672,65.001,-0.97973,-1.2066
0.0673,64.534,-0.96817,-1.3404
0.0674,63.857,-0.95235,-1.4146
0.0675,63.072,-0.93106,-1.4746
0.0676,62.271,-0.90756,-1.5691
0.0677,61.525,-0.88631,-1.7234
0.0678,60.897,-0.86842,-1.9331
0.0679,60.38,-0.85313,-2.1846
0.068,59.912,-0.83957,-2.4532
0.0681,59.419,-0.82528,-2.6933
0.0682,58.794,-0.8066,-2.86
0.0683,57.944,-0.78076,-2.9333
0.0684,56.883,-0.74616,-2.9228
0.0685,55.71,-0.70324,-2.873
0.0686,54.529,-0.65623,-2.8533
0.0687,53.436,-0.61148,-2.9118
0.0688,52.468,-0.57394,-3.0466
0.0689,51.551,-0.54604,-3.219
0.069,50.595,-0.52709,-3.3729
0.0691,49.545,-0.51272,-3.4491
0.0692,48.347,-0.49694,-3.4114
0.0693,46.944,-0.47521,-3.2562
0.0694,45.333,-0.44512,-2.9937
0.0695,43.577,-0.40691,-2.6491
0.0696,41.781,-0.36423,-2.2813
0.0697,40.079,-0.32212,-1.9636
0.0698,38.582,-0.28386,-1.7438
0.0699,37.299,-0.2511,-1.6343
0.07,36.149,-0.22428,-1.6137
0.0701,35.024,-0.20082,-1.6217
0.0702,33.827,-0.17485,-1.5825
0.0703,32.488,-0.14102,-1.4505
0.0704,30.979,-0.097569,-1.2224
0.0705,29.324,-0.046564,-0.92284
0.0706,27.588,0.0066569,-0.60428
0.0707,25.869,0.054945,-0.33263
0.0708,24.281,0.092904,-0.14684
0.0709,22.898,0.11912,-0.03671
0.071,21.688,0.13517,0.027451
0.0711,20.534,0.14448,0.067386
0.0712,19.302,0.15178,0.095975
0.0713,17.906,0.1613,0.12006
0.0714,16.346,0.17498,0.14083
0.0715,14.708,0.19211,0.15773
0.0716,13.108,0.21,0.17154
0.0717,11.643,0.22514,0.18282
0.0718,10.376,0.23482,0.19098
0.0719,9.3291,0.2382,0.19656
0.072,8.4851,0.23661,0.20071
0.0721,7.7845,0.23382,0.20385
0.0722,7.1219,0.23475,0.20714
0.0723,6.3756,0.24282,0.21246
0.0724,5.4679,0.25811,0.2192
0.0725,4.3938,0.27774,0.22487
0.0726,3.2066,0.29726,0.2283
0.0727,1.997,0.3122,0.22957
0.0728,0.86052,0.31972,0.22901
0.0729,-0.14265,0.31939,0.22862
0.073,-0.99786,0.31276,0.23095
0.0731,-1.7194,0.30251,0.23643
0.0732,-2.3436,0.29178,0.24432
0.0733,-2.9238,0.28296,0.25465
0.0734,-3.5074,0.27654,0.26672
0.0735,-4.1133,0.27102,0.27869
0.0736,-4.7246,0.26389,0.2898
0.0737,-5.2967,0.25266,0.30009
0.0738,-5.7773,0.23601,0.30878
0.0739,-6.1289,0.21461,0.31598
0.074,-6.345,0.19102,0.32372
0.0741,-6.4562,0.16851,0.33348
0.0742,-6.5161,0.14981,0.34491
0.0743,-6.5751,0.13618,0.35744
0.0744,-6.6631,0.12674,0.36979
0.0745,-6.7856,0.11897,0.3797
0.0746,-6.9225,0.11017,0.38638
0.0747,-7.0337,0.098314,0.3917
0.0748,-7.0785,0.082258,0.3976
0.0749,-7.0352,0.061993,0.40516
0.075,-6.9051,0.038777,0.41547
0.0751,-6.7052,0.014365,0.42884
0.0752,-6.4561,-0.0098661,0.44386
0.0753,-6.1691,-0.033326,0.45926
0.0754,-5.8395,-0.056441,0.47446
0.0755,-5.4493,-0.080572,0.48843
0.0756,-4.9797,-0.10721,0.50033
0.0757,-4.4214,-0.13704,0.51102
0.0758,-3.7788,-0.16961,0.52205
0.0759,-3.0722,-0.20347,0.53457
0.076,-2.3381,-0.23664,0.54978
0.0761,-1.6171,-0.26747,0.56796
0.0762,-0.93318,-0.29521,0.58712
0.0763,-0.28247,-0.32009,0.60456
0.0764,0.36677,-0.34323,0.61866
0.0765,1.064,-0.36619,0.62886
0.0766,1.8551,-0.39021,0.63566
0.0767,2.7607,-0.41591,0.64137
0.0768,3.7707,-0.44337,0.6483
0.0769,4.8546,-0.47214,0.65726
0.077,5.9711,-0.50112,0.66828
0.0771,7.079,-0.52935,0.68127
0.0772,8.1516,-0.55658,0.69495
0.0773,9.1847,-0.58329,0.70749
0.0774,10.194,-0.6104,0.71801
0.0775,11.212,-0.63909,0.72632
0.0776,12.275,-0.6702,0.73246
0.0777,13.411,-0.70364,0.73779
0.0778,14.622,-0.73844,0.74458
0.0779,15.887,-0.77334,0.75383
0.078,17.174,-0.80703,0.76498
0.0781,18.453,-0.83846,0.7769
0.0782,19.707,-0.86727,0.78767
0.0783,20.934,-0.89385,0.79518
0.0784,22.147,-0.91898,0.79892
0.0785,23.365,-0.94364,0.80016
0.0786,24.607,-0.9688,0.80031
0.0787,25.887,-0.99512,0.80071
0.0788,27.209,-1.0229,0.80262
0.0789,28.567,-1.0523,0.8063
0.079,29.938,-1.0839,0.81081
0.0791,31.296,-1.1195,0.81528
0.0792,32.623,-1.163,0.819
0.0793,33.911,-1.223,0.82122
0.0794,35.172,-1.317,0.82241
0.0795,36.431,-1.4725,0.82498
0.0796,37.708,-1.6922,0.8311
0.0797,38.992,-1.9088,0.8408
0.0798,40.249,-2.0589,0.85303
0.0799,41.447,-2.1411,0.86674
0.08,42.602,-2.1912,0.87945
0.0801,43.764,-2.2543,0.88808
0.0802,44.967,-2.3688,0.89225
0.0803,46.222,-2.5501,0.89426
0.0804,47.53,-2.7822,0.8961
0.0805,48.849,-3.0281,0.89903
0.0806,50.103,-3.2413,0.90389
0.0807,51.24,-3.3786,0.91002
0.0808,52.225,-3.4198,0.91525
0.0809,53.047,-3.3753,0.91739
0.081,53.759,-3.2799,0.91432
0.0811,54.448,-3.1877,0.90452
0.0812,55.173,-3.1572,0.88922
0.0813,55.961,-3.2204,0.87255
0.0814,56.792,-3.365,0.85886
0.0815,57.595,-3.5405,0.85104
0.0816,58.286,-3.6716,0.84965
0.0817,58.824,-3.6849,0.85152
0.0818,59.197,-3.5473,0.85099
0.0819,59.413,-3.2785,0.84357
0.082,59.516,-2.9312,0.8273
0.0821,59.571,-2.573,0.80258
0.0822,59.637,-2.2699,0.77325
0.0823,59.759,-2.0569,0.74545
0.0824,59.948,-1.9282,0.72309
0.0825,60.152,-1.8585,0.70657
0.0826,60.29,-1.8148,0.6948
0.0827,60.298,-1.7552,0.68475
0.0828,60.148,-1.6467,0.67049
0.0829,59.854,-1.4945,0.64703
0.083,59.461,-1.3373,0.6133
0.0831,59.028,-1.2074,0.57024
0.0832,58.6,-1.111,0.51895
0.0833,58.202,-1.0423,0.45932
0.0834,57.858,-0.99535,0.38062
0.0835,57.595,-0.96545,0.241
0.0836,57.431,-0.94797,-0.029324
0.0837,57.332,-0.93779,-0.41104
0.0838,57.181,-0.92911,-0.75865
0.0839,56.835,-0.91675,-0.97783
0.084,56.211,-0.89859,-1.0836
0.0841,55.335,-0.8752,-1.1341
0.0842,54.35,-0.84813,-1.184
0.0843,53.413,-0.82134,-1.282
0.0844,52.624,-0.80025,-1.4613
0.0845,52.042,-0.7863,-1.7176
0.0846,51.647,-0.77605,-2.016
0.0847,51.307,-0.76541,-2.3151
0.0848,50.871,-0.75109,-2.5674
0.0849,50.199,-0.72977,-2.7202
0.085,49.179,-0.69952,-2.7469
0.0851,47.835,-0.66083,-2.6671
0.0852,46.338,-0.61592,-2.5395
0.0853,44.895,-0.56916,-2.4466
0.0854,43.659,-0.52667,-2.4622
0.0855,42.691,-0.49325,-2.6074
0.0856,41.904,-0.47014,-2.837
0.0857,41.12,-0.45512,-3.0681
0.0858,40.191,-0.44312,-3.2146
0.0859,39.03,-0.42762,-3.2128
0.086,37.583,-0.40347,-3.0424
0.0861,35.87,-0.36891,-2.7275
0.0862,34.004,-0.32577,-2.3196
0.0863,32.149,-0.2787,-1.893
0.0864,30.471,-0.23359,-1.5371
0.0865,29.076,-0.19466,-1.3174
0.0866,27.95,-0.16306,-1.245
0.0867,26.958,-0.13786,-1.2858
0.0868,25.926,-0.11631,-1.3692
0.0869,24.724,-0.092919,-1.3944
0.087,23.298,-0.06125,-1.2773
0.0871,21.664,-0.018622,-1.0061
0.0872,19.9,0.032001,-0.64717
0.0873,18.133,0.084113,-0.31744
0.0874,16.497,0.13048,-0.10666
0.0875,15.076,0.16553,0.00091713
0.0876,13.89,0.18707,0.054946
0.0877,12.873,0.19728,0.083675
0.0878,11.89,0.20165,0.10082
0.0879,10.792,0.20639,0.11351
0.088,9.4939,0.21599,0.1262
0.0881,8.0042,0.23163,0.1404
0.0882,6.4227,0.25135,0.15448
0.0883,4.885,0.27162,0.16664
0.0884,3.4993,0.28873,0.17656
0.0885,2.3204,0.29949,0.1833
0.0886,1.3524,0.30248,0.1856
0.0887,0.56078,0.29939,0.18432
0.0888,-0.11462,0.29496,0.18212
0.0889,-0.75652,0.29518,0.18155
0.089,-1.4621,0.30423,0.18483
0.0891,-2.3062,0.32201,0.19259
0.0892,-3.3064,0.34423,0.20225
0.0893,-4.4197,0.36484,0.21008
0.0894,-5.559,0.37869,0.21451
0.0895,-6.618,0.38306,0.21581
0.0896,-7.5153,0.37811,0.21531
0.0897,-8.2325,0.36671,0.21576
0.0898,-8.8107,0.35312,0.22003
0.0899,-9.317,0.3412,0.22873
0.09,-9.8129,0.3331,0.24087
0.0901,-10.338,0.32861,0.25528
0.0902,-10.901,0.32544,0.27026
0.0903,-11.478,0.32022,0.28355
0.0904,-12.022,0.30987,0.29395
0.0905,-12.474,0.2928,0.30119
0.0906,-12.788,0.26985,0.30558
0.0907,-12.946,0.24435,0.30898
0.0908,-12.977,0.22074,0.31454
0.0909,-12.949,0.20234,0.32384
0.091,-12.934,0.19004,0.33608
0.0911,-12.974,0.18221,0.34925
0.0912,-13.062,0.17549,0.36086
0.0913,-13.157,0.16642,0.36898
0.0914,-13.204,0.15291,0.37428
0.0915,-13.164,0.13444,0.37961
0.0916,-13.032,0.11166,0.38733
0.0917,-12.828,0.086279,0.3986
0.0918,-12.58,0.060521,0.41391
0.0919,-12.309,0.035988,0.43225
0.092,-12.018,0.012924,0.45119
0.0921,-11.692,-0.0096151,0.46874
0.0922,-11.305,-0.033274,0.4839
0.0923,-10.826,-0.059757,0.49584
0.0924,-10.234,-0.089902,0.50481
0.0925,-9.5318,-0.12306,0.51292
0.0926,-8.7495,-0.1573,0.52279
0.0927,-7.942,-0.19022,0.53612
0.0928,-7.1663,-0.21999,0.55342
0.0929,-6.4537,-0.24613,0.5732
0.093,-5.7937,-0.26951,0.59196
0.0931,-5.141,-0.2918,0.60639
0.0932,-4.4363,-0.31473,0.61556
0.0933,-3.6295,-0.33955,0.62057
0.0934,-2.7008,-0.36662,0.62398
0.0935,-1.6659,-0.39551,0.62905
0.0936,-0.565,-0.42531,0.63801
0.0937,0.55395,-0.45483,0.65094
0.0938,1.6479,-0.48304,0.66676
0.0939,2.6919,-0.5097,0.68377
0.094,3.6893,-0.53564,0.69958
0.0941,4.6697,-0.56227,0.712
0.0942,5.6748,-0.59092,0.72043
0.0943,6.7437,-0.6224,0.72551
0.0944,7.9001,-0.65651,0.72884
0.0945,9.1403,-0.69196,0.73297
0.0946,10.434,-0.72698,0.74018
0.0947,11.739,-0.76001,0.75055
0.0948,13.02,-0.79014,0.76225
0.0949,14.259,-0.81728,0.7727
0.095,15.457,-0.84216,0.77946
0.0951,16.63,-0.86591,0.78135
0.0952,17.804,-0.88963,0.77958
0.0953,19.003,-0.9142,0.77681
0.0954,20.239,-0.94012,0.77534
0.0955,21.514,-0.96745,0.77658
0.0956,22.819,-0.99598,0.78103
0.0957,24.134,-1.0258,0.78763
0.0958,25.437,-1.0581,0.79441
0.0959,26.71,-1.0957,0.79978
0.096,27.947,-1.1441,0.8028
0.0961,29.154,-1.2135,0.80339
0.0962,30.349,-1.3183,0.80327
0.0963,31.551,-1.4649,0.80542
0.0964,32.761,-1.6231,0.8116
0.0965,33.955,-1.7461,0.8214
0.0966,35.108,-1.8248,0.83355
0.0967,36.217,-1.885,0.84587
0.0968,37.317,-1.9625,0.85489
0.0969,38.447,-2.093,0.85863
0.097,39.621,-2.2966,0.85875
0.0971,40.836,-2.5564,0.85809
0.0972,42.061,-2.8199,0.85847
0.0973,43.227,-3.0277,0.86113
0.0974,44.271,-3.136,0.86631
0.0975,45.163,-3.1306,0.87197
0.0976,45.907,-3.0353,0.87516
0.0977,46.544,-2.8991,0.87366
0.0978,47.154,-2.7786,0.86617
0.0979,47.8,-2.7261,0.85296
0.098,48.503,-2.7729,0.83712
0.0981,49.243,-2.9112,0.82297
0.0982,49.962,-3.0912,0.8136
0.0983,50.576,-3.2361,0.80993
0.0984,51.029,-3.2676,0.81009
0.0985,51.312,-3.1425,0.8091
0.0986,51.448,-2.8779,0.80149
0.0987,51.49,-2.5403,0.78456
0.0988,51.514,-2.2104,0.75902
0.0989,51.583,-1.9495,0.72852
0.099,51.718,-1.7768,0.69904
0.0991,51.899,-1.6747,0.67575
0.0992,52.072,-1.6143,0.6599
0.0993,52.158,-1.5664,0.64956
0.0994,52.1,-1.5022,0.64133
0.0995,51.88,-1.404,0.63022
0.0996,51.525,-1.2833,0.6115
0.0997,51.087,-1.1683,0.58355
0.0998,50.636,-1.0739,0.54734
0.0999,50.22,-1.0007,0.50422
0.1,49.855,-0.94633,0.45494
0.1001,49.545,-0.90819,0.39407
0.1002,49.294,-0.88318,0.2941
0.1003,49.108,-0.86744,0.089947
0.1004,48.978,-0.85671,-0.24794
0.1005,48.832,-0.84635,-0.60741
0.1006,48.536,-0.83207,-0.85505
0.1007,47.983,-0.81195,-0.97272
0.1008,47.159,-0.78729,-1.0172
0.1009,46.178,-0.76025,-1.0523
0.101,45.221,-0.7336,-1.13
0.1011,44.424,-0.71177,-1.2901
0.1012,43.848,-0.6971,-1.5393
0.1013,43.48,-0.68672,-1.8419
0.1014,43.189,-0.67591,-2.1455
0.1015,42.799,-0.66151,-2.3988
0.1016,42.171,-0.64107,-2.5498
0.1017,41.21,-0.61272,-2.5667
0.1018,39.921,-0.57653,-2.464
0.1019,38.459,-0.53429,-2.3011
0.102,37.044,-0.48932,-2.1632
0.1021,35.845,-0.44671,-2.1354
0.1022,34.94,-0.41146,-2.2597
0.1023,34.267,-0.38566,-2.5061
0.1024,33.637,-0.36803,-2.7857
0.1025,32.856,-0.35442,-2.9924
0.1026,31.81,-0.33878,-3.0398
0.1027,30.452,-0.3155,-2.8906
0.1028,28.808,-0.28197,-2.5669
0.1029,26.999,-0.2392,-2.1319
0.103,25.203,-0.19132,-1.6706
0.1031,23.584,-0.14442,-1.2782
0.1032,22.245,-0.10363,-1.0245
0.1033,21.18,-0.070678,-0.92161
0.1034,20.259,-0.044683,-0.93916
0.1035,19.304,-0.023433,-1.019
0.1036,18.179,-0.0022689,-1.068
0.1037,16.831,0.025387,-0.98928
0.1038,15.283,0.063437,-0.75439
0.1039,13.619,0.10995,-0.44066
0.104,11.976,0.15909,-0.182
0.1041,10.479,0.20442,-0.035751
0.1042,9.1868,0.24006,0.037777
0.1043,8.0962,0.26206,0.074919
0.1044,7.1551,0.27151,0.093149
0.1045,6.2609,0.27426,0.10291
0.1046,5.2838,0.27712,0.11002
0.1047,4.1299,0.28479,0.11747
0.1048,2.7869,0.29876,0.12674
0.1049,1.3212,0.31755,0.13693
0.105,-0.15498,0.33784,0.14584
0.1051,-1.5275,0.35565,0.15255
0.1052,-2.7203,0.36742,0.15669
0.1053,-3.7094,0.3713,0.15727
0.1054,-4.5111,0.36864,0.1547
0.1055,-5.1688,0.36397,0.1517
0.1056,-5.7529,0.36326,0.15114
0.1057,-6.3561,0.37108,0.15496
0.1058,-7.0676,0.38792,0.16396
0.1059,-7.9351,0.40987,0.17634
0.106,-8.9423,0.4309,0.18815
0.1061,-10.014,0.44563,0.19653
0.1062,-11.04,0.45074,0.20086
0.1063,-11.917,0.44578,0.20185
0.1064,-12.605,0.43349,0.202
0.1065,-13.142,0.41852,0.205
0.1066,-13.601,0.40503,0.21253
0.1067,-14.048,0.39525,0.2235
0.1068,-14.523,0.38917,0.23644
0.1069,-15.041,0.38482,0.24991
0.107,-15.581,0.37903,0.26172
0.1071,-16.095,0.36864,0.27037
0.1072,-16.521,0.35181,0.27601
0.1073,-16.809,0.32906,0.27931
0.1074,-16.937,0.30342,0.28164
0.1075,-16.927,0.2792,0.28592
0.1076,-16.848,0.25987,0.29461
0.1077,-16.777,0.24658,0.30735
0.1078,-16.762,0.23796,0.32197
0.1079,-16.797,0.2309,0.33606
0.108,-16.838,0.22191,0.3474
0.1081,-16.836,0.20865,0.35542
0.1082,-16.755,0.19041,0.36232
0.1083,-16.59,0.16778,0.37107
0.1084,-16.364,0.14232,0.38325
0.1085,-16.106,0.11613,0.39926
0.1086,-15.833,0.090888,0.41825
0.1087,-15.54,0.066913,0.43772
0.1088,-15.211,0.043343,0.45503
0.1089,-14.813,0.018803,0.46902
0.109,-14.314,-0.0081602,0.4794
0.1091,-13.688,-0.03846,0.48653
0.1092,-12.937,-0.071698,0.49235
0.1093,-12.097,-0.10606,0.49981
0.1094,-11.229,-0.13914,0.51102
0.1095,-10.394,-0.16908,0.52672
0.1096,-9.6296,-0.1953,0.54596
0.1097,-8.9305,-0.21856,0.56564
0.1098,-8.2548,-0.24049,0.58204
0.1099,-7.544,-0.26289,0.59345
0.11,-6.7459,-0.28716,0.60058
0.1101,-5.8331,-0.31382,0.60557
0.1102,-4.8117,-0.34245,0.61161
0.1103,-3.7162,-0.37216,0.62141
0.1104,-3.0061,-0.40007,0.63389
0.1105,-2.995,-0.4197,0.64132
0.1106,-2.9893,-0.43534,0.64687
0.1107,-2.9866,-0.44848,0.64977
0.1108,-2.9826,-0.4591,0.64576
0.1109,-2.9743,-0.46635,0.63301
0.111,-2.9594,-0.47625,0.61702
0.1111,-2.9389,-0.49139,0.60013
0.1112,-2.9187,-0.50496,0.58029
0.1113,-2.9034,-0.5142,0.56003
0.1114,-2.8941,-0.52256,0.5436
0.1115,-2.89,-0.52831,0.52893
0.1116,-2.8903,-0.52802,0.51225
0.1117,-2.8909,-0.52436,0.49293
0.1118,-2.8881,-0.51974,0.46998
0.1119,-2.8809,-0.51405,0.44342
0.112,-2.8704,-0.51099,0.41827
0.1121,-2.8578,-0.5145,0.39888
0.1122,-2.8463,-0.52183,0.38459
0.1123,-2.8385,-0.52943,0.37412
0.1124,-2.8343,-0.53697,0.36651
0.1125,-2.8325,-0.54237,0.35795
0.1126,-2.8319,-0.54348,0.34548
0.1127,-2.8303,-0.54337,0.33002
0.1128,-2.825,-0.54471,0.31174
0.1129,-2.8162,-0.5462,0.28963
0.113,-2.8062,-0.54824,0.26644
0.1131,-2.7973,-0.55146,0.24523
0.1132,-2.7922,-0.55126,0.2248
0.1133,-2.7923,-0.5448,0.20419
0.1134,-2.7955,-0.5355,0.18475
0.1135,-2.7982,-0.5242,0.16393
0.1136,-2.7988,-0.5077,0.13725
0.1137,-2.796,-0.48849,0.10581
0.1138,-2.7886,-0.47206,0.073816
0.1139,-2.7784,-0.45816,0.042987
0.114,-2.769,-0.44522,0.015883
0.1141,-2.7621,-0.43491,-0.0038244
0.1142,-2.7583,-0.4251,-0.017243
0.1143,-2.7583,-0.41061,-0.028645
0.1144,-2.7609,-0.39204,-0.03913
0.1145,-2.7625,-0.37346,-0.049166
0.1146,-2.7606,-0.35519,-0.06159
0.1147,-2.7547,-0.33773,-0.077217
0.1148,-2.7444,-0.32431,-0.093788
0.1149,-2.7309,-0.31453,-0.1108
0.115,-2.7179,-0.30423,-0.12842
0.1151,-2.7082,-0.29203,-0.14472
0.1152,-2.7022,-0.27755,-0.15912
0.1153,-2.6991,-0.25833,-0.17431
0.1154,-2.6972,-0.23396,-0.19185
0.1155,-2.6939,-0.20698,-0.21171
0.1156,-2.6878,-0.17833,-0.23453
0.1157,-2.6788,-0.14897,-0.2593
0.1158,-2.6677,-0.12237,-0.28216
0.1159,-2.6556,-0.099936,-0.30089
0.116,-2.6446,-0.07912,-0.31601
0.1161,-2.6359,-0.058461,-0.3277
0.1162,-2.629,-0.037718,-0.33654
0.1163,-2.6233,-0.01526,-0.34482
0.1164,-2.6178,0.0086429,-0.3532
0.1165,-2.6106,0.030498,-0.36047
0.1166,-2.6007,0.049036,-0.36686
0.1167,-2.5889,0.065413,-0.37291
0.1168,-2.5767,0.079114,-0.37698
0.1169,-2.565,0.090293,-0.37839
0.117,-2.5554,0.10233,-0.3789
0.1171,-2.5482,0.11694,-0.37953
0.1172,-2.5419,0.13304,-0.38076
0.1173,-2.5344,0.15152,-0.38527
0.1174,-2.5248,0.17377,-0.39481
0.1175,-2.5129,0.19731,-0.40731
0.1176,-2.4987,0.21971,-0.42026
0.1177,-2.4839,0.24163,-0.43261
0.1178,-2.4708,0.26286,-0.44211
0.1179,-2.4599,0.28201,-0.44689
0.118,-2.4517,0.3009,-0.44849
0.1181,-2.4461,0.32185,-0.44913
0.1182,-2.4415,0.34314,-0.44877
0.1183,-2.4354,0.36243,-0.44764
0.1184,-2.4267,0.37969,-0.44679
0.1185,-2.4152,0.39396,-0.44541
0.1186,-2.4014,0.40363,-0.44162
0.1187,-2.3867,0.41005,-0.43511
0.1188,-2.3738,0.4156,-0.42579
0.1189,-2.3637,0.42064,-0.41312
0.119,-2.3562,0.42586,-0.39827
0.1191,-2.3504,0.43299,-0.38389
0.1192,-2.345,0.44204,-0.37145
0.1193,-2.3379,0.45186,-0.36161
0.1194,-2.3286,0.46238,-0.35475
0.1195,-2.3175,0.473,-0.34948
0.1196,-2.3054,0.48228,-0.34333
0.1197,-2.2935,0.49066,-0.33539
0.1198,-2.2832,0.49974,-0.32566
0.1199,-2.275,0.50968,-0.31392
0.12,-2.2685,0.52059,-0.3009
0.1201,-2.2632,0.53293,-0.2879
0.1202,-2.2579,0.54505,-0.27461
0.1203,-2.2515,0.55423,-0.25996
0.1204,-2.2435,0.56012,-0.24398
0.1205,-2.2349,0.56314,-0.22629
0.1206,-2.2264,0.56255,-0.20545
0.1207,-2.2186,0.55892,-0.1814
0.1208,-2.2124,0.55444,-0.15545
0.1209,-2.2074,0.54957,-0.12842
0.121,-2.2022,0.54381,-0.10139
0.1211,-2.1958,0.53829,-0.076614
0.1212,-2.1881,0.53368,-0.055034
0.1213,-2.1788,0.52849,-0.035475
0.1214,-2.1686,0.52221,-0.016992
0.1215,-2.1587,0.51602,0.0008288
0.1216,-2.1505,0.51007,0.019113
0.1217,-2.1441,0.5043,0.038224
0.1218,-2.1395,0.50015,0.056835
0.1219,-2.1364,0.49818,0.074083
0.122,-2.1334,0.49661,0.090313
0.1221,-2.1293,0.49398,0.10549
0.1222,-2.1235,0.48972,0.11969
0.1223,-2.1164,0.48254,0.13431
0.1224,-2.1086,0.47171,0.1507
0.1225,-2.1016,0.4583,0.16923
