0.05,1.4244,-0.23874,-1.1637
0.0501,1.4425,-0.19116,-1.2307
0.0502,1.4431,-0.14088,-1.2833
0.0503,1.4316,-0.090148,-1.3244
0.0504,1.4109,-0.039596,-1.3564
0.0505,1.3814,0.012808,-1.3818
0.0506,1.3442,0.067188,-1.4015
0.0507,1.3031,0.12079,-1.4167
0.0508,1.2595,0.17286,-1.428
0.0509,1.2119,0.22578,-1.4363
0.051,1.1598,0.28028,-1.4416
0.0511,1.1048,0.33532,-1.4446
0.0512,1.0469,0.39039,-1.4448
0.0513,0.98615,0.44491,-1.4416
0.0514,0.92309,0.49817,-1.4347
0.0515,0.85784,0.55099,-1.425
0.0516,0.79018,0.60382,-1.4129
0.0517,0.72127,0.65589,-1.3985
0.0518,0.65225,0.7063,-1.3822
0.0519,0.58291,0.75561,-1.3642
0.052,0.51264,0.80436,-1.3445
0.0521,0.44189,0.85235,-1.3233
0.0522,0.37091,0.89893,-1.3001
0.0523,0.29952,0.9438,-1.2745
0.0524,0.22742,0.98671,-1.2458
0.0525,0.15425,1.0281,-1.2142
0.0526,0.079942,1.0683,-1.1797
0.0527,0.0058638,1.1064,-1.1431
0.0528,-0.067094,1.1424,-1.1051
0.0529,-0.13969,1.1777,-1.0664
0.053,-0.21219,1.2127,-1.0272
0.0531,-0.2832,1.2463,-0.98781
0.0532,-0.35252,1.2777,-0.94777
0.0533,-0.42149,1.3078,-0.90654
0.0534,-0.49049,1.3365,-0.86371
0.0535,-0.559,1.3633,-0.81933
0.0536,-0.62761,1.3885,-0.77308
0.0537,-0.69665,1.4121,-0.72477
0.0538,-0.76514,1.4335,-0.67464
0.0539,-0.83248,1.4526,-0.62344
0.054,-0.89907,1.4702,-0.5714
0.0541,-0.96432,1.4859,-0.51886
0.0542,-1.0272,1.4989,-0.46607
0.0543,-1.0878,1.5092,-0.41304
0.0544,-1.1466,1.5171,-0.3594
0.0545,-1.2036,1.5224,-0.30524
0.0546,-1.2587,1.5252,-0.25078
0.0547,-1.312,1.5259,-0.19612
0.0548,-1.3636,1.5242,-0.14116
0.0549,-1.4134,1.5205,-0.086107
0.055,-1.462,1.5149,-0.030968
0.0551,-1.5086,1.5073,0.024121
0.0552,-1.5526,1.4968,0.079032
0.0553,-1.5944,1.4842,0.13349
0.0554,-1.6341,1.4698,0.18735
0.0555,-1.6713,1.4535,0.24036
0.0556,-1.7058,1.4348,0.29257
0.0557,-1.7381,1.4144,0.34412
0.0558,-1.7682,1.3921,0.39509
0.0559,-1.796,1.3678,0.44544
0.056,-1.8217,1.3415,0.49551
0.0561,-1.8458,1.3134,0.54556
0.0562,-1.8676,1.2829,0.59562
0.0563,-1.887,1.2499,0.6455
0.0564,-1.904,1.2148,0.69502
0.0565,-1.9182,1.1778,0.74354
0.0566,-1.929,1.139,0.79041
0.0567,-1.9364,1.0987,0.83536
0.0568,-1.9406,1.0571,0.87846
0.0569,-1.9414,1.014,0.91966
0.057,-1.9391,0.96965,0.95915
0.0571,-1.9342,0.92413,0.99729
0.0572,-1.9266,0.87728,1.0343
0.0573,-1.9165,0.82924,1.0701
0.0574,-1.9043,0.78053,1.1048
0.0575,-1.8901,0.73117,1.1382
0.0576,-1.873,0.68081,1.17
0.0577,-1.853,0.62977,1.1998
0.0578,-1.8303,0.57846,1.2276
0.0579,-1.8047,0.52664,1.2533
0.058,-1.7759,0.47394,1.277
0.0581,-1.7444,0.42053,1.2989
0.0582,-1.7105,0.36637,1.3196
0.0583,-1.6741,0.3113,1.339
0.0584,-1.6353,0.25551,1.357
0.0585,-1.5946,0.19945,1.3737
0.0586,-1.5518,0.14309,1.3887
0.0587,-1.5065,0.086377,1.402
0.0588,-1.459,0.029489,1.4133
0.0589,-1.409,-0.027449,1.4225
0.059,-1.3565,-0.084477,1.4293
0.0591,-1.3015,-0.14136,1.4337
0.0592,-1.2442,-0.19789,1.4356
0.0593,-1.1849,-0.254,1.4351
0.0594,-1.1239,-0.3095,1.4324
0.0595,-1.0616,-0.36416,1.4275
0.0596,-0.99803,-0.41803,1.4205
0.0597,-0.93341,-0.47108,1.4116
0.0598,-0.86815,-0.52312,1.401
0.0599,-0.80233,-0.57424,1.3887
0.06,-0.73561,-0.62481,1.3749
0.0601,-0.668,-0.67478,1.3594
0.0602,-0.5997,-0.7239,1.3421
0.0603,-0.53046,-0.77217,1.3229
0.0604,-0.46009,-0.81962,1.3014
0.0605,-0.38894,-0.86595,1.2777
0.0606,-0.31723,-0.91113,1.252
0.0607,-0.24483,-0.95536,1.2244
0.0608,-0.17201,-0.99856,1.1949
0.0609,-0.099218,-1.0405,1.1639
0.061,-0.026458,-1.0812,1.1314
0.0611,0.046349,-1.1205,1.0972
0.0612,0.11898,-1.1583,1.0612
0.0613,0.1914,-1.1944,1.0235
0.0614,0.26384,-1.2288,0.98376
0.0615,0.33621,-1.2612,0.94185
0.0616,0.40825,-1.2915,0.89792
0.0617,0.47985,-1.3198,0.85219
0.0618,0.55081,-1.3462,0.80502
0.0619,0.62066,-1.3706,0.75682
0.062,0.68919,-1.3932,0.70799
0.0621,0.75637,-1.414,0.65869
0.0622,0.822,-1.4329,0.609
0.0623,0.88598,-1.4498,0.5589
0.0624,0.94858,-1.4648,0.50834
0.0625,1.01,-1.4779,0.45721
0.0626,1.0701,-1.4891,0.40549
0.0627,1.129,-1.4983,0.35312
0.0628,1.1869,-1.5057,0.3001
0.0629,1.2435,-1.511,0.24654
0.063,1.2986,-1.5142,0.19259
0.0631,1.352,-1.5152,0.13835
0.0632,1.4037,-1.514,0.083966
0.0633,1.4532,-1.5104,0.029508
0.0634,1.5006,-1.5042,-0.025007
0.0635,1.5459,-1.4954,-0.079577
0.0636,1.5889,-1.4841,-0.13409
0.0637,1.6296,-1.4703,-0.18846
0.0638,1.6681,-1.4541,-0.24264
0.0639,1.7044,-1.4356,-0.29656
0.064,1.7383,-1.4147,-0.3501
0.0641,1.7699,-1.3916,-0.40324
0.0642,1.799,-1.3663,-0.45585
0.0643,1.8255,-1.3389,-0.5077
0.0644,1.8493,-1.3095,-0.55858
0.0645,1.8705,-1.2784,-0.60836
0.0646,1.889,-1.2457,-0.65687
0.0647,1.9046,-1.2114,-0.70403
0.0648,1.9175,-1.1757,-0.74987
0.0649,1.928,-1.1386,-0.79448
0.065,1.9359,-1.1001,-0.83795
0.0651,1.9413,-1.0603,-0.8804
0.0652,1.9445,-1.019,-0.92199
0.0653,1.9454,-0.97631,-0.96274
0.0654,1.9436,-0.9321,-1.0025
0.0655,1.9393,-0.88651,-1.0412
0.0656,1.9322,-0.83966,-1.0786
0.0657,1.9221,-0.79156,-1.1144
0.0658,1.9088,-0.7423,-1.1485
0.0659,1.8925,-0.69198,-1.1809
0.066,1.8731,-0.64057,-1.2115
0.0661,1.8507,-0.58813,-1.2404
0.0662,1.8253,-0.53481,-1.2676
0.0663,1.7972,-0.48073,-1.2932
0.0664,1.7664,-0.426,-1.3172
0.0665,1.7331,-0.37081,-1.3394
0.0666,1.6972,-0.31532,-1.3597
0.0667,1.6587,-0.25958,-1.378
0.0668,1.6177,-0.2037,-1.3942
0.0669,1.5743,-0.14782,-1.4083
0.067,1.5284,-0.091942,-1.4203
0.0671,1.4802,-0.036018,-1.4302
0.0672,1.4299,0.01987,-1.4382
0.0673,1.3777,0.075687,-1.4444
0.0674,1.3237,0.13143,-1.4489
0.0675,1.268,0.18702,-1.4517
0.0676,1.2109,0.24232,-1.4528
0.0677,1.1523,0.29734,-1.4522
0.0678,1.0921,0.3521,-1.4498
0.0679,1.0305,0.40653,-1.4456
0.068,0.96736,0.46057,-1.4394
0.0681,0.90265,0.51418,-1.4312
0.0682,0.83647,0.56721,-1.4208
0.0683,0.76896,0.61949,-1.4082
0.0684,0.70021,0.67091,-1.3933
0.0685,0.63036,0.72136,-1.3762
0.0686,0.55968,0.77067,-1.3568
0.0687,0.48837,0.81876,-1.3353
0.0688,0.41653,0.86558,-1.3117
0.0689,0.34437,0.91109,-1.2861
0.069,0.27206,0.95521,-1.2586
0.0691,0.19962,0.998,-1.2293
0.0692,0.12706,1.0394,-1.1982
0.0693,0.054492,1.0794,-1.1652
0.0694,-0.018057,1.1179,-1.1304
0.0695,-0.090591,1.155,-1.0937
0.0696,-0.16299,1.1905,-1.0554
0.0697,-0.23511,1.2245,-1.0155
0.0698,-0.30688,1.257,-0.97429
0.0699,-0.37819,1.2881,-0.9318
0.07,-0.44886,1.3175,-0.88818
0.0701,-0.51883,1.3454,-0.8435
0.0702,-0.58806,1.3717,-0.79774
0.0703,-0.65649,1.3961,-0.75089
0.0704,-0.72408,1.4186,-0.7029
0.0705,-0.79084,1.4392,-0.6537
0.0706,-0.8567,1.4577,-0.60332
0.0707,-0.92151,1.474,-0.55182
0.0708,-0.98516,1.4881,-0.49934
0.0709,-1.0475,1.5001,-0.44608
0.071,-1.1082,1.5097,-0.39225
0.0711,-1.1672,1.517,-0.33803
0.0712,-1.2243,1.5221,-0.28356
0.0713,-1.2795,1.5248,-0.22894
0.0714,-1.3326,1.5251,-0.17427
0.0715,-1.3837,1.5232,-0.11958
0.0716,-1.4328,1.519,-0.064911
0.0717,-1.4799,1.5125,-0.010333
0.0718,-1.5251,1.5039,0.044113
0.0719,-1.5683,1.4931,0.098395
0.072,-1.6094,1.4803,0.15244
0.0721,-1.6485,1.4652,0.20617
0.0722,-1.6854,1.4481,0.25952
0.0723,-1.72,1.4288,0.31243
0.0724,-1.7524,1.4075,0.36484
0.0725,-1.7823,1.384,0.41671
0.0726,-1.8099,1.3585,0.46799
0.0727,-1.8349,1.3309,0.51865
0.0728,-1.8575,1.3013,0.56861
0.0729,-1.8776,1.2697,0.61784
0.073,-1.8951,1.2363,0.66629
0.0731,-1.91,1.2009,0.71391
0.0732,-1.9222,1.1638,0.7606
0.0733,-1.9317,1.1249,0.80625
0.0734,-1.9383,1.0843,0.85073
0.0735,-1.9421,1.0423,0.89389
0.0736,-1.943,0.99881,0.93558
0.0737,-1.941,0.95411,0.9757
0.0738,-1.936,0.90824,1.0142
0.0739,-1.9281,0.86131,1.051
0.074,-1.9174,0.81342,1.0861
0.0741,-1.904,0.76459,1.1197
0.0742,-1.8879,0.71489,1.1517
0.0743,-1.8693,0.66436,1.1822
0.0744,-1.848,0.61304,1.2113
0.0745,-1.8242,0.56095,1.2388
0.0746,-1.7978,0.50816,1.2647
0.0747,-1.7688,0.45473,1.289
0.0748,-1.7371,0.40067,1.3115
0.0749,-1.7027,0.34602,1.3323
0.075,-1.6657,0.29084,1.3513
0.0751,-1.6261,0.23515,1.3685
0.0752,-1.584,0.179,1.3839
0.0753,-1.5394,0.12251,1.3974
0.0754,-1.4926,0.06579,1.4092
0.0755,-1.4435,0.0089441,1.419
0.0756,-1.3923,-0.04789,1.4269
0.0757,-1.339,-0.10457,1.4327
0.0758,-1.2838,-0.16101,1.4364
0.0759,-1.2266,-0.21708,1.438
0.076,-1.1677,-0.27267,1.4374
0.0761,-1.107,-0.32773,1.4346
0.0762,-1.0449,-0.3822,1.4296
0.0763,-0.98129,-0.436,1.4226
0.0764,-0.9165,-0.48908,1.4135
0.0765,-0.85063,-0.54139,1.4025
0.0766,-0.78378,-0.5929,1.3896
0.0767,-0.71611,-0.64354,1.3748
0.0768,-0.64766,-0.69332,1.3582
0.0769,-0.5785,-0.74224,1.3398
0.077,-0.50864,-0.79026,1.3196
0.0771,-0.43814,-0.83734,1.2975
0.0772,-0.36701,-0.88345,1.2735
0.0773,-0.2953,-0.9285,1.2476
0.0774,-0.22308,-0.97241,1.2198
0.0775,-0.15045,-1.0151,1.1899
0.0776,-0.077497,-1.0564,1.1581
0.0777,-0.0043753,-1.0964,1.1243
0.0778,0.068776,-1.1348,1.0887
0.0779,0.14182,-1.1717,1.0513
0.078,0.21463,-1.2069,1.0121
0.0781,0.28704,-1.2404,0.97141
0.0782,0.35896,-1.2721,0.92914
0.0783,0.43031,-1.302,0.88541
0.0784,0.50096,-1.33,0.8403
0.0785,0.57082,-1.3561,0.79389
0.0786,0.63981,-1.3802,0.74629
0.0787,0.70781,-1.4025,0.69764
0.0788,0.77471,-1.4228,0.64809
0.0789,0.84043,-1.4412,0.59778
0.079,0.90488,-1.4576,0.54685
0.0791,0.96797,-1.4722,0.4954
0.0792,1.0296,-1.4848,0.44349
0.0793,1.0899,-1.4955,0.39117
0.0794,1.1486,-1.5041,0.33844
0.0795,1.2058,-1.5106,0.28532
0.0796,1.2615,-1.515,0.23179
0.0797,1.3156,-1.5172,0.17787
0.0798,1.368,-1.5171,0.12362
0.0799,1.4187,-1.5147,0.069096
0.08,1.4675,-1.5099,0.014392
0.0801,1.5143,-1.5027,-0.040388
0.0802,1.559,-1.4931,-0.095136
0.0803,1.6015,-1.481,-0.14975
0.0804,1.6416,-1.4665,-0.20415
0.0805,1.6795,-1.4496,-0.25821
0.0806,1.7149,-1.4304,-0.31186
0.0807,1.7478,-1.4089,-0.36501
0.0808,1.7783,-1.3852,-0.41756
0.0809,1.8063,-1.3594,-0.46944
0.081,1.8319,-1.3317,-0.52055
0.0811,1.8549,-1.3021,-0.57083
0.0812,1.8754,-1.2707,-0.62018
0.0813,1.8933,-1.2376,-0.66854
0.0814,1.9086,-1.2028,-0.71584
0.0815,1.9213,-1.1665,-0.76202
0.0816,1.9314,-1.1286,-0.80703
0.0817,1.9389,-1.0893,-0.85087
0.0818,1.9437,-1.0486,-0.89351
0.0819,1.9459,-1.0065,-0.93493
0.082,1.9454,-0.96306,-0.97513
0.0821,1.9422,-0.91829,-1.0141
0.0822,1.9363,-0.87221,-1.0518
0.0823,1.9277,-0.82487,-1.0882
0.0824,1.9163,-0.77632,-1.1233
0.0825,1.902,-0.72663,-1.1568
0.0826,1.8848,-0.67588,-1.1888
0.0827,1.8648,-0.62416,-1.2192
0.0828,1.8417,-0.57157,-1.2478
0.0829,1.8158,-0.51821,-1.2746
0.083,1.787,-0.46417,-1.2996
0.0831,1.7554,-0.40956,-1.3227
0.0832,1.7211,-0.35448,-1.3439
0.0833,1.6841,-0.299,-1.3633
0.0834,1.6447,-0.24324,-1.3807
0.0835,1.6028,-0.18726,-1.3964
0.0836,1.5586,-0.13115,-1.4101
0.0837,1.5123,-0.074972,-1.4219
0.0838,1.4637,-0.018803,-1.4318
0.0839,1.4131,0.037313,-1.4398
0.084,1.3605,0.093331,-1.4458
0.0841,1.306,0.1492,-1.45
0.0842,1.2497,0.20489,-1.4522
0.0843,1.1917,0.26033,-1.4526
0.0844,1.132,0.31547,-1.4511
0.0845,1.0708,0.37025,-1.4477
0.0846,1.0082,0.42459,-1.4424
0.0847,0.94416,0.47842,-1.4351
0.0848,0.87883,0.53164,-1.4258
0.0849,0.81228,0.58418,-1.4145
0.085,0.74458,0.63593,-1.4011
0.0851,0.67582,0.68679,-1.3856
0.0852,0.60612,0.73669,-1.3679
0.0853,0.53558,0.78552,-1.3481
0.0854,0.46434,0.83322,-1.3262
0.0855,0.39254,0.87969,-1.3022
0.0856,0.3203,0.92489,-1.2761
0.0857,0.24777,0.96875,-1.248
0.0858,0.17506,1.0112,-1.218
0.0859,0.10228,1.0523,-1.1862
0.086,0.029519,1.092,-1.1526
0.0861,-0.043153,1.1302,-1.1173
0.0862,-0.11566,1.167,-1.0803
0.0863,-0.18795,1.2023,-1.0418
0.0864,-0.25995,1.236,-1.0017
0.0865,-0.33159,1.2682,-0.96018
0.0866,-0.40279,1.2988,-0.91725
0.0867,-0.47346,1.3277,-0.87298
0.0868,-0.54351,1.3549,-0.82745
0.0869,-0.61282,1.3803,-0.78074
0.087,-0.68129,1.4038,-0.73292
0.0871,-0.74881,1.4255,-0.68407
0.0872,-0.81528,1.4451,-0.63425
0.0873,-0.88062,1.4628,-0.58352
0.0874,-0.94472,1.4783,-0.53196
0.0875,-1.0075,1.4917,-0.47963
0.0876,-1.0689,1.5029,-0.42662
0.0877,-1.1287,1.5118,-0.37303
0.0878,-1.1869,1.5184,-0.31896
0.0879,-1.2434,1.5228,-0.26454
0.088,-1.2981,1.5249,-0.20987
0.0881,-1.3509,1.5248,-0.15508
0.0882,-1.4017,1.5223,-0.10026
0.0883,-1.4506,1.5176,-0.045488
0.0884,-1.4973,1.5106,0.0091589
0.0885,-1.542,1.5014,0.063631
0.0886,-1.5846,1.49,0.11788
0.0887,-1.625,1.4763,0.17187
0.0888,-1.6633,1.4605,0.22555
0.0889,-1.6994,1.4425,0.27888
0.089,-1.7333,1.4223,0.33179
0.0891,-1.7649,1.4001,0.38424
0.0892,-1.7941,1.3757,0.43616
0.0893,-1.8209,1.3493,0.48747
0.0894,-1.8452,1.3209,0.5381
0.0895,-1.8669,1.2905,0.58797
0.0896,-1.886,1.2581,0.63701
0.0897,-1.9025,1.2239,0.68514
0.0898,-1.9163,1.188,0.73227
0.0899,-1.9274,1.1503,0.77833
0.09,-1.9357,1.111,0.82323
0.0901,-1.9413,1.0701,0.86692
0.0902,-1.9441,1.0278,0.90933
0.0903,-1.9441,0.98418,0.95038
0.0904,-1.9413,0.93925,0.99
0.0905,-1.9356,0.89314,1.0281
0.0906,-1.9272,0.84592,1.0647
0.0907,-1.916,0.79767,1.0998
0.0908,-1.902,0.74846,1.1332
0.0909,-1.8852,0.69836,1.165
0.091,-1.8657,0.64742,1.1952
0.0911,-1.8435,0.59568,1.2237
0.0912,-1.8186,0.5432,1.2507
0.0913,-1.7911,0.49,1.276
0.0914,-1.7609,0.43614,1.2996
0.0915,-1.7281,0.38168,1.3216
0.0916,-1.6927,0.32666,1.3419
0.0917,-1.6548,0.27116,1.3603
0.0918,-1.6144,0.21525,1.377
0.0919,-1.5715,0.15901,1.3918
0.092,-1.5261,0.10252,1.4047
0.0921,-1.4785,0.045887,1.4156
0.0922,-1.4286,-0.010798,1.4245
0.0923,-1.3766,-0.067429,1.4314
0.0924,-1.3225,-0.1239,1.4363
0.0925,-1.2666,-0.18012,1.4392
0.0926,-1.2089,-0.23597,1.44
0.0927,-1.1495,-0.29138,1.4388
0.0928,-1.0886,-0.34627,1.4355
0.0929,-1.0262,-0.40057,1.4301
0.093,-0.96244,-0.45423,1.4228
0.0931,-0.89745,-0.5072,1.4134
0.0932,-0.83132,-0.55943,1.402
0.0933,-0.76416,-0.61086,1.3886
0.0934,-0.69605,-0.66147,1.3733
0.0935,-0.6271,-0.71119,1.3561
0.0936,-0.55738,-0.76,1.337
0.0937,-0.48698,-0.80783,1.3159
0.0938,-0.41597,-0.85465,1.293
0.0939,-0.34442,-0.90039,1.2682
0.094,-0.27242,-0.94498,1.2414
0.0941,-0.20002,-0.98838,1.2127
0.0942,-0.12732,-1.0305,1.1821
0.0943,-0.054412,-1.0712,1.1496
0.0944,0.018604,-1.1106,1.1152
0.0945,0.091617,-1.1484,1.079
0.0946,0.1645,-1.1846,1.041
0.0947,0.23714,-1.2192,1.0013
0.0948,0.3094,-1.252,0.95998
0.0949,0.38116,-1.2831,0.91719
0.095,0.45229,-1.3124,0.87301
0.0951,0.52269,-1.3399,0.82755
0.0952,0.59226,-1.3655,0.7809
0.0953,0.66089,-1.3892,0.73318
0.0954,0.7285,-1.411,0.68448
0.0955,0.79502,-1.4309,0.63489
0.0956,0.86038,-1.4488,0.58449
0.0957,0.92452,-1.4648,0.53338
0.0958,0.98735,-1.4788,0.48164
0.0959,1.0488,-1.4908,0.42934
0.096,1.1088,-1.5007,0.37655
0.0961,1.1673,-1.5086,0.32335
0.0962,1.2242,-1.5143,0.26977
0.0963,1.2795,-1.5178,0.21587
0.0964,1.333,-1.5191,0.1617
0.0965,1.3847,-1.5181,0.10732
0.0966,1.4346,-1.5147,0.052762
0.0967,1.4825,-1.509,-0.0018961
0.0968,1.5285,-1.5009,-0.056584
0.0969,1.5723,-1.4904,-0.11122
0.097,1.6139,-1.4775,-0.1657
0.0971,1.6533,-1.4622,-0.21994
0.0972,1.6904,-1.4446,-0.27383
0.0973,1.7251,-1.4248,-0.32729
0.0974,1.7573,-1.4027,-0.38021
0.0975,1.7871,-1.3785,-0.43251
0.0976,1.8144,-1.3522,-0.48411
0.0977,1.8392,-1.324,-0.53493
0.0978,1.8615,-1.2938,-0.58491
0.0979,1.8812,-1.2619,-0.63397
0.098,1.8983,-1.2283,-0.68206
0.0981,1.9129,-1.193,-0.72911
0.0982,1.9248,-1.1561,-0.77508
0.0983,1.9342,-1.1176,-0.81992
0.0984,1.9409,-1.0777,-0.86361
0.0985,1.9449,-1.0363,-0.90609
0.0986,1.9462,-0.99359,-0.94732
0.0987,1.9448,-0.9495,-0.98727
0.0988,1.9406,-0.90412,-1.0259
0.0989,1.9337,-0.8575,-1.0632
0.099,1.9239,-0.80968,-1.099
0.0991,1.9114,-0.76074,-1.1334
0.0992,1.896,-0.71072,-1.1662
0.0993,1.8777,-0.65972,-1.1975
0.0994,1.8566,-0.6078,-1.2271
0.0995,1.8327,-0.55505,-1.2551
0.0996,1.8059,-0.50156,-1.2813
0.0997,1.7763,-0.44742,-1.3057
0.0998,1.744,-0.39272,-1.3283
0.0999,1.709,-0.33756,-1.3491
0.1,1.6714,-0.28201,-1.3679
0.1001,1.6312,-0.22616,-1.3849
0.1002,1.5886,-0.17009,-1.4
0.1003,1.5437,-0.11386,-1.4131
0.1004,1.4966,-0.057548,-1.4244
0.1005,1.4473,-0.0012218,-1.4338
0.1006,1.396,0.055055,-1.4413
0.1007,1.3427,0.11122,-1.4468
0.1008,1.2875,0.16721,-1.4505
0.1009,1.2306,0.22295,-1.4522
0.101,1.172,0.27839,-1.452
0.1011,1.1117,0.33347,-1.4498
0.1012,1.0499,0.38812,-1.4457
0.1013,0.98665,0.44228,-1.4395
0.1014,0.92205,0.49586,-1.4314
0.1015,0.85619,0.54879,-1.4213
0.1016,0.80083,0.59885,-1.4186
0.1017,0.75523,0.64692,-1.4236
0.1018,0.70871,0.69427,-1.4267
0.1019,0.66134,0.7405,-1.4276
0.102,0.61345,0.78534,-1.4263
0.1021,0.56504,0.82886,-1.4229
0.1022,0.51584,0.87127,-1.4172
0.1023,0.46595,0.91244,-1.4093
0.1024,0.4157,0.95198,-1.3989
0.1025,0.36503,0.98989,-1.3862
0.1026,0.31383,1.0265,-1.3714
0.1027,0.26222,1.0621,-1.3547
0.1028,0.21028,1.0965,-1.3361
0.1029,0.15794,1.1296,-1.3155
0.103,0.10535,1.1611,-1.2928
0.1031,0.052591,1.1912,-1.2682
0.1032,-0.00046421,1.2197,-1.2416
0.1033,-0.053833,1.2469,-1.2131
0.1034,-0.10726,1.2724,-1.1827
0.1035,-0.16059,1.2962,-1.1505
0.1036,-0.21371,1.3184,-1.1167
0.1037,-0.26643,1.339,-1.0817
0.1038,-0.31864,1.3578,-1.0455
0.1039,-0.37036,1.3747,-1.0077
0.104,-0.42146,1.3896,-0.96853
0.1041,-0.47179,1.4023,-0.92803
0.1042,-0.52139,1.4128,-0.88617
0.1043,-0.57021,1.4211,-0.84293
0.1044,-0.61799,1.4269,-0.79849
0.1045,-0.6647,1.4305,-0.753
0.1046,-0.71049,1.432,-0.70658
0.1047,-0.75528,1.4316,-0.65944
0.1048,-0.79892,1.4291,-0.61163
0.1049,-0.84153,1.4244,-0.56296
0.105,-0.88323,1.4176,-0.51344
0.1051,-0.9239,1.4088,-0.46324
0.1052,-0.96356,1.398,-0.41236
0.1053,-1.0023,1.3852,-0.36076
0.1054,-1.0399,1.3704,-0.30865
0.1055,-1.076,1.3536,-0.25627
0.1056,-1.1108,1.3349,-0.20365
0.1057,-1.1442,1.3142,-0.15088
0.1058,-1.176,1.2917,-0.098082
0.1059,-1.2061,1.2672,-0.045186
0.106,-1.2346,1.2407,0.0078804
0.1061,-1.2614,1.2123,0.060958
0.1062,-1.2864,1.182,0.11391
0.1063,-1.3095,1.1498,0.16676
0.1064,-1.3307,1.1157,0.21939
0.1065,-1.3499,1.0801,0.27157
0.1066,-1.367,1.0429,0.32321
0.1067,-1.3822,1.0042,0.37434
0.1068,-1.3954,0.96412,0.42493
0.1069,-1.4066,0.92259,0.47497
0.107,-1.4159,0.87982,0.52448
0.1071,-1.4234,0.836,0.57334
0.1072,-1.429,0.7912,0.62145
0.1073,-1.4327,0.74551,0.66872
0.1074,-1.4345,0.69906,0.71503
0.1075,-1.4342,0.65195,0.76023
0.1076,-1.432,0.6042,0.80428
0.1077,-1.4277,0.55586,0.84723
0.1078,-1.4214,0.50689,0.88903
0.1079,-1.4129,0.45722,0.92969
0.108,-1.4022,0.40681,0.96925
0.1081,-1.3894,0.35575,1.0076
0.1082,-1.3743,0.3041,1.0446
0.1083,-1.357,0.2519,1.0802
0.1084,-1.3374,0.19928,1.1143
0.1085,-1.3157,0.14633,1.1469
0.1086,-1.2917,0.093114,1.1777
0.1087,-1.2658,0.039685,1.207
0.1088,-1.2379,-0.013873,1.2348
0.1089,-1.2082,-0.067459,1.2609
0.109,-1.1768,-0.12095,1.2854
0.1091,-1.1439,-0.17419,1.3083
0.1092,-1.1095,-0.22706,1.3294
0.1093,-1.0736,-0.27945,1.3486
0.1094,-1.0363,-0.33125,1.3659
0.1095,-0.99778,-0.38233,1.3813
0.1096,-0.95804,-0.43264,1.3946
0.1097,-0.91716,-0.48218,1.4059
0.1098,-0.87525,-0.53094,1.4153
0.1099,-0.83228,-0.57893,1.4228
0.11,-0.78824,-0.62614,1.4283
0.1101,-0.74319,-0.67253,1.4317
0.1102,-0.69713,-0.71805,1.4331
0.1103,-0.65002,-0.76269,1.4322
0.1104,-0.60188,-0.80644,1.4292
0.1105,-0.55277,-0.84926,1.424
0.1106,-0.50274,-0.89112,1.4166
0.1107,-0.45189,-0.93199,1.4072
0.1108,-0.40039,-0.97177,1.3956
0.1109,-0.34835,-1.0103,1.382
0.111,-0.29584,-1.0476,1.3662
0.1111,-0.24299,-1.0835,1.3484
0.1112,-0.18992,-1.1178,1.3284
0.1113,-0.13668,-1.1504,1.3064
0.1114,-0.083397,-1.1814,1.2823
0.1115,-0.030231,-1.2105,1.2563
0.1116,0.022773,-1.2379,1.2284
0.1117,0.075567,-1.2635,1.1988
0.1118,0.12805,-1.2873,1.1676
0.1119,0.18019,-1.3093,1.1347
0.112,0.23198,-1.3294,1.1003
0.1121,0.28339,-1.3478,1.0643
0.1122,0.33438,-1.3642,1.0268
0.1123,0.38498,-1.3788,0.98787
0.1124,0.4352,-1.3915,0.94753
0.1125,0.48492,-1.4025,0.90594
0.1126,0.53407,-1.4116,0.86319
0.1127,0.58262,-1.4189,0.81935
0.1128,0.63048,-1.4243,0.77453
0.1129,0.67752,-1.4279,0.72879
0.113,0.72372,-1.4294,0.68211
0.1131,0.76902,-1.4289,0.63451
0.1132,0.81327,-1.4262,0.58607
0.1133,0.85635,-1.4212,0.53681
0.1134,0.89821,-1.4139,0.4868
0.1135,0.93871,-1.4042,0.43614
0.1136,0.97776,-1.3922,0.38496
0.1137,1.0153,-1.3779,0.33331
0.1138,1.0514,-1.3613,0.28125
0.1139,1.0859,-1.3425,0.22887
0.114,1.1188,-1.3215,0.17618
0.1141,1.1502,-1.2984,0.12322
0.1142,1.1801,-1.2733,0.070059
0.1143,1.2085,-1.2463,0.016797
0.1144,1.2353,-1.2176,-0.036484
0.1145,1.2606,-1.1872,-0.089665
0.1146,1.2843,-1.1553,-0.14263
0.1147,1.3064,-1.1219,-0.1953
0.1148,1.3267,-1.0871,-0.24761
0.1149,1.3454,-1.051,-0.2995
0.115,1.3623,-1.0135,-0.35093
0.1151,1.3775,-0.97472,-0.40188
0.1152,1.3907,-0.93468,-0.45225
0.1153,1.402,-0.8934,-0.50197
0.1154,1.4112,-0.8509,-0.55098
0.1155,1.4183,-0.80723,-0.5992
0.1156,1.4232,-0.76243,-0.64654
0.1157,1.4259,-0.71649,-0.69296
0.1158,1.4263,-0.66946,-0.73846
0.1159,1.4244,-0.62137,-0.783
0.116,1.4202,-0.57229,-0.82651
0.1161,1.4138,-0.5223,-0.869
0.1162,1.4052,-0.47154,-0.91039
0.1163,1.3943,-0.42014,-0.95056
0.1164,1.3813,-0.36822,-0.98945
0.1165,1.3662,-0.31591,-1.027
0.1166,1.349,-0.26334,-1.0631
0.1167,1.3298,-0.21059,-1.0978
0.1168,1.3087,-0.15774,-1.131
0.1169,1.2858,-0.10485,-1.1626
0.117,1.2611,-0.051977,-1.1928
0.1171,1.2345,0.00085906,-1.2213
0.1172,1.2062,0.053597,-1.2482
0.1173,1.1762,0.10618,-1.2734
0.1174,1.1445,0.15857,-1.2969
0.1175,1.1111,0.21073,-1.3185
0.1176,1.0761,0.2626,-1.3383
0.1177,1.0394,0.31418,-1.3562
0.1178,1.0012,0.36543,-1.3723
0.1179,0.96156,0.41631,-1.3865
0.118,0.9205,0.46675,-1.3989
0.1181,0.87812,0.51668,-1.4093
0.1182,0.83452,0.56599,-1.4177
0.1183,0.78977,0.61458,-1.4241
0.1184,0.74395,0.66234,-1.4285
0.1185,0.69717,0.70917,-1.4307
0.1186,0.64954,0.75495,-1.4308
0.1187,0.60115,0.7996,-1.4287
0.1188,0.5521,0.84304,-1.4245
0.1189,0.50248,0.88522,-1.418
0.119,0.45235,0.92606,-1.4094
0.1191,0.40174,0.96554,-1.3986
0.1192,0.35071,1.0036,-1.3856
0.1193,0.29929,1.0402,-1.3703
0.1194,0.24748,1.0754,-1.3529
0.1195,0.19531,1.1092,-1.3334
0.1196,0.14283,1.1415,-1.3118
0.1197,0.090053,1.1724,-1.2882
0.1198,0.037049,1.2019,-1.2627
0.1199,-0.016099,1.23,-1.2354
0.12,-0.069312,1.2565,-1.2063
0.1201,-0.12252,1.2814,-1.1755
0.1202,-0.17563,1.3048,-1.1431
0.1203,-0.22852,1.3264,-1.109
0.1204,-0.28109,1.3462,-1.0734
0.1205,-0.33322,1.3642,-1.0363
0.1206,-0.38481,1.3802,-0.99779
0.1207,-0.43575,1.3943,-0.95799
0.1208,-0.48596,1.4063,-0.91694
0.1209,-0.53537,1.4162,-0.87471
0.121,-0.5839,1.424,-0.83133
0.1211,-0.63151,1.4296,-0.78686
0.1212,-0.67817,1.433,-0.7413
0.1213,-0.72384,1.4342,-0.69474
0.1214,-0.76848,1.4331,-0.64721
0.1215,-0.81211,1.4299,-0.59878
0.1216,-0.85467,1.4245,-0.54955
0.1217,-0.89615,1.417,-0.49961
0.1218,-0.93651,1.4074,-0.44902
0.1219,-0.97575,1.3957,-0.39786
0.122,-1.0138,1.3821,-0.34621
0.1221,-1.0507,1.3665,-0.29412
0.1222,-1.0862,1.3489,-0.24165
0.1223,-1.1205,1.3294,-0.18889
0.1224,-1.1533,1.3079,-0.1359
0.1225,-1.1846,1.2846,-0.082771
