0.05,0.28904,-0.61816,0.31015
0.0501,0.30973,-0.61677,0.29109
0.0502,0.33002,-0.61452,0.27172
0.0503,0.3499,-0.61142,0.25204
0.0504,0.36933,-0.60749,0.23207
0.0505,0.3883,-0.60274,0.2118
0.0506,0.40679,-0.5972,0.19124
0.0507,0.42479,-0.59088,0.17035
0.0508,0.44227,-0.58378,0.14914
0.0509,0.45921,-0.57595,0.12762
0.051,0.47558,-0.56738,0.10582
0.0511,0.49133,-0.5581,0.083754
0.0512,0.50641,-0.54814,0.061454
0.0513,0.52076,-0.53751,0.038963
0.0514,0.53433,-0.52623,0.016323
0.0515,0.54705,-0.51434,-0.0064179
0.0516,0.55884,-0.50183,-0.029206
0.0517,0.56966,-0.48874,-0.051991
0.0518,0.57943,-0.47508,-0.074726
0.0519,0.58812,-0.46085,-0.09736
0.052,0.59568,-0.44607,-0.11985
0.0521,0.60209,-0.43074,-0.14217
0.0522,0.60735,-0.41488,-0.16429
0.0523,0.61147,-0.3985,-0.18617
0.0524,0.61446,-0.3816,-0.20781
0.0525,0.61637,-0.36419,-0.22921
0.0526,0.61723,-0.34629,-0.25034
0.0527,0.6171,-0.32792,-0.27121
0.0528,0.61603,-0.30909,-0.29182
0.0529,0.61408,-0.28983,-0.31216
0.053,0.6113,-0.27016,-0.33221
0.0531,0.60773,-0.25012,-0.35197
0.0532,0.60341,-0.22974,-0.3714
0.0533,0.59838,-0.20905,-0.39048
0.0534,0.59266,-0.18807,-0.40917
0.0535,0.58626,-0.16681,-0.4274
0.0536,0.57918,-0.14531,-0.44513
0.0537,0.57143,-0.12358,-0.46229
0.0538,0.56301,-0.10167,-0.47881
0.0539,0.55389,-0.079599,-0.49462
0.054,0.54407,-0.057395,-0.50964
0.0541,0.53354,-0.035086,-0.52381
0.0542,0.5223,-0.012692,-0.53706
0.0543,0.51035,0.0097591,-0.54934
0.0544,0.49769,0.032247,-0.56059
0.0545,0.48435,0.054747,-0.57079
0.0546,0.47035,0.077234,-0.57992
0.0547,0.45572,0.099681,-0.58795
0.0548,0.44048,0.12206,-0.59489
0.0549,0.42468,0.14435,-0.60076
0.055,0.40836,0.16652,-0.60559
0.0551,0.39156,0.18853,-0.6094
0.0552,0.3743,0.21035,-0.61224
0.0553,0.35663,0.23196,-0.61413
0.0554,0.33857,0.25332,-0.61511
0.0555,0.32014,0.27441,-0.61521
0.0556,0.30136,0.29518,-0.61444
0.0557,0.28223,0.31562,-0.61283
0.0558,0.26277,0.33569,-0.61038
0.0559,0.24296,0.35536,-0.6071
0.056,0.22283,0.37461,-0.60299
0.0561,0.20236,0.39341,-0.59805
0.0562,0.18155,0.41172,-0.5923
0.0563,0.16038,0.42952,-0.58573
0.0564,0.13888,0.44675,-0.57836
0.0565,0.11707,0.4634,-0.5702
0.0566,0.094979,0.4794,-0.56129
0.0567,0.072654,0.49471,-0.55164
0.0568,0.05014,0.50928,-0.54129
0.0569,-0.42991,0.48238,-0.032142
0.057,-0.71897,0.47406,0.26708
0.0571,-0.97397,0.46844,0.52916
0.0572,-1.2048,0.46047,0.76908
0.0573,-1.4117,0.44944,0.98778
0.0574,-1.5949,0.44141,1.1794
0.0575,-1.7593,0.43707,1.3481
0.0576,-1.9147,0.42917,1.5112
0.0577,-2.066,0.41574,1.6753
0.0578,-2.2116,0.40354,1.8322
0.0579,-2.3474,0.39514,1.9753
0.058,-2.4736,0.38849,2.1066
0.0581,-2.5895,0.38289,2.2264
0.0582,-2.6919,0.37749,2.3322
0.0583,-2.7767,0.37095,2.4214
0.0584,-2.8467,0.36538,2.4946
0.0585,-2.9062,0.36223,2.5549
0.0586,-2.9588,0.35829,2.6089
0.0587,-3.0088,0.35293,2.6616
0.0588,-3.0567,0.34782,2.712
0.0589,-3.0997,0.34392,2.7562
0.059,-3.1361,0.34038,2.7932
0.0591,-3.1667,0.33648,2.825
0.0592,-3.1906,0.33139,2.8513
0.0593,-3.2003,0.32442,2.8653
0.0594,-3.1904,0.31708,2.8603
0.0595,-3.1621,0.30985,2.837
0.0596,-3.1211,0.30044,2.8036
0.0597,-3.0717,0.2889,2.7642
0.0598,-3.0179,0.2793,2.7188
0.0599,-2.9631,0.27238,2.6699
0.06,-2.9116,0.26472,2.6254
0.0601,-2.8654,0.25527,2.5881
0.0602,-2.8227,0.24609,2.5543
0.0603,-2.7793,0.23722,2.5196
0.0604,-2.7337,0.22798,2.4833
0.0605,-2.6838,0.21922,2.4425
0.0606,-2.6255,0.21112,2.3929
0.0607,-2.5546,0.20286,2.3312
0.0608,-2.4726,0.19532,2.258
0.0609,-2.3828,0.18909,2.1761
0.061,-2.2879,0.18266,2.0896
0.0611,-2.1906,0.17466,2.0024
0.0612,-2.0933,0.16573,1.9164
0.0613,-1.9946,0.15564,1.8302
0.0614,-1.8925,0.14372,1.7426
0.0615,-1.787,0.13077,1.6528
0.0616,-1.6785,0.11788,1.5601
0.0617,-1.5644,0.10484,1.4619
0.0618,-1.4427,0.092338,1.3556
0.0619,-1.3142,0.080652,1.2416
0.062,-1.181,0.068941,1.1229
0.0621,-1.0459,0.056109,1.0033
0.0622,-0.91309,0.043341,0.88571
0.0623,-0.78555,0.031505,0.77229
0.0624,-0.66468,0.019772,0.66529
0.0625,-0.55037,0.0078773,0.56486
0.0626,-0.44121,-0.0032096,0.46864
0.0627,-0.3335,-0.013579,0.37299
0.0628,-0.22458,-0.023533,0.27549
0.0629,-0.1126,-0.032941,0.17409
0.063,0.0047449,-0.04228,0.066903
0.0631,0.13019,-0.052643,-0.047803
0.0632,0.26326,-0.063762,-0.16993
0.0633,0.40162,-0.075213,-0.29756
0.0634,0.54199,-0.087378,-0.427
0.0635,0.68094,-0.10014,-0.55487
0.0636,0.81513,-0.11241,-0.67882
0.0637,0.94413,-0.12451,-0.79803
0.0638,1.0688,-0.13727,-0.91241
0.0639,1.1897,-0.15036,-1.023
0.064,1.3076,-0.16322,-1.131
0.0641,1.4241,-0.17636,-1.2374
0.0642,1.5398,-0.18928,-1.3433
0.0643,1.6547,-0.20096,-1.4499
0.0644,1.7685,-0.21152,-1.5565
0.0645,1.8801,-0.22174,-1.6612
0.0646,1.9865,-0.23091,-1.7619
0.0647,2.086,-0.23863,-1.8569
0.0648,2.1779,-0.24591,-1.9447
0.0649,2.2628,-0.25345,-2.025
0.065,2.342,-0.2608,-2.0996
0.0651,2.4187,-0.26827,-2.1715
0.0652,2.4958,-0.27614,-2.2431
0.0653,2.5742,-0.28371,-2.3161
0.0654,2.6546,-0.29042,-2.3916
0.0655,2.7377,-0.29676,-2.4698
0.0656,2.8224,-0.30276,-2.5497
0.0657,2.9064,-0.30824,-2.629
0.0658,2.987,-0.31359,-2.7046
0.0659,3.0613,-0.31917,-2.7733
0.066,3.1263,-0.32429,-2.8327
0.0661,3.181,-0.32864,-2.8824
0.0662,3.2262,-0.33236,-2.9226
0.0663,3.2631,-0.33512,-2.9552
0.0664,3.2932,-0.33639,-2.9822
0.0665,3.3183,-0.33645,-3.0052
0.0666,3.3397,-0.33535,-3.0254
0.0667,3.358,-0.33294,-3.0436
0.0668,3.3735,-0.32971,-3.0598
0.0669,3.3863,-0.32641,-3.0731
0.067,3.3951,-0.32287,-3.0826
0.0671,3.3988,-0.31896,-3.0873
0.0672,3.3965,-0.31495,-3.0861
0.0673,3.3881,-0.31082,-3.0789
0.0674,3.3741,-0.30624,-3.0665
0.0675,3.3564,-0.30172,-3.0506
0.0676,3.3369,-0.29764,-3.0325
0.0677,3.3164,-0.29364,-3.0135
0.0678,3.295,-0.28962,-2.9936
0.0679,3.2724,-0.28587,-2.9724
0.068,3.2471,-0.28191,-2.9489
0.0681,3.2171,-0.27717,-2.9216
0.0682,3.1805,-0.2719,-2.8886
0.0683,3.1354,-0.26621,-2.8477
0.0684,3.0799,-0.25949,-2.7978
0.0685,3.0138,-0.25181,-2.7387
0.0686,2.9384,-0.24375,-2.6711
0.0687,2.8556,-0.23533,-2.5969
0.0688,2.768,-0.2263,-2.519
0.0689,2.6784,-0.21707,-2.4396
0.069,2.5885,-0.20764,-2.3604
0.0691,2.4988,-0.19756,-2.2823
0.0692,2.4093,-0.18689,-2.2053
0.0693,2.3198,-0.1762,-2.1284
0.0694,2.2289,-0.16561,-2.0503
0.0695,2.1355,-0.15519,-1.9697
0.0696,2.0388,-0.14536,-1.8854
0.0697,1.938,-0.13619,-1.7965
0.0698,1.8328,-0.12725,-1.7031
0.0699,1.7243,-0.11848,-1.6064
0.07,1.6137,-0.10975,-1.5076
0.0701,1.5016,-0.10062,-1.4077
0.0702,1.3882,-0.090822,-1.3072
0.0703,1.2735,-0.080525,-1.2059
0.0704,1.1565,-0.069569,-1.103
0.0705,1.0364,-0.057936,-0.99747
0.0706,0.91238,-0.046039,-0.88823
0.0707,0.78421,-0.034104,-0.77466
0.0708,0.65156,-0.02182,-0.65672
0.0709,0.5151,-0.009234,-0.53496
0.071,0.37615,0.0034722,-0.41046
0.0711,0.23647,0.016451,-0.28511
0.0712,0.098189,0.029729,-0.16104
0.0713,-0.036427,0.042742,-0.039971
0.0714,-0.16621,0.055269,0.077119
0.0715,-0.29103,0.067467,0.18991
0.0716,-0.41139,0.079199,0.29905
0.0717,-0.52835,0.090207,0.40583
0.0718,-0.64364,0.10081,0.51166
0.0719,-0.75866,0.11123,0.61774
0.072,-0.87441,0.12135,0.7252
0.0721,-0.99172,0.13127,0.83474
0.0722,-1.111,0.1414,0.94633
0.0723,-1.2314,0.15165,1.0593
0.0724,-1.3518,0.16185,1.1724
0.0725,-1.4711,0.17216,1.2845
0.0726,-1.5882,0.1827,1.3943
0.0727,-1.7025,0.19332,1.5013
0.0728,-1.8141,0.20413,1.6055
0.0729,-1.9235,0.21534,1.707
0.073,-2.0309,0.2267,1.8064
0.0731,-2.1364,0.23784,1.9039
0.0732,-2.2398,0.24866,1.9996
0.0733,-2.3407,0.25891,2.0931
0.0734,-2.4379,0.26826,2.1837
0.0735,-2.5304,0.2767,2.2703
0.0736,-2.6172,0.28435,2.3517
0.0737,-2.697,0.29108,2.4267
0.0738,-2.7695,0.29694,2.495
0.0739,-2.8351,0.30212,2.5566
0.074,-2.8947,0.30665,2.6125
0.0741,-2.9497,0.31044,2.6643
0.0742,-3.0019,0.31363,2.7134
0.0743,-3.0526,0.31624,2.7613
0.0744,-3.1023,0.31813,2.8085
0.0745,-3.1513,0.31944,2.8553
0.0746,-3.1994,0.32048,2.9012
0.0747,-3.2456,0.32132,2.9451
0.0748,-3.2887,0.32201,2.9857
0.0749,-3.3272,0.3227,3.0215
0.075,-3.3599,0.32333,3.0515
0.0751,-3.3859,0.32354,3.0749
0.0752,-3.4051,0.32328,3.0919
0.0753,-3.4177,0.32255,3.1026
0.0754,-3.4241,0.32113,3.1078
0.0755,-3.425,0.31886,3.1083
0.0756,-3.4207,0.31593,3.1042
0.0757,-3.4113,0.31233,3.0957
0.0758,-3.3966,0.30796,3.0828
0.0759,-3.3766,0.30298,3.0653
0.076,-3.3511,0.29757,3.0428
0.0761,-3.3198,0.29167,3.0152
0.0762,-3.2826,0.28526,2.9824
0.0763,-3.2401,0.27856,2.9448
0.0764,-3.1932,0.27168,2.9031
0.0765,-3.1426,0.26465,2.8583
0.0766,-3.0899,0.25767,2.8114
0.0767,-3.0357,0.25088,2.7631
0.0768,-2.9802,0.24417,2.7138
0.0769,-2.9232,0.23741,2.6631
0.077,-2.8637,0.23061,2.6104
0.0771,-2.8007,0.22359,2.5546
0.0772,-2.7328,0.21625,2.4945
0.0773,-2.6589,0.2086,2.4291
0.0774,-2.5784,0.20063,2.3577
0.0775,-2.4907,0.19219,2.2798
0.0776,-2.3963,0.18333,2.196
0.0777,-2.2961,0.17407,2.107
0.0778,-2.1913,0.16433,2.0142
0.0779,-2.0831,0.15404,1.9187
0.078,-1.9727,0.1433,1.8215
0.0781,-1.8606,0.1321,1.7234
0.0782,-1.7472,0.12046,1.6244
0.0783,-1.6326,0.10861,1.5245
0.0784,-1.5168,0.096786,1.4233
0.0785,-1.3997,0.085063,1.3208
0.0786,-1.2812,0.073559,1.2166
0.0787,-1.1614,0.062407,1.1107
0.0788,-1.0407,0.05153,1.0036
0.0789,-0.91937,0.040748,0.89555
0.079,-0.79791,0.030066,0.78718
0.0791,-0.67665,0.019442,0.67878
0.0792,-0.5555,0.008718,0.57039
0.0793,-0.43411,-0.0021635,0.46169
0.0794,-0.31194,-0.013133,0.35202
0.0795,-0.18823,-0.024268,0.24065
0.0796,-0.062336,-0.035647,0.12699
0.0797,0.066014,-0.047221,0.010659
0.0798,0.1968,-0.058985,-0.10837
0.0799,0.32971,-0.071058,-0.22966
0.08,0.46391,-0.083423,-0.35241
0.0801,0.59822,-0.095961,-0.47552
0.0802,0.73136,-0.1086,-0.59775
0.0803,0.86208,-0.12124,-0.71789
0.0804,0.98932,-0.13368,-0.83506
0.0805,1.1126,-0.14579,-0.94878
0.0806,1.2318,-0.15757,-1.059
0.0807,1.3473,-0.16897,-1.166
0.0808,1.4595,-0.17993,-1.2704
0.0809,1.5691,-0.1905,-1.3725
0.081,1.6764,-0.20068,-1.4729
0.0811,1.7818,-0.21045,-1.5719
0.0812,1.8855,-0.21984,-1.6695
0.0813,1.9873,-0.22896,-1.7655
0.0814,2.087,-0.23779,-1.8596
0.0815,2.1843,-0.24639,-1.9514
0.0816,2.279,-0.25486,-2.0406
0.0817,2.3711,-0.26326,-2.1271
0.0818,2.4607,-0.27153,-2.211
0.0819,2.548,-0.27972,-2.2924
0.082,2.6332,-0.28777,-2.3716
0.0821,2.716,-0.29549,-2.4485
0.0822,2.7963,-0.30269,-2.5229
0.0823,2.8733,-0.30931,-2.5943
0.0824,2.9462,-0.3152,-2.662
0.0825,3.0142,-0.32024,-2.7252
0.0826,3.0764,-0.32445,-2.783
0.0827,3.1321,-0.32784,-2.8348
0.0828,3.1809,-0.33035,-2.8801
0.0829,3.2228,-0.33196,-2.9191
0.083,3.2584,-0.33277,-2.9523
0.0831,3.2883,-0.33279,-2.9803
0.0832,3.3135,-0.33203,-3.0041
0.0833,3.3348,-0.33059,-3.0245
0.0834,3.3529,-0.32861,-3.042
0.0835,3.3681,-0.32616,-3.057
0.0836,3.3804,-0.32339,-3.0693
0.0837,3.3898,-0.32046,-3.0788
0.0838,3.3958,-0.31745,-3.0849
0.0839,3.3979,-0.31437,-3.0871
0.084,3.3956,-0.31123,-3.0849
0.0841,3.3885,-0.30799,-3.0782
0.0842,3.3764,-0.30454,-3.0667
0.0843,3.3592,-0.30081,-3.0505
0.0844,3.3369,-0.29677,-3.0296
0.0845,3.3096,-0.29233,-3.0043
0.0846,3.277,-0.28742,-2.9744
0.0847,3.2391,-0.28202,-2.9398
0.0848,3.1956,-0.27607,-2.9005
0.0849,3.1462,-0.26954,-2.8561
0.085,3.0909,-0.26246,-2.8067
0.0851,3.0296,-0.25486,-2.7522
0.0852,2.9626,-0.24677,-2.6928
0.0853,2.8904,-0.23826,-2.6291
0.0854,2.8138,-0.22947,-2.5616
0.0855,2.7337,-0.22049,-2.4911
0.0856,2.6509,-0.21137,-2.4184
0.0857,2.5662,-0.20223,-2.344
0.0858,2.48,-0.19311,-2.2685
0.0859,2.3922,-0.18397,-2.1916
0.086,2.3027,-0.17481,-2.1133
0.0861,2.2109,-0.16565,-2.0329
0.0862,2.1162,-0.15643,-1.9499
0.0863,2.0181,-0.14713,-1.8637
0.0864,1.916,-0.13774,-1.7738
0.0865,1.8098,-0.12821,-1.6801
0.0866,1.6994,-0.11844,-1.5825
0.0867,1.5852,-0.10837,-1.4815
0.0868,1.4675,-0.09793,-1.3774
0.0869,1.3469,-0.087057,-1.2708
0.087,1.2239,-0.075727,-1.1622
0.0871,1.0989,-0.064001,-1.0519
0.0872,0.97229,-0.051938,-0.94021
0.0873,0.84433,-0.039618,-0.82727
0.0874,0.71533,-0.027175,-0.71322
0.0875,0.58565,-0.014744,-0.59823
0.0876,0.45563,-0.0023984,-0.48254
0.0877,0.32572,0.0098003,-0.36651
0.0878,0.1964,0.021799,-0.25052
0.0879,0.068093,0.033594,-0.13499
0.088,-0.058842,0.045196,-0.020249
0.0881,-0.18417,0.056589,0.093476
0.0882,-0.30788,0.06778,0.20618
0.0883,-0.43023,0.078809,0.31806
0.0884,-0.5516,0.089708,0.42949
0.0885,-0.6725,0.10051,0.54091
0.0886,-0.7934,0.1113,0.65271
0.0887,-0.91464,0.12213,0.76515
0.0888,-1.0363,0.13304,0.87828
0.0889,-1.1584,0.14407,0.99191
0.089,-1.2803,0.15524,1.1056
0.0891,-1.4017,0.16653,1.2187
0.0892,-1.5217,0.17786,1.3306
0.0893,-1.6395,0.18918,1.4404
0.0894,-1.7545,0.20042,1.5475
0.0895,-1.8662,0.21145,1.6515
0.0896,-1.9742,0.22221,1.7521
0.0897,-2.0783,0.23263,1.8491
0.0898,-2.1785,0.24262,1.9425
0.0899,-2.2748,0.25208,2.0323
0.09,-2.3672,0.26097,2.1187
0.0901,-2.4558,0.26924,2.2016
0.0902,-2.5404,0.27682,2.281
0.0903,-2.6211,0.28373,2.3569
0.0904,-2.6978,0.29,2.4292
0.0905,-2.7707,0.29565,2.4979
0.0906,-2.8397,0.30074,2.5629
0.0907,-2.9052,0.30532,2.6246
0.0908,-2.9674,0.30945,2.6831
0.0909,-3.0265,0.31313,2.7385
0.091,-3.0826,0.31639,2.7911
0.0911,-3.1359,0.31923,2.8409
0.0912,-3.1861,0.3216,2.8877
0.0913,-3.2328,0.3235,2.9311
0.0914,-3.2755,0.32492,2.9708
0.0915,-3.3135,0.32584,3.0061
0.0916,-3.3462,0.32623,3.0364
0.0917,-3.3732,0.32607,3.0612
0.0918,-3.3939,0.32535,3.0803
0.0919,-3.4083,0.32402,3.0935
0.092,-3.4164,0.32207,3.1009
0.0921,-3.4185,0.3195,3.103
0.0922,-3.415,0.31632,3.1
0.0923,-3.4065,0.31256,3.0925
0.0924,-3.3932,0.3083,3.0809
0.0925,-3.3756,0.30359,3.0654
0.0926,-3.3539,0.29853,3.0464
0.0927,-3.3282,0.29319,3.0237
0.0928,-3.2987,0.28765,2.9976
0.0929,-3.2653,0.28196,2.9679
0.093,-3.2279,0.27613,2.9345
0.0931,-3.1866,0.2702,2.8976
0.0932,-3.1414,0.26414,2.857
0.0933,-3.0921,0.25793,2.8128
0.0934,-3.0387,0.25154,2.765
0.0935,-2.9812,0.24493,2.7136
0.0936,-2.9193,0.23805,2.6583
0.0937,-2.8529,0.23083,2.5991
0.0938,-2.7815,0.22324,2.5357
0.0939,-2.7051,0.21522,2.468
0.094,-2.6234,0.20675,2.3958
0.0941,-2.5366,0.19783,2.3191
0.0942,-2.4448,0.18849,2.2382
0.0943,-2.3484,0.17875,2.1534
0.0944,-2.248,0.16867,2.0652
0.0945,-2.1443,0.15833,1.9741
0.0946,-2.038,0.14779,1.8807
0.0947,-1.9296,0.1371,1.7857
0.0948,-1.8198,0.12633,1.6893
0.0949,-1.7087,0.11553,1.5918
0.095,-1.5966,0.10473,1.4933
0.0951,-1.4833,0.093935,1.3936
0.0952,-1.3687,0.083164,1.2927
0.0953,-1.2527,0.072421,1.1902
0.0954,-1.135,0.061692,1.086
0.0955,-1.0156,0.050953,0.98003
0.0956,-0.89433,0.040152,0.87214
0.0957,-0.77129,0.029227,0.76242
0.0958,-0.64655,0.018131,0.65097
0.0959,-0.52026,0.006822,0.53795
0.096,-0.39259,-0.0047282,0.4235
0.0961,-0.26372,-0.016518,0.30777
0.0962,-0.13387,-0.028519,0.19091
0.0963,-0.003255,-0.040696,0.07308
0.0964,0.12782,-0.052996,-0.045506
0.0965,0.25899,-0.065351,-0.16455
0.0966,0.38981,-0.077694,-0.28367
0.0967,0.51981,-0.089975,-0.40242
0.0968,0.64846,-0.10213,-0.52034
0.0969,0.77528,-0.11411,-0.63695
0.097,0.89988,-0.12588,-0.75185
0.0971,1.0219,-0.1374,-0.86475
0.0972,1.1413,-0.14865,-0.97549
0.0973,1.2581,-0.15961,-1.0841
0.0974,1.3723,-0.1703,-1.1906
0.0975,1.4844,-0.18075,-1.2953
0.0976,1.5945,-0.19098,-1.3983
0.0977,1.7028,-0.20104,-1.4999
0.0978,1.8097,-0.21097,-1.6002
0.0979,1.9151,-0.22078,-1.6991
0.098,2.0189,-0.23049,-1.7965
0.0981,2.1209,-0.24009,-1.8922
0.0982,2.2209,-0.24955,-1.9858
0.0983,2.3184,-0.25884,-2.0769
0.0984,2.4129,-0.26789,-2.1652
0.0985,2.5043,-0.27663,-2.2503
0.0986,2.5919,-0.28497,-2.3319
0.0987,2.6757,-0.29281,-2.4098
0.0988,2.7553,-0.30008,-2.4838
0.0989,2.8305,-0.30666,-2.5537
0.099,2.9011,-0.31249,-2.6193
0.0991,2.9669,-0.3175,-2.6806
0.0992,3.0277,-0.32166,-2.7373
0.0993,3.0835,-0.32496,-2.7895
0.0994,3.1342,-0.32743,-2.837
0.0995,3.1799,-0.32913,-2.8799
0.0996,3.2208,-0.33012,-2.9184
0.0997,3.2571,-0.33048,-2.9527
0.0998,3.2892,-0.3303,-2.983
0.0999,3.3172,-0.32964,-3.0095
0.1,3.3416,-0.32858,-3.0324
0.1001,3.3623,-0.32716,-3.052
0.1002,3.3794,-0.32545,-3.0681
0.1003,3.3929,-0.32345,-3.0808
0.1004,3.4024,-0.32119,-3.0896
0.1005,3.4076,-0.31868,-3.0943
0.1006,3.4081,-0.31588,-3.0946
0.1007,3.4035,-0.31278,-3.0902
0.1008,3.3936,-0.30934,-3.0808
0.1009,3.378,-0.30551,-3.0663
0.101,3.3568,-0.30124,-3.0466
0.1011,3.3298,-0.29649,-3.0218
0.1012,3.2972,-0.29126,-2.9921
0.1013,3.2592,-0.28553,-2.9577
0.1014,3.216,-0.27933,-2.9188
0.1015,3.1678,-0.27268,-2.8756
0.1016,3.1149,-0.26564,-2.8285
0.1017,3.0576,-0.25824,-2.7775
0.1018,2.996,-0.25055,-2.7229
0.1019,2.9305,-0.24263,-2.6649
0.102,2.8612,-0.23452,-2.6038
0.1021,2.7883,-0.22626,-2.5395
0.1022,2.7122,-0.2179,-2.4724
0.1023,2.6329,-0.20944,-2.4026
0.1024,2.5504,-0.20088,-2.33
0.1025,2.4649,-0.19223,-2.2547
0.1026,2.3762,-0.18344,-2.1766
0.1027,2.2841,-0.17449,-2.0956
0.1028,2.1886,-0.16534,-2.0115
0.1029,2.0894,-0.15595,-1.9243
0.103,1.9864,-0.14628,-1.8337
0.1031,1.8796,-0.13631,-1.7397
0.1032,1.7691,-0.12604,-1.6425
0.1033,1.6552,-0.11547,-1.5422
0.1034,1.5381,-0.10459,-1.4392
0.1035,1.4184,-0.093423,-1.3337
0.1036,1.2964,-0.081999,-1.2263
0.1037,1.1728,-0.070368,-1.1174
0.1038,1.048,-0.058586,-1.0073
0.1039,0.92237,-0.046716,-0.89634
0.104,0.79628,-0.034816,-0.78478
0.1041,0.66995,-0.02294,-0.67276
0.1042,0.54353,-0.011135,-0.56034
0.1043,0.41713,0.00056306,-0.44758
0.1044,0.29081,0.012141,-0.33447
0.1045,0.16461,0.0236,-0.22101
0.1046,0.038526,0.034955,-0.10722
0.1047,-0.087423,0.046238,0.0069194
0.1048,-0.21324,0.057484,0.12137
0.1049,-0.33893,0.068728,0.23612
0.105,-0.46447,0.08,0.35112
0.1051,-0.58987,0.091325,0.46632
0.1052,-0.71506,0.10271,0.58165
0.1053,-0.83994,0.11417,0.69697
0.1054,-0.96435,0.12568,0.81209
0.1055,-1.088,0.13722,0.92675
0.1056,-1.2107,0.14876,1.0406
0.1057,-1.3319,0.16026,1.1533
0.1058,-1.4512,0.17166,1.2643
0.1059,-1.5682,0.18292,1.3733
0.106,-1.6825,0.19397,1.4798
0.1061,-1.7936,0.20474,1.5835
0.1062,-1.9014,0.2152,1.6842
0.1063,-2.0056,0.22529,1.7817
0.1064,-2.1063,0.23497,1.8759
0.1065,-2.2034,0.24422,1.9668
0.1066,-2.2971,0.25301,2.0546
0.1067,-2.3874,0.26135,2.1394
0.1068,-2.4745,0.26923,2.2212
0.1069,-2.5585,0.27664,2.3
0.107,-2.6394,0.28358,2.376
0.1071,-2.7172,0.29005,2.449
0.1072,-2.7918,0.29606,2.519
0.1073,-2.8631,0.30158,2.5858
0.1074,-2.931,0.30661,2.6494
0.1075,-2.9953,0.31114,2.7094
0.1076,-3.0558,0.31515,2.7659
0.1077,-3.1123,0.31861,2.8184
0.1078,-3.1645,0.32149,2.867
0.1079,-3.2122,0.32377,2.9113
0.108,-3.2551,0.32543,2.9511
0.1081,-3.293,0.32646,2.9863
0.1082,-3.3257,0.32684,3.0167
0.1083,-3.353,0.32658,3.0421
0.1084,-3.3749,0.3257,3.0626
0.1085,-3.3913,0.32422,3.078
0.1086,-3.4023,0.32218,3.0885
0.1087,-3.4081,0.31963,3.0943
0.1088,-3.4089,0.31661,3.0955
0.1089,-3.405,0.31318,3.0924
0.109,-3.3967,0.30938,3.0852
0.1091,-3.3842,0.30527,3.0741
0.1092,-3.3676,0.30088,3.0594
0.1093,-3.347,0.29626,3.041
0.1094,-3.3223,0.29142,3.0189
0.1095,-3.2936,0.28637,2.9931
0.1096,-3.2607,0.28112,2.9634
0.1097,-3.2233,0.27565,2.9297
0.1098,-3.1813,0.26993,2.8919
0.1099,-3.1345,0.26394,2.8499
0.11,-3.0829,0.25764,2.8035
0.1101,-3.0263,0.25098,2.7528
0.1102,-2.9647,0.24395,2.6978
0.1103,-2.8981,0.23653,2.6385
0.1104,-2.8267,0.2287,2.5751
0.1105,-2.7506,0.22047,2.5078
0.1106,-2.67,0.21186,2.4366
0.1107,-2.5851,0.2029,2.3618
0.1108,-2.4963,0.19362,2.2836
0.1109,-2.4038,0.18407,2.2023
0.111,-2.3079,0.1743,2.1182
0.1111,-2.2091,0.16435,2.0314
0.1112,-2.1076,0.15428,1.9423
0.1113,-2.0038,0.14412,1.8511
0.1114,-1.8978,0.1339,1.7579
0.1115,-1.7898,0.12363,1.6629
0.1116,-1.6798,0.11333,1.5661
0.1117,-1.568,0.10296,1.4675
0.1118,-1.4542,0.092496,1.367
0.1119,-1.3384,0.081909,1.2647
0.112,-1.2205,0.07118,1.1603
0.1121,-1.1005,0.060285,1.054
0.1122,-0.97837,0.049206,0.94555
0.1123,-0.85425,0.037931,0.83522
0.1124,-0.72832,0.026455,0.72308
0.1125,-0.60082,0.014785,0.60936
0.1126,-0.51658,-0.0013753,0.5431
0.1127,-0.50343,-0.023535,0.55363
0.1128,-0.49036,-0.045257,0.56343
0.1129,-0.47682,-0.067036,0.57237
0.113,-0.4626,-0.089677,0.58107
0.1131,-0.44787,-0.11298,0.58945
0.1132,-0.43271,-0.13589,0.59657
0.1133,-0.41697,-0.1584,0.60227
0.1134,-0.4006,-0.18157,0.60762
0.1135,-0.38355,-0.20544,0.61265
0.1136,-0.36598,-0.22885,0.61643
0.1137,-0.34821,-0.25116,0.61867
0.1138,-0.33041,-0.27247,0.61968
0.1139,-0.31224,-0.29307,0.61941
0.114,-0.29346,-0.31338,0.61807
0.1141,-0.27416,-0.33356,0.61594
0.1142,-0.2544,-0.35319,0.61265
0.1143,-0.23406,-0.372,0.60787
0.1144,-0.21317,-0.39045,0.60212
0.1145,-0.19182,-0.40878,0.59579
0.1146,-0.17019,-0.42654,0.58865
0.1147,-0.14855,-0.44331,0.58061
0.1148,-0.12708,-0.45924,0.57199
0.1149,-0.10545,-0.47463,0.56283
0.115,-0.083442,-0.48972,0.55315
0.1151,-0.061145,-0.50453,0.5431
0.1152,-0.03865,-0.51886,0.53262
0.1153,-0.015857,-0.53276,0.52166
0.1154,0.0070984,-0.54649,0.51068
0.1155,0.02999,-0.55978,0.49966
0.1156,0.052671,-0.57171,0.48786
0.1157,0.075055,-0.58196,0.47506
0.1158,0.097064,-0.5909,0.46179
0.1159,0.11894,-0.59873,0.44796
0.116,0.1409,-0.60522,0.43314
0.1161,0.16288,-0.61036,0.41737
0.1162,0.18478,-0.61419,0.40078
0.1163,0.20679,-0.61668,0.38309
0.1164,0.22883,-0.61797,0.36451
0.1165,0.25058,-0.61834,0.34557
0.1166,0.27191,-0.61764,0.32625
0.1167,0.29287,-0.61573,0.30628
0.1168,0.31341,-0.6129,0.28601
0.1169,0.33356,-0.60952,0.2657
0.117,0.35349,-0.60562,0.24523
0.1171,0.37317,-0.60125,0.2246
0.1172,0.3924,-0.59651,0.20413
0.1173,0.41112,-0.59132,0.18369
0.1174,0.42936,-0.58555,0.16311
0.1175,0.44694,-0.57913,0.14245
0.1176,0.46373,-0.57187,0.12163
0.1177,0.4798,-0.56371,0.1005
0.1178,0.49522,-0.55495,0.079262
0.1179,0.51001,-0.54575,0.058034
0.118,0.52414,-0.53579,0.036478
0.1181,0.53756,-0.52486,0.014378
0.1182,0.55007,-0.51305,-0.0080444
0.1183,0.56159,-0.50036,-0.030754
0.1184,0.572,-0.48665,-0.053838
0.1185,0.58116,-0.47197,-0.07714
0.1186,0.58903,-0.45642,-0.10053
0.1187,0.59581,-0.44006,-0.12412
0.1188,0.60161,-0.42316,-0.14774
0.1189,0.60648,-0.40609,-0.171
0.119,0.61049,-0.38898,-0.19379
0.1191,0.61367,-0.37177,-0.21615
0.1192,0.61584,-0.35447,-0.23784
0.1193,0.6169,-0.33698,-0.25886
0.1194,0.6169,-0.31911,-0.27941
0.1195,0.61582,-0.30082,-0.29949
0.1196,0.61359,-0.2822,-0.31896
0.1197,0.61042,-0.26322,-0.33799
0.1198,0.60651,-0.24391,-0.35673
0.1199,0.60189,-0.22436,-0.37509
0.12,0.59655,-0.20441,-0.39317
0.1201,0.59059,-0.18388,-0.4112
0.1202,0.58393,-0.16282,-0.42899
0.1203,0.57647,-0.14135,-0.4463
0.1204,0.56821,-0.11931,-0.46325
0.1205,0.55921,-0.096645,-0.47995
0.1206,0.5495,-0.073574,-0.49613
0.1207,0.53915,-0.050276,-0.51167
0.1208,0.52832,-0.026846,-0.52657
0.1209,0.51701,-0.003491,-0.54059
0.121,0.50514,0.019657,-0.55347
0.1211,0.49268,0.042667,-0.56525
0.1212,0.47961,0.065561,-0.57589
0.1213,0.46587,0.088212,-0.5852
0.1214,0.45142,0.11056,-0.59312
0.1215,0.43635,0.13257,-0.59969
0.1216,0.42067,0.15414,-0.60484
0.1217,0.40442,0.17526,-0.60862
0.1218,0.38767,0.19606,-0.61125
0.1219,0.37043,0.21664,-0.61284
0.122,0.35265,0.2371,-0.61343
0.1221,0.33433,0.25758,-0.61322
0.1222,0.31549,0.27814,-0.61231
0.1223,0.29616,0.29873,-0.6107
0.1224,0.27641,0.31935,-0.60852
0.1225,0.25639,0.33998,-0.60595
