0.05,0.24586,-0.089041,-0.17584
0.0501,0.24228,0.23764,-0.49604
0.0502,0.24086,0.54245,-0.79656
0.0503,0.2363,0.84096,-1.0876
0.0504,0.22799,1.1309,-1.3662
0.0505,0.2225,1.4025,-1.6293
0.0506,0.22055,1.6599,-1.8818
0.0507,0.21433,1.9228,-2.1354
0.0508,0.20166,2.1995,-2.3964
0.0509,0.1896,2.4802,-2.662
0.051,0.18096,2.7558,-2.9261
0.0511,0.17375,3.0273,-3.1875
0.0512,0.16776,3.2917,-3.4433
0.0513,0.16128,3.5499,-3.6926
0.0514,0.15392,3.7927,-3.9258
0.0515,0.1479,4.0193,-4.1445
0.0516,0.14379,4.2354,-4.3551
0.0517,0.13883,4.4491,-4.5626
0.0518,0.13145,4.6648,-4.7701
0.0519,0.12386,4.8822,-4.9794
0.052,0.11821,5.0917,-5.1832
0.0521,0.11273,5.2963,-5.3826
0.0522,0.10645,5.4966,-5.5773
0.0523,0.099163,5.6909,-5.7653
0.0524,0.090391,5.8679,-5.9349
0.0525,0.08138,6.0176,-6.0773
0.0526,0.072667,6.1408,-6.1936
0.0527,0.061962,6.2459,-6.2901
0.0528,0.049031,6.3379,-6.3713
0.0529,0.03806,6.417,-6.4418
0.053,0.030259,6.487,-6.5064
0.0531,0.022114,6.5571,-6.5708
0.0532,0.012188,6.6323,-6.6385
0.0533,0.0025697,6.7097,-6.7088
0.0534,-0.0063826,6.7832,-6.776
0.0535,-0.015348,6.8508,-6.8371
0.0536,-0.023786,6.9101,-6.8905
0.0537,-0.031458,6.9556,-6.9307
0.0538,-0.03882,6.9809,-6.951
0.0539,-0.044648,6.9856,-6.9521
0.054,-0.048276,6.9737,-6.9385
0.0541,-0.051479,6.9503,-6.9137
0.0542,-0.055739,6.9201,-6.8808
0.0543,-0.060521,6.8856,-6.8428
0.0544,-0.066215,6.8447,-6.7974
0.0545,-0.073602,6.7948,-6.741
0.0546,-0.08186,6.7345,-6.6731
0.0547,-0.089955,6.663,-6.5939
0.0548,-0.09791,6.5758,-6.4989
0.0549,-0.10465,6.4688,-6.385
0.055,-0.10946,6.3422,-6.2532
0.0551,-0.11401,6.2018,-6.1074
0.0552,-0.11961,6.0533,-5.9523
0.0553,-0.12462,5.9009,-5.7938
0.0554,-0.12837,5.7485,-5.6362
0.0555,-0.13234,5.6002,-5.4824
0.0556,-0.13675,5.4566,-5.3328
0.0557,-0.14008,5.3137,-5.1849
0.0558,-0.14227,5.1655,-5.0326
0.0559,-0.14368,5.0085,-4.8722
0.056,-0.14399,4.8405,-4.7017
0.0561,-0.14367,4.6584,-4.5176
0.0562,-0.14405,4.4593,-4.3157
0.0563,-0.14497,4.244,-4.0971
0.0564,-0.14602,4.0158,-3.8655
0.0565,-0.14775,3.7789,-3.6246
0.0566,-0.1501,3.5378,-3.3788
0.0567,-0.15191,3.296,-3.1331
0.0568,-0.15342,3.0541,-2.8877
0.0569,-0.15535,2.8109,-2.6407
0.057,-0.1573,2.5651,-2.3912
0.0571,-0.15895,2.3163,-2.1393
0.0572,-0.16089,2.0632,-1.883
0.0573,-0.16249,1.8043,-1.6215
0.0574,-0.16264,1.5394,-1.3558
0.0575,-0.16187,1.2706,-1.0874
0.0576,-0.16089,1.001,-0.81881
0.0577,-0.15871,0.73364,-0.55389
0.0578,-0.15505,0.47088,-0.29539
0.0579,-0.15118,0.21525,-0.044458
0.058,-0.1478,-0.033021,0.19935
0.0581,-0.14458,-0.27708,0.43888
0.0582,-0.14194,-0.5221,0.67971
0.0583,-0.14012,-0.77171,0.92565
0.0584,-0.13829,-1.028,1.178
0.0585,-0.136,-1.2924,1.4376
0.0586,-0.13363,-1.5652,1.7054
0.0587,-0.13103,-1.844,1.9787
0.0588,-0.12819,-2.1248,2.2536
0.0589,-0.12586,-2.4028,2.5262
0.059,-0.12432,-2.6735,2.7922
0.0591,-0.12288,-2.9328,3.0469
0.0592,-0.1215,-3.1793,3.2891
0.0593,-0.12029,-3.4145,3.5203
0.0594,-0.11846,-3.6412,3.7425
0.0595,-0.11542,-3.8615,3.9573
0.0596,-0.11155,-4.0773,4.1669
0.0597,-0.10661,-4.2897,4.3724
0.0598,-0.10021,-4.4987,4.5732
0.0599,-0.093144,-4.7029,4.7689
0.06,-0.086429,-4.9005,4.9586
0.0601,-0.079758,-5.0897,5.1404
0.0602,-0.072893,-5.2696,5.3129
0.0603,-0.066277,-5.439,5.4756
0.0604,-0.059822,-5.5981,5.6285
0.0605,-0.052982,-5.7491,5.7731
0.0606,-0.046129,-5.8952,5.9132
0.0607,-0.039697,-6.0386,6.0514
0.0608,-0.033424,-6.1801,6.188
0.0609,-0.027215,-6.3193,6.3226
0.061,-0.021392,-6.4546,6.4539
0.0611,-0.015606,-6.5832,6.5786
0.0612,-0.0094631,-6.7015,6.693
0.0613,-0.0031792,-6.8065,6.794
0.0614,0.0032499,-6.8956,6.8791
0.0615,0.010362,-6.9667,6.9454
0.0616,0.017994,-7.0193,6.9928
0.0617,0.025659,-7.0552,7.0235
0.0618,0.03343,-7.0776,7.0405
0.0619,0.041357,-7.09,7.0472
0.062,0.048961,-7.0954,7.0472
0.0621,0.056391,-7.0957,7.0421
0.0622,0.0642,-7.0916,7.0321
0.0623,0.072197,-7.0824,7.0167
0.0624,0.079792,-7.0664,6.9947
0.0625,0.087017,-7.0418,6.9644
0.0626,0.093706,-7.0074,6.9246
0.0627,0.099306,-6.9617,6.8744
0.0628,0.1038,-6.9041,6.8133
0.0629,0.10766,-6.8355,6.7414
0.063,0.11095,-6.7577,6.6607
0.0631,0.11382,-6.6726,6.5729
0.0632,0.11687,-6.5811,6.4784
0.0633,0.12038,-6.4831,6.3765
0.0634,0.12422,-6.3773,6.2664
0.0635,0.12851,-6.2615,6.1455
0.0636,0.13322,-6.1331,6.0114
0.0637,0.13779,-5.9906,5.8631
0.0638,0.14191,-5.8335,5.7003
0.0639,0.14589,-5.6621,5.5232
0.064,0.1497,-5.4782,5.3335
0.0641,0.15321,-5.2844,5.1342
0.0642,0.15674,-5.0845,4.9286
0.0643,0.16039,-4.8818,4.7199
0.0644,0.16363,-4.6788,4.5113
0.0645,0.1663,-4.4765,4.3039
0.0646,0.16854,-4.2746,4.0974
0.0647,0.17014,-4.0714,3.8901
0.0648,0.17078,-3.8645,3.6802
0.0649,0.17076,-3.6518,3.465
0.065,0.17033,-3.4319,3.2431
0.0651,0.16944,-3.204,3.0138
0.0652,0.16832,-2.9679,2.7766
0.0653,0.16742,-2.7242,2.5317
0.0654,0.16669,-2.4742,2.2806
0.0655,0.16603,-2.2196,2.0252
0.0656,0.16556,-1.9619,1.7666
0.0657,0.1653,-1.7017,1.5057
0.0658,0.16505,-1.4393,1.2429
0.0659,0.16501,-1.1741,0.97754
0.066,0.16529,-0.90524,0.7086
0.0661,0.16562,-0.6325,0.43611
0.0662,0.16572,-0.35632,0.16082
0.0663,0.16558,-0.077754,-0.11622
0.0664,0.16493,0.20153,-0.39308
0.0665,0.16349,0.47941,-0.66744
0.0666,0.16143,0.75357,-0.93718
0.0667,0.15892,1.022,-1.2005
0.0668,0.15587,1.2832,-1.456
0.0669,0.15241,1.5371,-1.7035
0.067,0.14891,1.7845,-1.9444
0.0671,0.14539,2.0273,-2.1807
0.0672,0.14174,2.2682,-2.4148
0.0673,0.13809,2.5095,-2.6492
0.0674,0.13445,2.7523,-2.8852
0.0675,0.1306,2.9969,-3.1227
0.0676,0.12661,3.2427,-3.3613
0.0677,0.1228,3.4879,-3.5997
0.0678,0.11922,3.7303,-3.8357
0.0679,0.11589,3.9677,-4.0671
0.068,0.11294,4.1982,-4.2921
0.0681,0.11021,4.4202,-4.5093
0.0682,0.10727,4.6334,-4.7177
0.0683,0.10397,4.8379,-4.9174
0.0684,0.10016,5.0344,-5.109
0.0685,0.095556,5.2236,-5.2929
0.0686,0.090014,5.4055,-5.4689
0.0687,0.083715,5.5795,-5.6367
0.0688,0.076702,5.7446,-5.7952
0.0689,0.069005,5.8997,-5.9434
0.069,0.060906,6.0439,-6.0805
0.0691,0.052662,6.1765,-6.2063
0.0692,0.044216,6.2976,-6.3207
0.0693,0.035624,6.4081,-6.4244
0.0694,0.027089,6.509,-6.519
0.0695,0.018668,6.6022,-6.6059
0.0696,0.010385,6.6893,-6.6871
0.0697,0.0024962,6.7717,-6.764
0.0698,-0.0048772,6.8497,-6.8371
0.0699,-0.011847,6.9227,-6.9057
0.07,-0.018465,6.9892,-6.9681
0.0701,-0.024717,7.0471,-7.0224
0.0702,-0.030788,7.0944,-7.0661
0.0703,-0.03681,7.1289,-7.0972
0.0704,-0.042747,7.1495,-7.1141
0.0705,-0.048666,7.1554,-7.1164
0.0706,-0.054735,7.1466,-7.1037
0.0707,-0.060907,7.1243,-7.077
0.0708,-0.067126,7.0896,-7.0378
0.0709,-0.073499,7.0444,-6.9876
0.071,-0.080068,6.9899,-6.9278
0.0711,-0.086697,6.9268,-6.859
0.0712,-0.093384,6.8554,-6.7816
0.0713,-0.10011,6.7753,-6.6953
0.0714,-0.10661,6.6863,-6.6001
0.0715,-0.11259,6.5882,-6.496
0.0716,-0.11796,6.481,-6.3832
0.0717,-0.12262,6.3653,-6.2624
0.0718,-0.12649,6.2418,-6.1343
0.0719,-0.1297,6.1115,-5.9998
0.072,-0.1325,5.9751,-5.8595
0.0721,-0.13496,5.8333,-5.714
0.0722,-0.1372,5.6859,-5.5629
0.0723,-0.13939,5.5322,-5.4053
0.0724,-0.14159,5.3707,-5.2398
0.0725,-0.14372,5.1999,-5.0649
0.0726,-0.14583,5.0182,-4.879
0.0727,-0.14793,4.8249,-4.6814
0.0728,-0.14995,4.6202,-4.4723
0.0729,-0.15194,4.4048,-4.2525
0.073,-0.15404,4.1803,-4.0236
0.0731,-0.15624,3.9487,-3.7875
0.0732,-0.15845,3.7122,-3.5465
0.0733,-0.16063,3.4726,-3.3025
0.0734,-0.16264,3.2313,-3.0572
0.0735,-0.16422,2.9891,-2.8115
0.0736,-0.16527,2.7461,-2.5656
0.0737,-0.16577,2.5017,-2.3191
0.0738,-0.16565,2.2553,-2.0713
0.0739,-0.1649,2.0062,-1.8218
0.074,-0.16365,1.7543,-1.5701
0.0741,-0.162,1.4996,-1.3163
0.0742,-0.15999,1.2422,-1.0606
0.0743,-0.15777,0.98271,-0.80316
0.0744,-0.15551,0.72144,-0.54441
0.0745,-0.15324,0.4588,-0.28463
0.0746,-0.15101,0.19494,-0.023925
0.0747,-0.14895,-0.07028,0.23796
0.0748,-0.14711,-0.33713,0.50138
0.0749,-0.14544,-0.60595,0.76664
0.075,-0.14399,-0.87689,1.0339
0.0751,-0.14272,-1.1496,1.303
0.0752,-0.14144,-1.4233,1.5727
0.0753,-0.14,-1.6964,1.8416
0.0754,-0.13835,-1.9672,2.1078
0.0755,-0.13638,-2.2338,2.3693
0.0756,-0.134,-2.4944,2.6245
0.0757,-0.13125,-2.7477,2.8721
0.0758,-0.12817,-2.9931,3.1115
0.0759,-0.12467,-3.2305,3.3424
0.076,-0.12078,-3.4603,3.5657
0.0761,-0.11653,-3.6838,3.7823
0.0762,-0.11189,-3.902,3.9936
0.0763,-0.10685,-4.1161,4.2004
0.0764,-0.10149,-4.3266,4.4036
0.0765,-0.095892,-4.5335,4.6033
0.0766,-0.090105,-4.7364,4.7991
0.0767,-0.08427,-4.9346,4.9904
0.0768,-0.078541,-5.1271,5.1765
0.0769,-0.072941,-5.3132,5.3566
0.077,-0.067457,-5.4923,5.5301
0.0771,-0.062061,-5.6637,5.6965
0.0772,-0.056631,-5.8275,5.8555
0.0773,-0.051006,-5.9833,6.0066
0.0774,-0.045121,-6.131,6.1496
0.0775,-0.038927,-6.2702,6.2841
0.0776,-0.032351,-6.4002,6.4092
0.0777,-0.02539,-6.52,6.524
0.0778,-0.018111,-6.6286,6.6274
0.0779,-0.01053,-6.7251,6.7185
0.078,-0.0026763,-6.809,6.7968
0.0781,0.0053493,-6.8803,6.8624
0.0782,0.013464,-6.9393,6.9156
0.0783,0.021642,-6.987,6.9576
0.0784,0.029786,-7.0246,6.9894
0.0785,0.037763,-7.0535,7.0126
0.0786,0.045489,-7.0747,7.0284
0.0787,0.05289,-7.0891,7.0375
0.0788,0.059845,-7.097,7.0405
0.0789,0.066345,-7.0981,7.037
0.079,0.072412,-7.0914,7.0261
0.0791,0.078071,-7.0761,7.0067
0.0792,0.083342,-7.0508,6.9777
0.0793,0.088312,-7.0148,6.938
0.0794,0.093052,-6.9673,6.8869
0.0795,0.097608,-6.9081,6.8239
0.0796,0.10207,-6.8371,6.7491
0.0797,0.10655,-6.7548,6.6626
0.0798,0.11111,-6.6616,6.5649
0.0799,0.11577,-6.5579,6.4564
0.08,0.12059,-6.4441,6.3374
0.0801,0.12553,-6.3206,6.2082
0.0802,0.13052,-6.1876,6.0692
0.0803,0.13544,-6.045,5.9205
0.0804,0.1402,-5.8934,5.7627
0.0805,0.14463,-5.7332,5.5965
0.0806,0.14859,-5.5654,5.423
0.0807,0.15205,-5.3909,5.2431
0.0808,0.15497,-5.2107,5.0579
0.0809,0.15736,-5.0258,4.8684
0.081,0.15927,-4.8367,4.6751
0.0811,0.16079,-4.6436,4.4781
0.0812,0.16197,-4.4463,4.2771
0.0813,0.16284,-4.244,4.0715
0.0814,0.16349,-4.0359,3.8602
0.0815,0.16394,-3.8209,3.6424
0.0816,0.16424,-3.5984,3.4171
0.0817,0.16448,-3.368,3.184
0.0818,0.16472,-3.1297,2.9432
0.0819,0.16502,-2.8843,2.6954
0.082,0.1654,-2.6326,2.4414
0.0821,0.16591,-2.3759,2.1825
0.0822,0.1665,-2.1153,1.92
0.0823,0.16707,-1.852,1.655
0.0824,0.16754,-1.5869,1.3887
0.0825,0.1678,-1.3206,1.1218
0.0826,0.16772,-1.0536,0.85486
0.0827,0.16724,-0.78626,0.58831
0.0828,0.16633,-0.51879,0.32243
0.0829,0.16497,-0.25153,0.057566
0.083,0.16315,0.015147,-0.20591
0.0831,0.16092,0.28078,-0.46761
0.0832,0.15834,0.54495,-0.7272
0.0833,0.15546,0.80735,-0.98445
0.0834,0.15237,1.0679,-1.2394
0.0835,0.1492,1.3266,-1.4922
0.0836,0.146,1.5837,-1.7432
0.0837,0.14287,1.8397,-1.993
0.0838,0.13987,2.0948,-2.2419
0.0839,0.13703,2.3494,-2.4904
0.084,0.13435,2.6033,-2.7383
0.0841,0.13181,2.8562,-2.9853
0.0842,0.12935,3.1071,-3.2305
0.0843,0.12687,3.3551,-3.4728
0.0844,0.12428,3.5986,-3.7107
0.0845,0.12152,3.8363,-3.9428
0.0846,0.11849,4.0669,-4.1678
0.0847,0.1151,4.2895,-4.3847
0.0848,0.11131,4.5035,-4.5929
0.0849,0.10702,4.7087,-4.7921
0.085,0.10216,4.9052,-4.9823
0.0851,0.096703,5.0932,-5.1639
0.0852,0.090654,5.2731,-5.3372
0.0853,0.084036,5.4454,-5.5027
0.0854,0.076921,5.6101,-5.6605
0.0855,0.069437,5.7675,-5.8109
0.0856,0.061711,5.9172,-5.9538
0.0857,0.053871,6.0593,-6.0893
0.0858,0.046052,6.1936,-6.2173
0.0859,0.038361,6.3201,-6.3379
0.086,0.030845,6.4388,-6.451
0.0861,0.023523,6.5496,-6.5566
0.0862,0.016396,6.6525,-6.6547
0.0863,0.0094288,6.7472,-6.7449
0.0864,0.0025721,6.8335,-6.8268
0.0865,-0.0042009,6.9106,-6.8997
0.0866,-0.010926,6.9777,-6.9627
0.0867,-0.01765,7.034,-7.0148
0.0868,-0.024408,7.0786,-7.0552
0.0869,-0.031217,7.1109,-7.0832
0.087,-0.038104,7.1304,-7.0983
0.0871,-0.045074,7.1374,-7.1005
0.0872,-0.052111,7.1321,-7.0903
0.0873,-0.059169,7.1154,-7.0685
0.0874,-0.066208,7.088,-7.0359
0.0875,-0.073153,7.051,-6.9935
0.0876,-0.079916,7.0052,-6.9423
0.0877,-0.086423,6.9512,-6.8829
0.0878,-0.092603,6.8894,-6.8158
0.0879,-0.098388,6.8199,-6.7411
0.088,-0.10374,6.7424,-6.6588
0.0881,-0.10866,6.6568,-6.5684
0.0882,-0.11314,6.5626,-6.4698
0.0883,-0.11719,6.4596,-6.3625
0.0884,-0.12089,6.3476,-6.2463
0.0885,-0.12428,6.2264,-6.1209
0.0886,-0.12743,6.0959,-5.9864
0.0887,-0.13045,5.9563,-5.8426
0.0888,-0.13341,5.8075,-5.6894
0.0889,-0.13637,5.6494,-5.5268
0.089,-0.13936,5.4821,-5.3547
0.0891,-0.14239,5.3057,-5.1733
0.0892,-0.14542,5.1202,-4.9828
0.0893,-0.1484,4.9262,-4.7836
0.0894,-0.15126,4.7241,-4.5763
0.0895,-0.15395,4.5146,-4.3619
0.0896,-0.15641,4.2989,-4.1414
0.0897,-0.15856,4.078,-3.916
0.0898,-0.16038,3.8528,-3.6867
0.0899,-0.16182,3.6242,-3.4544
0.09,-0.16287,3.3927,-3.2197
0.0901,-0.16351,3.1588,-2.9831
0.0902,-0.16375,2.9222,-2.7443
0.0903,-0.16359,2.6828,-2.5032
0.0904,-0.16306,2.4401,-2.2594
0.0905,-0.16223,2.1937,-2.0124
0.0906,-0.16116,1.9432,-1.7618
0.0907,-0.15991,1.6885,-1.5074
0.0908,-0.15859,1.4297,-1.2493
0.0909,-0.15727,1.1671,-0.98765
0.091,-0.15599,0.90111,-0.72304
0.0911,-0.15478,0.63242,-0.456
0.0912,-0.15366,0.36167,-0.18718
0.0913,-0.15258,0.089526,0.082725
0.0914,-0.1515,-0.18335,0.35302
0.0915,-0.15037,-0.4563,0.62304
0.0916,-0.1491,-0.72867,0.89208
0.0917,-0.14765,-0.99979,1.1594
0.0918,-0.14594,-1.269,1.4244
0.0919,-0.14395,-1.5355,1.6862
0.092,-0.14164,-1.7986,1.9442
0.0921,-0.13897,-2.0577,2.1978
0.0922,-0.13597,-2.3123,2.4465
0.0923,-0.13265,-2.5621,2.6899
0.0924,-0.12904,-2.807,2.9282
0.0925,-0.1252,-3.0471,3.1616
0.0926,-0.12117,-3.2826,3.3903
0.0927,-0.11699,-3.5139,3.6148
0.0928,-0.11273,-3.7414,3.8355
0.0929,-0.10841,-3.9652,4.0526
0.093,-0.10404,-4.1852,4.2661
0.0931,-0.099616,-4.4013,4.4759
0.0932,-0.095138,-4.6128,4.6814
0.0933,-0.090573,-4.8191,4.8819
0.0934,-0.085882,-5.0193,5.0764
0.0935,-0.081021,-5.2125,5.2641
0.0936,-0.075948,-5.3978,5.444
0.0937,-0.070606,-5.5745,5.6155
0.0938,-0.064944,-5.742,5.7778
0.0939,-0.058923,-5.9001,5.9306
0.094,-0.052508,-6.0484,6.0736
0.0941,-0.045685,-6.1868,6.2065
0.0942,-0.038472,-6.3153,6.3293
0.0943,-0.030914,-6.4338,6.442
0.0944,-0.023078,-6.5424,6.5447
0.0945,-0.015053,-6.6411,6.6374
0.0946,-0.0069458,-6.73,6.7204
0.0947,0.0011438,-6.8092,6.7939
0.0948,0.0091226,-6.8792,6.8582
0.0949,0.016908,-6.9401,6.9137
0.095,0.024439,-6.9922,6.9606
0.0951,0.03168,-7.0358,6.9994
0.0952,0.038613,-7.0709,7.0299
0.0953,0.045236,-7.0976,7.0522
0.0954,0.05156,-7.1154,7.0659
0.0955,0.057627,-7.1241,7.0706
0.0956,0.063464,-7.1229,7.0655
0.0957,0.069114,-7.1113,7.0501
0.0958,0.074632,-7.0886,7.0235
0.0959,0.08007,-7.0545,6.9853
0.096,0.085469,-7.0086,6.9352
0.0961,0.090865,-6.951,6.8732
0.0962,0.096277,-6.882,6.7995
0.0963,0.1017,-6.802,6.7145
0.0964,0.10711,-6.7116,6.6189
0.0965,0.11246,-6.6114,6.5133
0.0966,0.11772,-6.5021,6.3984
0.0967,0.1228,-6.3842,6.2749
0.0968,0.12764,-6.2582,6.1432
0.0969,0.13218,-6.1245,6.004
0.097,0.13636,-5.9834,5.8574
0.0971,0.14014,-5.835,5.7038
0.0972,0.14349,-5.6795,5.5433
0.0973,0.14642,-5.5171,5.3762
0.0974,0.14893,-5.3478,5.2024
0.0975,0.15108,-5.1717,5.0221
0.0976,0.1529,-4.9888,4.8351
0.0977,0.15447,-4.7989,4.6413
0.0978,0.15588,-4.602,4.4405
0.0979,0.15719,-4.398,4.2327
0.098,0.15845,-4.1867,4.0176
0.0981,0.15969,-3.9681,3.7953
0.0982,0.16091,-3.7425,3.566
0.0983,0.16211,-3.51,3.3299
0.0984,0.16326,-3.2713,3.0878
0.0985,0.16434,-3.0271,2.8403
0.0986,0.16529,-2.7782,2.5884
0.0987,0.16607,-2.5254,2.3331
0.0988,0.16665,-2.2698,2.0754
0.0989,0.16696,-2.0121,1.8161
0.099,0.16696,-1.7529,1.5559
0.0991,0.16662,-1.4926,1.2953
0.0992,0.16592,-1.2316,1.0346
0.0993,0.16485,-0.96984,0.77396
0.0994,0.16342,-0.70744,0.51336
0.0995,0.16166,-0.44436,0.25275
0.0996,0.15964,-0.18057,-0.0079387
0.0997,0.15741,0.083913,-0.26875
0.0998,0.15504,0.34898,-0.52966
0.0999,0.15261,0.61445,-0.79061
0.1,0.15017,0.88011,-1.0514
0.1001,0.14777,1.1456,-1.3119
0.1002,0.14544,1.4107,-1.5718
0.1003,0.14319,1.675,-1.8308
0.1004,0.14101,1.9379,-2.0883
0.1005,0.13886,2.199,-2.344
0.1006,0.13671,2.4577,-2.5971
0.1007,0.1345,2.7131,-2.8469
0.1008,0.13216,2.9646,-3.0928
0.1009,0.12963,3.2114,-3.3338
0.101,0.12685,3.4528,-3.5692
0.1011,0.12375,3.6879,-3.7983
0.1012,0.12029,3.9163,-4.0206
0.1013,0.11644,4.1377,-4.2356
0.1014,0.11216,4.3518,-4.4432
0.1015,0.10745,4.5587,-4.6434
0.1016,0.10233,4.7584,-4.8365
0.1017,0.096827,4.9512,-5.0226
0.1018,0.090966,5.1373,-5.202
0.1019,0.084798,5.3169,-5.3749
0.102,0.078375,5.4899,-5.5415
0.1021,0.071753,5.6563,-5.7016
0.1022,0.064985,5.8159,-5.8551
0.1023,0.05812,5.9683,-6.0016
0.1024,0.051199,6.1131,-6.1408
0.1025,0.044247,6.2497,-6.2721
0.1026,0.037278,6.3778,-6.395
0.1027,0.030293,6.4967,-6.509
0.1028,0.02328,6.6061,-6.6137
0.1029,0.016218,6.7056,-6.7084
0.103,0.0090902,6.7947,-6.7929
0.1031,0.0018804,6.8732,-6.8667
0.1032,-0.0054174,6.9409,-6.9297
0.1033,-0.012794,6.9976,-6.9815
0.1034,-0.020226,7.0431,-7.0222
0.1035,-0.027679,7.0777,-7.0518
0.1036,-0.035109,7.1013,-7.0705
0.1037,-0.04246,7.1143,-7.0785
0.1038,-0.049687,7.1172,-7.0763
0.1039,-0.056741,7.1102,-7.0643
0.104,-0.063561,7.0939,-7.0431
0.1041,-0.070112,7.0685,-7.0129
0.1042,-0.076363,7.0345,-6.9741
0.1043,-0.082292,6.9918,-6.9268
0.1044,-0.087889,6.9404,-6.8709
0.1045,-0.093158,6.8802,-6.8063
0.1046,-0.098118,6.8108,-6.7327
0.1047,-0.1028,6.732,-6.6496
0.1048,-0.10723,6.6435,-6.5568
0.1049,-0.11147,6.545,-6.454
0.105,-0.11555,6.4363,-6.3409
0.1051,-0.11952,6.3174,-6.2175
0.1052,-0.1234,6.1886,-6.0839
0.1053,-0.12722,6.0499,-5.9403
0.1054,-0.13097,5.9019,-5.7873
0.1055,-0.13464,5.7449,-5.625
0.1056,-0.13822,5.5793,-5.4542
0.1057,-0.14165,5.4058,-5.2754
0.1058,-0.1449,5.2247,-5.0891
0.1059,-0.14791,5.0367,-4.896
0.106,-0.15063,4.8422,-4.6965
0.1061,-0.15302,4.6416,-4.4913
0.1062,-0.15507,4.4355,-4.2809
0.1063,-0.15678,4.2243,-4.0656
0.1064,-0.15814,4.0082,-3.8457
0.1065,-0.15916,3.7874,-3.6216
0.1066,-0.15987,3.5621,-3.3934
0.1067,-0.16029,3.3323,-3.1609
0.1068,-0.16048,3.0979,-2.9243
0.1069,-0.16047,2.8588,-2.6833
0.107,-0.1603,2.6151,-2.4379
0.1071,-0.16002,2.3667,-2.1882
0.1072,-0.15965,2.1137,-1.9342
0.1073,-0.15921,1.8563,-1.6762
0.1074,-0.15872,1.595,-1.4146
0.1075,-0.15817,1.3303,-1.15
0.1076,-0.15756,1.063,-0.88317
0.1077,-0.15686,0.79358,-0.61476
0.1078,-0.16335,0.60673,-0.42205
0.1079,-0.18441,0.60836,-0.40363
0.108,-0.20401,0.60913,-0.38624
0.1081,-0.22301,0.60892,-0.36889
0.1082,-0.24344,0.60913,-0.3509
0.1083,-0.26534,0.61002,-0.33243
0.1084,-0.28636,0.60967,-0.31386
0.1085,-0.3063,0.60747,-0.29475
0.1086,-0.32766,0.60588,-0.27493
0.1087,-0.35099,0.6053,-0.25427
0.1088,-0.37379,0.60366,-0.23309
0.1089,-0.39459,0.60008,-0.21197
0.109,-0.41358,0.59537,-0.19145
0.1091,-0.43126,0.58942,-0.17094
0.1092,-0.44851,0.58257,-0.14984
0.1093,-0.46587,0.57539,-0.1282
0.1094,-0.48228,0.56716,-0.10633
0.1095,-0.49698,0.55681,-0.083864
0.1096,-0.51085,0.54529,-0.060834
0.1097,-0.5245,0.53346,-0.037416
0.1098,-0.53697,0.52073,-0.014
0.1099,-0.5473,0.50667,0.0089455
0.11,-0.55573,0.49202,0.03094
0.1101,-0.56297,0.47689,0.052583
0.1102,-0.56969,0.46128,0.074544
0.1103,-0.57625,0.44553,0.09686
0.1104,-0.58235,0.42962,0.11925
0.1105,-0.58815,0.41338,0.14203
0.1106,-0.59456,0.39784,0.16506
0.1107,-0.60133,0.3832,0.18791
0.1108,-0.60662,0.36798,0.21017
0.1109,-0.60965,0.35149,0.23175
0.111,-0.61144,0.33496,0.25242
0.1111,-0.6125,0.31845,0.27257
0.1112,-0.61239,0.30095,0.29274
0.1113,-0.61105,0.28233,0.31296
0.1114,-0.60859,0.26294,0.33294
0.1115,-0.60473,0.2421,0.35301
0.1116,-0.59967,0.22001,0.37318
0.1117,-0.59393,0.19771,0.39285
0.1118,-0.58706,0.17522,0.41153
0.1119,-0.57852,0.1518,0.42942
0.112,-0.56883,0.12804,0.44645
0.1121,-0.55876,0.10459,0.46266
0.1122,-0.54835,0.081172,0.47837
0.1123,-0.53772,0.057665,0.49373
0.1124,-0.5272,0.034766,0.50835
0.1125,-0.51656,0.012359,0.52211
0.1126,-0.50558,-0.0098721,0.53501
0.1127,-0.4943,-0.031776,0.54692
0.1128,-0.4823,-0.053383,0.55745
0.1129,-0.46934,-0.075092,0.56678
0.113,-0.45613,-0.096406,0.57515
0.1131,-0.4432,-0.11695,0.58268
0.1132,-0.42988,-0.13744,0.58945
0.1133,-0.41556,-0.15856,0.59547
0.1134,-0.40041,-0.17989,0.60045
0.1135,-0.38437,-0.20141,0.6043
0.1136,-0.36701,-0.22345,0.60693
0.1137,-0.34835,-0.24583,0.60819
0.1138,-0.32855,-0.26824,0.60801
0.1139,-0.30751,-0.29112,0.60681
0.114,-0.28571,-0.31427,0.60495
0.1141,-0.26407,-0.33686,0.60258
0.1142,-0.24282,-0.35866,0.59976
0.1143,-0.22179,-0.3799,0.59658
0.1144,-0.2011,-0.40009,0.59268
0.1145,-0.18063,-0.41906,0.58777
0.1146,-0.15988,-0.43724,0.58183
0.1147,-0.13883,-0.45466,0.57488
0.1148,-0.11776,-0.47083,0.56675
0.1149,-0.096662,-0.48598,0.55768
0.115,-0.075587,-0.50041,0.54809
0.1151,-0.054818,-0.51391,0.5381
0.1152,-0.034105,-0.52656,0.5276
0.1153,-0.012941,-0.53897,0.5167
0.1154,0.0085666,-0.55087,0.50528
0.1155,0.030211,-0.56175,0.49306
0.1156,0.052424,-0.5719,0.47989
0.1157,0.075501,-0.58175,0.46596
0.1158,0.099113,-0.59092,0.45126
0.1159,0.123,-0.59928,0.43595
0.116,0.14708,-0.60702,0.42033
0.1161,0.17096,-0.61387,0.40454
0.1162,0.19438,-0.61942,0.38838
0.1163,0.21755,-0.62392,0.37182
0.1164,0.24056,-0.62745,0.35481
0.1165,0.26309,-0.62967,0.33724
0.1166,0.28503,-0.63043,0.31901
0.1167,0.3063,-0.62987,0.30027
0.1168,0.32656,-0.62775,0.28108
0.1169,0.34569,-0.62403,0.26149
0.117,0.36398,-0.61911,0.24161
0.1171,0.38161,-0.61325,0.22152
0.1172,0.3987,-0.60641,0.20104
0.1173,0.4156,-0.5989,0.18012
0.1174,0.43254,-0.59097,0.15872
0.1175,0.44939,-0.58252,0.13684
0.1176,0.46622,-0.57372,0.11454
0.1177,0.48313,-0.56501,0.09212
0.1178,0.49975,-0.55621,0.069721
0.1179,0.51558,-0.54694,0.047414
0.118,0.5306,-0.53727,0.02526
0.1181,0.54485,-0.52727,0.0032477
0.1182,0.55823,-0.51661,-0.018878
0.1183,0.57078,-0.50528,-0.041237
0.1184,0.58265,-0.49347,-0.06377
0.1185,0.59352,-0.48095,-0.086445
0.1186,0.60299,-0.46732,-0.10928
0.1187,0.61097,-0.45273,-0.13202
0.1188,0.61732,-0.43728,-0.15446
0.1189,0.62185,-0.42075,-0.17657
0.119,0.62468,-0.40322,-0.19839
0.1191,0.62608,-0.38496,-0.21987
0.1192,0.62615,-0.36588,-0.24115
0.1193,0.62509,-0.34596,-0.26241
0.1194,0.62333,-0.32558,-0.28365
0.1195,0.6211,-0.30507,-0.30472
0.1196,0.61838,-0.28444,-0.32558
0.1197,0.61531,-0.26392,-0.34608
0.1198,0.6119,-0.24371,-0.36605
0.1199,0.60796,-0.22366,-0.38541
0.12,0.60349,-0.20368,-0.40425
0.1201,0.59871,-0.18395,-0.42255
0.1202,0.59357,-0.16434,-0.44036
0.1203,0.58783,-0.14452,-0.45771
0.1204,0.58138,-0.12438,-0.47455
0.1205,0.57407,-0.10385,-0.49077
0.1206,0.56559,-0.082627,-0.50628
0.1207,0.55588,-0.06071,-0.52097
0.1208,0.54506,-0.038298,-0.53475
0.1209,0.53314,-0.015391,-0.5476
0.121,0.52015,0.0080722,-0.55959
0.1211,0.5063,0.03187,-0.57069
0.1212,0.49176,0.055855,-0.58091
0.1213,0.47653,0.080017,-0.59024
0.1214,0.46078,0.10413,-0.59857
0.1215,0.44463,0.12789,-0.60573
0.1216,0.42799,0.15134,-0.61169
0.1217,0.41086,0.17449,-0.61647
0.1218,0.39346,0.19709,-0.62008
0.1219,0.37594,0.21903,-0.62261
0.122,0.35839,0.24039,-0.62427
0.1221,0.341,0.261,-0.62514
0.1222,0.3238,0.28078,-0.62519
0.1223,0.3065,0.29999,-0.62443
0.1224,0.28886,0.31885,-0.62282
0.1225,0.27075,0.33731,-0.62021
