0.05,1.3527,-0.24725,-1.0808
0.0501,1.3329,-0.19448,-1.115
0.0502,1.3111,-0.14144,-1.1478
0.0503,1.2874,-0.08822,-1.1792
0.0504,1.2618,-0.034891,-1.2091
0.0505,1.2345,0.018464,-1.2374
0.0506,1.2054,0.071767,-1.2642
0.0507,1.1747,0.12494,-1.2893
0.0508,1.1424,0.1779,-1.3127
0.0509,1.1084,0.23058,-1.3343
0.051,1.073,0.28291,-1.3541
0.0511,1.0361,0.33481,-1.3721
0.0512,0.99767,0.38624,-1.3881
0.0513,0.9579,0.43711,-1.4021
0.0514,0.91678,0.48735,-1.414
0.0515,0.87438,0.53692,-1.4239
0.0516,0.83076,0.58574,-1.4317
0.0517,0.78598,0.63376,-1.4373
0.0518,0.74012,0.68093,-1.4408
0.0519,0.69325,0.72718,-1.4422
0.052,0.64546,0.77247,-1.4414
0.0521,0.59684,0.81674,-1.4384
0.0522,0.54747,0.85994,-1.4334
0.0523,0.49744,0.90201,-1.4261
0.0524,0.44681,0.94289,-1.4168
0.0525,0.39567,0.98253,-1.4053
0.0526,0.34409,1.0209,-1.3917
0.0527,0.29213,1.0579,-1.3761
0.0528,0.23985,1.0935,-1.3584
0.0529,0.1873,1.1276,-1.3386
0.053,0.13454,1.1603,-1.3169
0.0531,0.081612,1.1914,-1.2931
0.0532,0.028586,1.2209,-1.2674
0.0533,-0.024486,1.2488,-1.2399
0.0534,-0.077542,1.275,-1.2105
0.0535,-0.13052,1.2994,-1.1792
0.0536,-0.18334,1.3221,-1.1463
0.0537,-0.23593,1.343,-1.1117
0.0538,-0.28821,1.362,-1.0755
0.0539,-0.3401,1.3792,-1.0378
0.054,-0.39154,1.3944,-0.99867
0.0541,-0.44242,1.4077,-0.95823
0.0542,-0.49266,1.4191,-0.91653
0.0543,-0.54217,1.4285,-0.87368
0.0544,-0.59089,1.4358,-0.82975
0.0545,-0.63873,1.441,-0.78482
0.0546,-0.68563,1.4442,-0.73894
0.0547,-0.73153,1.4453,-0.6922
0.0548,-0.77638,1.4442,-0.64464
0.0549,-0.82015,1.441,-0.5963
0.055,-0.86278,1.4356,-0.54723
0.0551,-0.90424,1.428,-0.49746
0.0552,-0.94451,1.4182,-0.44705
0.0553,-0.98355,1.4062,-0.39602
0.0554,-1.0213,1.3921,-0.34444
0.0555,-1.0578,1.3758,-0.29234
0.0556,-1.0929,1.3574,-0.23981
0.0557,-1.1267,1.337,-0.1869
0.0558,-1.1589,1.3145,-0.13371
0.0559,-1.1897,1.2901,-0.08031
0.056,-1.219,1.2638,-0.026806
0.0561,-1.2466,1.2357,0.026708
0.0562,-1.2725,1.2057,0.08013
0.0563,-1.2967,1.1741,0.13336
0.0564,-1.319,1.1409,0.18631
0.0565,-1.3395,1.1061,0.23887
0.0566,-1.3581,1.0698,0.29096
0.0567,-1.3747,1.032,0.34253
0.0568,-1.3894,0.99293,0.39351
0.0569,-1.4021,0.95252,0.44384
0.057,-1.4127,0.91087,0.49349
0.0571,-1.4213,0.86802,0.54242
0.0572,-1.4279,0.82405,0.59057
0.0573,-1.4324,0.77899,0.63793
0.0574,-1.4348,0.73292,0.68444
0.0575,-1.4352,0.68589,0.73007
0.0576,-1.4335,0.63797,0.77478
0.0577,-1.4297,0.58921,0.81851
0.0578,-1.4238,0.53968,0.86121
0.0579,-1.4158,0.48945,0.90282
0.058,-1.4057,0.43858,0.94328
0.0581,-1.3934,0.38715,0.9825
0.0582,-1.3791,0.33524,1.0204
0.0583,-1.3626,0.28291,1.057
0.0584,-1.344,0.23024,1.092
0.0585,-1.3234,0.17732,1.1256
0.0586,-1.3007,0.12421,1.1576
0.0587,-1.276,0.07099,1.1879
0.0588,-1.2494,0.017736,1.2165
0.0589,-1.2209,-0.035479,1.2435
0.059,-1.1906,-0.088584,1.2686
0.0591,-1.1585,-0.1415,1.292
0.0592,-1.1248,-0.19417,1.3135
0.0593,-1.0895,-0.24651,1.3333
0.0594,-1.0528,-0.29846,1.3512
0.0595,-1.0146,-0.34997,1.3673
0.0596,-0.97512,-0.40096,1.3815
0.0597,-0.93439,-0.45139,1.3938
0.0598,-0.8925,-0.50118,1.4043
0.0599,-0.84949,-0.55028,1.4128
0.06,-0.80543,-0.59861,1.4193
0.0601,-0.76037,-0.64612,1.4239
0.0602,-0.71436,-0.69274,1.4263
0.0603,-0.66744,-0.73841,1.4267
0.0604,-0.61964,-0.78306,1.4249
0.0605,-0.57102,-0.82664,1.421
0.0606,-0.52162,-0.8691,1.4148
0.0607,-0.47149,-0.91036,1.4063
0.0608,-0.42068,-0.95039,1.3957
0.0609,-0.36925,-0.98913,1.3827
0.061,-0.31729,-1.0265,1.3676
0.0611,-0.077027,-1.2707,1.3836
0.0612,0.084627,-1.417,1.3813
0.0613,0.23111,-1.5381,1.3732
0.0614,0.36425,-1.6406,1.3637
0.0615,0.48582,-1.7282,1.354
0.0616,0.59851,-1.7998,1.3391
0.0617,0.70347,-1.8559,1.3181
0.0618,0.8024,-1.9037,1.297
0.0619,0.89628,-1.9468,1.2779
0.062,0.98637,-1.9817,1.2551
0.0621,1.0731,-2.0066,1.2265
0.0622,1.1577,-2.0243,1.1938
0.0623,1.2392,-2.0351,1.1579
0.0624,1.3158,-2.0385,1.1198
0.0625,1.3866,-2.0354,1.0813
0.0626,1.4532,-2.0256,1.0405
0.0627,1.516,-2.0085,0.99572
0.0628,1.5751,-1.9859,0.9494
0.0629,1.6326,-1.9618,0.9034
0.063,1.6882,-1.9347,0.85568
0.0631,1.7421,-1.9034,0.80541
0.0632,1.7947,-1.8695,0.75351
0.0633,1.8451,-1.8327,0.70053
0.0634,1.8918,-1.7925,0.64728
0.0635,1.9329,-1.7484,0.59506
0.0636,1.9682,-1.6993,0.54291
0.0637,1.9973,-1.6443,0.49003
0.0638,2.0211,-1.5861,0.43831
0.0639,2.0414,-1.527,0.38815
0.064,2.0602,-1.4656,0.33595
0.0641,2.0779,-1.4013,0.28036
0.0642,2.0955,-1.3373,0.22413
0.0643,2.113,-1.2747,0.16846
0.0644,2.1292,-1.2111,0.11186
0.0645,2.1428,-1.1453,0.054472
0.0646,2.154,-1.0781,-0.0029574
0.0647,2.1619,-1.0082,-0.061101
0.0648,2.1652,-0.93427,-0.11989
0.0649,2.1639,-0.85746,-0.17801
0.065,2.1589,-0.77843,-0.23615
0.0651,2.1505,-0.69646,-0.29549
0.0652,2.139,-0.61298,-0.35482
0.0653,2.125,-0.53001,-0.41254
0.0654,2.1083,-0.44747,-0.46896
0.0655,2.088,-0.36463,-0.52385
0.0656,2.0643,-0.28233,-0.57639
0.0657,2.0375,-0.20056,-0.62712
0.0658,2.0075,-0.11854,-0.67699
0.0659,1.974,-0.036199,-0.72566
0.066,1.9374,0.046513,-0.7736
0.0661,1.8974,0.1305,-0.82167
0.0662,1.854,0.21496,-0.86891
0.0663,1.8076,0.29824,-0.91392
0.0664,1.7592,0.38044,-0.95786
0.0665,1.7091,0.46225,-1.0018
0.0666,1.658,0.54238,-1.0448
0.0667,1.6064,0.62008,-1.0865
0.0668,1.554,0.69632,-1.1276
0.0669,1.5003,0.7717,-1.1683
0.067,1.445,0.8459,-1.2078
0.0671,1.3875,0.91981,-1.2466
0.0672,1.3265,0.99417,-1.2841
0.0673,1.2613,1.0684,-1.3187
0.0674,1.192,1.1421,-1.3503
0.0675,1.1186,1.2156,-1.3794
0.0676,1.0425,1.2876,-1.4057
0.0677,0.96495,1.3567,-1.4291
0.0678,0.88719,1.4228,-1.4508
0.0679,0.80931,1.4859,-1.4707
0.068,0.73165,1.5452,-1.4881
0.0681,0.65403,1.6012,-1.5033
0.0682,0.5758,1.6547,-1.5167
0.0683,0.49641,1.7059,-1.5275
0.0684,0.41602,1.7548,-1.5358
0.0685,0.3345,1.8026,-1.5426
0.0686,0.25197,1.8492,-1.548
0.0687,0.16916,1.8933,-1.551
0.0688,0.087139,1.9345,-1.5524
0.0689,0.0061873,1.9733,-1.5529
0.069,-0.073398,2.0088,-1.552
0.0691,-0.15162,2.0403,-1.5486
0.0692,-0.2291,2.0685,-1.5429
0.0693,-0.30688,2.094,-1.5344
0.0694,-0.3852,2.1167,-1.5226
0.0695,-0.46413,2.1369,-1.5077
0.0696,-0.54374,2.1554,-1.4905
0.0697,-0.62396,2.172,-1.4707
0.0698,-0.70422,2.1861,-1.4481
0.0699,-0.78422,2.1978,-1.4232
0.07,-0.86347,2.2065,-1.3957
0.0701,-0.94131,2.2112,-1.3656
0.0702,-1.017,2.2118,-1.3332
0.0703,-1.0903,2.2085,-1.299
0.0704,-1.1609,2.2008,-1.2629
0.0705,-1.2288,2.1893,-1.2253
0.0706,-1.294,2.1746,-1.1869
0.0707,-1.3566,2.157,-1.1475
0.0708,-1.4168,2.1365,-1.1073
0.0709,-1.475,2.114,-1.0668
0.071,-1.5315,2.0899,-1.0257
0.0711,-1.5865,2.0634,-0.98292
0.0712,-1.6399,2.0342,-0.93863
0.0713,-1.6914,2.0027,-0.89315
0.0714,-1.7407,1.9681,-0.84625
0.0715,-1.787,1.9299,-0.79787
0.0716,-1.8304,1.8884,-0.74861
0.0717,-1.8711,1.844,-0.69826
0.0718,-1.9094,1.7964,-0.64628
0.0719,-1.9455,1.7461,-0.59283
0.072,-1.98,1.6939,-0.53822
0.0721,-2.013,1.6398,-0.48214
0.0722,-2.044,1.5834,-0.42474
0.0723,-2.0728,1.5252,-0.3667
0.0724,-2.0989,1.4648,-0.30824
0.0725,-2.1213,1.4015,-0.2494
0.0726,-2.1392,1.3352,-0.19093
0.0727,-2.1526,1.2661,-0.13329
0.0728,-2.1613,1.1942,-0.076169
0.0729,-2.1657,1.1197,-0.019464
0.073,-2.1666,1.0437,0.036629
0.0731,-2.1648,0.96662,0.092509
0.0732,-2.1606,0.88877,0.14842
0.0733,-2.1543,0.81078,0.2039
0.0734,-2.1459,0.73303,0.2587
0.0735,-2.1355,0.65512,0.31325
0.0736,-2.1226,0.57669,0.36758
0.0737,-2.1072,0.49774,0.42156
0.0738,-2.0891,0.41787,0.47546
0.0739,-2.068,0.33665,0.52951
0.074,-2.0439,0.25432,0.58338
0.0741,-2.0169,0.17122,0.63695
0.0742,-1.987,0.087436,0.69028
0.0743,-1.9544,0.0033896,0.74298
0.0744,-1.919,-0.080354,0.7945
0.0745,-1.8808,-0.16368,0.84471
0.0746,-1.8396,-0.24657,0.89336
0.0747,-1.7954,-0.32872,0.9401
0.0748,-1.7481,-0.41019,0.98505
0.0749,-1.6978,-0.49134,1.0285
0.075,-1.6443,-0.57208,1.0703
0.0751,-1.5877,-0.65219,1.1101
0.0752,-1.5281,-0.73179,1.1483
0.0753,-1.4655,-0.81064,1.1846
0.0754,-1.4005,-0.88806,1.2187
0.0755,-1.3337,-0.96373,1.2511
0.0756,-1.2656,-1.0376,1.2822
0.0757,-1.1968,-1.1093,1.3118
0.0758,-1.1275,-1.1784,1.3399
0.0759,-1.0579,-1.2453,1.3671
0.076,-0.98768,-1.3103,1.3931
0.0761,-0.91666,-1.3733,1.4177
0.0762,-0.84446,-1.4346,1.4408
0.0763,-0.77059,-1.4947,1.4623
0.0764,-0.69471,-1.5536,1.4817
0.0765,-0.61693,-1.6108,1.4987
0.0766,-0.53746,-1.6663,1.5132
0.0767,-0.45669,-1.7197,1.5254
0.0768,-0.37517,-1.7706,1.535
0.0769,-0.29333,-1.8185,1.5421
0.077,-0.21128,-1.8634,1.5466
0.0771,-0.12905,-1.9052,1.5482
0.0772,-0.046624,-1.9438,1.5469
0.0773,0.036045,-1.9795,1.5428
0.0774,0.11902,-2.0126,1.5359
0.0775,0.20214,-2.043,1.5264
0.0776,0.28515,-2.0709,1.5146
0.0777,0.36773,-2.0961,1.5007
0.0778,0.44945,-2.1185,1.4848
0.0779,0.52981,-2.1377,1.4672
0.078,0.60853,-2.1537,1.448
0.0781,0.68546,-2.1662,1.4272
0.0782,0.76062,-2.1752,1.4047
0.0783,0.83418,-2.181,1.3804
0.0784,0.90644,-2.1837,1.3543
0.0785,0.97753,-2.1836,1.3263
0.0786,1.0476,-2.1807,1.2963
0.0787,1.1168,-2.1756,1.2647
0.0788,1.1851,-2.1681,1.2312
0.0789,1.2524,-2.158,1.1956
0.079,1.3186,-2.1453,1.158
0.0791,1.3835,-2.1298,1.1184
0.0792,1.4468,-2.111,1.0765
0.0793,1.508,-2.0888,1.0327
0.0794,1.5668,-2.0633,0.98728
0.0795,1.6231,-2.0342,0.94025
0.0796,1.6765,-2.0016,0.89185
0.0797,1.727,-1.9659,0.84251
0.0798,1.7747,-1.9272,0.79236
0.0799,1.8196,-1.8857,0.74146
0.08,1.8617,-1.8416,0.69001
0.0801,1.9012,-1.7951,0.63812
0.0802,1.938,-1.7462,0.58561
0.0803,1.972,-1.6947,0.53255
0.0804,2.003,-1.6408,0.47913
0.0805,2.031,-1.5842,0.42537
0.0806,2.0557,-1.5251,0.37119
0.0807,2.0773,-1.4634,0.31665
0.0808,2.0961,-1.3996,0.26168
0.0809,2.1123,-1.3337,0.20605
0.081,2.1261,-1.266,0.14968
0.0811,2.1379,-1.197,0.092664
0.0812,2.1476,-1.1266,0.035
0.0813,2.1551,-1.0548,-0.023226
0.0814,2.1602,-0.98175,-0.081753
0.0815,2.1625,-0.90726,-0.14034
0.0816,2.1616,-0.8311,-0.19886
0.0817,2.157,-0.75324,-0.257
0.0818,2.1487,-0.67375,-0.31451
0.0819,2.1366,-0.59273,-0.37133
0.082,2.1207,-0.51042,-0.4274
0.0821,2.1013,-0.42726,-0.48251
0.0822,2.0788,-0.34363,-0.53663
0.0823,2.0531,-0.25978,-0.58971
0.0824,2.0246,-0.17606,-0.64158
0.0825,1.9933,-0.09272,-0.69215
0.0826,1.9594,-0.0097248,-0.74158
0.0827,1.9227,0.072967,-0.78996
0.0828,1.8835,0.1553,-0.83732
0.0829,1.8417,0.23735,-0.8838
0.083,1.7974,0.31923,-0.92954
0.0831,1.7507,0.4008,-0.97448
0.0832,1.7016,0.48186,-1.0185
0.0833,1.6503,0.56233,-1.0617
0.0834,1.5968,0.64205,-1.1039
0.0835,1.5413,0.72073,-1.1448
0.0836,1.4836,0.79826,-1.1844
0.0837,1.4239,0.87463,-1.2225
0.0838,1.362,0.94973,-1.2589
0.0839,1.2979,1.0235,-1.2935
0.084,1.2315,1.0961,-1.3262
0.0841,1.1628,1.1674,-1.3569
0.0842,1.0917,1.2373,-1.3854
0.0843,1.0184,1.3057,-1.4116
0.0844,0.94302,1.3724,-1.4354
0.0845,0.86594,1.4372,-1.4568
0.0846,0.78758,1.4997,-1.4758
0.0847,0.70835,1.5598,-1.4927
0.0848,0.62864,1.6173,-1.5075
0.0849,0.54871,1.672,-1.5203
0.085,0.46874,1.724,-1.5312
0.0851,0.38874,1.7732,-1.5403
0.0852,0.30868,1.8199,-1.5474
0.0853,0.22847,1.8641,-1.5527
0.0854,0.148,1.906,-1.556
0.0855,0.067224,1.9455,-1.5572
0.0856,-0.013784,1.9827,-1.5562
0.0857,-0.094905,2.0173,-1.553
0.0858,-0.17596,2.0493,-1.5475
0.0859,-0.25679,2.0785,-1.5396
0.086,-0.33726,2.1047,-1.5293
0.0861,-0.41735,2.1279,-1.5164
0.0862,-0.49704,2.148,-1.5008
0.0863,-0.57634,2.1651,-1.4825
0.0864,-0.6552,2.1792,-1.4616
0.0865,-0.73356,2.1905,-1.4381
0.0866,-0.81123,2.1988,-1.4121
0.0867,-0.88799,2.2043,-1.3838
0.0868,-0.96356,2.2068,-1.3535
0.0869,-1.0376,2.2062,-1.3214
0.087,-1.1098,2.2024,-1.2874
0.0871,-1.1799,2.1952,-1.252
0.0872,-1.2477,2.1848,-1.2152
0.0873,-1.3132,2.171,-1.177
0.0874,-1.3762,2.1539,-1.1375
0.0875,-1.4369,2.1337,-1.097
0.0876,-1.4953,2.1106,-1.0553
0.0877,-1.5516,2.0846,-1.0125
0.0878,-1.6057,2.056,-0.9686
0.0879,-1.6578,2.0249,-0.92357
0.088,-1.708,1.9911,-0.87728
0.0881,-1.7562,1.9548,-0.82966
0.0882,-1.8023,1.9159,-0.78068
0.0883,-1.8463,1.8741,-0.7303
0.0884,-1.8879,1.8295,-0.67857
0.0885,-1.9271,1.7821,-0.6256
0.0886,-1.9636,1.7318,-0.57148
0.0887,-1.9973,1.6787,-0.51633
0.0888,-2.0282,1.6229,-0.46036
0.0889,-2.0562,1.5646,-0.40372
0.089,-2.0813,1.5039,-0.34655
0.0891,-2.1035,1.441,-0.28902
0.0892,-2.1225,1.3759,-0.23132
0.0893,-2.1385,1.3089,-0.17357
0.0894,-2.1511,1.2398,-0.11591
0.0895,-2.1604,1.1688,-0.058523
0.0896,-2.1662,1.0961,-0.0014951
0.0897,-2.1686,1.0216,0.055151
0.0898,-2.1677,0.94559,0.11139
0.0899,-2.1637,0.86831,0.16724
0.09,-2.1568,0.78995,0.22283
0.0901,-2.1472,0.71073,0.27821
0.0902,-2.1352,0.63088,0.33337
0.0903,-2.1208,0.55054,0.38835
0.0904,-2.1039,0.46975,0.44312
0.0905,-2.0846,0.38854,0.49761
0.0906,-2.0627,0.30692,0.5517
0.0907,-2.0379,0.22482,0.60533
0.0908,-2.0102,0.14223,0.65835
0.0909,-1.9795,0.059227,0.7106
0.091,-1.9455,-0.024102,0.76194
0.0911,-1.9084,-0.10762,0.81226
0.0912,-1.8682,-0.19111,0.86135
0.0913,-1.825,-0.27432,0.90907
0.0914,-1.7788,-0.35707,0.95527
0.0915,-1.7297,-0.43916,0.99983
0.0916,-1.6779,-0.52041,1.0427
0.0917,-1.6234,-0.60072,1.0838
0.0918,-1.5665,-0.68003,1.1231
0.0919,-1.5072,-0.75826,1.1608
0.092,-1.4456,-0.83533,1.1969
0.0921,-1.3821,-0.91118,1.2314
0.0922,-1.3166,-0.98571,1.2644
0.0923,-1.2495,-1.0588,1.2958
0.0924,-1.1808,-1.1302,1.3257
0.0925,-1.1108,-1.1999,1.3541
0.0926,-1.0397,-1.2678,1.381
0.0927,-0.96736,-1.3337,1.4062
0.0928,-0.89399,-1.3976,1.4298
0.0929,-0.81956,-1.4594,1.4517
0.093,-0.74403,-1.5192,1.4716
0.0931,-0.66735,-1.5769,1.4896
0.0932,-0.58948,-1.6326,1.5055
0.0933,-0.5104,-1.6862,1.519
0.0934,-0.43016,-1.7376,1.53
0.0935,-0.3489,-1.7868,1.5385
0.0936,-0.2668,-1.8334,1.5443
0.0937,-0.18413,-1.8775,1.5475
0.0938,-0.10115,-1.9188,1.548
0.0939,-0.018099,-1.9572,1.546
0.094,0.064782,-1.9927,1.5414
0.0941,0.14732,-2.0252,1.5343
0.0942,0.22939,-2.0547,1.525
0.0943,0.31089,-2.0812,1.5133
0.0944,0.39173,-2.1048,1.4994
0.0945,0.47183,-2.1255,1.4835
0.0946,0.55111,-2.1434,1.4656
0.0947,0.62942,-2.1583,1.4458
0.0948,0.70666,-2.1702,1.4241
0.0949,0.7827,-2.1792,1.4006
0.095,0.85746,-2.1852,1.3753
0.0951,0.93087,-2.1881,1.3481
0.0952,1.0029,-2.1879,1.3191
0.0953,1.0736,-2.1847,1.2881
0.0954,1.1429,-2.1785,1.2552
0.0955,1.2109,-2.1693,1.2203
0.0956,1.2775,-2.1573,1.1835
0.0957,1.3425,-2.1424,1.1447
0.0958,1.406,-2.1246,1.1042
0.0959,1.4677,-2.104,1.0619
0.096,1.5273,-2.0804,1.018
0.0961,1.5848,-2.0538,0.97254
0.0962,1.6399,-2.0241,0.92572
0.0963,1.6924,-1.9913,0.87769
0.0964,1.7422,-1.9554,0.82855
0.0965,1.7892,-1.9164,0.77848
0.0966,1.8334,-1.8745,0.7276
0.0967,1.8746,-1.8297,0.67603
0.0968,1.913,-1.7822,0.62385
0.0969,1.9486,-1.732,0.57113
0.097,1.9814,-1.6794,0.51788
0.0971,2.0115,-1.6244,0.46409
0.0972,2.0389,-1.567,0.40976
0.0973,2.0636,-1.5074,0.35488
0.0974,2.0856,-1.4456,0.29942
0.0975,2.1049,-1.3816,0.24341
0.0976,2.1215,-1.3156,0.18688
0.0977,2.1353,-1.2476,0.12987
0.0978,2.1464,-1.1777,0.072432
0.0979,2.1546,-1.1061,0.014664
0.098,2.1601,-1.0328,-0.043326
0.0981,2.1627,-0.95813,-0.10142
0.0982,2.1623,-0.88204,-0.15947
0.0983,2.159,-0.80471,-0.21733
0.0984,2.1526,-0.72619,-0.27484
0.0985,2.143,-0.64658,-0.33184
0.0986,2.13,-0.56595,-0.38818
0.0987,2.1137,-0.48444,-0.44372
0.0988,2.0941,-0.40215,-0.49837
0.0989,2.0712,-0.31925,-0.55207
0.099,2.0451,-0.23593,-0.60477
0.0991,2.0159,-0.15239,-0.65647
0.0992,1.984,-0.068789,-0.70719
0.0993,1.9492,0.014673,-0.75691
0.0994,1.9119,0.097862,-0.80565
0.0995,1.8721,0.18068,-0.85344
0.0996,1.8298,0.26305,-0.90026
0.0997,1.7851,0.34492,-0.9461
0.0998,1.7379,0.42625,-0.99094
0.0999,1.6883,0.50702,-1.0347
0.1,1.6363,0.58714,-1.0774
0.1001,1.5819,0.66653,-1.1189
0.1002,1.5251,0.7451,-1.159
0.1003,1.4659,0.8227,-1.1977
0.1004,1.4044,0.89918,-1.2349
0.1005,1.3408,0.97441,-1.2703
0.1006,1.2749,1.0482,-1.3038
0.1007,1.2071,1.1206,-1.3354
0.1008,1.1373,1.1912,-1.365
0.1009,1.0656,1.2602,-1.3925
0.101,0.99224,1.3274,-1.4179
0.1011,0.91733,1.3926,-1.4411
0.1012,0.84104,1.4559,-1.4622
0.1013,0.76354,1.5171,-1.4811
0.1014,0.68505,1.5761,-1.498
0.1015,0.60577,1.6328,-1.5127
0.1016,0.52589,1.6872,-1.5254
0.1017,0.44558,1.739,-1.5361
0.1018,0.36499,1.7883,-1.5448
0.1019,0.28421,1.835,-1.5514
0.102,0.20333,1.879,-1.556
0.1021,0.12236,1.9204,-1.5585
0.1022,0.041316,1.9592,-1.5588
0.1023,-0.039794,1.9953,-1.5569
0.1024,-0.12096,2.0287,-1.5525
0.1025,-0.20213,2.0595,-1.5458
0.1026,-0.28325,2.0875,-1.5366
0.1027,-0.36418,2.1127,-1.5248
0.1028,-0.44481,2.135,-1.5105
0.1029,-0.52496,2.1543,-1.4936
0.103,-0.60448,2.1707,-1.4743
0.1031,-0.68322,2.1839,-1.4526
0.1032,-0.76102,2.1941,-1.4284
0.1033,-0.83772,2.2012,-1.4021
0.1034,-0.9132,2.2053,-1.3736
0.1035,-0.9873,2.2062,-1.3432
0.1036,-1.0599,2.2042,-1.3109
0.1037,-1.1308,2.199,-1.2769
0.1038,-1.1999,2.1909,-1.2413
0.1039,-1.267,2.1797,-1.2042
0.104,-1.3321,2.1654,-1.1658
0.1041,-1.395,2.148,-1.126
0.1042,-1.4557,2.1276,-1.085
0.1043,-1.5143,2.1042,-1.0427
0.1044,-1.5706,2.0778,-0.9992
0.1045,-1.6247,2.0485,-0.95442
0.1046,-1.6766,2.0163,-0.90837
0.1047,-1.7264,1.9813,-0.86106
0.1048,-1.7739,1.9436,-0.81249
0.1049,-1.8192,1.9031,-0.76267
0.105,-1.8622,1.86,-0.71163
0.1051,-1.9028,1.8141,-0.65943
0.1052,-1.9409,1.7656,-0.60613
0.1053,-1.9764,1.7144,-0.55184
0.1054,-2.0091,1.6606,-0.49667
0.1055,-2.0389,1.6041,-0.44076
0.1056,-2.0657,1.5451,-0.38425
0.1057,-2.0895,1.4837,-0.32731
0.1058,-2.1102,1.4201,-0.27006
0.1059,-2.1277,1.3542,-0.21265
0.106,-2.1421,1.2863,-0.15519
0.1061,-2.1534,1.2166,-0.097778
0.1062,-2.1616,1.1451,-0.040494
0.1063,-2.1667,1.072,0.016607
0.1064,-2.1688,0.99748,0.073479
0.1065,-2.1678,0.92155,0.1301
0.1066,-2.1639,0.84436,0.18644
0.1067,-2.1571,0.76605,0.24251
0.1068,-2.1473,0.68673,0.29831
0.1069,-2.1348,0.60653,0.35381
0.107,-2.1195,0.52558,0.409
0.1071,-2.1014,0.44401,0.46383
0.1072,-2.0806,0.36193,0.51823
0.1073,-2.0571,0.27944,0.57211
0.1074,-2.0307,0.19665,0.62538
0.1075,-2.0015,0.11363,0.67791
0.1076,-1.9693,0.030471,0.72957
0.1077,-1.9342,-0.052742,0.78023
0.1078,-1.896,-0.13591,0.82975
0.1079,-1.8547,-0.21891,0.87802
0.108,-1.8105,-0.30163,0.92494
0.1081,-1.7634,-0.38391,0.97042
0.1082,-1.7134,-0.46561,1.0144
0.1083,-1.6608,-0.54658,1.0568
0.1084,-1.6057,-0.62666,1.0976
0.1085,-1.5482,-0.70573,1.1368
0.1086,-1.4886,-0.78367,1.1745
0.1087,-1.4268,-0.86038,1.2105
0.1088,-1.3631,-0.93576,1.2449
0.1089,-1.2976,-1.0097,1.2778
0.109,-1.2304,-1.0822,1.309
0.1091,-1.1616,-1.1532,1.3387
0.1092,-1.0912,-1.2224,1.3668
0.1093,-1.0195,-1.2899,1.3932
0.1094,-0.94635,-1.3556,1.4178
0.1095,-0.87196,-1.4193,1.4406
0.1096,-0.79637,-1.481,1.4616
0.1097,-0.71964,-1.5405,1.4805
0.1098,-0.64184,-1.5979,1.4973
0.1099,-0.56304,-1.653,1.5119
0.11,-0.48333,-1.7057,1.5242
0.1101,-0.40279,-1.756,1.5342
0.1102,-0.32153,-1.8039,1.5416
0.1103,-0.23969,-1.8493,1.5466
0.1104,-0.15741,-1.8921,1.549
0.1105,-0.074857,-1.9322,1.549
0.1106,0.0077837,-1.9696,1.5464
0.1107,0.090332,-2.0042,1.5413
0.1108,0.17261,-2.036,1.5339
0.1109,0.25446,-2.0649,1.5241
0.111,0.33574,-2.0908,1.5121
0.1111,0.41633,-2.1137,1.4979
0.1112,0.49614,-2.1337,1.4815
0.1113,0.57508,-2.1507,1.4631
0.1114,0.65309,-2.1647,1.4427
0.1115,0.7301,-2.1757,1.4203
0.1116,0.80605,-2.1837,1.3959
0.1117,0.88086,-2.1888,1.3696
0.1118,0.95444,-2.1909,1.3414
0.1119,1.0267,-2.1899,1.3112
0.112,1.0976,-2.1859,1.2792
0.1121,1.167,-2.1789,1.2453
0.1122,1.2348,-2.1689,1.2095
0.1123,1.3009,-2.1558,1.1718
0.1124,1.3653,-2.1397,1.1324
0.1125,1.4278,-2.1207,1.0913
0.1126,1.4883,-2.0987,1.0486
0.1127,1.5467,-2.0737,1.0044
0.1128,1.6029,-2.0458,0.95878
0.1129,1.6568,-2.015,0.91187
0.113,1.7082,-1.9812,0.86378
0.1131,1.757,-1.9446,0.81464
0.1132,1.8031,-1.905,0.76455
0.1133,1.8465,-1.8625,0.71359
0.1134,1.8872,-1.8172,0.66184
0.1135,1.9251,-1.7692,0.60938
0.1136,1.9602,-1.7185,0.55624
0.1137,1.9925,-1.6651,0.50248
0.1138,2.0221,-1.6093,0.44812
0.1139,2.0489,-1.5511,0.39318
0.114,2.073,-1.4906,0.33769
0.1141,2.0944,-1.4279,0.28167
0.1142,2.113,-1.3631,0.22515
0.1143,2.1288,-1.2963,0.16818
0.1144,2.1372,-1.2587,0.11118
0.1145,2.1432,-1.2282,0.054153
0.1146,2.1466,-1.196,-0.0031428
0.1147,2.1467,-1.1619,-0.0604
0.1148,2.1437,-1.1264,-0.11718
0.1149,2.1377,-1.0895,-0.17362
0.115,2.1286,-1.0511,-0.23002
0.1151,2.116,-1.0114,-0.286
0.1152,2.1,-0.97048,-0.34105
0.1153,2.0806,-0.92842,-0.39536
0.1154,2.0582,-0.88527,-0.44915
0.1155,2.0331,-0.84136,-0.5023
0.1156,2.0051,-0.79661,-0.55473
0.1157,1.9742,-0.7508,-0.60637
0.1158,1.9402,-0.704,-0.65702
0.1159,1.9034,-0.65626,-0.70672
0.116,1.8636,-0.60736,-0.75574
0.1161,1.821,-0.55729,-0.80408
0.1162,1.7756,-0.50623,-0.85145
0.1163,1.7275,-0.45425,-0.89781
0.1164,1.6772,-0.40152,-0.94325
0.1165,1.6249,-0.3484,-0.9877
0.1166,1.5705,-0.29484,-1.031
0.1167,1.5139,-0.2407,-1.073
0.1168,1.4551,-0.18619,-1.1135
0.1169,1.3941,-0.13156,-1.1525
0.117,1.3308,-0.076722,-1.1898
0.1171,1.265,-0.021821,-1.2255
0.1172,1.2331,0.032319,-1.2531
0.1173,1.2029,0.086196,-1.2795
0.1174,1.1711,0.13974,-1.3043
0.1175,1.138,0.19246,-1.3269
0.1176,1.1035,0.24411,-1.3471
0.1177,1.0675,0.29529,-1.3654
0.1178,1.0299,0.34641,-1.3819
0.1179,0.9908,0.39694,-1.3962
0.118,0.9504,0.44673,-1.4084
0.1181,0.90854,0.49624,-1.4185
0.1182,0.86539,0.54548,-1.427
0.1183,0.82146,0.59408,-1.434
0.1184,0.77653,0.64201,-1.4391
0.1185,0.73085,0.68943,-1.4427
0.1186,0.68426,0.7358,-1.4442
0.1187,0.63673,0.78126,-1.4437
0.1188,0.58803,0.82619,-1.4411
0.1189,0.53832,0.87028,-1.4364
0.119,0.48778,0.91303,-1.4292
0.1191,0.43647,0.95453,-1.4197
0.1192,0.38457,0.9948,-1.4081
0.1193,0.33258,1.0335,-1.3944
0.1194,0.28047,1.0704,-1.3786
0.1195,0.22796,1.1057,-1.3603
0.1196,0.17502,1.1392,-1.3395
0.1197,0.12181,1.1708,-1.3163
0.1198,0.068239,1.2009,-1.2909
0.1199,0.014457,1.2293,-1.2633
0.12,-0.039242,1.2557,-1.2335
0.1201,-0.092752,1.2804,-1.2021
0.1202,-0.14601,1.3037,-1.1692
0.1203,-0.19866,1.3253,-1.1352
0.1204,-0.25064,1.3452,-1.1
0.1205,-0.30224,1.3634,-1.0635
0.1206,-0.35361,1.3802,-1.0258
0.1207,-0.4046,1.3952,-0.98678
0.1208,-0.45532,1.4087,-0.94661
0.1209,-0.50576,1.4205,-0.90523
0.121,-0.55552,1.4303,-0.86264
0.1211,-0.60428,1.4379,-0.81903
0.1212,-0.65212,1.4434,-0.77448
0.1213,-0.6989,1.4467,-0.72896
0.1214,-0.74447,1.4475,-0.68238
0.1215,-0.78904,1.4459,-0.63471
0.1216,-0.83283,1.442,-0.58584
0.1217,-0.87562,1.4357,-0.53581
0.1218,-0.91727,1.4269,-0.48486
0.1219,-0.95783,1.416,-0.4331
0.122,-0.99717,1.4027,-0.38055
0.1221,-1.035,1.387,-0.32747
0.1222,-1.0712,1.3692,-0.27422
0.1223,-1.1057,1.3494,-0.22082
0.1224,-1.1387,1.3275,-0.1672
0.1225,-1.1701,1.3037,-0.1135
