0.1,1.3391,-0.22754,-1.0894
0.1001,1.3185,-0.17488,-1.1229
0.1002,1.296,-0.12199,-1.1548
0.1003,1.2714,-0.068951,-1.1852
0.1004,1.245,-0.015833,-1.2141
0.1005,1.2168,0.03728,-1.2414
0.1006,1.1869,0.090306,-1.2671
0.1007,1.1552,0.14316,-1.291
0.1008,1.122,0.19577,-1.3133
0.1009,1.0873,0.24805,-1.3338
0.101,1.0511,0.29993,-1.3525
0.1011,1.0135,0.35133,-1.3693
0.1012,0.97459,0.40221,-1.3843
0.1013,0.93434,0.4525,-1.3973
0.1014,0.89285,0.50213,-1.4083
0.1015,0.85016,0.55106,-1.4174
0.1016,0.80633,0.59922,-1.4243
0.1017,0.76141,0.64655,-1.4292
0.1018,0.71546,0.693,-1.4319
0.1019,0.66853,0.73852,-1.4325
0.102,0.6207,0.78306,-1.431
0.1021,0.57203,0.82655,-1.4272
0.1022,0.52259,0.86895,-1.4213
0.1023,0.47246,0.91021,-1.4132
0.1024,0.42172,0.95026,-1.403
0.1025,0.37045,0.98906,-1.3905
0.1026,0.31872,1.0265,-1.376
0.1027,0.26662,1.0627,-1.3594
0.1028,0.21421,1.0974,-1.3407
0.1029,0.16157,1.1306,-1.3199
0.103,0.10878,1.1623,-1.2972
0.1031,0.055895,1.1924,-1.2726
0.1032,0.002991,1.2209,-1.2461
0.1033,-0.049867,1.2478,-1.2177
0.1034,-0.10261,1.2729,-1.1876
0.1035,-0.15519,1.2963,-1.1558
0.1036,-0.20752,1.318,-1.1223
0.1037,-0.25954,1.3378,-1.0872
0.1038,-0.3112,1.3558,-1.0506
0.1039,-0.36242,1.3719,-1.0125
0.104,-0.41315,1.3861,-0.9731
0.1041,-0.46333,1.3984,-0.93235
0.1042,-0.51288,1.4087,-0.89035
0.1043,-0.56174,1.4171,-0.84718
0.1044,-0.60982,1.4234,-0.80291
0.1045,-0.65706,1.4277,-0.75763
0.1046,-0.70339,1.43,-0.71138
0.1047,-0.74873,1.4301,-0.66425
0.1048,-0.79304,1.4281,-0.6163
0.1049,-0.83623,1.424,-0.56758
0.105,-0.87828,1.4176,-0.51816
0.1051,-0.91911,1.4091,-0.4681
0.1052,-0.95868,1.3985,-0.41744
0.1053,-0.99696,1.3856,-0.36626
0.1054,-1.0339,1.3706,-0.3146
0.1055,-1.0694,1.3535,-0.26253
0.1056,-0.80408,1.0068,-0.18216
0.1057,-0.71459,0.84938,-0.11491
0.1058,-0.66439,0.736,-0.05186
0.1059,-0.63257,0.644,0.0082704
0.106,-0.66694,0.63269,0.053839
0.1061,-0.71523,0.62798,0.10706
0.1062,-0.69615,0.54893,0.16714
0.1063,-0.66782,0.4603,0.22694
0.1064,-0.65422,0.38865,0.28428
0.1065,-0.59105,0.2534,0.35562
0.1066,-0.48424,0.075335,0.42569
0.1067,-0.41541,-0.059689,0.49038
0.1068,-0.37106,-0.1658,0.55085
0.1069,-0.33744,-0.2597,0.60997
0.107,-0.3499,-0.29532,0.65692
0.1071,-0.37706,-0.32114,0.70905
0.1072,-0.32717,-0.43494,0.77209
0.1073,-0.21105,-0.62371,0.84353
0.1074,-0.066504,-0.84123,0.91502
0.1075,0.11392,-1.1017,0.99361
0.1076,0.30233,-1.3622,1.0641
0.1077,0.42502,-1.5445,1.1223
0.1078,0.50263,-1.6731,1.1721
0.1079,0.56765,-1.7863,1.2194
0.108,0.57914,-1.83,1.2508
0.1081,0.53175,-1.8103,1.278
0.1082,0.50633,-1.8163,1.309
0.1083,0.514,-1.859,1.3437
0.1084,0.53364,-1.9122,1.3769
0.1085,0.60672,-2.0307,1.4219
0.1086,0.74457,-2.2157,1.4685
0.1087,0.85247,-2.3601,1.5045
0.1088,0.90143,-2.4346,1.5297
0.1089,0.94369,-2.5044,1.5569
0.109,0.97896,-2.5601,1.5771
0.1091,0.98494,-2.5844,1.5953
0.1092,1.0264,-2.651,1.6203
0.1093,1.1305,-2.7877,1.6527
0.1094,1.2427,-2.9253,1.6778
0.1095,1.3519,-3.0599,1.703
0.1096,1.4958,-3.2292,1.7281
0.1097,1.6301,-3.3808,1.7452
0.1098,1.699,-3.4514,1.7468
0.1099,1.7169,-3.4654,1.7426
0.11,1.6965,-3.4306,1.7281
0.1101,1.6175,-3.3289,1.7052
0.1102,1.5296,-3.2185,1.6825
0.1103,1.5173,-3.1956,1.6717
0.1104,1.528,-3.1935,1.6586
0.1105,1.5666,-3.2231,1.6492
0.1106,1.6417,-3.2904,1.6411
0.1107,1.7173,-3.3556,1.6302
0.1108,1.7612,-3.3822,1.6125
0.1109,1.7907,-3.3963,1.5965
0.111,1.8169,-3.4043,1.5777
0.1111,1.8137,-3.3789,1.555
0.1112,1.8024,-3.3444,1.5311
0.1113,1.8208,-3.344,1.5117
0.1114,1.8594,-3.3611,1.4893
0.1115,1.9054,-3.3863,1.4677
0.1116,1.9791,-3.4405,1.4473
0.1117,2.0492,-3.4872,1.4229
0.1118,2.0578,-3.4594,1.3855
0.1119,2.0072,-3.3664,1.342
0.112,1.9301,-3.241,1.2926
0.1121,1.8198,-3.0759,1.2368
0.1122,1.6972,-2.8951,1.1777
0.1123,1.6159,-2.7618,1.1247
0.1124,1.582,-2.6769,1.0727
0.1125,1.5643,-2.6094,1.0217
0.1126,1.5769,-2.5763,0.97478
0.1127,1.6248,-2.5844,0.93357
0.1128,1.6651,-2.582,0.88923
0.1129,1.6729,-2.5453,0.84315
0.113,1.6654,-2.4907,0.79465
0.1131,1.6341,-2.4083,0.74203
0.1132,1.5746,-2.2919,0.68377
0.1133,1.5243,-2.1875,0.62854
0.1134,1.5097,-2.1214,0.5759
0.1135,1.5078,-2.0695,0.52472
0.1136,1.5063,-2.0181,0.47342
0.1137,1.5017,-1.9637,0.42253
0.1138,1.4689,-1.8749,0.36536
0.1139,1.388,-1.731,0.30167
0.114,1.28,-1.5543,0.23265
0.1141,1.1584,-1.359,0.15907
0.1142,1.0241,-1.1455,0.080191
0.1143,0.90175,-0.94531,0.0030619
0.1144,0.82057,-0.79064,-0.06968
0.1145,0.77616,-0.67851,-0.13681
0.1146,0.76556,-0.60662,-0.19765
0.1147,0.79018,-0.57751,-0.25112
0.1148,0.82119,-0.55475,-0.3048
0.1149,0.82025,-0.49611,-0.36234
0.115,0.7898,-0.40378,-0.4237
0.1151,0.73908,-0.28802,-0.48789
0.1152,0.66329,-0.1429,-0.55613
0.1153,0.57853,0.0091151,-0.62211
0.1154,0.51407,0.13553,-0.68272
0.1155,0.4612,0.24606,-0.7392
0.1156,0.40338,0.35935,-0.79357
0.1157,0.34872,0.46513,-0.8436
0.1158,0.29421,0.57107,-0.89401
0.1159,0.21149,0.70981,-0.949
0.116,0.098752,0.88336,-1.0087
0.1161,-0.026037,1.0707,-1.07
0.1162,-0.16046,1.2702,-1.1337
0.1163,-0.29533,1.4671,-1.1945
0.1164,-0.39382,1.6187,-1.2465
0.1165,-0.44139,1.7087,-1.2881
0.1166,-0.45505,1.7581,-1.3231
0.1167,-0.44643,1.779,-1.3521
0.1168,-0.42475,1.7849,-1.3792
0.1169,-0.41953,1.8099,-1.409
0.117,-0.44719,1.872,-1.4431
0.1171,-0.49883,1.959,-1.478
0.1172,-0.57026,2.0669,-1.5139
0.1173,-0.6628,2.1942,-1.5481
0.1174,-0.75691,2.3179,-1.5771
0.1175,-0.83575,2.419,-1.5989
0.1176,-0.9019,2.5025,-1.6158
0.1177,-0.95742,2.5703,-1.6277
0.1178,-1.0026,2.6257,-1.6374
0.1179,-1.0577,2.6924,-1.6488
0.118,-1.1377,2.7871,-1.6632
0.1181,-1.2322,2.8959,-1.677
0.1182,-1.3275,3.0037,-1.6892
0.1183,-1.4161,3.1003,-1.6968
0.1184,-1.4764,3.1605,-1.6965
0.1185,-1.4922,3.1671,-1.687
0.1186,-1.4746,3.1355,-1.6727
0.1187,-1.4382,3.0813,-1.6546
0.1188,-1.3869,3.0103,-1.6345
0.1189,-1.3405,2.9457,-1.6159
0.119,-1.3246,2.9158,-1.6014
0.1191,-1.3416,2.9204,-1.5887
0.1192,-1.3827,2.9502,-1.5768
0.1193,-1.4478,3.0039,-1.5649
0.1194,-1.521,3.0627,-1.5499
0.1195,-1.5747,3.0954,-1.5284
0.1196,-1.6027,3.0979,-1.5024
0.1197,-1.6167,3.0835,-1.4732
0.1198,-1.6196,3.0556,-1.4418
0.1199,-1.6184,3.0227,-1.4094
0.12,-1.6295,3.0036,-1.3784
0.1201,-1.6542,2.9973,-1.3467
0.1202,-1.6764,2.9863,-1.3126
0.1203,-1.6898,2.9635,-1.2756
0.1204,-1.6892,2.9233,-1.2351
0.1205,-1.6602,2.8492,-1.189
0.1206,-1.5978,2.7374,-1.1386
0.1207,-1.5148,2.6021,-1.0852
0.1208,-1.4229,2.4564,-1.0304
0.1209,-1.3356,2.3153,-0.97575
0.121,-1.275,2.2044,-0.92445
0.1211,-1.2535,2.1359,-0.87636
0.1212,-1.2624,2.1,-0.83042
0.1213,-1.2906,2.0843,-0.78529
0.1214,-1.3258,2.0752,-0.73955
0.1215,-1.3486,2.05,-0.69007
0.1216,-1.3468,1.9964,-0.63677
0.1217,-1.326,1.9204,-0.58021
0.1218,-1.2905,1.8266,-0.52065
0.1219,-1.2421,1.717,-0.45829
0.122,-1.1926,1.6061,-0.39582
0.1221,-1.1527,1.505,-0.33382
0.1222,-1.1165,1.4077,-0.27195
0.1223,-1.078,1.3079,-0.20997
0.1224,-1.0346,1.2027,-0.14782
0.1225,-0.97472,1.078,-0.082842
0.1226,-0.88693,0.92159,-0.014299
0.1227,-0.78009,0.74337,0.056579
0.1228,-0.66994,0.56094,0.128
0.1229,-0.56644,0.38541,0.19899
0.123,-0.48309,0.23336,0.26656
0.1231,-0.43417,0.12065,0.32925
0.1232,-0.41574,0.042748,0.38776
0.1233,-0.41422,-0.015619,0.44375
0.1234,-0.42091,-0.063968,0.49794
0.1235,-0.42447,-0.11643,0.55309
0.1236,-0.40745,-0.1927,0.6114
0.1237,-0.36386,-0.29933,0.67337
0.1238,-0.29888,-0.42996,0.73782
0.1239,-0.21724,-0.57909,0.80401
0.124,-0.12679,-0.73613,0.86927
0.1241,-0.042025,-0.88416,0.93122
0.1242,0.031792,-1.0171,0.98912
0.1243,0.1009,-1.1422,1.044
0.1244,0.17131,-1.2661,1.0965
0.1245,0.24818,-1.3955,1.1481
0.1246,0.33949,-1.5396,1.2
0.1247,0.44422,-1.697,1.2518
0.1248,0.55129,-1.8545,1.3014
0.1249,0.6511,-2.0016,1.3479
0.125,0.73609,-2.1287,1.3893
0.1251,0.79517,-2.2233,1.4242
0.1252,0.82482,-2.2819,1.4527
0.1253,0.83351,-2.3152,1.4769
0.1254,0.83183,-2.3353,1.4983
0.1255,0.83087,-2.3559,1.5197
0.1256,0.84768,-2.3968,1.5434
0.1257,0.89302,-2.4693,1.5703
0.1258,0.96289,-2.5678,1.5986
0.1259,1.0486,-2.6821,1.6268
0.126,1.1425,-2.8024,1.653
0.1261,1.2315,-2.9136,1.6748
0.1262,1.3057,-3.0044,1.6912
0.1263,1.3671,-3.0782,1.7033
0.1264,1.4216,-3.1415,1.7118
0.1265,1.4713,-3.1969,1.7172
0.1266,1.5215,-3.2508,1.7206
0.1267,1.5785,-3.3099,1.7225
0.1268,1.6385,-3.3692,1.7214
0.1269,1.6921,-3.4181,1.7164
0.127,1.7331,-3.4498,1.7067
0.1271,1.7542,-3.456,1.6913
0.1272,1.7486,-3.4298,1.6702
0.1273,1.7206,-3.3774,1.6453
0.1274,1.6839,-3.3149,1.6189
0.1275,1.6511,-3.2568,1.5929
0.1276,1.6338,-3.2163,1.569
0.1277,1.6418,-3.2043,1.5483
0.1278,1.675,-3.2196,1.5296
0.1279,1.7238,-3.2513,1.5117
0.128,1.7788,-3.2886,1.4931
0.1281,1.8297,-3.3196,1.4722
0.1282,1.8654,-3.3316,1.4474
0.1283,1.8814,-3.32,1.4188
0.1284,1.8813,-3.2888,1.3865
0.1285,1.8699,-3.243,1.3509
0.1286,1.8531,-3.1894,1.3129
0.1287,1.8391,-3.1372,1.2735
0.1288,1.8296,-3.0878,1.2322
0.1289,1.8182,-3.034,1.1884
0.129,1.7984,-2.9688,1.1415
0.1291,1.7654,-2.8869,1.0912
0.1292,1.7147,-2.7833,1.0369
0.1293,1.6479,-2.6607,0.97957
0.1294,1.5761,-2.5317,0.92095
0.1295,1.5102,-2.4086,0.86242
0.1296,1.4581,-2.3006,0.8052
0.1297,1.4275,-2.217,0.75085
0.1298,1.4215,-2.1613,0.69957
0.1299,1.433,-2.1253,0.65049
0.13,1.4512,-2.0969,0.60233
0.1301,1.4661,-2.0648,0.55368
0.1302,1.4667,-2.0159,0.50244
0.1303,1.4447,-1.9404,0.44752
0.1304,1.4016,-1.8399,0.38901
0.1305,1.3444,-1.7223,0.32763
0.1306,1.2795,-1.5946,0.26413
0.1307,1.2138,-1.465,0.19986
0.1308,1.1526,-1.3397,0.13549
0.1309,1.0945,-1.2171,0.070835
0.131,1.0345,-1.0916,0.0052986
0.1311,0.96928,-0.95936,-0.061446
0.1312,0.89658,-0.8176,-0.13008
0.1313,0.8151,-0.66495,-0.2006
0.1314,0.72925,-0.50677,-0.27203
0.1315,0.64745,-0.35316,-0.34275
0.1316,0.57706,-0.21306,-0.4113
0.1317,0.52411,-0.094278,-0.47598
0.1318,0.49238,-0.001474,-0.536
0.1319,0.47812,0.069665,-0.59193
0.132,0.47109,0.131,-0.64537
0.1321,0.46047,0.19507,-0.69797
0.1322,0.43642,0.27369,-0.75164
0.1323,0.39089,0.37616,-0.80758
0.1324,0.32284,0.5034,-0.86563
0.1325,0.23798,0.64849,-0.92461
0.1326,0.14319,0.80337,-0.98336
0.1327,0.045328,0.95961,-1.0404
0.1328,-0.047878,1.1082,-1.0945
0.1329,-0.13267,1.2453,-1.1456
0.133,-0.21103,1.3735,-1.1943
0.1331,-0.28612,1.4967,-1.2413
0.1332,-0.36049,1.6182,-1.2874
0.1333,-0.43751,1.7418,-1.333
0.1334,-0.51729,1.8671,-1.3775
0.1335,-0.59397,1.9864,-1.4192
0.1336,-0.66046,2.0913,-1.4567
0.1337,-0.71228,2.1763,-1.4891
0.1338,-0.74665,2.2382,-1.5158
0.1339,-0.76499,2.2789,-1.5376
0.134,-0.77533,2.3084,-1.5561
0.1341,-0.78829,2.339,-1.5732
0.1342,-0.81239,2.3807,-1.5901
0.1343,-0.85436,2.441,-1.6079
0.1344,-0.91734,2.5231,-1.6264
0.1345,-0.99769,2.6222,-1.6446
0.1346,-1.0871,2.7285,-1.6609
0.1347,-1.1768,2.832,-1.6741
0.1348,-1.2583,2.9232,-1.6833
0.1349,-1.325,2.9952,-1.6881
0.135,-1.3766,3.0484,-1.6892
0.1351,-1.417,3.0876,-1.6876
0.1352,-1.4506,3.118,-1.6839
0.1353,-1.4813,3.1439,-1.6786
0.1354,-1.5115,3.1675,-1.6715
0.1355,-1.539,3.1857,-1.6617
0.1356,-1.5588,3.1929,-1.6484
0.1357,-1.5676,3.185,-1.6312
0.1358,-1.5635,3.1605,-1.6102
0.1359,-1.5471,3.1202,-1.5856
0.136,-1.5236,3.0706,-1.5589
0.1361,-1.502,3.022,-1.5312
0.1362,-1.4904,2.9835,-1.5036
0.1363,-1.4948,2.9617,-1.4767
0.1364,-1.5183,2.9599,-1.4506
0.1365,-1.5581,2.9744,-1.4246
0.1366,-1.6053,2.9954,-1.3975
0.1367,-1.6499,3.0118,-1.3684
0.1368,-1.6836,3.0143,-1.3364
0.1369,-1.6998,2.996,-1.3009
0.137,-1.6969,2.9554,-1.2622
0.1371,-1.6787,2.8969,-1.2209
0.1372,-1.6509,2.8266,-1.1774
0.1373,-1.618,2.7497,-1.1323
0.1374,-1.5843,2.6707,-1.086
0.1375,-1.5512,2.5912,-1.0384
0.1376,-1.5167,2.5088,-0.9893
0.1377,-1.4777,2.4199,-0.93828
0.1378,-1.4324,2.3228,-0.88523
0.1379,-1.3807,2.2171,-0.83004
0.138,-1.3252,2.1058,-0.7731
0.1381,-1.272,1.9959,-0.71527
0.1382,-1.2284,1.8957,-0.65742
0.1383,-1.1995,1.8107,-0.6002
0.1384,-1.1868,1.743,-0.54405
0.1385,-1.1879,1.6902,-0.48881
0.1386,-1.1957,1.6442,-0.43372
0.1387,-1.2007,1.5945,-0.37778
0.1388,-1.1946,1.5319,-0.32012
0.1389,-1.1714,1.4495,-0.25995
0.139,-1.1287,1.3446,-0.19698
0.1391,-1.0686,1.2196,-0.13167
0.1392,-0.99688,1.081,-0.064836
0.1393,-0.91955,0.93603,0.0025881
0.1394,-0.84218,0.79114,0.069607
0.1395,-0.7687,0.65097,0.13561
0.1396,-0.69942,0.51578,0.20067
0.1397,-0.63193,0.38273,0.26525
0.1398,-0.564,0.24917,0.32979
0.1399,-0.49462,0.11367,0.39472
0.14,-0.42422,-0.023351,0.46009
0.1401,-0.35602,-0.15808,0.52533
0.1402,-0.29506,-0.2845,0.58947
0.1403,-0.24507,-0.39808,0.65177
0.1404,-0.20713,-0.49713,0.71166
0.1405,-0.17989,-0.58289,0.76902
0.1406,-0.15852,-0.66076,0.82445
0.1407,-0.13512,-0.73973,0.879
0.1408,-0.10185,-0.82869,0.93368
0.1409,-0.053015,-0.93406,0.98921
0.141,0.014333,-1.059,1.0458
0.1411,0.099066,-1.2017,1.1028
0.1412,0.19562,-1.3554,1.1589
0.1413,0.29663,-1.5112,1.2127
0.1414,0.39543,-1.6614,1.2631
0.1415,0.487,-1.8001,1.3094
0.1416,0.56913,-1.9251,1.3516
0.1417,0.64295,-2.0383,1.3903
0.1418,0.71116,-2.1431,1.4263
0.1419,0.77592,-2.2424,1.4602
0.142,0.83843,-2.3375,1.4924
0.1421,0.89831,-2.428,1.5225
0.1422,0.95308,-2.5108,1.5501
0.1423,0.9998,-2.5824,1.5746
0.1424,1.037,-2.6412,1.5958
0.1425,1.0652,-2.6877,1.6138
0.1426,1.0876,-2.726,1.6293
0.1427,1.1101,-2.7629,1.6434
0.1428,1.1399,-2.8067,1.657
0.1429,1.1822,-2.8629,1.6706
0.143,1.2394,-2.9341,1.6843
0.1431,1.3103,-3.0183,1.6972
0.1432,1.3896,-3.1089,1.7081
0.1433,1.4696,-3.1969,1.7156
0.1434,1.5431,-3.2741,1.7189
0.1435,1.6046,-3.3345,1.7173
0.1436,1.6513,-3.3753,1.711
0.1437,1.6836,-3.3977,1.7005
0.1438,1.7051,-3.4059,1.6866
0.1439,1.7196,-3.4045,1.6701
0.144,1.7302,-3.3973,1.6515
0.1441,1.7389,-3.3862,1.6311
0.1442,1.7451,-3.371,1.6088
0.1443,1.7469,-3.3493,1.5844
0.1444,1.7427,-3.3196,1.5579
0.1445,1.7325,-3.2822,1.5297
0.1446,1.7184,-3.2397,1.5003
0.1447,1.7045,-3.1969,1.4704
0.1448,1.6963,-3.1601,1.4407
0.1449,1.6981,-3.1339,1.4115
0.145,1.7117,-3.1198,1.3826
0.1451,1.7356,-3.116,1.3535
0.1452,1.7652,-3.1169,1.3234
0.1453,1.7936,-3.1145,1.2912
0.1454,1.8135,-3.1006,1.2558
0.1455,1.8196,-3.0692,1.2167
0.1456,1.8091,-3.0173,1.1736
0.1457,1.7828,-2.9458,1.1268
0.1458,1.7445,-2.8592,1.0769
0.1459,1.6994,-2.7636,1.0246
0.146,1.6523,-2.6643,0.97081
0.1461,1.6062,-2.5651,0.91595
0.1462,1.5624,-2.4673,0.86037
0.1463,1.5197,-2.3701,0.80411
0.1464,1.4767,-2.2718,0.74717
0.1465,1.4326,-2.1717,0.68962
0.1466,1.388,-2.0707,0.63162
0.1467,1.3448,-1.9708,0.57346
0.1468,1.3063,-1.8759,0.51561
0.1469,1.2754,-1.7892,0.45845
0.147,1.2535,-1.7122,0.40209
0.1471,1.2391,-1.6434,0.34636
0.1472,1.2288,-1.5786,0.29073
0.1473,1.2168,-1.5112,0.2343
0.1474,1.1963,-1.4335,0.17611
0.1475,1.1626,-1.3397,0.1154
0.1476,1.1131,-1.227,0.051785
0.1477,1.0484,-1.0961,-0.014611
0.1478,0.97229,-0.95117,-0.083114
0.1479,0.89019,-0.79892,-0.15273
0.148,0.80758,-0.64586,-0.22243
0.1481,0.72857,-0.49697,-0.29137
0.1482,0.65543,-0.35516,-0.35898
0.1483,0.58829,-0.22075,-0.42511
0.1484,0.52561,-0.092074,-0.48992
0.1485,0.4656,0.032839,-0.55359
0.1486,0.40719,0.15511,-0.61618
0.1487,0.35034,0.27466,-0.67757
0.1488,0.29615,0.38999,-0.73739
0.1489,0.24639,0.49882,-0.79514
0.149,0.20214,0.59975,-0.85054
0.1491,0.16274,0.69346,-0.90361
0.1492,0.1256,0.78295,-0.95477
0.1493,0.086481,0.87324,-1.0048
0.1494,0.040248,0.97038,-1.0545
0.1495,-0.017388,1.0794,-1.1047
0.1496,-0.088492,1.2025,-1.1556
0.1497,-0.1724,1.3389,-1.2068
0.1498,-0.26577,1.4844,-1.2576
0.1499,-0.36309,1.6322,-1.3069
0.15,-0.45832,1.7753,-1.3534
0.1501,-0.54643,1.9077,-1.3965
0.1502,-0.62437,2.026,-1.4357
0.1503,-0.69141,2.1294,-1.471
0.1504,-0.74916,2.2199,-1.5028
0.1505,-0.80042,2.3009,-1.5315
0.1506,-0.8478,2.3752,-1.5575
0.1507,-0.89294,2.4446,-1.5809
0.1508,-0.93631,2.5094,-1.6015
0.1509,-0.97721,2.5687,-1.619
0.151,-1.0147,2.6214,-1.6334
0.1511,-1.0489,2.6678,-1.6449
0.1512,-1.0813,2.7099,-1.6538
0.1513,-1.1144,2.7509,-1.661
0.1514,-1.1519,2.7952,-1.6671
0.1515,-1.1971,2.8466,-1.6726
0.1516,-1.2515,2.9068,-1.6778
0.1517,-1.3143,2.9747,-1.6822
0.1518,-1.3823,3.0463,-1.6853
0.1519,-1.45,3.1155,-1.686
0.152,-1.5115,3.1753,-1.6836
0.1521,-1.5617,3.22,-1.6774
0.1522,-1.5977,3.2465,-1.6673
0.1523,-1.6191,3.2546,-1.6533
0.1524,-1.6282,3.247,-1.6359
0.1525,-1.6287,3.228,-1.6156
0.1526,-1.6248,3.2022,-1.5929
0.1527,-1.6194,3.1729,-1.5682
0.1528,-1.6144,3.1419,-1.5415
0.1529,-1.6099,3.1097,-1.5129
0.153,-1.6054,3.0755,-1.4823
0.1531,-1.6002,3.0389,-1.4501
0.1532,-1.5948,3.0006,-1.4163
0.1533,-1.5902,2.9621,-1.3815
0.1534,-1.5887,2.926,-1.346
0.1535,-1.5922,2.8948,-1.3102
0.1536,-1.6019,2.8695,-1.2743
0.1537,-1.6168,2.8492,-1.238
0.1538,-1.6339,2.8303,-1.2009
0.1539,-1.6486,2.8077,-1.1625
0.154,-1.6556,2.7754,-1.122
0.1541,-1.6506,2.7285,-1.0788
0.1542,-1.6312,2.6643,-1.0328
0.1543,-1.5976,2.583,-0.9838
0.1544,-1.5525,2.4874,-0.93214
0.1545,-1.5001,2.3824,-0.87828
0.1546,-1.4453,2.2733,-0.82275
0.1547,-1.392,2.1645,-0.76602
0.1548,-1.3428,2.059,-0.70844
0.1549,-1.2984,1.9575,-0.65018
0.155,-1.2583,1.8596,-0.59122
0.1551,-1.221,1.7638,-0.53153
0.1552,-1.1857,1.6692,-0.4711
0.1553,-1.152,1.5756,-0.41006
0.1554,-1.1206,1.4838,-0.34863
0.1555,-1.0921,1.3947,-0.28712
0.1556,-1.0963,1.3399,-0.2274
0.1557,-1.1653,1.3572,-0.17511
0.1558,-1.2478,1.3898,-0.12502
0.1559,-1.3328,1.4256,-0.07623
0.156,-1.3924,1.4324,-0.024512
0.1561,-1.4226,1.4043,0.032249
0.1562,-1.4462,1.3689,0.08889
0.1563,-1.4666,1.3306,0.14466
0.1564,-1.4559,1.2594,0.20198
0.1565,-1.4103,1.1497,0.26238
0.1566,-1.3592,1.0353,0.3219
0.1567,-1.3251,0.94085,0.37855
0.1568,-1.3083,0.86824,0.4309
0.1569,-1.3041,0.81082,0.48085
0.157,-1.302,0.7558,0.53076
0.1571,-1.2963,0.69655,0.58162
0.1572,-1.2958,0.64517,0.62987
0.1573,-1.3086,0.61052,0.67486
0.1574,-1.3252,0.5824,0.71744
0.1575,-1.3382,0.55239,0.7587
0.1576,-1.3561,0.53046,0.79738
0.1577,-1.3895,0.52725,0.83368
0.1578,-1.4347,0.53964,0.86681
0.1579,-1.4807,0.55476,0.89842
0.158,-1.5154,0.55723,0.93191
0.1581,-1.5329,0.53747,0.97052
0.1582,-1.5339,0.49818,1.0122
0.1583,-1.5174,0.43931,1.0556
0.1584,-1.4736,0.35125,1.1006
0.1585,-1.4055,0.23797,1.1463
0.1586,-1.3341,0.12519,1.1882
0.1587,-1.2725,0.027842,1.2245
0.1588,-1.213,-0.062177,1.2561
0.1589,-1.1504,-0.15131,1.284
0.159,-1.0889,-0.23495,1.3082
0.1591,-1.0313,-0.31129,1.3297
0.1592,-0.97855,-0.37879,1.3474
0.1593,-0.93613,-0.43216,1.3616
0.1594,-0.90409,-0.47257,1.373
0.1595,-0.87823,-0.50541,1.3827
0.1596,-0.86225,-0.52532,1.3889
0.1597,-0.86245,-0.52576,1.3916
0.1598,-0.87156,-0.51518,1.3919
0.1599,-0.87713,-0.50765,1.3915
0.16,-0.87368,-0.50935,1.3911
0.1601,-0.85829,-0.52495,1.3925
0.1602,-0.82625,-0.5588,1.3953
0.1603,-0.7785,-0.60851,1.3981
0.1604,-0.71877,-0.66955,1.4002
0.1605,-0.64956,-0.74019,1.4023
0.1606,-0.57559,-0.81428,1.4031
0.1607,-0.5017,-0.88591,1.4015
0.1608,-0.42301,-0.96045,1.3983
0.1609,-0.33367,-1.0444,1.3941
0.161,-0.2393,-1.1303,1.3871
0.1611,-0.14928,-1.2078,1.3761
0.1612,-0.065295,-1.275,1.3604
0.1613,0.010538,-1.3295,1.3396
0.1614,0.071765,-1.3645,1.3125
0.1615,0.11505,-1.3772,1.2797
0.1616,0.14144,-1.3689,1.2416
0.1617,0.15159,-1.3413,1.1995
0.1618,0.15157,-1.3021,1.156
0.1619,0.15316,-1.2656,1.1136
0.162,0.16408,-1.2397,1.0731
0.1621,0.18537,-1.2255,1.0343
0.1622,0.21848,-1.2239,0.99666
0.1623,0.26322,-1.2337,0.95913
0.1624,0.31563,-1.2498,0.92038
0.1625,0.37354,-1.2706,0.88087
0.1626,0.43841,-1.2978,0.84078
0.1627,0.50953,-1.3304,0.7999
0.1628,0.58645,-1.3683,0.75854
0.1629,0.67067,-1.4144,0.718
0.163,0.75902,-1.4648,0.67787
0.1631,0.84333,-1.5107,0.63727
0.1632,0.92045,-1.5482,0.5958
0.1633,0.99018,-1.5769,0.5531
0.1634,1.0468,-1.5892,0.50739
0.1635,1.0845,-1.5782,0.45772
0.1636,1.1054,-1.5461,0.40421
0.1637,1.1145,-1.4982,0.3475
0.1638,1.1142,-1.438,0.28835
0.1639,1.1097,-1.372,0.22839
0.164,1.1069,-1.3072,0.16849
0.1641,1.1056,-1.2439,0.1089
0.1642,1.1044,-1.1809,0.050009
0.1643,1.1062,-1.1223,-0.0073059
0.1644,1.1142,-1.0715,-0.062996
0.1645,1.1294,-1.0297,-0.1169
0.1646,1.1545,-0.99998,-0.16872
0.1647,1.1921,-0.98527,-0.21853
0.1648,1.241,-0.98346,-0.26702
0.1649,1.2975,-0.99107,-0.31411
0.165,1.3586,-1.0047,-0.35992
0.1651,1.4185,-1.0177,-0.40525
0.1652,1.4709,-1.0229,-0.45093
0.1653,1.5124,-1.0166,-0.49695
0.1654,1.54,-0.99572,-0.54371
0.1655,1.5509,-0.95679,-0.59149
0.1656,1.5468,-0.90209,-0.63986
0.1657,1.5332,-0.83805,-0.68799
0.1658,1.5128,-0.76743,-0.73598
0.1659,1.4859,-0.69042,-0.78393
0.166,1.4541,-0.60867,-0.83182
0.1661,1.4179,-0.52273,-0.87967
0.1662,1.3763,-0.4318,-0.92733
0.1663,1.3318,-0.33944,-0.97368
0.1664,1.2898,-0.25213,-1.0177
0.1665,1.2532,-0.1738,-1.0587
0.1666,1.2241,-0.10752,-1.0958
0.1667,1.2062,-0.057716,-1.1284
0.1668,1.2003,-0.02532,-1.1565
0.1669,1.2037,-0.0068781,-1.181
0.167,1.2137,0.0011575,-1.2023
0.1671,1.2274,0.003349,-1.2218
0.1672,1.2388,0.0076399,-1.2411
0.1673,1.2425,0.020365,-1.261
0.1674,1.2369,0.043418,-1.2816
0.1675,1.2207,0.078074,-1.3029
0.1676,1.1927,0.12522,-1.3247
0.1677,1.1543,0.18243,-1.3461
0.1678,1.1071,0.24766,-1.3669
0.1679,1.0496,0.3224,-1.387
0.168,0.98117,0.4069,-1.4063
0.1681,0.90482,0.49746,-1.4242
0.1682,0.82378,0.59049,-1.4402
0.1683,0.7409,0.68275,-1.4538
0.1684,0.66111,0.76866,-1.4643
0.1685,0.58929,0.84294,-1.4708
0.1686,0.52739,0.90363,-1.473
0.1687,0.47648,0.94936,-1.4704
0.1688,0.43759,0.97908,-1.4628
0.1689,0.40902,0.99499,-1.4507
0.169,0.38697,1.0015,-1.4347
0.1691,0.36841,1.002,-1.4154
0.1692,0.35043,1.0001,-1.3936
0.1693,0.3299,0.99947,-1.3699
0.1694,0.30558,1.0014,-1.3447
0.1695,0.27735,1.0062,-1.3184
0.1696,0.24345,1.0164,-1.2918
0.1697,0.20151,1.0348,-1.2654
0.1698,0.15007,1.0631,-1.2397
0.1699,0.087317,1.1036,-1.2151
0.17,0.011967,1.1574,-1.1915
0.1701,-0.073643,1.2216,-1.1682
0.1702,-0.16508,1.291,-1.1444
0.1703,-0.25869,1.3612,-1.1192
0.1704,-0.35014,1.4272,-1.0918
0.1705,-0.43382,1.4826,-1.0611
0.1706,-0.50614,1.5233,-1.0267
0.1707,-0.56612,1.5483,-0.98855
0.1708,-0.61307,1.5569,-0.94678
0.1709,-0.64755,1.5501,-0.90198
0.171,-0.67296,1.5319,-0.85498
0.1711,-0.69257,1.5057,-0.80623
0.1712,-0.70784,1.4731,-0.75583
0.1713,-0.72051,1.436,-0.70394
0.1714,-0.73308,1.397,-0.6506
0.1715,-0.74711,1.3576,-0.59582
0.1716,-0.76456,1.3204,-0.54004
0.1717,-0.78883,1.2895,-0.48403
0.1718,-0.82247,1.2681,-0.42838
0.1719,-0.86592,1.2573,-0.37371
0.172,-0.919,1.2576,-0.32069
0.1721,-0.9806,1.2682,-0.26969
0.1722,-1.0476,1.2859,-0.22062
0.1723,-1.1165,1.307,-0.17323
0.1724,-1.1844,1.3281,-0.12705
0.1725,-1.248,1.345,-0.081245
