0.05,0.36859,-0.72215,0.34788
0.0501,0.3933,-0.72064,0.32471
0.0502,0.41728,-0.71785,0.30118
0.0503,0.44044,-0.7138,0.27732
0.0504,0.46274,-0.70847,0.25313
0.0505,0.48416,-0.70189,0.22862
0.0506,0.50472,-0.69408,0.2038
0.0507,0.52445,-0.68512,0.17863
0.0508,0.54342,-0.67511,0.15309
0.0509,0.5617,-0.66415,0.12723
0.051,0.57934,-0.65237,0.10106
0.0511,0.59641,-0.63989,0.074618
0.0512,0.61291,-0.62683,0.047962
0.0513,0.62883,-0.61325,0.021148
0.0514,0.64413,-0.5992,-0.0057833
0.0515,0.65873,-0.5847,-0.03278
0.0516,0.67254,-0.56973,-0.05979
0.0517,0.68542,-0.55426,-0.086768
0.0518,0.69725,-0.53824,-0.11367
0.0519,0.70791,-0.52162,-0.14044
0.052,0.71726,-0.50433,-0.16703
0.0521,0.72518,-0.48631,-0.19338
0.0522,0.73159,-0.46751,-0.21946
0.0523,0.73641,-0.44787,-0.24522
0.0524,0.73962,-0.42736,-0.27065
0.0525,0.74124,-0.40597,-0.29573
0.0526,0.74132,-0.38373,-0.32047
0.0527,0.73996,-0.36069,-0.34484
0.0528,0.73729,-0.33695,-0.36885
0.0529,0.73345,-0.31262,-0.39248
0.053,0.72858,-0.28784,-0.41571
0.0531,0.72284,-0.26273,-0.43851
0.0532,0.71634,-0.23741,-0.46085
0.0533,0.70918,-0.21198,-0.48271
0.0534,0.70143,-0.18651,-0.50405
0.0535,0.69313,-0.16104,-0.52482
0.0536,0.68429,-0.13557,-0.545
0.0537,0.67488,-0.11012,-0.56452
0.0538,0.66486,-0.084674,-0.58331
0.0539,0.65416,-0.059197,-0.6013
0.054,0.64268,-0.033644,-0.61841
0.0541,0.63033,-0.0079597,-0.63454
0.0542,0.61702,0.017911,-0.64964
0.0543,0.60269,0.044018,-0.66361
0.0544,0.58728,0.070393,-0.6764
0.0545,0.57078,0.097035,-0.68796
0.0546,0.55324,0.12392,-0.69824
0.0547,0.53469,0.15097,-0.70723
0.0548,0.51524,0.17811,-0.71492
0.0549,0.49499,0.20522,-0.72131
0.055,0.47406,0.23219,-0.72643
0.0551,0.45257,0.2589,-0.73031
0.0552,0.43065,0.28524,-0.73302
0.0553,0.4084,0.3111,-0.73459
0.0554,0.38591,0.3364,-0.73507
0.0555,0.36326,0.36106,-0.73451
0.0556,0.34048,0.38504,-0.73293
0.0557,0.31758,0.40832,-0.73035
0.0558,0.29454,0.43088,-0.72677
0.0559,0.2713,0.45275,-0.72219
0.056,0.24781,0.47397,-0.71661
0.0561,0.22397,0.4946,-0.71002
0.0562,0.1997,0.51469,-0.70244
0.0563,0.17492,0.53429,-0.69388
0.0564,0.14957,0.55344,-0.68436
0.0565,0.12365,0.57213,-0.67392
0.0566,0.097165,0.59034,-0.66257
0.0567,0.070181,0.608,-0.65037
0.0568,0.042775,0.62503,-0.63733
0.0569,0.015054,0.64132,-0.6235
0.057,-0.012859,0.65677,-0.60892
0.0571,-0.040833,0.67123,-0.59363
0.0572,-0.068728,0.68458,-0.57766
0.0573,-0.096408,0.6967,-0.56105
0.0574,-0.12376,0.70749,-0.54382
0.0575,-0.15068,0.71686,-0.52599
0.0576,-0.17709,0.72474,-0.50757
0.0577,-0.20297,0.7311,-0.48854
0.0578,-0.22831,0.73594,-0.46891
0.0579,-0.25314,0.73931,-0.44868
0.058,-0.27749,0.74127,-0.42784
0.0581,-0.30145,0.74193,-0.4064
0.0582,-0.32509,0.74138,-0.38436
0.0583,-0.34846,0.73974,-0.36176
0.0584,-0.37162,0.73712,-0.3386
0.0585,-0.39462,0.73363,-0.31493
0.0586,-0.41745,0.72933,-0.29077
0.0587,-0.44011,0.72431,-0.26617
0.0588,-0.46257,0.71858,-0.24118
0.0589,-0.48473,0.71218,-0.21585
0.059,-0.50652,0.70508,-0.19023
0.0591,-0.52779,0.69726,-0.16434
0.0592,-0.54843,0.68867,-0.13824
0.0593,-0.56827,0.67923,-0.11199
0.0594,-0.58716,0.66888,-0.085608
0.0595,-0.60499,0.65753,-0.059141
0.0596,-0.62161,0.64515,-0.032612
0.0597,-0.63696,0.63169,-0.0060416
0.0598,-0.65096,0.61715,0.020552
0.0599,-0.66361,0.60156,0.047153
0.06,-0.67489,0.58496,0.073737
0.0601,-0.68485,0.56744,0.10028
0.0602,-0.69354,0.5491,0.12677
0.0603,-0.70102,0.53002,0.15317
0.0604,-0.70737,0.51033,0.17945
0.0605,-0.71266,0.49011,0.2056
0.0606,-0.71698,0.46946,0.23158
0.0607,-0.72038,0.44846,0.25735
0.0608,-0.7229,0.42717,0.28287
0.0609,-0.72457,0.40561,0.30809
0.061,-0.72538,0.38381,0.33298
0.0611,-0.72529,0.36174,0.35748
0.0612,-0.72425,0.33936,0.38154
0.0613,-0.7222,0.31662,0.40513
0.0614,-0.71907,0.29347,0.4282
0.0615,-0.71479,0.26983,0.45071
0.0616,-0.70931,0.24566,0.47264
0.0617,-0.7026,0.22093,0.49394
0.0618,-0.69465,0.1956,0.51458
0.0619,-0.68548,0.16969,0.53453
0.062,-0.67514,0.14325,0.55375
0.0621,-0.6637,0.11635,0.5722
0.0622,-0.65124,0.089072,0.58985
0.0623,-0.63788,0.061538,0.60665
0.0624,-0.62372,0.033863,0.62256
0.0625,2.5439,-0.015025,0.27298
0.0626,3.7472,-0.054962,0.15213
0.0627,4.5019,-0.090137,0.084421
0.0628,5.3542,-0.11218,-0.0069832
0.0629,5.9826,-0.12083,-0.091522
0.063,6.3886,-0.13851,-0.14019
0.0631,7.0487,-0.16887,-0.20015
0.0632,8.0823,-0.18912,-0.3206
0.0633,9.324,-0.19779,-0.48551
0.0634,10.602,-0.21746,-0.63929
0.0635,11.765,-0.24665,-0.76561
0.0636,12.676,-0.27364,-0.86781
0.0637,13.467,-0.29804,-0.95832
0.0638,14.102,-0.32059,-1.0318
0.0639,14.544,-0.33627,-1.0916
0.064,15.18,-0.35728,-1.1719
0.0641,16.092,-0.38602,-1.2761
0.0642,17.354,-0.42005,-1.4198
0.0643,18.755,-0.45205,-1.586
0.0644,20.098,-0.4895,-1.7394
0.0645,21.173,-0.5282,-1.8555
0.0646,21.88,-0.55923,-1.937
0.0647,22.411,-0.58565,-2.0038
0.0648,22.877,-0.61184,-2.0635
0.0649,23.134,-0.63053,-2.1063
0.065,23.239,-0.64366,-2.1382
0.0651,23.466,-0.65773,-2.183
0.0652,23.859,-0.6706,-2.2513
0.0653,24.301,-0.68205,-2.3281
0.0654,24.789,-0.70401,-2.397
0.0655,25.293,-0.73385,-2.4558
0.0656,25.68,-0.75685,-2.511
0.0657,25.943,-0.7722,-2.5608
0.0658,26.159,-0.7904,-2.5999
0.0659,26.352,-0.80661,-2.6357
0.066,26.607,-0.81597,-2.6861
0.0661,27.011,-0.82517,-2.7492
0.0662,27.414,-0.8366,-2.8047
0.0663,27.643,-0.8413,-2.843
0.0664,27.767,-0.84176,-2.8706
0.0665,27.844,-0.84378,-2.8869
0.0666,27.758,-0.84239,-2.8879
0.0667,27.503,-0.83233,-2.8787
0.0668,27.184,-0.81914,-2.865
0.0669,26.775,-0.80202,-2.8427
0.067,26.27,-0.77876,-2.8167
0.0671,25.846,-0.75606,-2.7992
0.0672,25.565,-0.74062,-2.7901
0.0673,25.278,-0.72784,-2.7765
0.0674,24.939,-0.71642,-2.7557
0.0675,24.603,-0.70654,-2.7332
0.0676,24.223,-0.69379,-2.7102
0.0677,23.762,-0.67624,-2.6843
0.0678,23.31,-0.66096,-2.6574
0.0679,22.892,-0.64766,-2.6313
0.068,22.441,-0.63201,-2.6045
0.0681,21.95,-0.61671,-2.5712
0.0682,21.421,-0.60591,-2.5267
0.0683,20.783,-0.59258,-2.4707
0.0684,20.123,-0.5793,-2.4124
0.0685,19.428,-0.56573,-2.3488
0.0686,18.629,-0.54814,-2.2766
0.0687,17.68,-0.52187,-2.1956
0.0688,16.673,-0.4924,-2.1115
0.0689,15.68,-0.46372,-2.0268
0.069,14.696,-0.43527,-1.9432
0.0691,13.766,-0.40915,-1.863
0.0692,12.93,-0.38936,-1.7857
0.0693,12.106,-0.3706,-1.7067
0.0694,11.244,-0.34876,-1.6271
0.0695,10.402,-0.32619,-1.5503
0.0696,9.5839,-0.30392,-1.4752
0.0697,8.7124,-0.27797,-1.3969
0.0698,7.7922,-0.25062,-1.3141
0.0699,6.8616,-0.2251,-1.2256
0.07,5.8852,-0.19987,-1.1302
0.0701,4.8618,-0.17395,-1.0289
0.0702,3.8626,-0.15173,-0.92554
0.0703,2.8913,-0.13161,-0.82124
0.0704,1.8919,-0.10846,-0.71669
0.0705,0.85832,-0.081502,-0.61129
0.0706,-0.20722,-0.052788,-0.50295
0.0707,-1.325,-0.020688,-0.39088
0.0708,-2.4566,0.012795,-0.27864
0.0709,-3.5407,0.043388,-0.16721
0.071,-4.5894,0.070484,-0.054679
0.0711,-5.6209,0.096603,0.058344
0.0712,-6.6041,0.12127,0.16793
0.0713,-7.5248,0.14464,0.27277
0.0714,-8.4134,0.16885,0.3731
0.0715,-9.27,0.19436,0.46875
0.0716,-10.096,0.2196,0.56187
0.0717,-10.949,0.24598,0.65853
0.0718,-11.852,0.27345,0.76088
0.0719,-12.761,0.29958,0.86673
0.072,-13.655,0.32346,0.97438
0.0721,-14.548,0.34691,1.0832
0.0722,-15.417,0.36934,1.1909
0.0723,-16.247,0.39131,1.2953
0.0724,-17.07,0.41579,1.396
0.0725,-17.897,0.44319,1.4936
0.0726,-18.693,0.46989,1.5884
0.0727,-19.452,0.49554,1.6807
0.0728,-20.188,0.52095,1.7703
0.0729,-20.881,0.54443,1.8577
0.073,-21.523,0.56505,1.9432
0.0731,-22.129,0.5858,2.025
0.0732,-22.685,0.60737,2.0997
0.0733,-23.169,0.62849,2.167
0.0734,-23.611,0.65005,2.2296
0.0735,-24.047,0.67385,2.2895
0.0736,-24.466,0.69805,2.3475
0.0737,-24.871,0.72106,2.4059
0.0738,-25.276,0.74289,2.4655
0.0739,-25.654,0.76256,2.5237
0.074,-25.973,0.77829,2.5781
0.0741,-26.252,0.7913,2.6292
0.0742,-26.506,0.80308,2.6759
0.0743,-26.717,0.8135,2.7165
0.0744,-26.889,0.82214,2.7517
0.0745,-27.038,0.82927,2.7832
0.0746,-27.147,0.83347,2.8107
0.0747,-27.201,0.83381,2.834
0.0748,-27.216,0.83095,2.854
0.0749,-27.189,0.82549,2.8701
0.075,-27.097,0.8171,2.8802
0.0751,-26.939,0.80732,2.8828
0.0752,-26.731,0.79745,2.8781
0.0753,-26.475,0.78725,2.8675
0.0754,-26.19,0.77683,2.8537
0.0755,-25.904,0.76732,2.8386
0.0756,-25.607,0.7576,2.8224
0.0757,-25.282,0.74612,2.8054
0.0758,-24.932,0.7333,2.7869
0.0759,-24.55,0.7199,2.7654
0.076,-24.117,0.70528,2.739
0.0761,-23.639,0.6904,2.7075
0.0762,-23.134,0.67655,2.6708
0.0763,-22.59,0.66283,2.6287
0.0764,-22,0.64777,2.5821
0.0765,-21.387,0.63194,2.533
0.0766,-20.755,0.61518,2.482
0.0767,-20.09,0.59643,2.4287
0.0768,-19.394,0.57606,2.3727
0.0769,-18.672,0.5554,2.313
0.077,-17.909,0.53401,2.2478
0.0771,-17.101,0.51191,2.1772
0.0772,-16.271,0.4903,2.1025
0.0773,-15.433,0.46939,2.0251
0.0774,-14.582,0.44794,1.9462
0.0775,-13.725,0.42594,1.867
0.0776,-12.865,0.40342,1.7872
0.0777,-11.987,0.37975,1.7063
0.0778,-11.088,0.35501,1.6238
0.0779,-10.178,0.3305,1.5391
0.078,-9.2493,0.30636,1.4509
0.0781,-8.2976,0.28225,1.3592
0.0782,-7.3317,0.25824,1.2647
0.0783,-6.3542,0.23405,1.1681
0.0784,-5.3604,0.20873,1.0698
0.0785,-4.3603,0.18245,0.97114
0.0786,-3.3622,0.15558,0.87236
0.0787,-2.3554,0.12787,0.7724
0.0788,-1.3358,0.09956,0.67039
0.0789,-0.31128,0.071564,0.56621
0.079,0.71641,0.044003,0.45989
0.0791,1.7445,0.016783,0.352
0.0792,2.7575,-0.0095958,0.24382
0.0793,3.7486,-0.035259,0.13639
0.0794,4.7283,-0.061337,0.029827
0.0795,5.701,-0.087997,-0.076018
0.0796,6.6636,-0.11462,-0.1815
0.0797,7.6211,-0.14122,-0.28707
0.0798,8.5768,-0.16779,-0.39308
0.0799,9.5246,-0.1935,-0.4998
0.08,10.464,-0.21822,-0.60741
0.0801,11.398,-0.24283,-0.71521
0.0802,12.32,-0.26757,-0.82193
0.0803,13.219,-0.29215,-0.92669
0.0804,14.097,-0.31701,-1.0292
0.0805,14.955,-0.34247,-1.1292
0.0806,15.791,-0.36807,-1.227
0.0807,16.61,-0.39353,-1.3238
0.0808,17.416,-0.41897,-1.4198
0.0809,18.199,-0.44397,-1.5143
0.081,18.951,-0.46812,-1.6067
0.0811,19.669,-0.49172,-1.6966
0.0812,20.352,-0.51518,-1.783
0.0813,20.997,-0.53858,-1.8656
0.0814,21.609,-0.56219,-1.9445
0.0815,22.193,-0.58609,-2.0204
0.0816,22.745,-0.60979,-2.0933
0.0817,23.267,-0.63297,-2.1638
0.0818,23.764,-0.6557,-2.2324
0.0819,24.236,-0.67785,-2.2991
0.082,24.677,-0.69929,-2.3633
0.0821,25.087,-0.72029,-2.4242
0.0822,25.46,-0.74066,-2.4808
0.0823,25.791,-0.75997,-2.533
0.0824,26.085,-0.7779,-2.5808
0.0825,26.342,-0.79396,-2.6246
0.0826,26.562,-0.80726,-2.6645
0.0827,26.742,-0.81715,-2.7008
0.0828,26.882,-0.8235,-2.7334
0.0829,26.978,-0.82626,-2.7617
0.083,27.026,-0.82556,-2.7853
0.0831,27.028,-0.82221,-2.8042
0.0832,26.989,-0.81699,-2.8181
0.0833,26.906,-0.81023,-2.8271
0.0834,26.783,-0.80213,-2.8316
0.0835,26.624,-0.79298,-2.8323
0.0836,26.429,-0.78275,-2.8294
0.0837,26.198,-0.77138,-2.8232
0.0838,25.933,-0.75914,-2.8139
0.0839,25.634,-0.74633,-2.801
0.084,25.297,-0.73304,-2.7841
0.0841,24.923,-0.71944,-2.763
0.0842,24.513,-0.70576,-2.7377
0.0843,24.069,-0.69193,-2.7083
0.0844,23.593,-0.67777,-2.6754
0.0845,23.087,-0.66315,-2.6393
0.0846,22.549,-0.64786,-2.5999
0.0847,21.976,-0.63168,-2.5572
0.0848,21.368,-0.61468,-2.511
0.0849,20.725,-0.59705,-2.4609
0.085,20.046,-0.57888,-2.4069
0.0851,19.337,-0.5604,-2.3489
0.0852,18.599,-0.54168,-2.2873
0.0853,17.837,-0.52252,-2.2225
0.0854,17.051,-0.50271,-2.155
0.0855,16.246,-0.48225,-2.0852
0.0856,15.425,-0.46103,-2.0134
0.0857,14.584,-0.43895,-1.9394
0.0858,13.724,-0.41619,-1.8629
0.0859,12.846,-0.39297,-1.7838
0.086,11.947,-0.36928,-1.7017
0.0861,11.03,-0.3452,-1.6168
0.0862,10.097,-0.32091,-1.5294
0.0863,9.1531,-0.29635,-1.44
0.0864,8.1967,-0.27127,-1.349
0.0865,7.2298,-0.24572,-1.2564
0.0866,6.2533,-0.21979,-1.1623
0.0867,5.2657,-0.19348,-1.0666
0.0868,4.2681,-0.16693,-0.96928
0.0869,3.2635,-0.14049,-0.87015
0.087,2.253,-0.11425,-0.76918
0.0871,1.2382,-0.08807,-0.66665
0.0872,0.22279,-0.061931,-0.56296
0.0873,-0.79037,-0.035804,-0.45842
0.0874,-1.8001,-0.0095208,-0.35331
0.0875,-2.8043,0.016947,-0.24788
0.0876,-3.8013,0.043509,-0.14215
0.0877,-4.7921,0.070095,-0.03587
0.0878,-5.7773,0.096661,0.071105
0.0879,-6.7551,0.12307,0.17867
0.088,-7.7238,0.14929,0.28666
0.0881,-8.6824,0.17534,0.39479
0.0882,-9.6287,0.2013,0.50267
0.0883,-10.561,0.22722,0.60989
0.0884,-11.481,0.25323,0.71628
0.0885,-12.387,0.27928,0.82174
0.0886,-13.279,0.30519,0.92615
0.0887,-14.155,0.33086,1.0294
0.0888,-15.014,0.35616,1.1315
0.0889,-15.852,0.38092,1.2321
0.089,-16.668,0.40517,1.331
0.0891,-17.461,0.42906,1.4278
0.0892,-18.227,0.45266,1.5221
0.0893,-18.964,0.47601,1.6137
0.0894,-19.674,0.49926,1.7026
0.0895,-20.356,0.52246,1.7887
0.0896,-21.01,0.54554,1.8722
0.0897,-21.636,0.56845,1.9533
0.0898,-22.234,0.59126,2.0319
0.0899,-22.802,0.61391,2.1079
0.09,-23.337,0.63636,2.1811
0.0901,-23.84,0.65868,2.2511
0.0902,-24.31,0.68091,2.3178
0.0903,-24.747,0.70285,2.381
0.0904,-25.149,0.72427,2.4409
0.0905,-25.519,0.74484,2.4973
0.0906,-25.855,0.76409,2.5504
0.0907,-26.156,0.78148,2.5999
0.0908,-26.42,0.79662,2.6459
0.0909,-26.647,0.8092,2.6881
0.091,-26.834,0.81898,2.7261
0.0911,-26.979,0.82586,2.7596
0.0912,-27.083,0.82992,2.7886
0.0913,-27.145,0.83123,2.8129
0.0914,-27.165,0.82999,2.8327
0.0915,-27.145,0.82647,2.8481
0.0916,-27.086,0.82094,2.8595
0.0917,-26.988,0.81368,2.8668
0.0918,-26.851,0.80505,2.8701
0.0919,-26.676,0.79536,2.8694
0.092,-26.462,0.78488,2.8647
0.0921,-26.211,0.77389,2.8558
0.0922,-25.923,0.76255,2.843
0.0923,-25.6,0.75086,2.8264
0.0924,-25.243,0.7388,2.806
0.0925,-24.851,0.7263,2.782
0.0926,-24.426,0.71327,2.7545
0.0927,-23.968,0.69959,2.7235
0.0928,-23.476,0.68529,2.689
0.0929,-22.951,0.67037,2.6507
0.093,-22.392,0.6548,2.6087
0.0931,-21.8,0.63855,2.5629
0.0932,-21.177,0.62167,2.5133
0.0933,-20.524,0.6041,2.4602
0.0934,-19.843,0.58576,2.4038
0.0935,-19.134,0.56666,2.3442
0.0936,-18.399,0.54683,2.2815
0.0937,-17.639,0.52626,2.2157
0.0938,-16.854,0.50505,2.147
0.0939,-16.046,0.48334,2.0754
0.094,-15.217,0.46124,2.0009
0.0941,-14.367,0.43877,1.9237
0.0942,-13.499,0.41599,1.844
0.0943,-12.613,0.39289,1.7619
0.0944,-11.711,0.36942,1.6777
0.0945,-10.794,0.34554,1.5915
0.0946,-9.8631,0.3213,1.5034
0.0947,-8.9178,0.29668,1.4133
0.0948,-7.9591,0.27173,1.3212
0.0949,-6.9882,0.24649,1.2272
0.095,-6.0065,0.22099,1.1313
0.0951,-5.0156,0.19523,1.0337
0.0952,-4.0178,0.16923,0.93453
0.0953,-3.0151,0.14297,0.83403
0.0954,-2.0089,0.11639,0.73234
0.0955,-1.0004,0.089524,0.62956
0.0956,0.008811,0.062468,0.52575
0.0957,1.0179,0.035291,0.42096
0.0958,2.0256,0.0081048,0.31525
0.0959,3.0302,-0.018974,0.20872
0.096,4.0303,-0.045879,0.10152
0.0961,5.0247,-0.07262,-0.0061294
0.0962,6.0118,-0.099173,-0.114
0.0963,6.9903,-0.12553,-0.22186
0.0964,7.9593,-0.15172,-0.32952
0.0965,8.9179,-0.17775,-0.43682
0.0966,9.8651,-0.20357,-0.54365
0.0967,10.8,-0.22915,-0.64991
0.0968,11.722,-0.25453,-0.75546
0.0969,12.629,-0.27969,-0.8601
0.097,13.519,-0.30462,-0.96361
0.0971,14.39,-0.3294,-1.0657
0.0972,15.242,-0.35408,-1.1662
0.0973,16.071,-0.37868,-1.2649
0.0974,16.878,-0.40323,-1.3615
0.0975,17.662,-0.42772,-1.4561
0.0976,18.42,-0.45212,-1.5485
0.0977,19.152,-0.47638,-1.6386
0.0978,19.858,-0.50048,-1.7264
0.0979,20.535,-0.52441,-1.8117
0.098,21.183,-0.54817,-1.8943
0.0981,21.801,-0.5718,-1.9741
0.0982,22.388,-0.59531,-2.0511
0.0983,22.943,-0.6187,-2.1249
0.0984,23.467,-0.64195,-2.1957
0.0985,23.957,-0.66499,-2.2634
0.0986,24.415,-0.68767,-2.328
0.0987,24.839,-0.70981,-2.3892
0.0988,25.229,-0.73115,-2.4472
0.0989,25.582,-0.75135,-2.5016
0.099,25.898,-0.76997,-2.5524
0.0991,26.175,-0.78659,-2.5992
0.0992,26.414,-0.80075,-2.6421
0.0993,26.613,-0.81205,-2.6809
0.0994,26.772,-0.82024,-2.7155
0.0995,26.891,-0.82521,-2.746
0.0996,26.969,-0.82705,-2.7722
0.0997,27.006,-0.826,-2.7941
0.0998,27.002,-0.82242,-2.8118
0.0999,26.958,-0.81677,-2.8251
0.1,26.872,-0.80943,-2.8341
0.1001,26.746,-0.80077,-2.8388
0.1002,26.581,-0.79108,-2.8392
0.1003,26.376,-0.78057,-2.8355
0.1004,26.133,-0.76935,-2.8277
0.1005,25.853,-0.75752,-2.816
0.1006,25.536,-0.74513,-2.8005
0.1007,25.183,-0.73219,-2.7812
0.1008,24.794,-0.71873,-2.7582
0.1009,24.371,-0.70477,-2.7316
0.101,23.912,-0.69034,-2.7013
0.1011,23.42,-0.67545,-2.6674
0.1012,22.894,-0.6601,-2.6299
0.1013,22.336,-0.64427,-2.5889
0.1014,21.745,-0.62794,-2.5444
0.1015,21.124,-0.61109,-2.4964
0.1016,20.471,-0.59369,-2.4451
0.1017,19.79,-0.57575,-2.3904
0.1018,19.08,-0.55727,-2.3324
0.1019,18.343,-0.53825,-2.2712
0.102,17.581,-0.51868,-2.2068
0.1021,16.794,-0.49855,-2.1393
0.1022,15.984,-0.47782,-2.0689
0.1023,15.152,-0.45648,-1.9956
0.1024,14.3,-0.4345,-1.9196
0.1025,13.428,-0.41188,-1.841
0.1026,12.538,-0.38865,-1.76
0.1027,11.63,-0.36483,-1.6766
0.1028,10.706,-0.3405,-1.591
0.1029,9.7669,-0.31573,-1.5032
0.103,8.8144,-0.29059,-1.4133
0.1031,7.8498,-0.26514,-1.3217
0.1032,6.8748,-0.23943,-1.2282
0.1033,5.8907,-0.21353,-1.1332
0.1034,4.8989,-0.18745,-1.0366
0.1035,3.9006,-0.16126,-0.93868
0.1036,2.8973,-0.135,-0.83935
0.1037,1.8903,-0.10869,-0.7387
0.1038,0.88089,-0.082346,-0.63679
0.1039,-0.12932,-0.055993,-0.5337
0.104,-1.1387,-0.029652,-0.42952
0.1041,-2.1456,-0.0033184,-0.32436
0.1042,-3.1488,0.023026,-0.21838
0.1043,-4.1466,0.049387,-0.1117
0.1044,-5.138,0.075778,-0.0044561
0.1045,-6.1222,0.1022,0.10321
0.1046,-7.098,0.12864,0.21115
0.1047,-8.0647,0.15507,0.31921
0.1048,-9.0211,0.18145,0.4272
0.1049,-9.9662,0.20774,0.53492
0.105,-10.899,0.23391,0.64213
0.1051,-11.817,0.25991,0.74858
0.1052,-12.72,0.28572,0.85403
0.1053,-13.606,0.3113,0.95823
0.1054,-14.473,0.33662,1.061
0.1055,-15.321,0.36163,1.1621
0.1056,-16.147,0.38633,1.2614
0.1057,-16.951,0.41068,1.3588
0.1058,-17.732,0.43471,1.4542
0.1059,-18.488,0.45844,1.5473
0.106,-19.217,0.4819,1.6382
0.1061,-19.92,0.50515,1.7265
0.1062,-20.594,0.52825,1.8124
0.1063,-21.24,0.55124,1.8956
0.1064,-21.857,0.57417,1.9761
0.1065,-22.443,0.59705,2.0538
0.1066,-23,0.61989,2.1287
0.1067,-23.524,0.64264,2.2006
0.1068,-24.017,0.66523,2.2695
0.1069,-24.478,0.68754,2.3352
0.107,-24.905,0.70939,2.3977
0.1071,-25.299,0.73052,2.4568
0.1072,-25.657,0.75061,2.5124
0.1073,-25.98,0.76927,2.5643
0.1074,-26.267,0.78609,2.6123
0.1075,-26.515,0.80066,2.6565
0.1076,-26.726,0.81264,2.6967
0.1077,-26.897,0.82176,2.7327
0.1078,-27.027,0.8279,2.7644
0.1079,-27.118,0.83107,2.7919
0.108,-27.167,0.83144,2.815
0.1081,-27.175,0.82926,2.8337
0.1082,-27.143,0.82489,2.8481
0.1083,-27.071,0.81865,2.8583
0.1084,-26.959,0.81092,2.8642
0.1085,-26.808,0.80201,2.866
0.1086,-26.619,0.79218,2.8637
0.1087,-26.393,0.78164,2.8575
0.1088,-26.13,0.77055,2.8475
0.1089,-25.831,0.75899,2.8335
0.109,-25.496,0.74702,2.8158
0.1091,-25.127,0.73465,2.7944
0.1092,-24.723,0.72186,2.7692
0.1093,-24.285,0.70861,2.7403
0.1094,-23.813,0.69482,2.7078
0.1095,-23.309,0.68044,2.6717
0.1096,-22.772,0.66542,2.6319
0.1097,-22.203,0.6497,2.5885
0.1098,-21.601,0.63326,2.5416
0.1099,-20.969,0.61609,2.4911
0.11,-20.307,0.59819,2.4371
0.1101,-19.615,0.57956,2.3796
0.1102,-18.897,0.56025,2.3189
0.1103,-18.151,0.54028,2.255
0.1104,-17.382,0.51968,2.1881
0.1105,-16.588,0.49852,2.1183
0.1106,-15.773,0.47683,2.0457
0.1107,-14.937,0.45466,1.9705
0.1108,-14.081,0.43208,1.8927
0.1109,-13.207,0.4091,1.8124
0.111,-12.315,0.38577,1.7298
0.1111,-11.407,0.3621,1.6449
0.1112,-10.483,0.3381,1.5579
0.1113,-9.5452,0.31377,1.4688
0.1114,-8.5941,0.2891,1.3778
0.1115,-7.6309,0.26409,1.285
0.1116,-6.6568,0.23875,1.1904
0.1117,-5.673,0.2131,1.0941
0.1118,-4.6808,0.18716,0.99618
0.1119,-3.6817,0.16096,0.89678
0.112,-2.6773,0.13451,0.79597
0.1121,-1.6691,0.10783,0.69386
0.1122,-0.65876,0.080955,0.59058
0.1123,0.35217,0.053952,0.48626
0.1124,1.3622,0.026877,0.38101
0.1125,2.3698,-0.00020884,0.27498
0.1126,3.3737,-0.027243,0.1683
0.1127,4.3724,-0.054171,0.061112
0.1128,5.3649,-0.080946,-0.046431
0.1129,6.35,-0.10753,-0.15417
0.113,7.3264,-0.13391,-0.26193
0.1131,8.293,-0.16007,-0.36954
0.1132,9.2489,-0.18602,-0.47682
0.1133,10.193,-0.21176,-0.58359
0.1134,11.123,-0.23731,-0.68967
0.1135,12.04,-0.26268,-0.79487
0.1136,12.94,-0.28789,-0.89902
0.1137,13.824,-0.31295,-1.0019
0.1138,14.689,-0.33786,-1.1034
0.1139,15.533,-0.36266,-1.2033
0.114,16.357,-0.38733,-1.3013
0.1141,17.157,-0.4119,-1.3975
0.1142,17.933,-0.43636,-1.4914
0.1143,18.683,-0.46071,-1.5832
0.1144,19.407,-0.48494,-1.6725
0.1145,20.104,-0.50906,-1.7594
0.1146,20.772,-0.53305,-1.8436
0.1147,21.41,-0.55692,-1.9252
0.1148,22.018,-0.58066,-2.0039
0.1149,22.595,-0.60427,-2.0798
0.115,23.141,-0.62774,-2.1527
0.1151,23.654,-0.65104,-2.2225
0.1152,24.134,-0.67409,-2.2892
0.1153,24.58,-0.69678,-2.3525
0.1154,24.991,-0.71889,-2.4126
0.1155,25.367,-0.74013,-2.4692
0.1156,25.707,-0.7601,-2.5222
0.1157,26.01,-0.77835,-2.5716
0.1158,26.275,-0.79438,-2.6171
0.1159,26.501,-0.80774,-2.6587
0.116,26.687,-0.81809,-2.6962
0.1161,26.833,-0.82521,-2.7296
0.1162,26.939,-0.82911,-2.7587
0.1163,27.003,-0.82995,-2.7835
0.1164,27.026,-0.82804,-2.8039
0.1165,27.008,-0.82378,-2.8199
0.1166,26.949,-0.81758,-2.8317
0.1167,26.85,-0.80979,-2.8391
0.1168,26.711,-0.80076,-2.8422
0.1169,26.532,-0.79074,-2.8412
0.117,26.314,-0.77993,-2.8361
0.1171,26.057,-0.76846,-2.8269
0.1172,25.763,-0.75641,-2.8138
0.1173,25.432,-0.74386,-2.7968
0.1174,25.066,-0.73081,-2.7761
0.1175,24.664,-0.71729,-2.7518
0.1176,24.227,-0.7033,-2.7238
0.1177,23.756,-0.68884,-2.6923
0.1178,23.252,-0.67389,-2.6572
0.1179,22.715,-0.65846,-2.6187
0.118,22.145,-0.64253,-2.5766
0.1181,21.544,-0.6261,-2.531
0.1182,20.911,-0.60916,-2.4819
0.1183,20.248,-0.59168,-2.4294
0.1184,19.555,-0.57366,-2.3735
0.1185,18.835,-0.55507,-2.3143
0.1186,18.089,-0.53591,-2.252
0.1187,17.317,-0.51615,-2.1865
0.1188,16.521,-0.49578,-2.118
0.1189,15.703,-0.47479,-2.0466
0.119,14.863,-0.45317,-1.9723
0.1191,14.002,-0.43094,-1.8954
0.1192,13.122,-0.4081,-1.8158
0.1193,12.224,-0.38468,-1.7339
0.1194,11.309,-0.36073,-1.6496
0.1195,10.378,-0.3363,-1.5632
0.1196,9.4335,-0.31145,-1.4747
0.1197,8.476,-0.28624,-1.3843
0.1198,7.5071,-0.26072,-1.2922
0.1199,6.5281,-0.23498,-1.1983
0.12,5.5403,-0.20904,-1.1028
0.1201,4.5452,-0.18297,-1.0058
0.1202,3.5441,-0.15681,-0.90741
0.1203,2.5385,-0.13059,-0.80761
0.1204,1.5297,-0.10428,-0.70652
0.1205,0.51927,-0.077914,-0.60421
0.1206,0.14507,-0.054948,-0.57485
0.1207,0.12472,-0.035564,-0.58519
0.1208,0.10287,-0.017489,-0.59273
0.1209,0.082044,0.003178,-0.60059
0.121,0.062449,0.029149,-0.61331
0.1211,0.043111,0.057622,-0.62826
0.1212,0.022661,0.08479,-0.6394
0.1213,0.0025313,0.11276,-0.64954
0.1214,-0.015699,0.14557,-0.66476
0.1215,-0.032803,0.18128,-0.68229
0.1216,-0.051459,0.21549,-0.69619
0.1217,-0.072157,0.24695,-0.70588
0.1218,-0.094552,0.27638,-0.7122
0.1219,-0.11838,0.30462,-0.71586
0.122,-0.14337,0.3331,-0.71919
0.1221,-0.16892,0.36122,-0.72218
0.1222,-0.19583,0.38645,-0.72109
0.1223,-0.2242,0.40836,-0.71538
0.1224,-0.25311,0.42907,-0.70846
0.1225,-0.28224,0.44883,-0.70101
