0.05,0.21141,0.18432,-0.29238
0.0501,0.20988,0.19051,-0.28937
0.0502,0.20779,0.1966,-0.28602
0.0503,0.20512,0.20256,-0.28236
0.0504,0.20183,0.20832,-0.27836
0.0505,0.19792,0.21383,-0.27404
0.0506,0.19337,0.21903,-0.2694
0.0507,0.18822,0.22386,-0.26446
0.0508,0.18249,0.22826,-0.25922
0.0509,0.17625,0.23221,-0.2537
0.051,0.16956,0.2357,-0.24791
0.0511,0.1625,0.23872,-0.24188
0.0512,0.15518,0.24129,-0.23563
0.0513,0.14767,0.24345,-0.22917
0.0514,0.14005,0.24524,-0.22252
0.0515,0.1324,0.24675,-0.21571
0.0516,0.12476,0.24803,-0.20874
0.0517,0.11717,0.24914,-0.20161
0.0518,0.10963,0.25011,-0.19431
0.0519,0.10216,0.25099,-0.18683
0.052,0.094757,0.25181,-0.17913
0.0521,0.087395,0.25258,-0.17118
0.0522,0.080058,0.2533,-0.16295
0.0523,0.072726,0.25394,-0.1544
0.0524,0.065376,0.25448,-0.14549
0.0525,0.057986,0.25487,-0.13619
0.0526,0.050541,0.25505,-0.12646
0.0527,0.043022,0.25499,-0.11626
0.0528,0.035424,0.25464,-0.1056
0.0529,0.027747,0.25397,-0.094454
0.053,0.02,0.25295,-0.082851
0.0531,0.012204,0.25159,-0.070827
0.0532,0.0043816,0.2499,-0.058435
0.0533,-0.0034319,0.2479,-0.045745
0.0534,-0.011209,0.24563,-0.032835
0.0535,-0.018914,0.24314,-0.019789
0.0536,-0.026518,0.24047,-0.0066811
0.0537,-0.033993,0.23768,0.006415
0.0538,-0.041319,0.23484,0.019434
0.0539,-0.048484,0.23198,0.032324
0.054,-0.055483,0.22915,0.045042
0.0541,-0.062315,0.22638,0.057549
0.0542,-0.068989,0.22367,0.06982
0.0543,-0.075531,0.22099,0.081837
0.0544,-0.081976,0.21831,0.093589
0.0545,-0.088342,0.21558,0.10507
0.0546,-0.094651,0.21273,0.11627
0.0547,-0.10093,0.20968,0.1272
0.0548,-0.10718,0.20636,0.13786
0.0549,-0.11341,0.20269,0.14824
0.055,-0.11961,0.19859,0.15834
0.0551,-0.12578,0.19402,0.16814
0.0552,-0.1319,0.18891,0.17763
0.0553,-0.13795,0.18323,0.18678
0.0554,-0.14389,0.17696,0.19559
0.0555,-0.14971,0.17009,0.20402
0.0556,-0.15538,0.16264,0.21205
0.0557,-0.16087,0.15465,0.21968
0.0558,-0.16617,0.14617,0.22688
0.0559,-0.17126,0.13728,0.23363
0.056,-0.17613,0.12806,0.23993
0.0561,-0.18078,0.1186,0.24577
0.0562,-0.18521,0.109,0.25115
0.0563,-0.18943,0.099321,0.25608
0.0564,-0.19347,0.08964,0.26058
0.0565,-0.19735,0.080006,0.26465
0.0566,-0.20107,0.070452,0.26831
0.0567,-0.20468,0.060995,0.27157
0.0568,-0.20816,0.051637,0.27446
0.0569,-0.21155,0.042376,0.27696
0.057,-0.21483,0.033197,0.27909
0.0571,-0.218,0.024086,0.28087
0.0572,-0.22104,0.015031,0.2823
0.0573,-0.22392,0.006031,0.28338
0.0574,-0.22663,-0.0029128,0.28408
0.0575,-0.2291,-0.011778,0.28441
0.0576,-0.2313,-0.020534,0.28434
0.0577,-0.23317,-0.029136,0.28388
0.0578,-0.23464,-0.037536,0.28301
0.0579,-0.23566,-0.045676,0.28172
0.058,-0.23616,-0.053507,0.28002
0.0581,-0.23609,-0.060986,0.27791
0.0582,-0.2354,-0.068078,0.2754
0.0583,-0.23407,-0.07476,0.27251
0.0584,-0.2321,-0.081029,0.26926
0.0585,-0.22949,-0.086889,0.26568
0.0586,-0.22628,-0.092359,0.26178
0.0587,-0.22252,-0.097467,0.2576
0.0588,-0.21828,-0.10225,0.25316
0.0589,-0.21362,-0.10676,0.24848
0.059,-0.2086,-0.11103,0.24358
0.0591,-0.2033,-0.1151,0.23847
0.0592,-0.19776,-0.119,0.23317
0.0593,-0.19203,-0.12277,0.22769
0.0594,-0.18612,-0.12641,0.22202
0.0595,-0.18005,-0.12992,0.21618
0.0596,-0.17382,-0.13328,0.21015
0.0597,-0.16744,-0.13646,0.20394
0.0598,-0.16089,-0.13942,0.19753
0.0599,-0.15416,-0.14214,0.19091
0.06,-0.14727,-0.1446,0.18407
0.0601,-0.1402,-0.14674,0.17699
0.0602,-0.13297,-0.14855,0.16965
0.0603,-0.1256,-0.14999,0.16202
0.0604,-0.1181,-0.15104,0.15409
0.0605,-0.11051,-0.1517,0.14581
0.0606,-0.10285,-0.15198,0.13718
0.0607,-0.095152,-0.1519,0.12815
0.0608,-0.087441,-0.1515,0.11871
0.0609,-0.079743,-0.15081,0.10884
0.061,-0.072082,-0.1499,0.098543
0.0611,-0.064475,-0.14881,0.087815
0.0612,-0.056939,-0.14758,0.076678
0.0613,-0.04947,-0.14627,0.065156
0.0614,-0.042075,-0.14491,0.053287
0.0615,-0.034748,-0.1435,0.04111
0.0616,-0.027479,-0.14206,0.02867
0.0617,-0.020257,-0.14057,0.016014
0.0618,-0.013069,-0.13902,0.0031906
0.0619,-0.0059071,-0.13738,-0.0097521
0.062,0.0012471,-0.13561,-0.022767
0.0621,0.0083954,-0.13368,-0.035806
0.0622,0.015538,-0.13155,-0.048823
0.0623,0.022671,-0.12918,-0.061772
0.0624,0.029783,-0.12656,-0.074611
0.0625,0.036857,-0.12366,-0.087295
0.0626,0.043876,-0.12047,-0.099784
0.0627,0.05084,-0.11699,-0.11204
0.0628,0.057735,-0.11324,-0.12403
0.0629,0.064534,-0.10922,-0.13571
0.063,0.071211,-0.10496,-0.14706
0.0631,0.077742,-0.10046,-0.15806
0.0632,0.08411,-0.095757,-0.16869
0.0633,0.090306,-0.090841,-0.17893
0.0634,0.096327,-0.085713,-0.18878
0.0635,0.10218,-0.080361,-0.19824
0.0636,0.10786,-0.074769,-0.20731
0.0637,0.1134,-0.06891,-0.216
0.0638,0.11881,-0.062762,-0.22431
0.0639,0.1241,-0.056302,-0.23225
0.064,0.1293,-0.049511,-0.23984
0.0641,0.13441,-0.042375,-0.24707
0.0642,0.13946,-0.034888,-0.25395
0.0643,0.14444,-0.027046,-0.26048
0.0644,0.14937,-0.018859,-0.26666
0.0645,0.15423,-0.010339,-0.27247
0.0646,0.15902,-0.0015176,-0.2779
0.0647,0.16373,0.0075714,-0.28294
0.0648,0.16834,0.016877,-0.28757
0.0649,0.17283,0.026342,-0.29176
0.065,0.17717,0.035897,-0.2955
0.0651,0.18134,0.045474,-0.29877
0.0652,1.5821,3.4374,-5.1736
0.0653,2.2889,4.8436,-7.3186
0.0654,2.8372,5.7873,-8.8359
0.0655,3.2867,6.969,-10.491
0.0656,3.5472,7.9957,-11.794
0.0657,3.729,8.6282,-12.618
0.0658,3.9631,9.4164,-13.65
0.0659,4.1794,10.86,-15.321
0.066,4.3826,12.876,-17.555
0.0661,4.688,15.024,-20.026
0.0662,5.038,17.132,-22.501
0.0663,5.3081,19.047,-24.699
0.0664,5.5268,20.715,-26.595
0.0665,5.6565,21.99,-28.004
0.0666,5.6425,22.976,-28.974
0.0667,5.5552,24.015,-29.919
0.0668,5.5354,25.524,-31.402
0.0669,5.5551,27.579,-33.471
0.067,5.592,30.196,-36.124
0.0671,5.6921,33.18,-39.212
0.0672,5.7686,35.864,-41.975
0.0673,5.7134,37.943,-43.999
0.0674,5.5907,39.867,-45.799
0.0675,5.4163,41.673,-47.429
0.0676,5.0517,42.833,-48.214
0.0677,4.4873,43.567,-48.365
0.0678,3.8385,44.726,-48.851
0.0679,3.1185,46.444,-49.827
0.068,2.354,48.332,-50.933
0.0681,1.6853,50.422,-52.347
0.0682,1.1279,52.801,-54.173
0.0683,0.56985,55.046,-55.876
0.0684,0.022312,56.747,-57.056
0.0685,-0.4671,57.958,-57.814
0.0686,-0.98945,58.955,-58.333
0.0687,-1.592,60.031,-58.862
0.0688,-2.2156,61.365,-59.643
0.0689,-2.9031,62.937,-60.618
0.069,-3.7367,64.702,-61.665
0.0691,-4.6366,66.7,-62.916
0.0692,-5.5174,68.637,-64.171
0.0693,-6.4037,70.306,-65.207
0.0694,-7.3037,71.481,-65.798
0.0695,-8.1787,72.1,-65.927
0.0696,-9.0984,72.05,-65.417
0.0697,-10.138,71.569,-64.44
0.0698,-11.249,71.207,-63.613
0.0699,-12.399,71.126,-63.151
0.07,-13.627,71.154,-62.862
0.0701,-14.894,71.319,-62.837
0.0702,-16.132,71.576,-63.123
0.0703,-17.33,71.457,-63.283
0.0704,-18.438,70.654,-63.067
0.0705,-19.379,69.321,-62.706
0.0706,-20.201,67.56,-62.247
0.0707,-21.009,65.33,-61.52
0.0708,-21.835,62.827,-60.661
0.0709,-22.723,60.363,-59.912
0.071,-23.756,58.07,-59.298
0.0711,-24.902,55.95,-58.827
0.0712,-26.074,53.927,-58.474
0.0713,-27.275,51.702,-57.884
0.0714,-28.504,49.06,-56.773
0.0715,-29.671,46.056,-55.212
0.0716,-30.749,42.811,-53.284
0.0717,-31.795,39.528,-51.095
0.0718,-32.807,36.548,-48.984
0.0719,-33.784,34.067,-47.159
0.072,-34.81,32.053,-45.524
0.0721,-35.913,30.523,-44.108
0.0722,-37.008,29.459,-43.015
0.0723,-38.039,28.564,-42.006
0.0724,-38.989,27.548,-40.795
0.0725,-39.804,26.381,-39.397
0.0726,-40.469,25.027,-37.775
0.0727,-41.056,23.442,-35.795
0.0728,-41.606,21.865,-33.666
0.0729,-42.124,20.627,-31.764
0.073,-42.668,19.764,-30.108
0.0731,-43.293,19.144,-28.538
0.0732,-43.979,18.676,-26.996
0.0733,-44.712,18.184,-25.326
0.0734,-45.483,17.459,-23.308
0.0735,-46.221,16.46,-20.95
0.0736,-46.858,15.243,-18.364
0.0737,-47.404,13.87,-15.602
0.0738,-47.873,12.512,-12.834
0.0739,-48.251,11.376,-10.31
0.074,-48.568,10.557,-8.1253
0.0741,-48.85,10.09,-6.3278
0.0742,-49.062,9.9506,-4.948
0.0743,-49.191,9.891,-3.7498
0.0744,-49.27,9.6093,-2.3705
0.0745,-49.292,9.0234,-0.71116
0.0746,-49.222,8.1558,1.1931
0.0747,-49.076,7.0136,3.3679
0.0748,-48.865,5.7629,5.6567
0.0749,-48.562,4.6613,7.7553
0.075,-48.19,3.7559,9.6233
0.0751,-47.809,2.9669,11.394
0.0752,-47.415,2.3095,13.043
0.0753,-46.981,1.7432,14.583
0.0754,-46.52,1.0592,16.25
0.0755,-46.02,0.12909,18.184
0.0756,-45.429,-1.019,20.32
0.0757,-44.733,-2.3345,22.599
0.0758,-43.928,-3.7011,24.9
0.0759,-42.964,-4.8915,26.932
0.076,-41.799,-5.7531,28.479
0.0761,-40.452,-6.2986,29.556
0.0762,-38.941,-6.6183,30.261
0.0763,-37.281,-6.8752,30.775
0.0764,-35.527,-7.2764,31.365
0.0765,-33.723,-7.9183,32.178
0.0766,-31.868,-8.7952,33.208
0.0767,-29.975,-9.9077,34.466
0.0768,-28.073,-11.181,35.895
0.0769,-26.15,-12.381,37.226
0.077,-24.22,-13.481,38.428
0.0771,-22.295,-14.397,39.404
0.0772,-20.381,-15.106,40.116
0.0773,-18.473,-15.664,40.597
0.0774,-16.604,-16.261,41.064
0.0775,-14.815,-17.041,41.698
0.0776,-13.104,-17.976,42.469
0.0777,-11.464,-18.99,43.286
0.0778,-9.9011,-20.007,44.072
0.0779,-8.3877,-20.874,44.636
0.078,-6.8889,-21.457,44.796
0.0781,-5.414,-21.777,44.574
0.0782,-3.979,-21.92,44.068
0.0783,-2.5769,-21.96,43.347
0.0784,-1.2252,-22.024,42.562
0.0785,0.036221,-22.262,41.914
0.0786,1.1937,-22.743,41.502
0.0787,2.2407,-23.455,41.336
0.0788,3.1522,-24.314,41.373
0.0789,3.9323,-25.142,41.437
0.079,4.6236,-25.763,41.319
0.0791,5.2526,-26.123,40.939
0.0792,5.8312,-26.237,40.304
0.0793,6.3884,-26.163,39.445
0.0794,6.9404,-26.034,38.484
0.0795,7.4763,-25.975,37.563
0.0796,7.9979,-25.99,36.69
0.0797,8.5189,-26.032,35.807
0.0798,9.0308,-26.073,34.901
0.0799,9.5225,-26.024,33.897
0.08,10.003,-25.757,32.661
0.0801,10.479,-25.231,31.146
0.0802,10.95,-24.49,29.399
0.0803,11.432,-23.603,27.475
0.0804,11.933,-22.7,25.499
0.0805,12.433,-21.955,23.669
0.0806,12.911,-21.45,22.094
0.0807,13.354,-21.146,20.755
0.0808,13.736,-20.943,19.583
0.0809,14.038,-20.697,18.459
0.081,14.271,-20.26,17.229
0.0811,14.442,-19.558,15.811
0.0812,14.552,-18.588,14.202
0.0813,14.632,-17.378,12.4
0.0814,14.721,-16.018,10.453
0.0815,14.837,-14.64,8.4719
0.0816,14.992,-13.321,6.5227
0.0817,15.201,-12.081,4.6077
0.0818,15.45,-10.917,2.7398
0.0819,15.703,-9.7573,0.88199
0.082,15.947,-8.4594,-1.0914
0.0821,16.175,-6.9468,-3.2515
0.0822,16.369,-5.2542,-5.5455
0.0823,16.525,-3.4507,-7.8977
0.0824,16.652,-1.6306,-10.225
0.0825,16.751,0.072731,-12.393
0.0826,16.815,1.5746,-14.311
0.0827,16.85,2.8945,-16.003
0.0828,16.855,4.0976,-17.535
0.0829,16.81,5.2682,-18.968
0.083,16.701,6.5302,-20.413
0.0831,16.524,8.0012,-21.985
0.0832,16.274,9.733,-23.731
0.0833,15.962,11.709,-25.649
0.0834,15.623,13.847,-27.693
0.0835,15.282,16.007,-29.753
0.0836,14.957,18.068,-31.727
0.0837,14.667,19.976,-33.583
0.0838,14.417,21.728,-35.326
0.0839,14.193,23.376,-36.995
0.084,13.975,25.025,-38.676
0.0841,13.747,26.741,-40.421
0.0842,13.474,28.52,-42.194
0.0843,13.128,30.336,-43.942
0.0844,12.703,32.146,-45.618
0.0845,12.201,33.859,-47.136
0.0846,11.626,35.374,-48.404
0.0847,10.995,36.669,-49.419
0.0848,10.329,37.775,-50.237
0.0849,9.6267,38.751,-50.923
0.085,8.8874,39.71,-51.592
0.0851,8.119,40.763,-52.372
0.0852,7.3211,41.954,-53.314
0.0853,6.4883,43.256,-54.394
0.0854,5.6297,44.586,-55.548
0.0855,4.7589,45.821,-56.675
0.0856,3.8817,46.845,-57.672
0.0857,3.0117,47.594,-58.495
0.0858,2.1687,48.041,-59.143
0.0859,1.3565,48.198,-59.635
0.086,0.5644,48.131,-60.027
0.0861,-0.2203,47.92,-60.386
0.0862,-1.0189,47.604,-60.73
0.0863,-1.859,47.194,-61.04
0.0864,-2.7559,46.678,-61.28
0.0865,-3.7134,45.999,-61.378
0.0866,-4.7343,45.089,-61.247
0.0867,-5.8123,43.946,-60.866
0.0868,-6.9285,42.627,-60.288
0.0869,-8.0646,41.21,-59.587
0.087,-9.2038,39.799,-58.865
0.0871,-10.324,38.501,-58.237
0.0872,-11.41,37.361,-57.754
0.0873,-12.462,36.363,-57.392
0.0874,-13.478,35.462,-57.098
0.0875,-14.451,34.587,-56.79
0.0876,-15.386,33.653,-56.36
0.0877,-16.282,32.606,-55.731
0.0878,-17.135,31.439,-54.881
0.0879,-17.945,30.185,-53.827
0.088,-18.721,28.912,-52.622
0.0881,-19.465,27.705,-51.353
0.0882,-20.177,26.617,-50.077
0.0883,-20.863,25.652,-48.8
0.0884,-21.531,24.786,-47.5
0.0885,-22.18,23.971,-46.128
0.0886,-22.813,23.15,-44.619
0.0887,-23.434,22.303,-42.945
0.0888,-24.032,21.453,-41.138
0.0889,-24.587,20.632,-39.253
0.089,-25.084,19.884,-37.356
0.0891,-25.5,19.26,-35.536
0.0892,-25.81,18.783,-33.853
0.0893,-25.994,18.421,-32.307
0.0894,-26.041,18.121,-30.858
0.0895,-25.942,17.805,-29.438
0.0896,-25.701,17.384,-27.946
0.0897,-25.334,16.798,-26.295
0.0898,-24.863,16.042,-24.452
0.0899,-24.307,15.154,-22.433
0.09,-23.687,14.2,-20.288
0.0901,-23.018,13.254,-18.091
0.0902,-22.302,12.373,-15.913
0.0903,-21.543,11.572,-13.781
0.0904,-20.745,10.839,-11.697
0.0905,-19.907,10.146,-9.6432
0.0906,-19.032,9.4454,-7.5805
0.0907,-18.128,8.7055,-5.4742
0.0908,-17.201,7.9255,-3.3265
0.0909,-16.256,7.124,-1.1624
0.091,-15.298,6.3391,0.97216
0.0911,-14.331,5.6123,3.0216
0.0912,-13.35,4.9716,4.9329
0.0913,-12.348,4.4087,6.6899
0.0914,-11.327,3.8772,8.3241
0.0915,-10.286,3.3087,9.8952
0.0916,-9.2345,2.6311,11.479
0.0917,-8.1927,1.7924,13.15
0.0918,-7.184,0.78188,14.944
0.0919,-6.2272,-0.36535,16.851
0.092,-5.3399,-1.5853,18.824
0.0921,-4.536,-2.8086,20.812
0.0922,-3.8173,-3.9716,22.75
0.0923,-3.1773,-5.0304,24.587
0.0924,-2.6061,-5.9773,26.303
0.0925,-2.0875,-6.8384,27.908
0.0926,-1.6013,-7.6579,29.426
0.0927,-1.133,-8.4813,30.887
0.0928,-0.67379,-9.3392,32.315
0.0929,-0.21645,-10.235,33.705
0.093,0.24212,-11.142,35.028
0.0931,0.70155,-12.021,36.241
0.0932,1.1633,-12.842,37.312
0.0933,1.6298,-13.604,38.232
0.0934,2.0999,-14.33,39.028
0.0935,2.572,-15.07,39.748
0.0936,3.0454,-15.877,40.453
0.0937,3.5161,-16.798,41.195
0.0938,3.9774,-17.85,42.006
0.0939,4.4231,-19.016,42.877
0.094,4.8442,-20.244,43.774
0.0941,5.2296,-21.465,44.642
0.0942,5.5724,-22.601,45.415
0.0943,5.8723,-23.59,46.036
0.0944,6.1328,-24.412,46.483
0.0945,6.3635,-25.086,46.768
0.0946,6.5807,-25.656,46.922
0.0947,6.8008,-26.176,46.982
0.0948,7.0375,-26.693,46.981
0.0949,7.3042,-27.227,46.926
0.095,7.6099,-27.773,46.8
0.0951,7.9549,-28.306,46.578
0.0952,8.3334,-28.802,46.242
0.0953,8.7375,-29.244,45.783
0.0954,9.155,-29.632,45.217
0.0955,9.5736,-29.987,44.58
0.0956,9.9863,-30.345,43.921
0.0957,10.389,-30.742,43.285
0.0958,10.778,-31.197,42.699
0.0959,11.151,-31.7,42.161
0.096,11.506,-32.208,41.633
0.0961,11.839,-32.653,41.055
0.0962,12.148,-32.965,40.364
0.0963,12.43,-33.09,39.509
0.0964,12.688,-33.009,38.474
0.0965,12.924,-32.738,37.276
0.0966,13.145,-32.322,35.953
0.0967,13.365,-31.817,34.549
0.0968,13.597,-31.28,33.108
0.0969,13.855,-30.748,31.655
0.097,14.149,-30.233,30.187
0.0971,14.484,-29.724,28.69
0.0972,14.856,-29.196,27.143
0.0973,15.257,-28.623,25.528
0.0974,15.673,-27.989,23.844
0.0975,16.09,-27.3,22.115
0.0976,16.493,-26.578,20.379
0.0977,16.869,-25.848,18.678
0.0978,17.21,-25.124,17.036
0.0979,17.507,-24.396,15.454
0.098,17.762,-23.632,13.9
0.0981,17.975,-22.781,12.323
0.0982,18.15,-21.794,10.671
0.0983,18.293,-20.633,8.8986
0.0984,18.411,-19.287,6.9883
0.0985,18.511,-17.776,4.9527
0.0986,18.6,-16.145,2.8288
0.0987,18.687,-14.454,0.66702
0.0988,18.779,-12.765,-1.4797
0.0989,18.882,-11.122,-3.5722
0.099,18.998,-9.5418,-5.5988
0.0991,19.127,-8.0124,-7.5715
0.0992,19.265,-6.5066,-9.5139
0.0993,19.406,-4.9932,-11.451
0.0994,19.539,-3.4499,-13.396
0.0995,19.653,-1.8712,-15.343
0.0996,19.733,-0.26681,-17.266
0.0997,19.767,1.3488,-19.138
0.0998,19.741,2.9665,-20.937
0.0999,19.648,4.5892,-22.659
0.1,19.486,6.2348,-24.318
0.1001,19.256,7.9343,-25.95
0.1002,18.966,9.7223,-27.596
0.1003,18.625,11.625,-29.295
0.1004,18.248,13.647,-31.068
0.1005,17.849,15.767,-32.906
0.1006,17.439,17.936,-34.777
0.1007,17.028,20.095,-36.632
0.1008,16.622,22.183,-38.415
0.1009,16.219,24.158,-40.085
0.101,15.814,26.005,-41.625
0.1011,15.403,27.737,-43.04
0.1012,14.977,29.382,-44.352
0.1013,14.526,30.974,-45.588
0.1014,14.043,32.544,-46.773
0.1015,13.52,34.108,-47.914
0.1016,12.948,35.667,-49.008
0.1017,12.322,37.21,-50.038
0.1018,11.638,38.723,-50.988
0.1019,10.893,40.195,-51.848
0.102,10.086,41.628,-52.623
0.1021,9.2219,43.037,-53.333
0.1022,8.3063,44.443,-54.01
0.1023,7.35,45.857,-54.682
0.1024,6.3673,47.275,-55.364
0.1025,5.3736,48.669,-56.052
0.1026,4.3826,49.991,-56.715
0.1027,3.4055,51.179,-57.312
0.1028,2.4488,52.176,-57.797
0.1029,1.5134,52.937,-58.134
0.103,0.59496,53.446,-58.308
0.1031,-0.31461,53.709,-58.324
0.1032,-1.2263,53.754,-58.203
0.1033,-2.1524,53.622,-57.979
0.1034,-3.103,53.349,-57.684
0.1035,-4.0855,52.962,-57.341
0.1036,-5.1038,52.466,-56.953
0.1037,-6.1575,51.854,-56.513
0.1038,-7.2431,51.11,-56.009
0.1039,-8.3557,50.225,-55.428
0.104,-9.4891,49.2,-54.769
0.1041,-10.635,48.052,-54.043
0.1042,-11.786,46.806,-53.271
0.1043,-12.93,45.488,-52.47
0.1044,-14.058,44.116,-51.65
0.1045,-15.157,42.694,-50.807
0.1046,-16.217,41.214,-49.921
0.1047,-17.228,39.658,-48.959
0.1048,-18.183,38.011,-47.889
0.1049,-19.08,36.271,-46.684
0.105,-19.922,34.452,-45.336
0.1051,-20.715,32.592,-43.853
0.1052,-21.471,30.744,-42.266
0.1053,-22.2,28.966,-40.612
0.1054,-22.914,27.305,-38.928
0.1055,-23.619,25.792,-37.239
0.1056,-24.315,24.432,-35.555
0.1057,-25.001,23.211,-33.87
0.1058,-25.666,22.102,-32.171
0.1059,-26.3,21.076,-30.443
0.106,-26.887,20.108,-28.678
0.1061,-27.412,19.183,-26.879
0.1062,-27.861,18.294,-25.057
0.1063,-28.221,17.438,-23.224
0.1064,-28.481,16.611,-21.391
0.1065,-28.633,15.802,-19.559
0.1066,-28.669,14.99,-17.717
0.1067,-28.588,14.149,-15.841
0.1068,-28.387,13.252,-13.908
0.1069,-28.07,12.284,-11.899
0.107,-27.644,11.246,-9.8099
0.1071,-27.119,10.159,-7.6543
0.1072,-26.506,9.0565,-5.4622
0.1073,-25.82,7.981,-3.2713
0.1074,-25.073,6.9684,-1.1177
0.1075,-24.275,6.0417,0.97264
0.1076,-23.433,5.2053,2.9896
0.1077,-22.553,4.4457,4.9388
0.1078,-21.635,3.736,6.8367
0.1079,-20.677,3.0434,8.7033
0.108,-19.675,2.338,10.556
0.1081,-18.628,1.5996,12.4
0.1082,-17.534,0.81955,14.233
0.1083,-16.395,-0.0021286,16.042
0.1084,-15.219,-0.86174,17.817
0.1085,-14.015,-1.7576,19.551
0.1086,-12.795,-2.6941,21.248
0.1087,-11.573,-3.681,22.923
0.1088,-10.367,-4.7285,24.593
0.1089,-9.1907,-5.8405,26.273
0.109,-8.0588,-7.0104,27.965
0.1091,-6.9826,-8.2183,29.658
0.1092,-5.9701,-9.4329,31.327
0.1093,-5.0261,-10.617,32.939
0.1094,-4.1523,-11.738,34.461
0.1095,-3.3472,-12.771,35.868
0.1096,-2.6064,-13.712,37.151
0.1097,-1.923,-14.572,38.316
0.1098,-1.2877,-15.379,39.384
0.1099,-0.6894,-16.169,40.381
0.11,-0.11674,-16.973,41.331
0.1101,0.4414,-17.816,42.247
0.1102,0.99492,-18.707,43.131
0.1103,1.5513,-19.647,43.975
0.1104,2.1146,-20.626,44.766
0.1105,2.6855,-21.636,45.495
0.1106,3.261,-22.668,46.158
0.1107,3.8349,-23.719,46.759
0.1108,4.3989,-24.786,47.308
0.1109,4.9448,-25.867,47.815
0.111,5.4647,-26.951,48.284
0.1111,5.9524,-28.021,48.708
0.1112,6.4045,-29.049,49.07
0.1113,6.8204,-30.003,49.343
0.1114,7.2019,-30.856,49.503
0.1115,7.5535,-31.589,49.529
0.1116,7.8822,-32.199,49.417
0.1117,8.1961,-32.702,49.178
0.1118,8.5041,-33.128,48.833
0.1119,8.815,-33.512,48.414
0.112,9.1371,-33.888,47.946
0.1121,9.4771,-34.279,47.449
0.1122,9.8398,-34.694,46.927
0.1123,10.228,-35.131,46.376
0.1124,10.642,-35.574,45.783
0.1125,11.079,-36.005,45.133
0.1126,11.533,-36.405,44.415
0.1127,11.998,-36.762,43.627
0.1128,12.466,-37.066,42.771
0.1129,12.927,-37.312,41.854
0.113,13.373,-37.493,40.881
0.1131,13.796,-37.595,39.853
0.1132,14.191,-37.602,38.76
0.1133,14.555,-37.492,37.589
0.1134,14.889,-37.249,36.326
0.1135,15.196,-36.865,34.961
0.1136,15.484,-36.348,33.495
0.1137,15.763,-35.718,31.941
0.1138,16.042,-35.007,30.322
0.1139,16.331,-34.255,28.667
0.114,16.637,-33.494,27
0.1141,16.966,-32.747,25.342
0.1142,17.319,-32.024,23.698
0.1143,17.693,-31.315,22.063
0.1144,18.084,-30.601,20.422
0.1145,18.483,-29.857,18.759
0.1146,18.882,-29.058,17.058
0.1147,19.273,-28.187,15.312
0.1148,19.645,-27.235,13.52
0.1149,19.992,-26.196,11.689
0.115,20.307,-25.072,9.8242
0.1151,20.583,-23.86,7.932
0.1152,20.818,-22.556,6.0126
0.1153,21.008,-21.156,4.0624
0.1154,21.156,-19.656,2.0768
0.1155,21.267,-18.058,0.053645
0.1156,21.346,-16.375,-2.003
0.1157,21.403,-14.629,-4.0808
0.1158,21.447,-12.85,-6.1598
0.1159,21.488,-11.073,-8.2165
0.116,21.531,-9.3369,-10.218
0.1161,21.58,-7.6501,-12.161
0.1162,21.637,-6.0036,-14.057
0.1163,21.695,-4.403,-15.895
0.1164,21.744,-2.8223,-17.691
0.1165,21.776,-1.2339,-19.463
0.1166,21.967,-0.52415,-20.518
0.1167,22.321,-0.51936,-21.029
0.1168,22.693,-0.51453,-21.551
0.1169,23.05,-0.51192,-22.049
0.117,23.36,-0.51185,-22.49
0.1171,23.634,-0.51405,-22.884
0.1172,23.891,-0.517,-23.253
0.1173,24.107,-0.52096,-23.57
0.1174,24.237,-0.52807,-23.785
0.1175,24.284,-0.5375,-23.905
0.1176,24.285,-0.54555,-23.97
0.1177,24.255,-0.55122,-23.995
0.1178,24.196,-0.55526,-23.985
0.1179,24.12,-0.5574,-23.952
0.118,24.033,-0.55786,-23.904
0.1181,23.939,-0.55765,-23.843
0.1182,23.837,-0.5556,-23.769
0.1183,23.711,-0.55028,-23.666
0.1184,23.533,-0.54269,-23.505
0.1185,23.287,-0.53356,-23.27
0.1186,22.986,-0.52135,-22.976
0.1187,22.645,-0.5063,-22.638
0.1188,22.263,-0.49066,-22.255
0.1189,21.838,-0.475,-21.825
0.119,21.381,-0.4586,-21.36
0.1191,20.914,-0.44243,-20.884
0.1192,20.443,-0.42765,-20.401
0.1193,19.944,-0.4147,-19.886
0.1194,19.391,-0.40436,-19.311
0.1195,18.777,-0.39633,-18.669
0.1196,18.114,-0.38851,-17.974
0.1197,17.396,-0.38003,-17.22
0.1198,16.616,-0.37198,-16.399
0.1199,15.793,-0.36402,-15.531
0.12,14.955,-0.35449,-14.646
0.1201,14.114,-0.34312,-13.759
0.1202,13.272,-0.32973,-12.87
0.1203,12.435,-0.31294,-11.988
0.1204,11.6,-0.29279,-11.11
0.1205,10.753,-0.27085,-10.22
0.1206,9.8815,-0.24718,-9.3053
0.1207,8.9809,-0.22132,-8.3617
0.1208,8.0414,-0.19466,-7.378
0.1209,7.0626,-0.16858,-6.3529
0.121,6.0614,-0.14282,-5.3046
0.1211,5.055,-0.11792,-4.2513
0.1212,4.0483,-0.095452,-3.1967
0.1213,3.0395,-0.075404,-2.1387
0.1214,2.0261,-0.056768,-1.0758
0.1215,1.0052,-0.039325,-0.0056201
0.1216,-0.028348,-0.02284,1.0777
0.1217,-0.088073,-0.028703,1.1451
0.1218,-0.10785,-0.035865,1.1792
0.1219,-0.12778,-0.045613,1.2156
0.122,-0.14446,-0.057384,1.2481
0.1221,-0.1579,-0.070132,1.2747
0.1222,-0.16521,-0.083008,1.2967
0.1223,-0.17025,-0.094227,1.3172
0.1224,-0.1714,-0.10344,1.3304
0.1225,-0.1679,-0.11228,1.3347
