0.05,0.16665,-0.46726,0.27296
0.0501,0.18556,-0.46889,0.25905
0.0502,0.204,-0.46952,0.24475
0.0503,0.22192,-0.46911,0.23006
0.0504,0.2393,-0.46767,0.21497
0.0505,0.25612,-0.46522,0.19948
0.0506,0.27243,-0.46181,0.18359
0.0507,0.28828,-0.45756,0.16726
0.0508,0.30373,-0.45257,0.15055
0.0509,0.31885,-0.44699,0.13349
0.051,0.3337,-0.44096,0.11613
0.0511,0.34831,-0.4346,0.098524
0.0512,0.36268,-0.42801,0.080725
0.0513,0.3768,-0.42124,0.062769
0.0514,0.39061,-0.4143,0.044674
0.0515,0.40402,-0.40718,0.026468
0.0516,0.41692,-0.39985,0.0081689
0.0517,0.4292,-0.39224,-0.010205
0.0518,0.44072,-0.38428,-0.028638
0.0519,0.45131,-0.37587,-0.047102
0.052,0.46086,-0.36691,-0.065586
0.0521,0.46924,-0.3573,-0.084077
0.0522,0.47636,-0.34696,-0.10257
0.0523,0.48217,-0.3358,-0.12106
0.0524,0.48668,-0.32379,-0.13956
0.0525,0.48992,-0.31093,-0.15805
0.0526,0.49197,-0.29725,-0.17653
0.0527,0.49294,-0.28285,-0.19496
0.0528,0.49298,-0.26783,-0.21332
0.0529,0.49221,-0.25233,-0.23156
0.053,0.49079,-0.23649,-0.24964
0.0531,0.48884,-0.22043,-0.26753
0.0532,0.48648,-0.20426,-0.28519
0.0533,0.4838,-0.18808,-0.30259
0.0534,0.48085,-0.17193,-0.31971
0.0535,0.47766,-0.15583,-0.33652
0.0536,0.47423,-0.13978,-0.35298
0.0537,0.47052,-0.12374,-0.36905
0.0538,0.46645,-0.10768,-0.3847
0.0539,0.46193,-0.091506,-0.39986
0.054,0.45687,-0.07513,-0.41448
0.0541,0.45115,-0.058451,-0.42852
0.0542,0.44469,-0.04138,-0.4419
0.0543,0.43741,-0.023842,-0.45457
0.0544,0.42928,-0.0058009,-0.46645
0.0545,0.42028,0.012739,-0.47748
0.0546,0.41045,0.031734,-0.4876
0.0547,0.39983,0.051106,-0.49676
0.0548,0.38851,0.070749,-0.50493
0.0549,0.37658,0.090543,-0.51211
0.055,0.36415,0.11036,-0.51833
0.0551,0.35132,0.13008,-0.52361
0.0552,0.33822,0.14959,-0.528
0.0553,0.32491,0.16877,-0.53154
0.0554,0.31148,0.18755,-0.53426
0.0555,0.29797,0.20587,-0.53621
0.0556,-2.9384,2.431,-0.49521
0.0557,-4.489,3.4877,-0.46018
0.0558,-5.6929,4.3135,-0.42828
0.0559,-6.7283,5.0054,-0.39496
0.056,-7.2725,5.2588,-0.34223
0.0561,-7.8659,5.5089,-0.3023
0.0562,-8.8976,6.0861,-0.28815
0.0563,-9.8861,6.5737,-0.25858
0.0564,-10.891,7.0415,-0.21174
0.0565,-12.336,7.8912,-0.17887
0.0566,-13.861,8.7708,-0.1447
0.0567,-15.118,9.389,-0.096639
0.0568,-16.354,10.001,-0.056663
0.0569,-17.341,10.386,-0.019563
0.057,-17.94,10.379,0.022671
0.0571,-18.636,10.414,0.049706
0.0572,-19.721,10.723,0.054903
0.0573,-20.978,11.104,0.060395
0.0574,-22.443,11.659,0.071993
0.0575,-24.096,12.418,0.088362
0.0576,-25.44,12.926,0.12271
0.0577,-26.395,13.113,0.16942
0.0578,-27.343,13.316,0.20814
0.0579,-28.157,13.388,0.24359
0.058,-28.592,13.106,0.27803
0.0581,-28.88,12.711,0.29284
0.0582,-29.117,12.254,0.29361
0.0583,-29.179,11.58,0.30624
0.0584,-29.355,10.975,0.3265
0.0585,-29.889,10.684,0.34278
0.0586,-30.474,10.423,0.36958
0.0587,-30.973,10.098,0.40955
0.0588,-31.578,9.8936,0.44222
0.0589,-32.163,9.6554,0.46433
0.059,-32.605,9.2694,0.47886
0.0591,-33.119,8.9676,0.47552
0.0592,-33.631,8.675,0.45953
0.0593,-33.818,8.0922,0.45179
0.0594,-33.78,7.3404,0.45427
0.0595,-33.734,6.6113,0.46291
0.0596,-33.621,5.83,0.48203
0.0597,-33.516,5.0982,0.50433
0.0598,-33.561,4.5622,0.51817
0.0599,-33.509,3.954,0.52956
0.06,-33.16,3.0732,0.54022
0.0601,-32.665,2.068,0.53943
0.0602,-32.045,0.92085,0.53311
0.0603,-31.225,-0.45003,0.53439
0.0604,-30.405,-1.8145,0.53672
0.0605,-29.683,-3.0693,0.53625
0.0606,-28.939,-4.3411,0.54233
0.0607,-28.328,-5.4548,0.55003
0.0608,-28.071,-6.176,0.54684
0.0609,-27.966,-6.7081,0.53845
0.061,-27.78,-7.2655,0.53101
0.0611,-27.497,-7.85,0.52048
0.0612,-26.936,-8.6695,0.51403
0.0613,-25.929,-9.9086,0.52186
0.0614,-24.721,-11.316,0.53725
0.0615,-23.535,-12.682,0.55869
0.0616,-22.315,-14.08,0.60155
0.0617,-21.117,-15.444,0.67842
0.0618,-20.061,-16.663,0.79765
0.0619,-19.037,-17.885,0.95828
0.062,-17.977,-19.17,1.125
0.0621,-16.955,-20.405,1.2525
0.0622,-15.865,-21.685,1.3311
0.0623,-14.561,-23.143,1.3775
0.0624,-13.156,-24.65,1.4024
0.0625,-11.768,-26.097,1.4161
0.0626,-10.435,-27.475,1.4343
0.0627,-9.3167,-28.621,1.4627
0.0628,-8.4707,-29.466,1.499
0.0629,-7.6902,-30.221,1.5423
0.063,-6.8441,-31.003,1.5815
0.0631,-5.9381,-31.77,1.5949
0.0632,-4.8673,-32.62,1.5704
0.0633,-3.57,-33.619,1.5077
0.0634,-2.1709,-34.645,1.4125
0.0635,-0.69023,-35.713,1.3036
0.0636,0.93136,-36.941,1.2026
0.0637,2.5526,-38.209,1.1125
0.0638,4.0257,-39.368,1.0235
0.0639,5.3997,-40.462,0.92742
0.064,6.6825,-41.46,0.81175
0.0641,7.8402,-42.271,0.66375
0.0642,8.9874,-42.981,0.48639
0.0643,10.218,-43.672,0.29666
0.0644,11.425,-44.23,0.11057
0.0645,12.562,-44.643,-0.054517
0.0646,13.692,-45.043,-0.18662
0.0647,14.784,-45.443,-0.29015
0.0648,15.811,-45.831,-0.37275
0.0649,16.849,-46.292,-0.43505
0.065,17.871,-46.775,-0.48154
0.0651,18.786,-47.141,-0.52065
0.0652,19.649,-47.429,-0.55531
0.0653,20.555,-47.729,-0.58791
0.0654,21.506,-48.029,-0.62374
0.0655,22.553,-48.382,-0.66139
0.0656,23.737,-48.851,-0.69669
0.0657,24.955,-49.343,-0.73111
0.0658,26.114,-49.774,-0.76392
0.0659,27.224,-50.176,-0.78989
0.066,28.225,-50.49,-0.8106
0.0661,29.023,-50.592,-0.83161
0.0662,29.646,-50.479,-0.85321
0.0663,30.118,-50.161,-0.87637
0.0664,30.431,-49.621,-0.90503
0.0665,30.703,-48.99,-0.9363
0.0666,31.087,-48.458,-0.96435
0.0667,31.575,-48.044,-0.98979
0.0668,32.116,-47.711,-1.0134
0.0669,32.694,-47.464,-1.0326
0.067,33.215,-47.218,-1.0496
0.0671,33.593,-46.875,-1.0678
0.0672,33.881,-46.473,-1.0846
0.0673,34.135,-46.046,-1.0983
0.0674,34.339,-45.542,-1.1114
0.0675,34.537,-44.987,-1.1224
0.0676,34.789,-44.451,-1.1291
0.0677,35.065,-43.922,-1.1344
0.0678,35.336,-43.39,-1.14
0.0679,35.593,-42.865,-1.145
0.068,35.732,-42.247,-1.152
0.0681,35.646,-41.421,-1.1635
0.0682,35.352,-40.398,-1.1759
0.0683,34.891,-39.221,-1.1862
0.0684,34.301,-37.932,-1.194
0.0685,33.695,-36.65,-1.1963
0.0686,33.156,-35.466,-1.1925
0.0687,32.654,-34.362,-1.1873
0.0688,32.181,-33.331,-1.1833
0.0689,31.775,-32.414,-1.1794
0.069,31.399,-31.568,-1.1774
0.0691,31.005,-30.729,-1.1773
0.0692,30.603,-29.886,-1.1746
0.0693,30.16,-28.995,-1.1672
0.0694,29.612,-27.989,-1.1564
0.0695,28.984,-26.907,-1.1409
0.0696,28.321,-25.809,-1.1205
0.0697,27.593,-24.688,-1.1004
0.0698,26.791,-23.536,-1.0837
0.0699,25.935,-22.366,-1.0703
0.07,24.992,-21.137,-1.0614
0.0701,23.951,-19.831,-1.0559
0.0702,22.872,-18.499,-1.0486
0.0703,21.771,-17.164,-1.0362
0.0704,20.621,-15.807,-1.0192
0.0705,19.433,-14.449,-0.99708
0.0706,18.223,-13.121,-0.97118
0.0707,16.986,-11.826,-0.9452
0.0708,15.769,-10.611,-0.92037
0.0709,14.639,-9.5358,-0.89575
0.071,13.591,-8.5754,-0.87235
0.0711,12.6,-7.684,-0.84938
0.0712,11.66,-6.8402,-0.82366
0.0713,10.725,-5.9919,-0.79469
0.0714,9.7251,-5.081,-0.76366
0.0715,8.6443,-4.106,-0.73001
0.0716,7.4624,-3.0618,-0.69452
0.0717,6.135,-1.915,-0.66095
0.0718,4.6822,-0.69135,-0.63062
0.0719,3.1791,0.53577,-0.60184
0.072,1.6698,1.727,-0.57405
0.0721,0.19651,2.8452,-0.54638
0.0722,-1.191,3.8472,-0.51651
0.0723,-2.5095,4.7565,-0.48426
0.0724,-3.8167,5.6311,-0.45101
0.0725,-5.1235,6.4786,-0.41643
0.0726,-6.4224,7.289,-0.38041
0.0727,-7.7185,8.0654,-0.34434
0.0728,-8.9864,8.7825,-0.30811
0.0729,-10.186,9.4074,-0.27089
0.073,-11.315,9.9475,-0.23366
0.0731,-12.375,10.407,-0.19699
0.0732,-13.358,10.779,-0.1603
0.0733,-14.303,11.101,-0.12466
0.0734,-15.274,11.43,-0.091676
0.0735,-16.311,11.803,-0.061087
0.0736,-17.449,12.252,-0.03273
0.0737,-18.7,12.796,-0.00673
0.0738,-20.011,13.382,0.018765
0.0739,-21.305,13.936,0.045689
0.074,-22.542,14.422,0.073588
0.0741,-23.687,14.808,0.10179
0.0742,-24.707,15.058,0.13007
0.0743,-25.615,15.185,0.15688
0.0744,-26.436,15.21,0.18131
0.0745,-27.166,15.126,0.20484
0.0746,-27.821,14.952,0.22847
0.0747,-28.435,14.731,0.25213
0.0748,-29.015,14.476,0.27697
0.0749,-29.549,14.185,0.30381
0.075,-30.043,13.871,0.33105
0.0751,-30.494,13.528,0.357
0.0752,-30.898,13.144,0.38065
0.0753,-31.28,12.743,0.40016
0.0754,-31.675,12.352,0.41436
0.0755,-32.084,11.968,0.42455
0.0756,-32.5,11.589,0.43265
0.0757,-32.918,11.216,0.44024
0.0758,-33.3,10.817,0.44964
0.0759,-33.648,10.397,0.46022
0.076,-33.935,9.9413,0.47203
0.0761,-34.142,9.4315,0.48369
0.0762,-34.235,8.8336,0.4944
0.0763,-34.195,8.1249,0.50341
0.0764,-34.017,7.2983,0.51039
0.0765,-33.708,6.3539,0.51626
0.0766,-33.294,5.3177,0.52189
0.0767,-32.815,4.2335,0.52748
0.0768,-32.302,3.1301,0.53355
0.0769,-31.776,2.0317,0.54013
0.077,-31.271,0.97304,0.54591
0.0771,-30.801,-0.02924,0.54956
0.0772,-30.357,-0.98283,0.55038
0.0773,-29.924,-1.8969,0.54778
0.0774,-29.479,-2.7906,0.54211
0.0775,-28.984,-3.7022,0.53516
0.0776,-28.415,-4.6532,0.52848
0.0777,-27.777,-5.6368,0.52287
0.0778,-27.08,-6.6465,0.51946
0.0779,-26.331,-7.6802,0.51968
0.078,-25.536,-8.7317,0.52472
0.0781,-24.691,-9.8108,0.53676
0.0782,-23.776,-10.943,0.56014
0.0783,-22.782,-12.145,0.60166
0.0784,-21.707,-13.421,0.67108
0.0785,-20.554,-14.779,0.77757
0.0786,-19.338,-16.208,0.91529
0.0787,-18.086,-17.672,1.0554
0.0788,-16.826,-19.127,1.1671
0.0789,-15.591,-20.52,1.2403
0.079,-14.413,-21.806,1.2827
0.0791,-13.308,-22.97,1.3087
0.0792,-12.269,-24.038,1.3333
0.0793,-11.275,-25.042,1.3665
0.0794,-10.296,-26.025,1.4102
0.0795,-9.2931,-27.023,1.4585
0.0796,-8.2418,-28.044,1.5003
0.0797,-7.1264,-29.078,1.5214
0.0798,-5.9325,-30.115,1.5089
0.0799,-4.6573,-31.145,1.4567
0.08,-3.3156,-32.154,1.369
0.0801,-1.9278,-33.141,1.2589
0.0802,-0.51696,-34.119,1.1442
0.0803,0.88964,-35.097,1.0385
0.0804,2.276,-36.081,0.94522
0.0805,3.6432,-37.074,0.85652
0.0806,4.9931,-38.057,0.75864
0.0807,6.3217,-38.988,0.63828
0.0808,7.6254,-39.829,0.48978
0.0809,8.8986,-40.551,0.32001
0.081,10.131,-41.136,0.1463
0.0811,11.316,-41.591,-0.011606
0.0812,12.449,-41.95,-0.14126
0.0813,13.523,-42.245,-0.24198
0.0814,14.539,-42.504,-0.32013
0.0815,15.513,-42.757,-0.38286
0.0816,16.471,-43.017,-0.43585
0.0817,17.445,-43.288,-0.48287
0.0818,18.465,-43.568,-0.526
0.0819,19.541,-43.849,-0.56643
0.082,20.662,-44.107,-0.60463
0.0821,21.809,-44.321,-0.64028
0.0822,22.954,-44.471,-0.67303
0.0823,24.064,-44.532,-0.70293
0.0824,25.112,-44.488,-0.7302
0.0825,26.079,-44.33,-0.75556
0.0826,26.945,-44.049,-0.7805
0.0827,27.709,-43.637,-0.80632
0.0828,28.391,-43.098,-0.83338
0.0829,29.014,-42.436,-0.86152
0.083,29.597,-41.653,-0.89026
0.0831,30.152,-40.758,-0.91854
0.0832,30.681,-39.762,-0.94537
0.0833,31.17,-38.679,-0.97041
0.0834,31.613,-37.525,-0.99342
0.0835,32.018,-36.327,-1.0142
0.0836,32.394,-35.112,-1.0328
0.0837,32.755,-33.898,-1.0498
0.0838,33.116,-32.699,-1.0653
0.0839,33.483,-31.517,-1.0796
0.084,33.856,-30.338,-1.0928
0.0841,34.225,-29.143,-1.1049
0.0842,34.572,-27.909,-1.1157
0.0843,34.861,-26.616,-1.1253
0.0844,35.057,-25.252,-1.1339
0.0845,35.134,-23.821,-1.1419
0.0846,35.083,-22.334,-1.1497
0.0847,34.914,-20.815,-1.1574
0.0848,34.656,-19.292,-1.1647
0.0849,34.339,-17.794,-1.1715
0.085,33.981,-16.341,-1.1776
0.0851,33.599,-14.951,-1.1828
0.0852,33.199,-13.636,-1.1868
0.0853,32.781,-12.401,-1.1894
0.0854,32.347,-11.246,-1.1902
0.0855,31.899,-10.172,-1.1886
0.0856,31.435,-9.1714,-1.1845
0.0857,30.956,-8.2359,-1.1783
0.0858,30.467,-7.3565,-1.17
0.0859,29.971,-6.521,-1.1599
0.086,29.463,-5.7138,-1.1488
0.0861,28.93,-4.9213,-1.1371
0.0862,28.351,-4.1307,-1.1251
0.0863,27.695,-3.3291,-1.1132
0.0864,26.942,-2.5083,-1.1015
0.0865,26.085,-1.666,-1.0898
0.0866,25.129,-0.80166,-1.0775
0.0867,24.091,0.081062,-1.0644
0.0868,22.993,0.97264,-1.0502
0.0869,21.861,1.8593,-1.0347
0.087,20.714,2.7234,-1.0182
0.0871,19.575,3.5438,-1.0007
0.0872,18.457,4.3024,-0.98217
0.0873,17.364,4.9884,-0.96246
0.0874,16.296,5.5997,-0.94127
0.0875,15.244,6.1446,-0.91826
0.0876,14.196,6.6419,-0.89336
0.0877,13.143,7.1142,-0.8665
0.0878,12.079,7.5846,-0.83778
0.0879,10.997,8.075,-0.8077
0.088,9.8849,8.5996,-0.77694
0.0881,8.7352,9.1613,-0.74604
0.0882,7.5396,9.7558,-0.71546
0.0883,6.2919,10.375,-0.68548
0.0884,4.9935,11.006,-0.65592
0.0885,3.6508,11.641,-0.62633
0.0886,2.2685,12.278,-0.5964
0.0887,0.85482,12.913,-0.56585
0.0888,-0.57614,13.54,-0.53438
0.0889,-2.0073,14.149,-0.50194
0.089,-3.4192,14.727,-0.46862
0.0891,-4.79,15.255,-0.43442
0.0892,-6.1024,15.717,-0.39939
0.0893,-7.3492,16.105,-0.36374
0.0894,-8.5308,16.419,-0.32767
0.0895,-9.655,16.666,-0.29135
0.0896,-10.738,16.866,-0.25503
0.0897,-11.801,17.044,-0.21899
0.0898,-12.865,17.224,-0.18348
0.0899,-13.951,17.426,-0.14877
0.09,-15.073,17.657,-0.11507
0.0901,-16.23,17.913,-0.082507
0.0902,-17.416,18.184,-0.051146
0.0903,-18.614,18.456,-0.021013
0.0904,-19.806,18.712,0.0079628
0.0905,-20.975,18.943,0.035856
0.0906,-22.108,19.14,0.062753
0.0907,-23.196,19.293,0.088923
0.0908,-24.229,19.393,0.11475
0.0909,-25.2,19.432,0.14056
0.091,-26.104,19.401,0.16664
0.0911,-26.936,19.293,0.1932
0.0912,-27.692,19.104,0.22014
0.0913,-28.373,18.837,0.24707
0.0914,-28.982,18.499,0.27351
0.0915,-29.524,18.105,0.29896
0.0916,-30.015,17.678,0.32289
0.0917,-30.471,17.239,0.34499
0.0918,-30.91,16.803,0.36519
0.0919,-31.347,16.381,0.38363
0.092,-31.791,15.975,0.40051
0.0921,-32.241,15.578,0.41611
0.0922,-32.689,15.18,0.43058
0.0923,-33.12,14.77,0.44393
0.0924,-33.515,14.331,0.45613
0.0925,-33.853,13.848,0.46718
0.0926,-34.114,13.308,0.47716
0.0927,-34.282,12.698,0.48633
0.0928,-34.348,12.014,0.49501
0.0929,-34.311,11.253,0.50353
0.093,-34.177,10.421,0.51211
0.0931,-33.957,9.5236,0.52079
0.0932,-33.664,8.5735,0.52931
0.0933,-33.314,7.5842,0.53724
0.0934,-32.919,6.5699,0.5441
0.0935,-32.491,5.545,0.54939
0.0936,-32.041,4.5226,0.55274
0.0937,-31.575,3.5107,0.55408
0.0938,-31.097,2.5136,0.55356
0.0939,-30.608,1.5347,0.55146
0.094,-30.107,0.57487,0.54815
0.0941,-29.588,-0.36813,0.54413
0.0942,-29.047,-1.299,0.5398
0.0943,-28.471,-2.2272,0.53562
0.0944,-27.846,-3.1681,0.53218
0.0945,-27.159,-4.1395,0.53023
0.0946,-26.395,-5.1571,0.53077
0.0947,-25.545,-6.2334,0.5353
0.0948,-24.608,-7.3739,0.54609
0.0949,-23.589,-8.5752,0.56676
0.095,-22.504,-9.8269,0.60314
0.0951,-21.371,-11.113,0.66407
0.0952,-20.215,-12.415,0.759
0.0953,-19.059,-13.712,0.88711
0.0954,-17.92,-14.985,1.0259
0.0955,-16.8,-16.213,1.1443
0.0956,-15.696,-17.381,1.2262
0.0957,-14.599,-18.481,1.2737
0.0958,-13.504,-19.516,1.2988
0.0959,-12.41,-20.496,1.3151
0.096,-11.319,-21.434,1.3334
0.0961,-10.229,-22.344,1.3578
0.0962,-9.1351,-23.232,1.3853
0.0963,-8.0253,-24.101,1.4083
0.0964,-6.8809,-24.948,1.4157
0.0965,-5.6841,-25.768,1.3962
0.0966,-4.4217,-26.557,1.3427
0.0967,-3.0887,-27.312,1.2563
0.0968,-1.6944,-28.033,1.1464
0.0969,-0.26273,-28.723,1.0274
0.097,1.1761,-29.382,0.91263
0.0971,2.592,-30.001,0.80788
0.0972,3.9609,-30.565,0.70947
0.0973,5.2722,-31.049,0.60812
0.0974,6.5282,-31.425,0.49396
0.0975,7.7386,-31.67,0.36208
0.0976,8.9156,-31.774,0.21679
0.0977,10.072,-31.736,0.070579
0.0978,11.214,-31.571,-0.062457
0.0979,12.342,-31.305,-0.1739
0.098,13.452,-30.969,-0.26355
0.0981,14.541,-30.594,-0.33579
0.0982,15.61,-30.2,-0.39547
0.0983,16.665,-29.796,-0.44622
0.0984,17.718,-29.377,-0.49046
0.0985,18.779,-28.934,-0.52989
0.0986,19.852,-28.453,-0.56585
0.0987,20.935,-27.923,-0.59942
0.0988,22.018,-27.334,-0.63143
0.0989,23.086,-26.681,-0.66251
0.099,24.122,-25.962,-0.69287
0.0991,25.11,-25.18,-0.72247
0.0992,26.031,-24.343,-0.7513
0.0993,26.873,-23.461,-0.77951
0.0994,27.63,-22.542,-0.80728
0.0995,28.305,-21.59,-0.8348
0.0996,28.91,-20.609,-0.86216
0.0997,29.462,-19.606,-0.88923
0.0998,29.977,-18.595,-0.91568
0.0999,30.469,-17.596,-0.94114
0.1,30.946,-16.635,-0.96516
0.1001,31.415,-15.734,-0.9873
0.1002,31.878,-14.905,-1.0073
0.1003,32.333,-14.156,-1.025
0.1004,32.774,-13.48,-1.0408
0.1005,33.19,-12.864,-1.0549
0.1006,33.57,-12.288,-1.0679
0.1007,33.903,-11.73,-1.0802
0.1008,34.182,-11.166,-1.0919
0.1009,34.4,-10.581,-1.103
0.101,34.552,-9.9692,-1.1134
0.1011,34.631,-9.3333,-1.1231
0.1012,34.63,-8.6805,-1.1321
0.1013,34.547,-8.0186,-1.1406
0.1014,34.386,-7.3524,-1.1488
0.1015,34.156,-6.6845,-1.1567
0.1016,33.866,-6.0191,-1.1641
0.1017,33.53,-5.364,-1.1706
0.1018,33.158,-4.7291,-1.1756
0.1019,32.761,-4.1259,-1.1787
0.102,32.346,-3.5643,-1.1795
0.1021,31.922,-3.0494,-1.1779
0.1022,31.492,-2.5801,-1.1738
0.1023,31.054,-2.1502,-1.1678
0.1024,30.601,-1.7467,-1.1604
0.1025,30.125,-1.3511,-1.1519
0.1026,29.615,-0.94344,-1.1428
0.1027,29.06,-0.5063,-1.1332
0.1028,28.45,-0.028529,-1.1229
0.1029,27.772,0.49232,-1.1119
0.103,27.015,1.0511,-1.1001
0.1031,26.176,1.6397,-1.0877
0.1032,25.257,2.2501,-1.075
0.1033,24.269,2.8762,-1.062
0.1034,23.229,3.5128,-1.0489
0.1035,22.157,4.1548,-1.0352
0.1036,21.07,4.7949,-1.0208
0.1037,19.982,5.4239,-1.0052
0.1038,18.902,6.0326,-0.98783
0.1039,17.833,6.6121,-0.96848
0.104,16.774,7.1556,-0.94704
0.1041,15.721,7.6601,-0.92361
0.1042,14.665,8.1287,-0.89852
0.1043,13.599,8.57,-0.87218
0.1044,12.518,8.9984,-0.84497
0.1045,11.416,9.432,-0.81709
0.1046,10.289,9.8873,-0.78862
0.1047,9.1335,10.376,-0.75957
0.1048,7.9411,10.902,-0.72997
0.1049,6.7051,11.466,-0.69989
0.105,5.421,12.058,-0.66948
0.1051,4.0897,12.671,-0.63889
0.1052,2.7185,13.293,-0.60818
0.1053,1.3207,13.912,-0.57729
0.1054,-0.086971,14.515,-0.54608
0.1055,-1.4866,15.089,-0.51432
0.1056,-2.8614,15.624,-0.48178
0.1057,-4.1985,16.113,-0.44829
0.1058,-5.49,16.551,-0.41378
0.1059,-6.7341,16.938,-0.3783
0.106,-7.9352,17.279,-0.3421
0.1061,-9.102,17.58,-0.30551
0.1062,-10.245,17.851,-0.26894
0.1063,-11.374,18.104,-0.23271
0.1064,-12.499,18.348,-0.19706
0.1065,-13.625,18.593,-0.16215
0.1066,-14.758,18.841,-0.12804
0.1067,-15.902,19.094,-0.094822
0.1068,-17.06,19.347,-0.062619
0.1069,-18.229,19.598,-0.031536
0.107,-19.403,19.841,-0.0016202
0.1071,-20.571,20.069,0.027177
0.1072,-21.718,20.273,0.055032
0.1073,-22.827,20.442,0.08222
0.1074,-23.885,20.563,0.10903
0.1075,-24.877,20.625,0.1357
0.1076,-25.795,20.618,0.16241
0.1077,-26.636,20.535,0.18916
0.1078,-27.403,20.377,0.21583
0.1079,-28.103,20.148,0.24218
0.108,-28.746,19.86,0.26793
0.1081,-29.343,19.526,0.2928
0.1082,-29.904,19.163,0.3166
0.1083,-30.435,18.786,0.33924
0.1084,-30.942,18.403,0.36068
0.1085,-31.429,18.022,0.38088
0.1086,-31.9,17.64,0.39974
0.1087,-32.354,17.252,0.41719
0.1088,-32.788,16.852,0.43314
0.1089,-33.197,16.429,0.44757
0.109,-33.57,15.974,0.46058
0.1091,-33.896,15.477,0.47241
0.1092,-34.162,14.929,0.48336
0.1093,-34.354,14.323,0.49373
0.1094,-34.464,13.655,0.50377
0.1095,-34.484,12.921,0.51355
0.1096,-34.414,12.124,0.52304
0.1097,-34.257,11.269,0.53206
0.1098,-34.024,10.361,0.54033
0.1099,-33.725,9.4133,0.54757
0.11,-33.375,8.4362,0.55358
0.1101,-32.985,7.443,0.55825
0.1102,-32.568,6.4454,0.56157
0.1103,-32.13,5.4529,0.56358
0.1104,-31.678,4.4714,0.56435
0.1105,-31.214,3.503,0.5639
0.1106,-30.736,2.5463,0.5623
0.1107,-30.235,1.5964,0.55967
0.1108,-29.703,0.69457,0.55644
0.1109,-29.178,0.68189,0.55927
0.111,-28.653,0.67134,0.56594
0.1111,-28.123,0.6617,0.57604
0.1112,-27.569,0.65306,0.58995
0.1113,-26.95,0.64745,0.61078
0.1114,-26.261,0.64285,0.63511
0.1115,-25.523,0.63655,0.65969
0.1116,-24.726,0.63189,0.68804
0.1117,-23.886,0.63062,0.72186
0.1118,-23.056,0.62989,0.75723
0.1119,-22.233,0.62815,0.79221
0.112,-21.399,0.6279,0.82741
0.1121,-20.582,0.62833,0.85995
0.1122,-19.77,0.62757,0.88579
0.1123,-18.916,0.62655,0.904
0.1124,-18.029,0.62566,0.9134
0.1125,-17.127,0.6221,0.9121
0.1126,-16.194,0.61646,0.90184
0.1127,-15.242,0.61115,0.88618
0.1128,-14.311,0.60575,0.86628
0.1129,-13.383,0.59928,0.84339
0.113,-12.43,0.5941,0.81961
0.1131,-11.481,0.59011,0.79447
0.1132,-10.536,0.58515,0.76647
0.1133,-9.546,0.58025,0.73702
0.1134,-8.5097,0.57766,0.70725
0.1135,-7.442,0.57587,0.67728
0.1136,-6.3211,0.57525,0.64967
0.1137,-5.16,0.57839,0.62637
0.1138,-4.019,0.58385,0.60517
0.1139,-2.9154,0.58825,0.58557
0.114,-1.8419,0.59343,0.56963
0.1141,-0.82838,0.60028,0.55615
0.1142,0.11402,0.60507,0.54198
0.1143,1.0167,0.60656,0.52665
0.1144,1.8839,0.60752,0.50917
0.1145,2.624,0.60601,0.48724
0.1146,2.6028,0.59498,0.46645
0.1147,2.5811,0.58151,0.44863
0.1148,2.5592,0.56694,0.43151
0.1149,2.539,0.54864,0.4151
0.115,2.5166,0.52524,0.40445
0.1151,2.4923,0.5023,0.39618
0.1152,2.4708,0.48129,0.38438
0.1153,2.4499,0.45788,0.3739
0.1154,2.4254,0.43359,0.36805
0.1155,2.3993,0.41265,0.36131
0.1156,2.3736,0.39388,0.35335
0.1157,2.3447,0.3755,0.34968
0.1158,2.3127,0.35974,0.34868
0.1159,2.2807,0.34625,0.34773
0.116,2.2482,0.33333,0.3494
0.1161,2.2156,0.32341,0.3514
0.1162,2.1891,0.31832,0.34607
0.1163,2.1709,0.31496,0.3334
0.1164,2.158,0.3123,0.31684
0.1165,2.1499,0.3116,0.29512
0.1166,2.1469,0.31074,0.26924
0.1167,2.1453,0.3072,0.24488
0.1168,2.144,0.30268,0.22134
0.1169,2.1462,0.29731,0.19551
0.117,2.1507,0.28857,0.1705
0.1171,2.1545,0.27759,0.14813
0.1172,2.159,0.26692,0.12474
0.1173,2.1641,0.25474,0.1024
0.1174,2.1656,0.24068,0.085939
0.1175,2.1633,0.22869,0.072317
0.1176,2.1602,0.21949,0.05824
0.1177,2.1541,0.21018,0.048821
0.1178,2.1426,0.20223,0.045024
0.1179,2.1299,0.19865,0.040025
0.118,2.1185,0.19806,0.031884
0.1181,2.1067,0.19941,0.022782
0.1182,2.0958,0.20492,0.0087128
0.1183,2.0885,0.21355,-0.012547
0.1184,2.0821,0.2219,-0.035274
0.1185,2.0744,0.23042,-0.056744
0.1186,2.068,0.24034,-0.080642
0.1187,2.0642,0.24921,-0.10634
0.1188,2.0612,0.25597,-0.13122
0.1189,2.06,0.26234,-0.15787
0.119,2.0624,0.26767,-0.18779
0.1191,2.0663,0.27016,-0.21696
0.1192,2.0698,0.27128,-0.24427
0.1193,2.0734,0.27213,-0.27107
0.1194,2.0759,0.27142,-0.29474
0.1195,2.0741,0.26971,-0.31259
0.1196,2.068,0.26909,-0.32636
0.1197,2.0581,0.26917,-0.33608
0.1198,2.0434,0.27,-0.34076
0.1199,2.0251,0.2742,-0.34426
0.12,2.0067,0.28264,-0.35084
0.1201,1.9884,0.29366,-0.35926
0.1202,1.9696,0.30747,-0.36903
0.1203,1.9518,0.32453,-0.38207
0.1204,1.9355,0.34276,-0.39676
0.1205,1.9194,0.36109,-0.41078
0.1206,1.9054,0.38058,-0.42688
0.1207,1.8961,0.40006,-0.44661
0.1208,1.8906,0.41744,-0.46712
0.1209,1.8876,0.43347,-0.48797
0.121,1.8881,0.44883,-0.51103
0.1211,1.8912,0.46178,-0.53369
0.1212,1.8937,0.47242,-0.55298
0.1213,1.895,0.48262,-0.57024
0.1214,1.8955,0.49185,-0.58511
0.1215,1.8923,0.49914,-0.59384
0.1216,1.8841,0.50649,-0.59697
0.1217,1.8728,0.51532,-0.59769
0.1218,1.859,0.5248,-0.59565
0.1219,1.8417,0.53564,-0.59055
0.122,1.8223,0.54956,-0.58552
0.1221,1.8022,0.56553,-0.5808
0.1222,1.7797,0.58219,-0.57366
0.1223,1.7547,0.60053,-0.56512
0.1224,1.73,0.62084,-0.55832
0.1225,1.7069,0.64161,-0.55302
