0.05,0.41057,-0.79283,1.0606
0.0501,0.39954,-0.80844,1.4639
0.0502,0.38364,-0.81777,1.8
0.0503,0.36571,-0.82311,2.0851
0.0504,0.33721,-0.8169,2.2839
0.0505,0.30939,-0.81114,2.4645
0.0506,0.29111,-0.81276,2.6729
0.0507,0.26959,-0.80942,2.8552
0.0508,0.24322,-0.8012,3.0117
0.0509,0.22361,-0.79824,3.1928
0.051,0.20519,-0.79511,3.3754
0.0511,0.17759,-0.78373,3.5182
0.0512,0.14875,-0.77135,3.6451
0.0513,0.12107,-0.75922,3.7507
0.0514,0.088269,-0.74212,3.8058
0.0515,0.057877,-0.72763,3.855
0.0516,0.038351,-0.72231,3.9417
0.0517,0.020578,-0.71741,4.0301
0.0518,-0.000283,-0.70919,4.1024
0.0519,-0.019488,-0.70138,4.1733
0.052,-0.043464,-0.68762,4.2083
0.0521,-0.078432,-0.6632,4.1804
0.0522,-0.11359,-0.63765,4.1303
0.0523,-0.14488,-0.61355,4.0636
0.0524,-0.18076,-0.58332,3.9362
0.0525,-0.21787,-0.55025,3.7584
0.0526,-0.24918,-0.51987,3.5616
0.0527,-0.28295,-0.48534,3.3254
0.0528,-0.32268,-0.44493,3.0538
0.0529,-0.35891,-0.40708,2.7961
0.053,-0.39286,-0.37035,2.5497
0.0531,-0.43312,-0.32809,2.2821
0.0532,-0.47275,-0.2865,2.0175
0.0533,-0.50353,-0.25184,1.7795
0.0534,-0.53156,-0.21885,1.5392
0.0535,-0.55851,-0.18644,1.2892
0.0536,-0.57862,-0.15874,1.0442
0.0537,-0.59832,-0.12979,0.7714
0.0538,-0.62633,-0.092763,0.43997
0.0539,-0.65774,-0.051974,0.075611
0.054,-0.68831,-0.010395,-0.30438
0.0541,-0.72171,0.03486,-0.71202
0.0542,-0.7548,0.081002,-1.1328
0.0543,-0.78242,0.12439,-1.5514
0.0544,-0.80897,0.16906,-1.9908
0.0545,-0.83724,0.21665,-2.4592
0.0546,-0.86291,0.26341,-2.9343
0.0547,-0.88788,0.311,-3.4208
0.0548,-0.91632,0.36243,-3.9319
0.0549,-0.94429,0.41398,-4.4493
0.055,-0.96934,0.46392,-4.963
0.0551,-0.9946,0.51467,-5.4828
0.0552,-1.0163,0.56265,-5.9895
0.0553,-1.0291,0.60343,-6.4605
0.0554,-1.0376,0.6412,-6.9157
0.0555,-1.0465,0.67956,-7.3745
0.0556,-1.0532,0.71638,-7.8305
0.0557,-1.0602,0.75405,-8.2978
0.0558,-1.0727,0.79668,-8.7969
0.0559,-1.086,0.84031,-9.3091
0.056,-1.0954,0.88136,-9.8186
0.0561,-1.105,0.92367,-10.345
0.0562,-1.1157,0.96783,-10.888
0.0563,-1.1229,1.0101,-11.429
0.0564,-1.1288,1.0525,-11.972
0.0565,-1.1379,1.0983,-12.527
0.0566,-1.1465,1.1439,-13.072
0.0567,-1.1525,1.1879,-13.599
0.0568,-1.1599,1.2334,-14.124
0.0569,-1.1672,1.2787,-14.64
0.057,-1.1689,1.3193,-15.125
0.0571,-1.1662,1.356,-15.586
0.0572,-1.1612,1.3902,-16.029
0.0573,-1.1516,1.42,-16.446
0.0574,-1.1395,1.447,-16.849
0.0575,-1.1298,1.475,-17.256
0.0576,-1.1214,1.5026,-17.662
0.0577,-1.1119,1.5275,-18.057
0.0578,-1.1023,1.5504,-18.446
0.0579,-1.092,1.57,-18.824
0.058,-1.0782,1.5842,-19.183
0.0581,-1.063,1.595,-19.531
0.0582,-1.0489,1.6045,-19.875
0.0583,-1.0339,1.6116,-20.205
0.0584,-1.0186,1.6172,-20.519
0.0585,-1.0056,1.6238,-20.826
0.0586,-0.99289,1.6298,-21.117
0.0587,-0.97791,1.6333,-21.381
0.0588,-0.96203,1.6355,-21.623
0.0589,-0.94409,1.6353,-21.835
0.059,-0.92016,1.6293,-22.001
0.0591,-0.89196,1.6191,-22.125
0.0592,-0.86325,1.6076,-22.223
0.0593,-0.83312,1.5942,-22.292
0.0594,-0.80159,1.5791,-22.335
0.0595,-0.77197,1.5649,-22.365
0.0596,-0.74307,1.5505,-22.379
0.0597,-0.71127,1.5331,-22.364
0.0598,-0.67796,1.5138,-22.33
0.0599,-0.64527,1.4943,-22.282
0.06,-0.61137,1.473,-22.213
0.0601,-0.57654,1.4501,-22.119
0.0602,-0.54365,1.4278,-22.007
0.0603,-0.51203,1.4054,-21.869
0.0604,-0.47976,1.3813,-21.696
0.0605,-0.44809,1.3568,-21.493
0.0606,-0.41685,1.3315,-21.259
0.0607,-0.38328,1.3033,-20.984
0.0608,-0.347,1.2721,-20.67
0.0609,-0.30919,1.2388,-20.32
0.061,-0.2692,1.2029,-19.934
0.0611,-0.22775,1.1653,-19.517
0.0612,-0.18724,1.1279,-19.078
0.0613,-0.14734,1.0902,-18.617
0.0614,-0.10642,1.0511,-18.127
0.0615,-0.065039,1.011,-17.612
0.0616,-0.022911,0.96947,-17.073
0.0617,0.021368,0.92545,-16.508
0.0618,0.066373,0.88017,-15.925
0.0619,0.10981,0.83538,-15.335
0.062,0.15231,0.79045,-14.736
0.0621,0.19384,0.74538,-14.128
0.0622,0.23238,0.70174,-13.519
0.0623,0.26844,0.65892,-12.906
0.0624,0.30406,0.61515,-12.28
0.0625,0.33853,0.57082,-11.645
0.0626,0.37143,0.52598,-10.999
0.0627,0.40463,0.47887,-10.337
0.0628,0.43761,0.42969,-9.6586
0.0629,0.4675,0.38058,-8.9781
0.063,0.49406,0.3318,-8.2993
0.0631,0.518,0.28298,-7.6243
0.0632,0.53826,0.23525,-6.9617
0.0633,0.55514,0.18862,-6.3142
0.0634,0.57111,0.1414,-5.6764
0.0635,0.58651,0.093575,-5.0506
0.0636,0.60036,0.046187,-4.4425
0.0637,0.61324,-0.0010308,-3.8509
0.0638,0.62552,-0.048157,-3.2746
0.0639,0.6359,-0.094061,-2.7176
0.064,0.64437,-0.13866,-2.179
0.0641,0.65148,-0.18242,-1.6555
0.0642,0.65769,-0.22528,-1.1506
0.0643,0.66304,-0.26745,-0.66245
0.0644,0.66823,-0.30941,-0.18888
0.0645,0.67354,-0.35126,0.27109
0.0646,0.67896,-0.39292,0.71786
0.0647,0.68467,-0.43456,1.1544
0.0648,0.68979,-0.47534,1.5769
0.0649,0.69358,-0.51466,1.9848
0.065,0.69624,-0.5526,2.3796
0.0651,0.69828,-0.58952,2.7629
0.0652,0.69979,-0.62549,3.1344
0.0653,0.70114,-0.6607,3.4938
0.0654,0.70253,-0.6954,3.8418
0.0655,0.70362,-0.72916,4.1747
0.0656,0.70328,-0.76101,4.4877
0.0657,0.70116,-0.79075,4.7802
0.0658,0.69719,-0.81833,5.0535
0.0659,0.69079,-0.84329,5.3075
0.066,0.68223,-0.86586,5.5448
0.0661,0.67253,-0.88692,5.7706
0.0662,0.66202,-0.9067,5.9871
0.0663,0.6505,-0.92511,6.1949
0.0664,0.63851,-0.94251,6.3962
0.0665,0.62635,-0.95903,6.5914
0.0666,0.6133,-0.97397,6.7772
0.0667,0.59873,-0.98679,6.9505
0.0668,0.5828,-0.99744,7.1105
0.0669,0.56554,-1.0058,7.256
0.067,0.54708,-1.0121,7.3865
0.0671,0.52814,-1.0167,7.5047
0.0672,0.50924,-1.02,7.6117
0.0673,0.49014,-1.0219,7.7065
0.0674,0.47045,-1.0222,7.7877
0.0675,0.44983,-1.0206,7.8541
0.0676,0.42782,-1.0166,7.9036
0.0677,0.40415,-1.0104,7.9354
0.0678,0.37896,-1.0018,7.9497
0.0679,0.35238,-0.99123,7.9464
0.068,0.32471,-0.97879,7.9257
0.0681,0.29641,-0.96502,7.8893
0.0682,0.26763,-0.95005,7.8383
0.0683,0.23824,-0.93379,7.7731
0.0684,0.20842,-0.9164,7.6955
0.0685,0.17812,-0.89781,7.6058
0.0686,0.14691,-0.87757,7.5027
0.0687,0.11482,-0.85566,7.3862
0.0688,0.082431,-0.83246,7.2574
0.0689,0.050037,-0.8081,7.1161
0.069,0.017738,-0.78255,6.9611
0.0691,-0.01411,-0.75605,6.7922
0.0692,-0.04554,-0.72848,6.6079
0.0693,-0.077265,-0.69923,6.4048
0.0694,-0.10963,-0.66805,6.1817
0.0695,-0.14247,-0.63511,5.9401
0.0696,-0.17585,-0.60044,5.6806
0.0697,-0.20979,-0.56414,5.4045
0.0698,-0.24377,-0.52674,5.1147
0.0699,-0.27738,-0.48865,4.8131
0.07,-0.31064,-0.44996,4.5
0.0701,-0.34352,-0.41079,4.1762
0.0702,-0.37591,-0.37126,3.8424
0.0703,-0.40807,-0.33113,3.4975
0.0704,-0.4403,-0.29013,3.1404
0.0705,-0.47253,-0.24829,2.7715
0.0706,-0.50452,-0.20571,2.3914
0.0707,-0.53598,-0.16257,2.0016
0.0708,-0.56642,-0.11923,1.6043
0.0709,-0.59545,-0.075914,1.2012
0.071,-0.62301,-0.032569,0.79255
0.0711,-0.64924,0.010952,0.37796
0.0712,-0.67438,0.054876,-0.043336
0.0713,-0.69876,0.099505,-0.47252
0.0714,-0.72246,0.14489,-0.90968
0.0715,-0.74534,0.19084,-1.3539
0.0716,-0.76734,0.23726,-1.8046
0.0717,-0.7884,0.284,-2.2608
0.0718,-0.80823,0.33068,-2.72
0.0719,-0.82673,0.37707,-3.1803
0.072,-0.84412,0.4232,-3.6402
0.0721,-0.86049,0.46899,-4.0977
0.0722,-0.87584,0.51432,-4.551
0.0723,-0.89046,0.55936,-4.9994
0.0724,-0.90451,0.60418,-5.4425
0.0725,-0.91767,0.64853,-5.8783
0.0726,-0.92967,0.69221,-6.3056
0.0727,-0.94048,0.73526,-6.7239
0.0728,-0.94998,0.77764,-7.1323
0.0729,-0.95806,0.81936,-7.53
0.073,-0.9649,0.8607,-7.9177
0.0731,-0.97108,0.90201,-8.2942
0.0732,-0.97634,0.94324,-8.6579
0.0733,-0.9806,0.98428,-9.0067
0.0734,-0.98387,1.0251,-9.3389
0.0735,-0.98594,1.0653,-9.652
0.0736,-0.98657,1.1048,-9.944
0.0737,-0.98579,1.1432,-10.214
0.0738,-0.98368,1.1804,-10.46
0.0739,-0.98032,1.2162,-10.681
0.074,-0.97593,1.2505,-10.877
0.0741,-0.97073,1.2832,-11.046
0.0742,-0.96472,1.3138,-11.186
0.0743,-0.95783,1.3422,-11.297
0.0744,-0.94993,1.368,-11.374
0.0745,-0.94071,1.3905,-11.416
0.0746,-0.93001,1.4096,-11.422
0.0747,-0.91789,1.4252,-11.389
0.0748,-0.90447,1.4374,-11.32
0.0749,-0.88989,1.4466,-11.215
0.075,-0.87444,1.4532,-11.075
0.0751,-0.85823,1.4576,-10.901
0.0752,-0.84105,1.46,-10.694
0.0753,-0.82278,1.4605,-10.454
0.0754,-0.80339,1.4594,-10.183
0.0755,-0.78272,1.4566,-9.8807
0.0756,-0.7606,1.4522,-9.5484
0.0757,-0.73722,1.4463,-9.188
0.0758,-0.71274,1.4391,-8.8015
0.0759,-0.68717,1.4305,-8.3909
0.076,-0.66066,1.4206,-7.9592
0.0761,-0.63341,1.4094,-7.5097
0.0762,-0.6053,1.3969,-7.0452
0.0763,-0.57616,1.3828,-6.568
0.0764,-0.54601,1.367,-6.0816
0.0765,-0.51491,1.3495,-5.5889
0.0766,-0.48286,1.3302,-5.0928
0.0767,-0.45007,1.3092,-4.5965
0.0768,-0.41678,1.2868,-4.1031
0.0769,-0.38308,1.263,-3.6147
0.077,-0.34891,1.2377,-3.1331
0.0771,-0.31426,1.211,-2.6603
0.0772,-0.27904,1.1829,-2.198
0.0773,-0.24318,1.1533,-1.7479
0.0774,-0.2067,1.1224,-1.312
0.0775,-0.16967,1.0902,-0.89177
0.0776,-0.13216,1.057,-0.48826
0.0777,-0.094307,1.0227,-0.10235
0.0778,-0.056192,0.98747,0.2657
0.0779,-0.017777,0.95136,0.61636
0.078,0.021002,0.9143,0.95034
0.0781,0.060237,0.87619,1.2685
0.0782,0.10013,0.83689,1.572
0.0783,0.14076,0.7963,1.8616
0.0784,0.182,0.75453,2.1373
0.0785,0.22362,0.71171,2.3989
0.0786,0.26545,0.66795,2.6464
0.0787,0.30714,0.62346,2.8797
0.0788,0.34834,0.57842,3.0992
0.0789,0.38885,0.53285,3.3059
0.079,0.42845,0.48675,3.5012
0.0791,0.46674,0.44017,3.6861
0.0792,0.50332,0.39318,3.8617
0.0793,0.53785,0.34581,4.0296
0.0794,0.5699,0.29821,4.1904
0.0795,0.59908,0.2506,4.3448
0.0796,0.62525,0.20308,4.4934
0.0797,0.64845,0.15577,4.6367
0.0798,0.66884,0.10878,4.7749
0.0799,0.68676,0.062107,4.9087
0.08,0.70267,0.015679,5.039
0.0801,0.717,-0.030555,5.1664
0.0802,0.73006,-0.076609,5.2916
0.0803,0.74207,-0.12248,5.4151
0.0804,0.75318,-0.16812,5.5373
0.0805,0.76343,-0.21345,5.6585
0.0806,0.77291,-0.25843,5.7789
0.0807,0.78171,-0.30306,5.899
0.0808,0.78989,-0.34732,6.0188
0.0809,0.79757,-0.39122,6.1385
0.081,0.80478,-0.43472,6.2579
0.0811,0.81149,-0.47772,6.3768
0.0812,0.81763,-0.5201,6.4949
0.0813,0.82315,-0.56176,6.6124
0.0814,0.82794,-0.60254,6.7292
0.0815,0.83187,-0.64228,6.8455
0.0816,0.83497,-0.68093,6.9617
0.0817,0.83724,-0.71844,7.0781
0.0818,0.83867,-0.75475,7.195
0.0819,0.83932,-0.78987,7.3124
0.082,0.83922,-0.82379,7.4303
0.0821,0.83828,-0.8564,7.548
0.0822,0.83634,-0.88757,7.6645
0.0823,0.8333,-0.91718,7.779
0.0824,0.82905,-0.94516,7.8908
0.0825,0.82352,-0.97144,7.9995
0.0826,0.81672,-0.99603,8.1049
0.0827,0.80877,-1.019,8.2072
0.0828,0.79973,-1.0404,8.3063
0.0829,0.78963,-1.0603,8.4022
0.083,0.77852,-1.0786,8.4946
0.0831,0.76641,-1.0953,8.5831
0.0832,0.75323,-1.1104,8.6668
0.0833,0.73893,-1.1237,8.745
0.0834,0.72353,-1.1352,8.8168
0.0835,0.70703,-1.1448,8.8814
0.0836,0.68949,-1.1524,8.9383
0.0837,0.67099,-1.1582,8.9872
0.0838,0.65162,-1.1621,9.0277
0.0839,0.63142,-1.1642,9.0597
0.084,0.61038,-1.1644,9.0827
0.0841,0.58841,-1.1627,9.0963
0.0842,0.56546,-1.159,9.0996
0.0843,0.54151,-1.1535,9.0924
0.0844,0.51659,-1.146,9.0741
0.0845,0.49073,-1.1368,9.0441
0.0846,0.46402,-1.1258,9.0021
0.0847,0.43653,-1.1132,8.9478
0.0848,0.4083,-1.0991,8.8809
0.0849,0.37934,-1.0835,8.8009
0.085,0.34971,-1.0665,8.708
0.0851,0.31942,-1.048,8.602
0.0852,0.28849,-1.0281,8.4828
0.0853,0.257,-1.0069,8.3505
0.0854,0.22506,-0.9843,8.2052
0.0855,0.19275,-0.96039,8.0466
0.0856,0.16015,-0.93514,7.8747
0.0857,0.12735,-0.90858,7.6891
0.0858,0.094391,-0.88065,7.4894
0.0859,0.061217,-0.85129,7.2751
0.086,0.027816,-0.82046,7.0458
0.0861,-0.0057958,-0.78815,6.8015
0.0862,-0.039592,-0.75441,6.5424
0.0863,-0.073512,-0.7193,6.2689
0.0864,-0.10744,-0.68299,5.9818
0.0865,-0.14126,-0.64561,5.6816
0.0866,-0.17492,-0.60727,5.369
0.0867,-0.20837,-0.56809,5.0443
0.0868,-0.24157,-0.52816,4.7077
0.0869,-0.27451,-0.48753,4.3596
0.087,-0.30716,-0.44622,4.0002
0.0871,-0.33948,-0.4043,3.6296
0.0872,-0.37138,-0.36183,3.2482
0.0873,-0.40275,-0.31889,2.8568
0.0874,-0.43344,-0.27556,2.4558
0.0875,-0.46333,-0.23189,2.0461
0.0876,-0.49234,-0.1879,1.6283
0.0877,-0.52037,-0.14361,1.2029
0.0878,-0.54741,-0.098972,0.77043
0.0879,-0.57346,-0.05396,0.33109
0.088,-0.59847,-0.0085679,-0.11462
0.0881,-0.62243,0.037177,-0.56614
0.0882,-0.64531,0.083237,-1.0229
0.0883,-0.66708,0.12954,-1.4841
0.0884,-0.6877,0.17599,-1.9489
0.0885,-0.70721,0.2225,-2.4162
0.0886,-0.72565,0.26899,-2.8852
0.0887,-0.74305,0.31538,-3.3545
0.0888,-0.75945,0.36155,-3.823
0.0889,-0.7749,0.40744,-4.2894
0.089,-0.7894,0.45297,-4.7526
0.0891,-0.80294,0.49804,-5.2114
0.0892,-0.81547,0.5426,-5.6647
0.0893,-0.82698,0.58661,-6.1114
0.0894,-0.83745,0.63005,-6.5507
0.0895,-0.84684,0.67295,-6.9815
0.0896,-0.85518,0.71534,-7.403
0.0897,-0.86248,0.75729,-7.8141
0.0898,-0.86872,0.79882,-8.2138
0.0899,-0.87389,0.83995,-8.6007
0.09,-0.87795,0.88066,-8.9734
0.0901,-0.88083,0.92089,-9.3304
0.0902,-0.8825,0.96054,-9.6701
0.0903,-0.88293,0.99948,-9.9913
0.0904,-0.88213,1.0376,-10.293
0.0905,-0.88014,1.0746,-10.573
0.0906,-0.87699,1.1104,-10.83
0.0907,-0.87272,1.1445,-11.064
0.0908,-0.86736,1.1768,-11.272
0.0909,-0.8609,1.2068,-11.454
0.091,-0.85335,1.2343,-11.607
0.0911,-0.84465,1.2589,-11.73
0.0912,-0.83481,1.2804,-11.821
0.0913,-0.82381,1.2987,-11.879
0.0914,-0.81166,1.3138,-11.904
0.0915,-0.79838,1.3258,-11.894
0.0916,-0.78402,1.3349,-11.85
0.0917,-0.7686,1.3413,-11.772
0.0918,-0.7521,1.3454,-11.659
0.0919,-0.73451,1.3472,-11.513
0.092,-0.71577,1.3471,-11.333
0.0921,-0.69586,1.3453,-11.121
0.0922,-0.67477,1.3419,-10.876
0.0923,-0.65252,1.337,-10.601
0.0924,-0.62916,1.3308,-10.298
0.0925,-0.60469,1.3233,-9.9663
0.0926,-0.57916,1.3145,-9.6094
0.0927,-0.5526,1.3044,-9.2291
0.0928,-0.52503,1.2929,-8.8275
0.0929,-0.49648,1.28,-8.407
0.093,-0.46698,1.2656,-7.9702
0.0931,-0.43658,1.2497,-7.5197
0.0932,-0.40534,1.2322,-7.0583
0.0933,-0.37333,1.213,-6.5886
0.0934,-0.34062,1.1922,-6.1133
0.0935,-0.3073,1.1698,-5.6351
0.0936,-0.2734,1.1458,-5.1564
0.0937,-0.23896,1.1202,-4.6798
0.0938,-0.20399,1.093,-4.2073
0.0939,-0.16853,1.0644,-3.7413
0.094,-0.1326,1.0344,-3.2838
0.0941,-0.096211,1.003,-2.8366
0.0942,-0.059406,0.97044,-2.4013
0.0943,-0.022209,0.93676,-1.9793
0.0944,0.015375,0.90203,-1.5714
0.0945,0.053359,0.8663,-1.1783
0.0946,0.091768,0.82961,-0.80028
0.0947,0.13063,0.79196,-0.43735
0.0948,0.17,0.75333,-0.089352
0.0949,0.20988,0.71373,0.24394
0.095,0.25026,0.67314,0.56281
0.0951,0.29108,0.6316,0.86754
0.0952,0.33225,0.58913,1.1585
0.0953,0.37361,0.54578,1.436
0.0954,0.41494,0.50162,1.7006
0.0955,0.45596,0.4567,1.9527
0.0956,0.49636,0.41109,2.193
0.0957,0.5357,0.36488,2.4221
0.0958,0.57351,0.31813,2.6409
0.0959,0.60933,0.27096,2.85
0.096,0.64271,0.2235,3.0503
0.0961,0.67331,0.17589,3.2425
0.0962,0.70096,0.12826,3.4273
0.0963,0.72562,0.080719,3.6055
0.0964,0.74745,0.033357,3.7777
0.0965,0.76671,-0.013754,3.9446
0.0966,0.78375,-0.060574,4.1069
0.0967,0.79894,-0.10708,4.2652
0.0968,0.8126,-0.15325,4.4201
0.0969,0.82503,-0.19909,4.5721
0.097,0.83647,-0.24459,4.7219
0.0971,0.84708,-0.28976,4.8698
0.0972,0.857,-0.33461,5.0162
0.0973,0.86629,-0.37912,5.1616
0.0974,0.87501,-0.42332,5.306
0.0975,0.8832,-0.46717,5.4498
0.0976,0.89083,-0.51066,5.5931
0.0977,0.8979,-0.55373,5.7357
0.0978,0.90435,-0.59631,5.8778
0.0979,0.91014,-0.6383,6.0193
0.098,0.91521,-0.67959,6.1603
0.0981,0.91952,-0.72006,6.3008
0.0982,0.92302,-0.75961,6.4409
0.0983,0.92569,-0.79814,6.5806
0.0984,0.9275,-0.83552,6.7199
0.0985,0.92844,-0.87167,6.8588
0.0986,0.92848,-0.90651,6.9971
0.0987,0.9276,-0.93994,7.1346
0.0988,0.92573,-0.97189,7.2709
0.0989,0.92285,-1.0023,7.4056
0.099,0.91891,-1.0311,7.5382
0.0991,0.91388,-1.0582,7.6684
0.0992,0.90774,-1.0837,7.7958
0.0993,0.90048,-1.1076,7.9199
0.0994,0.89211,-1.1298,8.0407
0.0995,0.88263,-1.1504,8.1579
0.0996,0.87205,-1.1694,8.2711
0.0997,0.86036,-1.1868,8.3799
0.0998,0.84757,-1.2025,8.4838
0.0999,0.83367,-1.2166,8.5822
0.1,0.81867,-1.229,8.6747
0.1001,0.8026,-1.2396,8.7604
0.1002,0.78548,-1.2485,8.8389
0.1003,0.76734,-1.2555,8.9096
0.1004,0.7482,-1.2607,8.972
0.1005,0.72811,-1.264,9.0255
0.1006,0.70709,-1.2654,9.0696
0.1007,0.68512,-1.2648,9.1038
0.1008,0.66221,-1.2622,9.1276
0.1009,0.63836,-1.2578,9.1404
0.101,0.6136,-1.2513,9.1419
0.1011,0.58796,-1.243,9.1315
0.1012,0.56147,-1.2329,9.1089
0.1013,0.53418,-1.221,9.0738
0.1014,0.50612,-1.2075,9.0259
0.1015,0.47733,-1.1924,8.965
0.1016,0.44784,-1.1758,8.891
0.1017,0.4177,-1.1578,8.8036
0.1018,0.38693,-1.1384,8.7027
0.1019,0.3556,-1.1176,8.5882
0.102,0.32376,-1.0956,8.46
0.1021,0.29145,-1.0723,8.3178
0.1022,0.25873,-1.0476,8.1615
0.1023,0.22565,-1.0217,7.9907
0.1024,0.19226,-0.99436,7.8053
0.1025,0.15859,-0.96568,7.605
0.1026,0.12469,-0.93558,7.3896
0.1027,0.090596,-0.90406,7.1593
0.1028,0.056361,-0.87113,6.9139
0.1029,0.022042,-0.83681,6.6537
0.103,-0.012297,-0.80117,6.3791
0.1031,-0.046589,-0.7643,6.0903
0.1032,-0.080773,-0.72629,5.7878
0.1033,-0.11479,-0.68725,5.472
0.1034,-0.14859,-0.6473,5.1433
0.1035,-0.18212,-0.60654,4.8021
0.1036,-0.21532,-0.56507,4.4489
0.1037,-0.24815,-0.52296,4.0841
0.1038,-0.28053,-0.48032,3.7081
0.1039,-0.31239,-0.43722,3.3214
0.104,-0.34366,-0.39373,2.9245
0.1041,-0.37426,-0.3499,2.5178
0.1042,-0.4041,-0.30575,2.1018
0.1043,-0.42768,-0.26739,1.7639
0.1044,-0.43406,-0.24734,1.7396
0.1045,-0.44314,-0.22359,1.7164
0.1046,-0.4534,-0.19749,1.6936
0.1047,-0.46383,-0.16986,1.6707
0.1048,-0.47667,-0.13884,1.6486
0.1049,-0.48924,-0.10716,1.6262
0.105,-0.49817,-0.077379,1.6025
0.1051,-0.50589,-0.047151,1.5784
0.1052,-0.51354,-0.015794,1.5545
0.1053,-0.51817,0.014256,1.5298
0.1054,-0.52082,0.043801,1.5048
0.1055,-0.52519,0.075371,1.4804
0.1056,-0.52999,0.10759,1.456
0.1057,-0.53304,0.13865,1.4311
0.1058,-0.53544,0.16919,1.4059
0.1059,-0.53606,0.19795,1.3801
0.106,-0.53137,0.22226,1.3525
0.1061,-0.52191,0.24275,1.3236
0.1062,-0.50999,0.26119,1.294
0.1063,-0.49577,0.27773,1.2638
0.1064,-0.48105,0.29389,1.2336
0.1065,-0.46878,0.31188,1.2043
0.1066,-0.45736,0.33042,1.1752
0.1067,-0.44429,0.34763,1.1456
0.1068,-0.43103,0.36467,1.116
0.1069,-0.41794,0.38191,1.0864
0.107,-0.40279,0.3977,1.0563
0.1071,-0.38692,0.413,1.0261
0.1072,-0.37299,0.4297,0.99648
0.1073,-0.35937,0.44641,0.96709
0.1074,-0.34504,0.46221,0.93761
0.1075,-0.33291,0.47906,0.90888
0.1076,-0.3224,0.49642,0.88077
0.1077,-0.30897,0.51077,0.85209
0.1078,-0.29207,0.52146,0.82271
0.1079,-0.27321,0.52948,0.79312
0.108,-0.25028,0.53327,0.76274
0.1081,-0.22285,0.53245,0.73147
0.1082,-0.19525,0.53025,0.70052
0.1083,-0.16922,0.52808,0.67042
0.1084,-0.14264,0.52448,0.64056
0.1085,-0.11593,0.51983,0.6111
0.1086,-0.090203,0.51507,0.5824
0.1087,-0.063239,0.50868,0.55389
0.1088,-0.034026,0.49998,0.52529
0.1089,-0.0050364,0.49087,0.49728
0.109,0.023149,0.48185,0.46997
0.1091,0.051611,0.47218,0.44303
0.1092,0.078789,0.46306,0.41682
0.1093,0.10304,0.45572,0.39179
0.1094,0.12563,0.44925,0.36759
0.1095,0.14733,0.44301,0.34404
0.1096,0.16817,0.43689,0.32122
0.1097,0.19031,0.42911,0.29865
0.1098,0.21571,0.41807,0.2759
0.1099,0.2432,0.40447,0.25345
0.11,0.27191,0.3889,0.23161
0.1101,0.30217,0.37103,0.21037
0.1102,0.33258,0.35186,0.19015
0.1103,0.36188,0.33235,0.17133
0.1104,0.39174,0.31133,0.1534
0.1105,0.42303,0.2882,0.1361
0.1106,0.4543,0.2641,0.11975
0.1107,0.48561,0.23907,0.10428
0.1108,0.5178,0.21257,0.089351
0.1109,0.54901,0.18603,0.075447
0.111,0.57758,0.16079,0.062973
0.1111,0.60453,0.13616,0.05163
0.1112,0.62967,0.11233,0.041458
0.1113,0.65119,0.090661,0.032977
0.1114,0.67026,0.070272,0.025885
0.1115,0.68945,0.049168,0.019515
0.1116,0.70867,0.027355,0.013917
0.1117,0.72763,0.0049627,0.0092005
0.1118,0.74788,-0.01923,0.0049502
0.1119,0.76897,-0.044985,0.0012904
0.112,0.78861,-0.070645,-0.0011522
0.1121,0.80704,-0.096437,-0.0023973
0.1122,0.8258,-0.12355,-0.002857
0.1123,0.84444,-0.15167,-0.0024209
0.1124,0.8628,-0.18069,-0.0010942
0.1125,0.88233,-0.2117,0.00066984
0.1126,0.90284,-0.24451,0.0028066
0.1127,0.92257,-0.27778,0.0056966
0.1128,0.94123,-0.31115,0.0093368
0.1129,0.95867,-0.34443,0.013688
0.113,0.97321,-0.37625,0.019127
0.1131,0.98399,-0.40583,0.02588
0.1132,0.99165,-0.43357,0.033772
0.1133,0.99626,-0.45949,0.0428
0.1134,0.99804,-0.48373,0.052932
0.1135,0.99856,-0.50749,0.063786
0.1136,0.99854,-0.53137,0.075161
0.1137,0.9972,-0.55482,0.087272
0.1138,0.99457,-0.5779,0.10014
0.1139,0.991,-0.60088,0.11368
0.114,0.98581,-0.62328,0.1281
0.1141,0.97918,-0.6452,0.14337
0.1142,0.97276,-0.66784,0.15906
0.1143,0.96697,-0.69146,0.17505
0.1144,0.96122,-0.71554,0.19148
0.1145,0.95614,-0.74046,0.20817
0.1146,0.95211,-0.76641,0.22497
0.1147,0.94765,-0.7922,0.24222
0.1148,0.94189,-0.81707,0.26011
0.1149,0.93522,-0.84121,0.27845
0.115,0.92684,-0.8639,0.2974
0.1151,0.91551,-0.8841,0.31721
0.1152,0.90205,-0.90227,0.3376
0.1153,0.88749,-0.91907,0.35823
0.1154,0.8713,-0.93399,0.37919
0.1155,0.85339,-0.94688,0.40045
0.1156,0.83454,-0.95823,0.42178
0.1157,0.81416,-0.96759,0.44332
0.1158,0.79133,-0.97425,0.46534
0.1159,0.76689,-0.97887,0.48762
0.116,0.74202,-0.98238,0.50988
0.1161,0.71682,-0.98497,0.53214
0.1162,0.69198,-0.98721,0.55424
0.1163,0.6687,-0.99004,0.57588
0.1164,0.64684,-0.9934,0.59712
0.1165,0.62572,-0.99679,0.61815
0.1166,0.60543,-1.0002,0.63891
0.1167,0.58552,-1.0034,0.6595
0.1168,0.5648,-1.0052,0.6802
0.1169,0.54288,-1.0055,0.70104
0.117,0.51995,-1.0043,0.72191
0.1171,0.4957,-1.0012,0.74281
0.1172,0.4702,-0.99642,0.76365
0.1173,0.44418,-0.99037,0.78416
0.1174,0.41743,-0.98291,0.80433
0.1175,0.3892,-0.97346,0.82428
0.1176,0.3595,-0.96201,0.8439
0.1177,0.32843,-0.94861,0.8631
0.1178,0.29564,-0.933,0.88186
0.1179,0.26175,-0.91567,0.89992
0.118,0.22806,-0.89762,0.91685
0.1181,0.19493,-0.87918,0.93254
0.1182,0.1625,-0.86052,0.94691
0.1183,0.13165,-0.84236,0.95968
0.1184,0.10268,-0.82497,0.97084
0.1185,0.074833,-0.8078,0.98066
0.1186,0.047995,-0.79076,0.98917
0.1187,0.022411,-0.774,0.99632
0.1188,-0.0026386,-0.75693,1.0023
0.1189,-0.027754,-0.73907,1.0071
0.119,-0.052391,-0.72075,1.0103
0.1191,-0.076403,-0.70204,1.0118
0.1192,-0.10054,-0.68232,1.0117
0.1193,-0.12502,-0.66138,1.01
0.1194,-0.14983,-0.63921,1.0065
0.1195,-0.17574,-0.61519,1.0018
0.1196,-0.20328,-0.58895,0.99618
0.1197,-0.23179,-0.561,0.98966
0.1198,-0.26068,-0.53182,0.98243
0.1199,-0.28974,-0.5016,0.97466
0.12,-0.31822,-0.47099,0.96627
0.1201,-0.34526,-0.44067,0.95717
0.1202,-0.37083,-0.41069,0.94737
0.1203,-0.39488,-0.38113,0.9369
0.1204,-0.41704,-0.35229,0.92565
0.1205,-0.43745,-0.32408,0.91366
0.1206,-0.4565,-0.29621,0.90101
0.1207,-0.47399,-0.26879,0.88764
0.1208,-0.48974,-0.24196,0.87346
0.1209,-0.5039,-0.21555,0.8585
0.121,-0.51631,-0.18964,0.84269
0.1211,-0.5268,-0.16432,0.82595
0.1212,-0.53598,-0.13905,0.8084
0.1213,-0.54456,-0.11325,0.79019
0.1214,-0.55279,-0.086709,0.77138
0.1215,-0.56101,-0.05912,0.75207
0.1216,-0.56969,-0.030153,0.73244
0.1217,-0.57848,-0.00010628,0.71243
0.1218,-0.58678,0.030503,0.69196
0.1219,-0.59456,0.061556,0.67108
0.122,-0.6016,0.092771,0.6498
0.1221,-0.60719,0.1235,0.628
0.1222,-0.61116,0.15347,0.60567
0.1223,-0.61372,0.18274,0.58293
0.1224,-0.61457,0.21098,0.55972
0.1225,-0.61338,0.23787,0.53598
