0.05,-0.75145,0.34953,0.37434
0.0501,-0.75085,0.37619,0.35007
0.0502,-0.74895,0.40209,0.32544
0.0503,-0.74573,0.42717,0.30047
0.0504,-0.7412,0.45135,0.2752
0.0505,-0.73538,0.47461,0.24963
0.0506,-0.72829,0.49695,0.22378
0.0507,-0.71999,0.51841,0.19762
0.0508,-0.71056,0.53905,0.17111
0.0509,-0.70012,0.55896,0.14427
0.051,-0.68879,0.57821,0.11709
0.0511,-0.67667,0.59687,0.089614
0.0512,-0.66388,0.61498,0.061848
0.0513,-0.65048,0.63253,0.033827
0.0514,-0.63651,0.64949,0.0055823
0.0515,-0.62199,0.66581,-0.022851
0.0516,-0.60691,0.68137,-0.051424
0.0517,-0.59123,0.69604,-0.080082
0.0518,-0.57492,0.70969,-0.10876
0.0519,-0.55795,0.72216,-0.13738
0.052,-0.54026,0.7333,-0.16586
0.0521,-0.5218,0.74299,-0.19413
0.0522,-0.50252,0.75109,-0.22212
0.0523,-0.48237,0.75752,-0.24977
0.0524,-0.46133,0.76224,-0.27704
0.0525,-0.43937,0.76525,-0.30392
0.0526,-0.41652,0.76658,-0.33038
0.0527,-0.39283,0.76633,-0.35641
0.0528,-0.363,0.67572,-0.38653
0.0529,-0.33494,0.60954,-0.41433
0.053,-0.30636,0.5378,-0.44157
0.0531,-0.27727,0.46066,-0.46843
0.0532,-0.24858,0.37949,-0.49412
0.0533,-0.21956,0.29343,-0.51932
0.0534,-0.18959,0.20144,-0.5449
0.0535,-0.15962,0.10449,-0.56993
0.0536,-0.12985,0.0029174,-0.59403
0.0537,-0.099385,-0.10442,-0.61822
0.0538,-0.068506,-0.21743,-0.64223
0.0539,-0.03806,-0.33513,-0.66487
0.054,-0.0075547,-0.45777,-0.68645
0.0541,0.023473,-0.58544,-0.70739
0.0542,0.054607,-0.71729,-0.72707
0.0543,0.086193,-0.85377,-0.74568
0.0544,0.11903,-0.99604,-0.76405
0.0545,0.15275,-1.1438,-0.78183
0.0546,0.18684,-1.2964,-0.7984
0.0547,0.22152,-1.454,-0.81404
0.0548,0.25641,-1.6159,-0.82847
0.0549,0.29071,-1.781,-0.84086
0.055,0.32476,-1.9492,-0.85164
0.0551,0.35898,-2.1206,-0.86152
0.0552,0.39272,-2.2937,-0.87002
0.0553,0.42579,-2.4676,-0.8771
0.0554,0.45869,-2.6425,-0.8835
0.0555,0.491,-2.818,-0.88889
0.0556,0.52212,-2.9933,-0.89264
0.0557,0.55258,-3.1693,-0.8954
0.0558,0.58263,-3.3462,-0.89747
0.0559,0.61151,-3.5234,-0.89788
0.056,0.63939,-3.7009,-0.8967
0.0561,0.66726,-3.8797,-0.89505
0.0562,0.69506,-4.0593,-0.89284
0.0563,0.7224,-4.2393,-0.88955
0.0564,0.74987,-4.4201,-0.88581
0.0565,0.77754,-4.6013,-0.88177
0.0566,0.80447,-4.7815,-0.8764
0.0567,0.83047,-4.9604,-0.86948
0.0568,0.85599,-5.1383,-0.86171
0.0569,0.88065,-5.3148,-0.85285
0.057,0.90404,-5.4892,-0.8426
0.0571,0.92653,-5.6617,-0.83166
0.0572,0.94809,-5.8318,-0.82026
0.0573,0.96803,-5.9985,-0.80782
0.0574,0.98626,-6.1616,-0.7944
0.0575,1.003,-6.321,-0.78037
0.0576,1.0177,-6.4759,-0.76532
0.0577,1.03,-6.6257,-0.74895
0.0578,1.0404,-6.7707,-0.73165
0.0579,1.0488,-6.9106,-0.71341
0.058,1.0551,-7.0453,-0.69409
0.0581,1.0599,-7.1753,-0.67428
0.0582,1.0636,-7.3012,-0.65435
0.0583,1.0661,-7.4225,-0.63385
0.0584,1.0672,-7.5394,-0.61268
0.0585,1.0675,-7.6518,-0.59109
0.0586,1.0665,-7.7594,-0.56868
0.0587,1.0642,-7.8617,-0.54517
0.0588,1.0611,-7.9589,-0.52113
0.0589,1.0572,-8.0509,-0.49671
0.059,1.0521,-8.1366,-0.47147
0.0591,1.0461,-8.216,-0.44564
0.0592,1.0393,-8.2889,-0.41961
0.0593,1.0311,-8.3548,-0.39293
0.0594,1.0215,-8.4132,-0.36537
0.0595,1.0105,-8.4646,-0.33742
0.0596,0.99818,-8.5087,-0.30902
0.0597,0.98397,-8.5448,-0.27971
0.0598,0.96825,-8.5735,-0.24991
0.0599,0.95146,-8.595,-0.22019
0.06,0.93345,-8.6092,-0.19035
0.0601,0.91424,-8.6162,-0.16038
0.0602,0.89429,-8.6164,-0.13074
0.0603,0.87349,-8.6097,-0.10121
0.0604,0.85149,-8.5957,-0.071283
0.0605,0.82861,-8.575,-0.041196
0.0606,0.80519,-8.5479,-0.011287
0.0607,0.78108,-8.5144,0.018688
0.0608,0.75638,-8.4747,0.048663
0.0609,0.73144,-8.429,0.078218
0.061,0.70613,-8.3772,0.10747
0.0611,0.68015,-8.3189,0.1367
0.0612,0.65361,-8.2541,0.16574
0.0613,0.62643,-8.1828,0.19455
0.0614,0.59822,-8.1045,0.22349
0.0615,0.56897,-8.019,0.25249
0.0616,0.53881,-7.9267,0.28129
0.0617,0.50764,-7.8274,0.30994
0.0618,0.47555,-7.7213,0.33829
0.0619,0.44293,-7.6093,0.36584
0.062,0.40984,-7.4916,0.39252
0.0621,0.37609,-7.3684,0.41852
0.0622,0.34192,-7.2402,0.44363
0.0623,0.30746,-7.1074,0.46776
0.0624,0.2726,-6.97,0.49112
0.0625,0.23754,-6.8284,0.51358
0.0626,0.20274,-6.6832,0.53468
0.0627,0.16818,-6.5343,0.55447
0.0628,0.13378,-6.3819,0.57309
0.0629,0.099836,-6.2262,0.59023
0.063,0.066396,-6.0674,0.60579
0.0631,0.033133,-5.9055,0.62014
0.0632,2.9559e-05,-5.7406,0.63326
0.0633,-0.032772,-5.5731,0.64495
0.0634,-0.065529,-5.4028,0.65545
0.0635,-0.098438,-5.2297,0.66496
0.0636,-0.13124,-5.0541,0.67316
0.0637,-0.16384,-4.8763,0.67992
0.0638,-0.19641,-4.6962,0.68549
0.0639,-0.22888,-4.5141,0.68981
0.064,-0.26106,-4.3304,0.69278
0.0641,-0.2931,-4.1452,0.6947
0.0642,-0.32504,-3.9588,0.69578
0.0643,-0.35656,-3.7719,0.69582
0.0644,-0.38745,-3.5852,0.69478
0.0645,-0.41768,-3.3989,0.69279
0.0646,-0.44698,-3.2137,0.68971
0.0647,-0.47511,-3.03,0.6854
0.0648,-0.50213,-2.8479,0.68008
0.0649,-0.52804,-2.6675,0.67383
0.065,-0.55269,-2.489,0.66657
0.0651,-0.57621,-2.3125,0.65848
0.0652,-0.59874,-2.1378,0.64976
0.0653,-0.6202,-1.965,0.64032
0.0654,-0.64057,-1.7944,0.63011
0.0655,-0.65995,-1.626,0.61923
0.0656,-0.67822,-1.46,0.60751
0.0657,-0.69524,-1.297,0.59478
0.0658,-0.71114,-1.1369,0.58118
0.0659,-0.726,-0.97981,0.56682
0.066,-0.73972,-0.82611,0.55159
0.0661,-0.75233,-0.67591,0.53559
0.0662,-0.76391,-0.52931,0.51897
0.0663,-0.77424,-0.38673,0.50156
0.0664,-0.78312,-0.24861,0.48319
0.0665,-0.79058,-0.11511,0.464
0.0666,-0.79657,0.013464,0.44403
0.0667,-0.80086,0.13658,0.42309
0.0668,-0.80348,0.25399,0.40132
0.0669,-0.80459,0.36557,0.37896
0.067,-0.8041,0.47103,0.35596
0.0671,-0.80202,0.5702,0.33232
0.0672,-0.79855,0.66326,0.3083
0.0673,-0.79377,0.75026,0.28392
0.0674,-0.78755,0.8311,0.25901
0.0675,-0.78003,0.90588,0.23359
0.0676,-0.77139,0.97479,0.2078
0.0677,-0.76166,1.0378,0.18159
0.0678,-0.75091,1.0948,0.15497
0.0679,-0.73938,1.1459,0.12817
0.068,-0.72711,1.191,0.10119
0.0681,-0.714,1.2297,0.073898
0.0682,-0.70007,1.2618,0.046326
0.0683,-0.68529,1.2872,0.018494
0.0684,-0.66952,1.3056,-0.0097146
0.0685,-0.65271,1.3168,-0.038281
0.0686,-0.63489,1.3208,-0.06706
0.0687,-0.616,1.3177,-0.09603
0.0688,-0.59597,1.3072,-0.12515
0.0689,-0.57489,1.2895,-0.15424
0.069,-0.55277,1.2646,-0.18318
0.0691,-0.52955,1.2326,-0.21203
0.0692,-0.50526,1.1934,-0.24068
0.0693,-0.47999,1.1473,-0.26908
0.0694,-0.45369,1.0943,-0.29731
0.0695,-0.42644,1.0345,-0.32533
0.0696,-0.39849,0.96834,-0.35295
0.0697,-0.36996,0.89618,-0.38012
0.0698,-0.34094,0.81825,-0.40684
0.0699,-0.3116,0.73488,-0.433
0.07,-0.28205,0.64633,-0.45854
0.0701,-0.25222,0.5526,-0.48362
0.0702,-0.22208,0.45376,-0.50827
0.0703,-0.1917,0.34993,-0.53239
0.0704,-0.16101,0.24106,-0.55603
0.0705,-0.12992,0.12702,-0.57925
0.0706,-0.098479,0.0079099,-0.60188
0.0707,-0.066727,-0.1162,-0.6238
0.0708,-0.034568,-0.2453,-0.64501
0.0709,-0.0020115,-0.37921,-0.66539
0.071,0.03086,-0.51759,-0.68473
0.0711,0.064088,-0.66027,-0.70302
0.0712,0.09772,-0.80703,-0.72026
0.0713,0.13164,-0.95749,-0.73632
0.0714,0.16573,-1.1113,-0.7511
0.0715,0.19994,-1.2683,-0.7646
0.0716,0.2341,-1.4279,-0.77673
0.0717,0.26803,-1.5899,-0.78742
0.0718,0.30166,-1.754,-0.79672
0.0719,0.33494,-1.92,-0.80475
0.072,0.36776,-2.0876,-0.81151
0.0721,0.40008,-2.2563,-0.8171
0.0722,0.43191,-2.4261,-0.82165
0.0723,0.4632,-2.5967,-0.82518
0.0724,0.49391,-2.7677,-0.82768
0.0725,0.52408,-2.939,-0.82925
0.0726,0.55372,-3.1105,-0.82988
0.0727,0.58282,-3.2819,-0.82952
0.0728,0.61143,-3.4532,-0.82821
0.0729,0.63963,-3.6243,-0.826
0.073,0.66742,-3.7949,-0.82285
0.0731,0.69481,-3.9649,-0.81878
0.0732,0.72183,-4.1342,-0.81385
0.0733,0.74838,-4.3022,-0.80798
0.0734,0.77427,-4.4686,-0.80107
0.0735,0.79939,-4.6329,-0.79311
0.0736,0.82361,-4.7947,-0.7841
0.0737,0.84668,-4.9536,-0.77395
0.0738,0.86847,-5.1091,-0.7627
0.0739,0.8889,-5.2611,-0.75049
0.074,0.90782,-5.4091,-0.73733
0.0741,0.92508,-5.5529,-0.72323
0.0742,0.94064,-5.6922,-0.7083
0.0743,0.95447,-5.827,-0.69261
0.0744,0.96648,-5.9569,-0.67612
0.0745,0.97666,-6.0817,-0.65884
0.0746,0.9851,-6.2014,-0.64087
0.0747,0.99182,-6.3157,-0.62217
0.0748,0.9969,-6.4244,-0.60275
0.0749,1.0005,-6.5275,-0.58269
0.075,1.0027,-6.6248,-0.56202
0.0751,1.0037,-6.7162,-0.54072
0.0752,1.0035,-6.8017,-0.51877
0.0753,1.0021,-6.881,-0.49619
0.0754,0.99968,-6.9541,-0.47289
0.0755,0.99612,-7.0207,-0.44887
0.0756,0.99148,-7.0808,-0.42413
0.0757,0.98576,-7.134,-0.39869
0.0758,0.9789,-7.1802,-0.37256
0.0759,0.97091,-7.2192,-0.34582
0.076,0.96174,-7.2507,-0.31852
0.0761,0.95132,-7.2746,-0.2907
0.0762,0.93962,-7.2907,-0.2624
0.0763,0.92664,-7.299,-0.23372
0.0764,0.91234,-7.2996,-0.20469
0.0765,0.89673,-7.2924,-0.17537
0.0766,0.87989,-7.2776,-0.14586
0.0767,0.8619,-7.2554,-0.11625
0.0768,0.84281,-7.2258,-0.086568
0.0769,0.82274,-7.1891,-0.056906
0.077,0.80178,-7.1455,-0.027316
0.0771,0.77997,-7.0949,0.0022426
0.0772,0.75734,-7.0375,0.031803
0.0773,0.73397,-6.9733,0.061346
0.0774,0.70987,-6.9026,0.090894
0.0775,0.68506,-6.8253,0.12048
0.0776,0.65957,-6.7416,0.15005
0.0777,0.63346,-6.6518,0.17956
0.0778,0.60668,-6.5558,0.20901
0.0779,0.57922,-6.4539,0.23838
0.078,0.55107,-6.3462,0.26757
0.0781,0.52221,-6.2328,0.29656
0.0782,0.49257,-6.1139,0.32534
0.0783,0.46217,-5.9895,0.35382
0.0784,0.43103,-5.8599,0.38191
0.0785,0.39918,-5.7254,0.40954
0.0786,0.36667,-5.5861,0.43659
0.0787,0.33363,-5.4425,0.46292
0.0788,0.30011,-5.2949,0.48843
0.0789,0.2662,-5.1436,0.51304
0.079,0.23202,-4.9891,0.53665
0.0791,0.19767,-4.8316,0.55922
0.0792,0.16323,-4.6715,0.58069
0.0793,0.12878,-4.5091,0.60103
0.0794,0.094428,-4.3446,0.62015
0.0795,0.060217,-4.1782,0.63803
0.0796,0.026189,-4.0101,0.65465
0.0797,-0.0076157,-3.8404,0.66995
0.0798,-0.041199,-3.6693,0.68392
0.0799,-0.074588,-3.4969,0.69658
0.08,-0.10779,-3.3234,0.70791
0.0801,-0.14082,-3.1489,0.71793
0.0802,-0.17372,-2.9736,0.72667
0.0803,-0.20648,-2.7978,0.73415
0.0804,-0.23907,-2.6216,0.74034
0.0805,-0.27146,-2.4453,0.74528
0.0806,-0.30363,-2.269,0.74899
0.0807,-0.3355,-2.0932,0.75147
0.0808,-0.36699,-1.9179,0.75275
0.0809,-0.39806,-1.7434,0.75291
0.081,-0.42862,-1.5698,0.75199
0.0811,-0.45858,-1.3976,0.75003
0.0812,-0.48785,-1.227,0.74708
0.0813,-0.51634,-1.0581,0.74317
0.0814,-0.54393,-0.89127,0.73833
0.0815,-0.57055,-0.72677,0.73256
0.0816,-0.59614,-0.56472,0.72593
0.0817,-0.62066,-0.40528,0.71845
0.0818,-0.64408,-0.24857,0.71015
0.0819,-0.66638,-0.094642,0.70105
0.082,-0.6876,0.056458,0.6912
0.0821,-0.70772,0.20466,0.68059
0.0822,-0.72673,0.3499,0.6692
0.0823,-0.74463,0.49209,0.65702
0.0824,-0.76138,0.63109,0.64403
0.0825,-0.77695,0.76673,0.63016
0.0826,-0.79129,0.89884,0.61541
0.0827,-0.80438,1.0272,0.59977
0.0828,-0.81618,1.1517,0.58322
0.0829,-0.82665,1.272,0.56578
0.083,-0.83579,1.388,0.54749
0.0831,-0.84353,1.4995,0.52835
0.0832,-0.84984,1.6064,0.5084
0.0833,-0.85471,1.7085,0.48768
0.0834,-0.85811,1.8056,0.46625
0.0835,-0.86003,1.8976,0.44413
0.0836,-0.86047,1.9843,0.42139
0.0837,-0.85946,2.0658,0.3981
0.0838,-0.85702,2.1418,0.37431
0.0839,-0.8532,2.2123,0.35006
0.084,-0.84805,2.2773,0.3254
0.0841,-0.84162,2.3366,0.30033
0.0842,-0.83396,2.3902,0.27484
0.0843,-0.82514,2.4382,0.24894
0.0844,-0.8152,2.4804,0.22265
0.0845,-0.80421,2.517,0.19595
0.0846,-0.79221,2.5478,0.16886
0.0847,-0.77926,2.5728,0.14143
0.0848,-0.76538,2.5919,0.11366
0.0849,-0.75058,2.6051,0.085559
0.085,-0.73486,2.6121,0.057173
0.0851,-0.71819,2.6128,0.028529
0.0852,-0.70056,2.6072,-0.00035264
0.0853,-0.68192,2.5951,-0.029414
0.0854,-0.66229,2.5765,-0.058584
0.0855,-0.64163,2.5515,-0.087803
0.0856,-0.61995,2.5199,-0.11699
0.0857,-0.59727,2.482,-0.14606
0.0858,-0.57362,2.4379,-0.17494
0.0859,-0.54903,2.3877,-0.20358
0.086,-0.52355,2.3314,-0.23191
0.0861,-0.49722,2.2694,-0.2599
0.0862,-0.4701,2.2016,-0.28754
0.0863,-0.44226,2.1283,-0.31481
0.0864,-0.41378,2.0496,-0.34169
0.0865,-0.38474,1.9657,-0.36818
0.0866,-0.3552,1.8767,-0.39426
0.0867,-0.32525,1.7828,-0.41991
0.0868,-0.29493,1.6842,-0.44513
0.0869,-0.26424,1.5811,-0.46989
0.087,-0.23322,1.4736,-0.49417
0.0871,-0.20187,1.3617,-0.51793
0.0872,-0.1702,1.2457,-0.54113
0.0873,-0.13821,1.1257,-0.56369
0.0874,-0.1059,1.0018,-0.58552
0.0875,-0.073295,0.87404,-0.60654
0.0876,-0.040389,0.74269,-0.62665
0.0877,-0.0072129,0.60789,-0.64574
0.0878,0.026199,0.46987,-0.6637
0.0879,0.059814,0.32887,-0.68046
0.088,0.093583,0.18517,-0.69596
0.0881,0.12744,0.03906,-0.71015
0.0882,0.16131,-0.10916,-0.72299
0.0883,0.19512,-0.25917,-0.73451
0.0884,0.22878,-0.41068,-0.7447
0.0885,0.26221,-0.56337,-0.75359
0.0886,0.29533,-0.71698,-0.76126
0.0887,0.32809,-0.87125,-0.76775
0.0888,0.36043,-1.0259,-0.77313
0.0889,0.39232,-1.1807,-0.77745
0.089,0.42374,-1.3355,-0.7808
0.0891,0.45467,-1.4899,-0.78318
0.0892,0.48511,-1.6437,-0.78463
0.0893,0.51505,-1.7967,-0.78516
0.0894,0.54448,-1.9486,-0.78476
0.0895,0.57341,-2.0991,-0.78341
0.0896,0.60182,-2.248,-0.78109
0.0897,0.6297,-2.395,-0.77777
0.0898,0.65703,-2.5399,-0.77344
0.0899,0.68376,-2.6824,-0.76807
0.09,0.70984,-2.8222,-0.76166
0.0901,0.73517,-2.9591,-0.75421
0.0902,0.75967,-3.0927,-0.7457
0.0903,0.78321,-3.2228,-0.73615
0.0904,0.80564,-3.349,-0.72558
0.0905,0.82684,-3.4709,-0.71401
0.0906,0.84667,-3.5883,-0.70147
0.0907,0.86501,-3.7009,-0.68803
0.0908,0.88177,-3.8084,-0.67372
0.0909,0.89686,-3.9106,-0.6586
0.091,0.91024,-4.0072,-0.64271
0.0911,0.92189,-4.0981,-0.62609
0.0912,0.93181,-4.1831,-0.60876
0.0913,0.94003,-4.2622,-0.59075
0.0914,0.94659,-4.335,-0.57205
0.0915,0.95156,-4.4016,-0.55266
0.0916,0.955,-4.4619,-0.53257
0.0917,0.95701,-4.5157,-0.51178
0.0918,0.95765,-4.5629,-0.49028
0.0919,0.957,-4.6036,-0.46806
0.092,0.95513,-4.6375,-0.44513
0.0921,0.95209,-4.6648,-0.42148
0.0922,0.9479,-4.6853,-0.39711
0.0923,0.94259,-4.6991,-0.37201
0.0924,0.93617,-4.7061,-0.34623
0.0925,0.92863,-4.7064,-0.3198
0.0926,0.91997,-4.7,-0.29279
0.0927,0.91018,-4.6868,-0.26527
0.0928,0.89923,-4.667,-0.2373
0.0929,0.88711,-4.6406,-0.20896
0.093,0.8738,-4.6075,-0.1803
0.0931,0.8593,-4.568,-0.15139
0.0932,0.84362,-4.5221,-0.12229
0.0933,0.82677,-4.47,-0.093031
0.0934,0.80879,-4.4119,-0.063661
0.0935,0.78971,-4.348,-0.034212
0.0936,0.7696,-4.2785,-0.0047082
0.0937,0.7485,-4.2036,0.024829
0.0938,0.72649,-4.1238,0.054388
0.0939,0.70362,-4.0391,0.083966
0.094,0.67993,-3.9498,0.11356
0.0941,0.65546,-3.8562,0.14317
0.0942,0.63025,-3.7584,0.17278
0.0943,0.60432,-3.6567,0.20239
0.0944,0.57769,-3.5514,0.23195
0.0945,0.55039,-3.4426,0.26143
0.0946,0.52241,-3.3305,0.29079
0.0947,0.49377,-3.2155,0.31995
0.0948,0.46448,-3.0976,0.34885
0.0949,0.43454,-2.9771,0.37743
0.095,0.40397,-2.8542,0.4056
0.0951,0.37278,-2.7292,0.43329
0.0952,0.341,-2.6021,0.46042
0.0953,0.30869,-2.4733,0.48691
0.0954,0.27586,-2.3428,0.51268
0.0955,0.24257,-2.2109,0.53765
0.0956,0.20889,-2.0779,0.56174
0.0957,0.17491,-1.9438,0.58488
0.0958,0.14071,-1.809,0.60701
0.0959,0.10638,-1.6736,0.62806
0.096,0.071986,-1.5377,0.64796
0.0961,0.037608,-1.4017,0.66668
0.0962,0.0033099,-1.2656,0.68416
0.0963,-0.030858,-1.1296,0.70036
0.0964,-0.064854,-0.99368,0.71524
0.0965,-0.098647,-0.85807,0.72878
0.0966,-0.13222,-0.72279,0.74096
0.0967,-0.16556,-0.58788,0.75178
0.0968,-0.19866,-0.45342,0.76124
0.0969,-0.23152,-0.31947,0.76936
0.097,-0.26414,-0.18608,0.77616
0.0971,-0.29649,-0.053348,0.78165
0.0972,-0.32856,0.078643,0.78588
0.0973,-0.36031,0.20979,0.78888
0.0974,-0.39171,0.34,0.79068
0.0975,-0.4227,0.46918,0.79133
0.0976,-0.45322,0.59721,0.79087
0.0977,-0.48322,0.72401,0.78935
0.0978,-0.51261,0.84944,0.78682
0.0979,-0.54134,0.97341,0.78333
0.098,-0.56933,1.0958,0.77894
0.0981,-0.5965,1.2165,0.77367
0.0982,-0.62279,1.3353,0.76756
0.0983,-0.64814,1.4522,0.76064
0.0984,-0.67247,1.567,0.75292
0.0985,-0.69575,1.6797,0.7444
0.0986,-0.71791,1.79,0.73508
0.0987,-0.73895,1.898,0.72495
0.0988,-0.75882,2.0035,0.714
0.0989,-0.77748,2.1065,0.70221
0.099,-0.79493,2.2069,0.68957
0.0991,-0.81114,2.3045,0.67605
0.0992,-0.82608,2.3994,0.66163
0.0993,-0.83971,2.4914,0.64631
0.0994,-0.85204,2.5805,0.63009
0.0995,-0.86302,2.6664,0.61297
0.0996,-0.87266,2.7491,0.59497
0.0997,-0.88092,2.8284,0.57613
0.0998,-0.88782,2.9042,0.55648
0.0999,-0.89334,2.9762,0.53607
0.1,-0.89746,3.0445,0.51496
0.1001,-0.9002,3.1088,0.49319
0.1002,-0.90155,3.169,0.47081
0.1003,-0.90151,3.225,0.44788
0.1004,-0.9001,3.2766,0.42443
0.1005,-0.89732,3.3238,0.40049
0.1006,-0.8932,3.3664,0.37611
0.1007,-0.88776,3.4044,0.35129
0.1008,-0.88104,3.4375,0.32603
0.1009,-0.87307,3.4658,0.30032
0.101,-0.8639,3.4892,0.27416
0.1011,-0.85356,3.5075,0.24757
0.1012,-0.84211,3.5207,0.22055
0.1013,-0.82957,3.5287,0.19312
0.1014,-0.81601,3.5315,0.16531
0.1015,-0.80145,3.5291,0.13713
0.1016,-0.78593,3.5213,0.10864
0.1017,-0.76946,3.5081,0.079889
0.1018,-0.75207,3.4895,0.050924
0.1019,-0.73376,3.4653,0.021807
0.102,-0.71452,3.4356,-0.007399
0.1021,-0.69435,3.4003,-0.03663
0.1022,-0.67326,3.3593,-0.065823
0.1023,-0.65123,3.3127,-0.094916
0.1024,-0.62827,3.2604,-0.12385
0.1025,-0.60439,3.2027,-0.15258
0.1026,-0.57962,3.1394,-0.18105
0.1027,-0.55398,3.0707,-0.20924
0.1028,-0.5275,2.9967,-0.23711
0.1029,-0.50025,2.9175,-0.26465
0.103,-0.47226,2.8333,-0.29185
0.1031,-0.44359,2.7443,-0.31868
0.1032,-0.41432,2.6504,-0.34516
0.1033,-0.3845,2.552,-0.37126
0.1034,-0.35954,2.5325,-0.39212
0.1035,-0.33356,2.5142,-0.41339
0.1036,-0.30674,2.4958,-0.43463
0.1037,-0.2796,2.4773,-0.45531
0.1038,-0.25152,2.4592,-0.47614
0.1039,-0.22294,2.441,-0.49671
0.104,-0.19474,2.4225,-0.51589
0.1041,-0.16642,2.4039,-0.53409
0.1042,-0.1376,2.3852,-0.55176
0.1043,-0.10894,2.3661,-0.56802
0.1044,-0.080451,2.3466,-0.58276
0.1045,-0.051343,2.3271,-0.59695
0.1046,-0.021801,2.3072,-0.61037
0.1047,0.0075963,2.2867,-0.62226
0.1048,0.037019,2.2657,-0.6329
0.1049,0.066333,2.2443,-0.64226
0.105,0.094758,2.222,-0.64938
0.1051,0.12223,2.199,-0.6542
0.1052,0.14917,2.1755,-0.65739
0.1053,0.17547,2.1516,-0.65892
0.1054,0.20128,2.1273,-0.65907
0.1055,0.2272,2.1031,-0.65881
0.1056,0.25305,2.0788,-0.65797
0.1057,0.2782,2.0543,-0.65581
0.1058,0.30284,2.0297,-0.65269
0.1059,0.32722,2.005,-0.64898
0.106,0.35087,1.9801,-0.64402
0.1061,0.37384,1.9551,-0.6379
0.1062,0.39672,1.93,-0.63147
0.1063,0.41929,1.9049,-0.62442
0.1064,0.44115,1.8794,-0.61623
0.1065,0.4628,1.8537,-0.60768
0.1066,0.48437,1.8278,-0.59894
0.1067,0.50496,1.8015,-0.58887
0.1068,0.52424,1.7745,-0.57716
0.1069,0.54251,1.747,-0.5644
0.107,0.55936,1.7191,-0.55012
0.1071,0.57438,1.6904,-0.5339
0.1072,0.58815,1.6615,-0.51674
0.1073,0.60111,1.6325,-0.49934
0.1074,0.61278,1.6034,-0.48115
0.1075,0.62308,1.5742,-0.46219
0.1076,0.63231,1.5451,-0.44296
0.1077,0.64013,1.5161,-0.42303
0.1078,0.64615,1.487,-0.40193
0.1079,0.65078,1.4582,-0.38029
0.108,0.65428,1.4296,-0.35841
0.1081,0.65641,1.4012,-0.33589
0.1082,0.65738,1.3729,-0.31303
0.1083,0.65767,1.345,-0.29036
0.1084,0.6572,1.3172,-0.26765
0.1085,0.65585,1.2895,-0.24464
0.1086,0.65375,1.2619,-0.22147
0.1087,0.65065,1.2343,-0.19775
0.1088,0.64611,1.2064,-0.17287
0.1089,0.64029,1.1784,-0.14707
0.109,0.63339,1.1503,-0.12065
0.1091,0.62528,1.1222,-0.093436
0.1092,0.61613,1.0942,-0.065695
0.1093,0.60626,1.0666,-0.037934
0.1094,0.59544,1.0392,-0.0098584
0.1095,0.58339,1.0121,0.018843
0.1096,0.57034,0.98553,0.04775
0.1097,0.55636,0.95956,0.076724
0.1098,0.54119,0.93416,0.10608
0.1099,0.52506,0.90952,0.13542
0.11,0.50839,0.88585,0.16418
0.1101,0.49105,0.86308,0.19257
0.1102,0.47298,0.84121,0.22067
0.1103,0.45462,0.82041,0.24793
0.1104,0.43598,0.80062,0.27441
0.1105,0.41658,0.78162,0.30082
0.1106,0.39642,0.76337,0.32717
0.1107,0.3757,0.74591,0.35326
0.1108,0.35416,0.72907,0.37948
0.1109,0.33176,0.71279,0.4059
0.111,0.30897,0.69724,0.4319
0.1111,0.28588,0.68242,0.45738
0.1112,0.26217,0.66822,0.48277
0.1113,0.23789,0.65469,0.50795
0.1114,0.21314,0.64191,0.53272
0.1115,0.18764,0.62979,0.55744
0.1116,0.1613,0.61835,0.58217
0.1117,0.13443,0.60777,0.60642
0.1118,0.10712,0.59809,0.63003
0.1119,0.079297,0.58931,0.65303
0.112,0.051262,0.58157,0.675
0.1121,0.023286,0.57495,0.69558
0.1122,-0.0046953,0.5694,0.7149
0.1123,-0.032649,0.56491,0.73291
0.1124,-0.060472,0.56148,0.74954
0.1125,-0.088359,0.55896,0.76508
0.1126,-0.11645,0.55725,0.77978
0.1127,-0.14454,0.55635,0.79338
0.1128,-0.17253,0.55622,0.80581
0.1129,-0.20047,0.55677,0.81719
0.113,-0.22819,0.55802,0.82732
0.1131,-0.25558,0.55996,0.83609
0.1132,-0.28289,0.56248,0.84385
0.1133,-0.31022,0.56555,0.85075
0.1134,-0.33742,0.56923,0.85659
0.1135,-0.36454,0.57352,0.86147
0.1136,-0.39175,0.5784,0.8656
0.1137,-0.4188,0.584,0.86864
0.1138,-0.44548,0.59042,0.87033
0.1139,-0.47188,0.59766,0.87084
0.114,-0.49791,0.60575,0.87006
0.1141,-0.52326,0.6148,0.86764
0.1142,-0.54796,0.62478,0.86374
0.1143,-0.57221,0.63555,0.8587
0.1144,-0.59586,0.64711,0.85243
0.1145,-0.61878,0.65947,0.84489
0.1146,-0.64104,0.67248,0.83633
0.1147,-0.66254,0.6861,0.82673
0.1148,-0.68297,0.70034,0.81582
0.1149,-0.70233,0.71508,0.80376
0.115,-0.72081,0.73018,0.79088
0.1151,-0.73833,0.74559,0.7772
0.1152,-0.75492,0.76123,0.76283
0.1153,-0.77077,0.777,0.7481
0.1154,-0.78586,0.79287,0.73304
0.1155,-0.80003,0.80889,0.71748
0.1156,-0.81326,0.82506,0.70144
0.1157,-0.82552,0.84138,0.6849
0.1158,-0.83656,0.85796,0.66758
0.1159,-0.84625,0.87484,0.64934
0.116,-0.85465,0.892,0.63026
0.1161,-0.86168,0.90946,0.61028
0.1162,-0.86733,0.92723,0.58936
0.1163,-0.87174,0.94521,0.56773
0.1164,-0.87494,0.96336,0.54542
0.1165,-0.8768,0.9817,0.52225
0.1166,-0.8773,1.0001,0.49826
0.1167,-0.87648,1.0186,0.47352
0.1168,-0.87425,1.0371,0.44795
0.1169,-0.87064,1.0554,0.42165
0.117,-0.8659,1.0734,0.39496
0.1171,-0.8601,1.0911,0.36803
0.1172,-0.85325,1.1084,0.34085
0.1173,-0.84551,1.1252,0.31366
0.1174,-0.83703,1.1414,0.2866
0.1175,-0.8277,1.1571,0.25949
0.1176,-0.8175,1.1722,0.23227
0.1177,-0.80654,1.1868,0.20509
0.1178,-0.79478,1.2009,0.17782
0.1179,-0.7821,1.2144,0.15027
0.118,-0.76861,1.2273,0.12259
0.1181,-0.75443,1.2396,0.094888
0.1182,-0.73945,1.2512,0.067025
0.1183,-0.72365,1.262,0.038947
0.1184,-0.70707,1.2719,0.010754
0.1185,-0.68963,1.2808,-0.017679
0.1186,-0.67118,1.2887,-0.046494
0.1187,-0.6518,1.2955,-0.07552
0.1188,-0.63162,1.3011,-0.10456
0.1189,-0.61062,1.3054,-0.13355
0.119,-0.58891,1.3085,-0.16233
0.1191,-0.56664,1.3102,-0.19061
0.1192,-0.54384,1.3107,-0.21836
0.1193,-0.52049,1.3099,-0.24556
0.1194,-0.49669,1.3079,-0.27208
0.1195,-0.47245,1.3047,-0.29792
0.1196,-0.44771,1.3004,-0.32317
0.1197,-0.42254,1.2952,-0.34781
0.1198,-0.39701,1.289,-0.37176
0.1199,-0.37115,1.2819,-0.39506
0.12,-0.34502,1.2741,-0.4177
0.1201,-0.31872,1.2655,-0.43957
0.1202,-0.29221,1.2563,-0.46076
0.1203,-0.26535,1.2466,-0.48145
0.1204,-0.23816,1.2363,-0.50163
0.1205,-0.21062,1.2255,-0.52133
0.1206,-0.18266,1.2142,-0.54064
0.1207,-0.15431,1.2024,-0.55943
0.1208,-0.12573,1.1901,-0.57749
0.1209,-0.096953,1.1773,-0.59472
0.121,-0.068,1.1638,-0.61102
0.1211,-0.039026,1.1496,-0.62612
0.1212,-0.010121,1.1348,-0.63989
0.1213,0.018742,1.1192,-0.65234
0.1214,0.047493,1.1028,-0.66334
0.1215,0.076013,1.0857,-0.67277
0.1216,0.1043,1.0679,-0.68067
0.1217,0.13234,1.0493,-0.68708
0.1218,0.15998,1.0301,-0.6919
0.1219,0.18714,1.0102,-0.69511
0.122,0.21385,0.98976,-0.69688
0.1221,0.24011,0.96884,-0.69731
0.1222,0.26588,0.94749,-0.69647
0.1223,0.29124,0.92583,-0.6946
0.1224,0.31627,0.90392,-0.69187
0.1225,0.3409,0.8818,-0.6883
