0.05,0.18344,0.10819,-0.27406
0.0501,0.17421,0.12028,-0.27661
0.0502,0.16444,0.13219,-0.27893
0.0503,0.1542,0.14379,-0.28098
0.0504,0.14353,0.15499,-0.28274
0.0505,0.13251,0.16567,-0.28413
0.0506,0.12118,0.17574,-0.28511
0.0507,0.10961,0.18517,-0.28565
0.0508,0.097835,0.19394,-0.2857
0.0509,0.085873,0.20206,-0.28524
0.051,0.073741,0.20961,-0.28428
0.0511,0.061434,0.21667,-0.28284
0.0512,0.048954,0.22332,-0.28094
0.0513,0.036294,0.22968,-0.27863
0.0514,0.023462,0.23583,-0.27598
0.0515,0.010467,0.24187,-0.27303
0.0516,-0.0026689,0.24785,-0.26986
0.0517,-0.015918,0.25385,-0.2665
0.0518,-0.029237,0.25986,-0.26298
0.0519,-0.042579,0.26585,-0.2593
0.052,-0.055878,0.2718,-0.25545
0.0521,-0.069063,0.27762,-0.25139
0.0522,-0.08205,0.28323,-0.24706
0.0523,-0.094763,0.28851,-0.24238
0.0524,-0.10713,0.29336,-0.23726
0.0525,-0.11909,0.29767,-0.23158
0.0526,-0.13063,0.30136,-0.22524
0.0527,-0.14173,0.30438,-0.21815
0.0528,-0.15241,0.30671,-0.21026
0.0529,-0.16272,0.30835,-0.20153
0.053,-0.17269,0.30936,-0.19196
0.0531,-0.1824,0.30979,-0.18162
0.0532,-0.19187,0.30975,-0.17055
0.0533,-0.20117,0.30931,-0.15885
0.0534,-0.21033,0.30858,-0.14664
0.0535,-0.21938,0.30766,-0.13402
0.0536,-0.22834,0.30663,-0.12111
0.0537,-0.2372,0.30556,-0.10802
0.0538,-0.24596,0.30452,-0.094865
0.0539,-0.25459,0.30351,-0.08173
0.054,-0.26302,0.30252,-0.068688
0.0541,-0.27119,0.30151,-0.055798
0.0542,-0.27903,0.30039,-0.043088
0.0543,-0.28646,0.29905,-0.030563
0.0544,-0.29343,0.29737,-0.018208
0.0545,-0.29989,0.29525,-0.0059996
0.0546,-0.30581,0.29257,0.0061066
0.0547,-0.31118,0.28925,0.018155
0.0548,-0.31599,0.28523,0.03018
0.0549,-0.32027,0.28046,0.042211
0.055,-0.32406,0.27493,0.054271
0.0551,-0.3274,0.26865,0.066359
0.0552,-0.33034,0.26167,0.078457
0.0553,-0.33296,0.25404,0.090542
0.0554,-0.3353,0.24581,0.10257
0.0555,-0.33742,0.23706,0.11449
0.0556,-0.33937,0.22786,0.12623
0.0557,-0.34119,0.21829,0.13773
0.0558,-0.34289,0.2084,0.14891
0.0559,-0.34444,0.19826,0.15972
0.056,-0.34584,0.18788,0.17011
0.0561,-0.34702,0.1773,0.18005
0.0562,-0.34793,0.16651,0.18951
0.0563,-0.34851,0.1555,0.19851
0.0564,-0.34869,0.14425,0.20706
0.0565,-0.34842,0.13274,0.21521
0.0566,-0.34767,0.12094,0.22298
0.0567,-0.34641,0.10881,0.23045
0.0568,-0.34463,0.096353,0.23763
0.0569,-0.34234,0.083559,0.24458
0.057,-0.33955,0.070442,0.25131
0.0571,-0.33631,0.057041,0.25787
0.0572,-0.33266,0.04342,0.26428
0.0573,-0.32866,0.029665,0.27053
0.0574,-0.32436,0.015875,0.27661
0.0575,-0.31981,0.0021726,0.28246
0.0576,-0.31505,-0.011324,0.28805
0.0577,-0.31007,-0.024504,0.29331
0.0578,-0.30485,-0.037281,0.29819
0.0579,-0.29934,-0.049585,0.30263
0.058,-0.29346,-0.061387,0.30659
0.0581,-0.28714,-0.072684,0.31004
0.0582,-0.2803,-0.083507,0.31296
0.0583,-0.27287,-0.093901,0.31535
0.0584,-0.26479,-0.10394,0.31723
0.0585,-0.25603,-0.11371,0.31864
0.0586,-0.24659,-0.12328,0.31961
0.0587,-0.23647,-0.13275,0.3202
0.0588,-0.22569,-0.14217,0.32046
0.0589,-0.2143,-0.15161,0.32044
0.059,-0.20236,-0.16109,0.32021
0.0591,-0.18994,-0.17061,0.31979
0.0592,-0.17714,-0.18013,0.31924
0.0593,-0.16406,-0.18961,0.31855
0.0594,-0.15081,-0.19895,0.31772
0.0595,-0.13749,-0.20805,0.31675
0.0596,-0.1242,-0.2168,0.3156
0.0597,-0.11102,-0.2251,0.3142
0.0598,-0.098012,-0.23286,0.31251
0.0599,-0.085223,-0.24002,0.31045
0.06,-0.072671,-0.24656,0.30797
0.0601,-0.06036,-0.25245,0.305
0.0602,-0.048273,-0.2577,0.30149
0.0603,-0.036381,-0.26234,0.29741
0.0604,-0.02464,-0.26642,0.29273
0.0605,-0.013004,-0.27002,0.28744
0.0606,-0.0014221,-0.27323,0.28153
0.0607,0.010146,-0.27614,0.27503
0.0608,0.021736,-0.27885,0.26796
0.0609,0.033358,-0.28143,0.26037
0.061,0.04501,-0.28394,0.2523
0.0611,0.05666,-0.28642,0.24378
0.0612,0.068261,-0.28887,0.23485
0.0613,0.079748,-0.29127,0.22553
0.0614,0.091049,-0.29356,0.21584
0.0615,0.10209,-0.29568,0.20579
0.0616,0.11279,-0.29755,0.19539
0.0617,0.12309,-0.29907,0.18463
0.0618,0.13295,-0.30016,0.17352
0.0619,0.14232,-0.30075,0.16207
0.062,0.15118,-0.30078,0.15029
0.0621,0.15954,-0.30021,0.13817
0.0622,0.1674,-0.29902,0.12575
0.0623,0.17479,-0.29723,0.11303
0.0624,0.18175,-0.29487,0.10006
0.0625,0.18834,-0.29201,0.086876
0.0626,0.19461,-0.28872,0.073527
0.0627,0.20066,-0.28509,0.060078
0.0628,0.20653,-0.2812,0.046599
0.0629,0.21225,-0.27715,0.033169
0.063,0.21785,-0.27299,0.019863
0.0631,0.2233,-0.26873,0.0067525
0.0632,0.2286,-0.26436,-0.0060992
0.0633,0.2337,-0.25984,-0.018645
0.0634,0.23856,-0.25509,-0.030855
0.0635,0.24312,-0.25002,-0.042714
0.0636,0.24731,-0.24451,-0.054226
0.0637,0.25109,-0.23846,-0.065409
0.0638,0.25441,-0.23175,-0.076296
0.0639,0.25721,-0.22429,-0.086924
0.064,0.25949,-0.21602,-0.097339
0.0641,0.26122,-0.2069,-0.10759
0.0642,0.26242,-0.19693,-0.1177
0.0643,0.26312,-0.18615,-0.12772
0.0644,0.26336,-0.17461,-0.13765
0.0645,0.26322,-0.1624,-0.14749
0.0646,0.26274,-0.14966,-0.15723
0.0647,0.26201,-0.1365,-0.16684
0.0648,0.26108,-0.12307,-0.17625
0.0649,0.25999,-0.10951,-0.18542
0.065,0.2588,-0.095939,-0.19427
0.0651,0.2575,-0.082477,-0.20275
0.0652,0.32918,-0.14035,-2.6455
0.0653,0.36557,-0.16276,-3.9132
0.0654,0.39245,-0.1787,-4.9175
0.0655,0.419,-0.19606,-5.8409
0.0656,0.44784,-0.21109,-6.6171
0.0657,0.47067,-0.21985,-7.2485
0.0658,0.48731,-0.2286,-7.909
0.0659,0.51172,-0.2432,-8.6991
0.066,0.5462,-0.26357,-9.6207
0.0661,0.57921,-0.28523,-10.63
0.0662,0.60791,-0.30563,-11.661
0.0663,0.63602,-0.32408,-12.645
0.0664,0.66161,-0.34028,-13.556
0.0665,0.68423,-0.35272,-14.345
0.0666,0.70797,-0.36267,-15.03
0.0667,0.72958,-0.36998,-15.655
0.0668,0.74695,-0.378,-16.357
0.0669,0.76614,-0.38993,-17.201
0.067,0.78929,-0.40652,-18.179
0.0671,0.81009,-0.42518,-19.224
0.0672,0.82449,-0.44252,-20.21
0.0673,0.83494,-0.45717,-21.057
0.0674,0.84295,-0.47012,-21.797
0.0675,0.84831,-0.48066,-22.422
0.0676,0.84985,-0.48658,-22.839
0.0677,0.84491,-0.48752,-23.045
0.0678,0.83463,-0.48663,-23.172
0.0679,0.82594,-0.48689,-23.32
0.068,0.8199,-0.48897,-23.522
0.0681,0.81091,-0.49196,-23.808
0.0682,0.79959,-0.49607,-24.181
0.0683,0.7921,-0.50137,-24.586
0.0684,0.78679,-0.50644,-24.972
0.0685,0.77839,-0.50912,-25.31
0.0686,0.76807,-0.50924,-25.574
0.0687,0.75797,-0.50764,-25.773
0.0688,0.74543,-0.50488,-25.945
0.0689,0.73074,-0.501,-26.085
0.069,0.71709,-0.49675,-26.171
0.0691,0.70341,-0.49251,-26.23
0.0692,0.68689,-0.48812,-26.279
0.0693,0.67007,-0.48324,-26.281
0.0694,0.6548,-0.47789,-26.211
0.0695,0.63781,-0.47088,-26.057
0.0696,0.61755,-0.46081,-25.778
0.0697,0.59634,-0.44759,-25.359
0.0698,0.57452,-0.43283,-24.88
0.0699,0.55173,-0.41758,-24.412
0.07,0.52897,-0.40208,-23.952
0.0701,0.50614,-0.38636,-23.501
0.0702,0.48279,-0.37116,-23.095
0.0703,0.46118,-0.35665,-22.726
0.0704,0.44152,-0.342,-22.353
0.0705,0.42003,-0.32645,-21.984
0.0706,0.39581,-0.30918,-21.595
0.0707,0.37102,-0.28971,-21.153
0.0708,0.34498,-0.26784,-20.649
0.0709,0.31623,-0.2431,-20.09
0.071,0.28622,-0.21586,-19.471
0.0711,0.25648,-0.18731,-18.812
0.0712,0.22598,-0.15852,-18.14
0.0713,0.19523,-0.12947,-17.432
0.0714,0.16554,-0.10074,-16.654
0.0715,0.13549,-0.073151,-15.807
0.0716,0.10414,-0.047154,-14.909
0.0717,0.07307,-0.022747,-13.958
0.0718,0.042065,-0.00061146,-12.98
0.0719,0.0097992,0.019215,-12.016
0.072,-0.022322,0.036976,-11.07
0.0721,-0.052442,0.051981,-10.142
0.0722,-0.081686,0.063317,-9.2586
0.0723,-0.11047,0.071677,-8.4274
0.0724,-0.138,0.078228,-7.6186
0.0725,-0.16589,0.08424,-6.8067
0.0726,-0.19627,0.091137,-5.977
0.0727,-0.22781,0.099884,-5.102
0.0728,-0.2596,0.11045,-4.1703
0.0729,-0.29318,0.12286,-3.2008
0.073,-0.32833,0.13687,-2.2091
0.0731,-0.36245,0.1517,-1.2024
0.0732,-0.3952,0.16659,-0.19689
0.0733,-0.42739,0.18171,0.80638
0.0734,-0.45833,0.19722,1.8257
0.0735,-0.48767,0.2129,2.8595
0.0736,-0.51666,0.22857,3.8918
0.0737,-0.54556,0.24456,4.9254
0.0738,-0.5737,0.2609,5.9713
0.0739,-0.60146,0.27726,7.0095
0.074,-0.62866,0.29315,8.0184
0.0741,-0.65394,0.3083,8.9907
0.0742,-0.67774,0.3223,9.9071
0.0743,-0.70104,0.33501,10.75
0.0744,-0.72342,0.34664,11.538
0.0745,-0.74496,0.35785,12.299
0.0746,-0.76713,0.36913,13.047
0.0747,-0.78976,0.38083,13.796
0.0748,-0.81195,0.39312,14.565
0.0749,-0.83433,0.40616,15.353
0.075,-0.85705,0.41977,16.15
0.0751,-0.87802,0.43357,16.956
0.0752,-0.89645,0.44713,17.761
0.0753,-0.91334,0.46027,18.544
0.0754,-0.9282,0.4726,19.292
0.0755,-0.9397,0.48374,20.001
0.0756,-0.9487,0.49358,20.661
0.0757,-0.956,0.50246,21.275
0.0758,-0.96078,0.51054,21.863
0.0759,-0.96292,0.5178,22.423
0.076,-0.96355,0.52413,22.938
0.0761,-0.96246,0.52954,23.408
0.0762,-0.95923,0.53383,23.834
0.0763,-0.95465,0.53695,24.204
0.0764,-0.94912,0.53892,24.518
0.0765,-0.94198,0.53992,24.791
0.0766,-0.93372,0.54005,25.024
0.0767,-0.92522,0.5395,25.215
0.0768,-0.9162,0.53848,25.379
0.0769,-0.90644,0.53731,25.533
0.077,-0.89669,0.53617,25.677
0.0771,-0.88676,0.5351,25.815
0.0772,-0.87594,0.53388,25.946
0.0773,-0.86438,0.53206,26.045
0.0774,-0.85244,0.52961,26.116
0.0775,-0.83916,0.52608,26.144
0.0776,-0.82409,0.52114,26.123
0.0777,-0.80764,0.51475,26.048
0.0778,-0.7896,0.50686,25.917
0.0779,-0.76948,0.49742,25.734
0.078,-0.74804,0.48639,25.494
0.0781,-0.72591,0.47404,25.202
0.0782,-0.70287,0.46054,24.872
0.0783,-0.67916,0.44595,24.509
0.0784,-0.65548,0.43028,24.109
0.0785,-0.6316,0.41363,23.679
0.0786,-0.60735,0.396,23.222
0.0787,-0.58321,0.3774,22.735
0.0788,-0.55906,0.3579,22.219
0.0789,-0.53426,0.33772,21.689
0.079,-0.50913,0.31695,21.144
0.0791,-0.48408,0.29562,20.579
0.0792,-0.45857,0.27369,19.994
0.0793,-0.43229,0.2511,19.39
0.0794,-0.40578,0.22779,18.759
0.0795,-0.37872,0.20375,18.102
0.0796,-0.35032,0.17882,17.419
0.0797,-0.32079,0.15286,16.705
0.0798,-0.29063,0.12607,15.954
0.0799,-0.25941,0.099042,15.168
0.08,-0.22717,0.072407,14.349
0.0801,-0.19464,0.047176,13.497
0.0802,-0.16202,0.024433,12.621
0.0803,-0.12902,0.0046534,11.725
0.0804,-0.096045,-0.01229,10.807
0.0805,-0.063479,-0.026534,9.8703
0.0806,-0.031111,-0.038607,8.9242
0.0807,0.0011018,-0.049382,7.9742
0.0808,0.032841,-0.059508,7.0217
0.0809,0.064213,-0.069259,6.073
0.081,0.09518,-0.078987,5.1281
0.0811,0.12569,-0.088967,4.1815
0.0812,0.15589,-0.099308,3.2318
0.0813,0.18601,-0.11004,2.2804
0.0814,0.21601,-0.12133,1.3234
0.0815,0.24614,-0.13333,0.35675
0.0816,0.27672,-0.14612,-0.61817
0.0817,0.30754,-0.15967,-1.6006
0.0818,0.33817,-0.17394,-2.5896
0.0819,0.36874,-0.18883,-3.5791
0.082,0.3992,-0.20421,-4.5633
0.0821,0.42905,-0.21993,-5.5406
0.0822,0.45813,-0.23589,-6.5091
0.0823,0.48671,-0.252,-7.467
0.0824,0.51468,-0.26819,-8.4163
0.0825,0.54183,-0.28435,-9.3576
0.0826,0.56841,-0.30032,-10.286
0.0827,0.5945,-0.31593,-11.197
0.0828,0.61989,-0.33111,-12.093
0.0829,0.64453,-0.3457,-12.97
0.083,0.6685,-0.35955,-13.821
0.0831,0.69165,-0.37261,-14.646
0.0832,0.71387,-0.3849,-15.446
0.0833,0.73533,-0.39643,-16.219
0.0834,0.75589,-0.40728,-16.966
0.0835,0.77517,-0.4176,-17.692
0.0836,0.793,-0.42758,-18.401
0.0837,0.80923,-0.43729,-19.091
0.0838,0.82328,-0.44676,-19.762
0.0839,0.8348,-0.45599,-20.411
0.084,0.84377,-0.46495,-21.034
0.0841,0.85004,-0.47354,-21.627
0.0842,0.85347,-0.48166,-22.187
0.0843,0.85435,-0.48921,-22.712
0.0844,0.85307,-0.4961,-23.199
0.0845,0.84983,-0.50224,-23.648
0.0846,0.84487,-0.50753,-24.06
0.0847,0.83855,-0.51192,-24.435
0.0848,0.83103,-0.51543,-24.775
0.0849,0.82241,-0.51805,-25.084
0.085,0.81287,-0.51968,-25.357
0.0851,0.80249,-0.52023,-25.594
0.0852,0.79127,-0.51971,-25.794
0.0853,0.77935,-0.5181,-25.956
0.0854,0.76682,-0.51539,-26.077
0.0855,0.75354,-0.51164,-26.16
0.0856,0.73957,-0.507,-26.206
0.0857,0.72508,-0.50157,-26.215
0.0858,0.71002,-0.49542,-26.187
0.0859,0.69423,-0.48867,-26.125
0.086,0.67788,-0.4814,-26.031
0.0861,0.66102,-0.47362,-25.904
0.0862,0.64344,-0.46527,-25.744
0.0863,0.62503,-0.45623,-25.548
0.0864,0.60591,-0.44641,-25.315
0.0865,0.58597,-0.43567,-25.043
0.0866,0.56497,-0.42387,-24.733
0.0867,0.54295,-0.41091,-24.385
0.0868,0.52004,-0.39671,-24
0.0869,0.49621,-0.3812,-23.58
0.087,0.4715,-0.3643,-23.126
0.0871,0.44613,-0.34593,-22.64
0.0872,0.42021,-0.32612,-22.125
0.0873,0.39374,-0.30486,-21.582
0.0874,0.3668,-0.28215,-21.011
0.0875,0.33945,-0.25806,-20.411
0.0876,0.31168,-0.23276,-19.784
0.0877,0.28354,-0.20649,-19.129
0.0878,0.25509,-0.17958,-18.445
0.0879,0.2263,-0.1525,-17.736
0.088,0.19723,-0.12578,-17.003
0.0881,0.16799,-0.099887,-16.247
0.0882,0.13852,-0.07524,-15.468
0.0883,0.10874,-0.052154,-14.668
0.0884,0.078686,-0.030793,-13.848
0.0885,0.048348,-0.011212,-13.008
0.0886,0.017582,0.0066309,-12.151
0.0887,-0.013603,0.022849,-11.277
0.0888,-0.045079,0.03756,-10.385
0.0889,-0.076857,0.050901,-9.4761
0.089,-0.10894,0.063115,-8.5519
0.0891,-0.14118,0.074513,-7.6131
0.0892,-0.17347,0.085426,-6.6617
0.0893,-0.20582,0.096224,-5.7006
0.0894,-0.23814,0.10727,-4.731
0.0895,-0.27024,0.11881,-3.7538
0.0896,-0.3021,0.13095,-2.7724
0.0897,-0.33367,0.14373,-1.7894
0.0898,-0.36477,0.1571,-0.80539
0.0899,-0.39535,0.17099,0.17831
0.09,-0.42544,0.18525,1.1601
0.0901,-0.45497,0.19979,2.1402
0.0902,-0.48391,0.2145,3.1187
0.0903,-0.51237,0.22927,4.0939
0.0904,-0.54041,0.24403,5.0638
0.0905,-0.56798,0.2587,6.0272
0.0906,-0.59512,0.27324,6.9822
0.0907,-0.62188,0.28764,7.9263
0.0908,-0.6482,0.30187,8.8581
0.0909,-0.674,0.31594,9.7758
0.091,-0.69932,0.32986,10.678
0.0911,-0.72412,0.34366,11.563
0.0912,-0.74832,0.35735,12.432
0.0913,-0.77187,0.37095,13.285
0.0914,-0.7947,0.38446,14.121
0.0915,-0.81663,0.39784,14.94
0.0916,-0.8375,0.41103,15.739
0.0917,-0.85712,0.42393,16.518
0.0918,-0.87526,0.43643,17.273
0.0919,-0.89169,0.44842,18.005
0.092,-0.90628,0.4598,18.71
0.0921,-0.91891,0.47046,19.387
0.0922,-0.92947,0.48032,20.035
0.0923,-0.93801,0.48935,20.654
0.0924,-0.94458,0.49751,21.243
0.0925,-0.94917,0.50481,21.801
0.0926,-0.95185,0.51126,22.329
0.0927,-0.95277,0.51691,22.824
0.0928,-0.95199,0.52175,23.286
0.0929,-0.94957,0.52577,23.713
0.093,-0.94567,0.52901,24.103
0.0931,-0.94047,0.53153,24.457
0.0932,-0.93405,0.53335,24.774
0.0933,-0.92651,0.53453,25.054
0.0934,-0.91803,0.5351,25.297
0.0935,-0.90869,0.53509,25.505
0.0936,-0.89848,0.53451,25.677
0.0937,-0.88744,0.53332,25.815
0.0938,-0.87562,0.53151,25.919
0.0939,-0.86296,0.52899,25.988
0.094,-0.84942,0.52569,26.023
0.0941,-0.83501,0.52148,26.021
0.0942,-0.81972,0.51629,25.982
0.0943,-0.80349,0.51003,25.906
0.0944,-0.78634,0.50264,25.79
0.0945,-0.76827,0.49408,25.636
0.0946,-0.74929,0.48435,25.443
0.0947,-0.72943,0.47346,25.213
0.0948,-0.70876,0.46144,24.945
0.0949,-0.68732,0.44832,24.641
0.095,-0.66517,0.43417,24.302
0.0951,-0.64238,0.41901,23.928
0.0952,-0.61898,0.40289,23.521
0.0953,-0.59498,0.38581,23.081
0.0954,-0.57041,0.36778,22.609
0.0955,-0.54531,0.34877,22.105
0.0956,-0.51964,0.32877,21.571
0.0957,-0.49342,0.30773,21.007
0.0958,-0.46669,0.28562,20.416
0.0959,-0.43946,0.26241,19.798
0.096,-0.41172,0.23809,19.154
0.0961,-0.38354,0.21274,18.485
0.0962,-0.35492,0.18653,17.791
0.0963,-0.32584,0.15973,17.073
0.0964,-0.29631,0.13277,16.331
0.0965,-0.26635,0.10618,15.565
0.0966,-0.23592,0.080605,14.774
0.0967,-0.20505,0.056672,13.961
0.0968,-0.17381,0.03487,13.125
0.0969,-0.14227,0.015476,12.267
0.097,-0.11046,-0.0015085,11.39
0.0971,-0.078469,-0.016351,10.496
0.0972,-0.046396,-0.029472,9.585
0.0973,-0.014275,-0.041349,8.6603
0.0974,0.017853,-0.052443,7.7238
0.0975,0.049916,-0.063143,6.777
0.0976,0.081877,-0.073734,5.8214
0.0977,0.11373,-0.084431,4.8585
0.0978,0.14543,-0.095382,3.8892
0.0979,0.17693,-0.10669,2.9144
0.098,0.20822,-0.11842,1.9357
0.0981,0.23928,-0.13062,0.95433
0.0982,0.27007,-0.14332,-0.028317
0.0983,0.30057,-0.15653,-1.0106
0.0984,0.33078,-0.17025,-1.9909
0.0985,0.36065,-0.18447,-2.9684
0.0986,0.39015,-0.19914,-3.9419
0.0987,0.41927,-0.21422,-4.9102
0.0988,0.44797,-0.22963,-5.8725
0.0989,0.47624,-0.24527,-6.8281
0.099,0.50407,-0.26105,-7.7761
0.0991,0.53144,-0.27685,-8.7151
0.0992,0.55833,-0.29253,-9.6439
0.0993,0.58472,-0.30797,-10.561
0.0994,0.61062,-0.32304,-11.463
0.0995,0.63596,-0.33764,-12.348
0.0996,0.6607,-0.35168,-13.216
0.0997,0.68479,-0.36511,-14.063
0.0998,0.70816,-0.37791,-14.888
0.0999,0.73066,-0.39008,-15.692
0.1,0.75216,-0.40166,-16.473
0.1001,0.77249,-0.4127,-17.23
0.1002,0.79139,-0.42323,-17.964
0.1003,0.80855,-0.43333,-18.673
0.1004,0.8237,-0.44303,-19.357
0.1005,0.83654,-0.45235,-20.014
0.1006,0.84682,-0.46128,-20.643
0.1007,0.85443,-0.46981,-21.243
0.1008,0.85938,-0.47791,-21.813
0.1009,0.86176,-0.48553,-22.352
0.101,0.86178,-0.49261,-22.858
0.1011,0.85975,-0.49909,-23.332
0.1012,0.85596,-0.50484,-23.773
0.1013,0.85066,-0.50979,-24.181
0.1014,0.84409,-0.51386,-24.553
0.1015,0.83642,-0.51698,-24.89
0.1016,0.82775,-0.5191,-25.191
0.1017,0.81817,-0.52017,-25.455
0.1018,0.80776,-0.52018,-25.68
0.1019,0.79653,-0.51914,-25.868
0.102,0.78453,-0.51708,-26.017
0.1021,0.77181,-0.51406,-26.128
0.1022,0.75839,-0.51016,-26.201
0.1023,0.74429,-0.50545,-26.238
0.1024,0.72951,-0.50002,-26.239
0.1025,0.71406,-0.49391,-26.204
0.1026,0.69792,-0.48717,-26.134
0.1027,0.68107,-0.47981,-26.029
0.1028,0.66348,-0.4718,-25.888
0.1029,0.64514,-0.4631,-25.712
0.103,0.626,-0.45366,-25.5
0.1031,0.60607,-0.44338,-25.252
0.1032,0.58535,-0.43217,-24.968
0.1033,0.56381,-0.41993,-24.648
0.1034,0.54147,-0.40655,-24.293
0.1035,0.51835,-0.39194,-23.903
0.1036,0.49447,-0.37601,-23.478
0.1037,0.46986,-0.35868,-23.019
0.1038,0.44458,-0.33991,-22.528
0.1039,0.41867,-0.31969,-22.004
0.104,0.39218,-0.29804,-21.45
0.1041,0.36516,-0.27506,-20.865
0.1042,0.33768,-0.25086,-20.252
0.1043,0.30978,-0.22563,-19.612
0.1044,0.28149,-0.19962,-18.946
0.1045,0.25285,-0.17316,-18.255
0.1046,0.22391,-0.14659,-17.54
0.1047,0.19466,-0.1203,-16.803
0.1048,0.16512,-0.094692,-16.043
0.1049,0.13531,-0.070155,-15.263
0.105,0.10518,-0.047023,-14.461
0.1051,0.074729,-0.025565,-13.639
0.1052,0.043965,-0.0059564,-12.798
0.1053,0.01289,0.01173,-11.936
0.1054,-0.018486,0.027545,-11.056
0.1055,-0.050135,0.041658,-10.157
0.1056,-0.082015,0.054351,-9.2423
0.1057,-0.11408,0.065982,-8.3118
0.1058,-0.14626,0.076956,-7.3677
0.1059,-0.17848,0.08767,-6.4118
0.106,-0.21065,0.098469,-5.4462
0.1061,-0.24272,0.10962,-4.473
0.1062,-0.27458,0.12128,-3.4941
0.1063,-0.30618,0.13354,-2.5114
0.1064,-0.33745,0.14639,-1.5267
0.1065,-0.36833,0.15977,-0.54167
0.1066,-0.39877,0.1736,0.44236
0.1067,-0.42875,0.18775,1.424
0.1068,-0.45824,0.20213,2.4023
0.1069,-0.48722,0.21663,3.3761
0.107,-0.51569,0.23117,4.3446
0.1071,-0.54368,0.2457,5.3068
0.1072,-0.57119,0.26017,6.2616
0.1073,-0.59823,0.27456,7.2082
0.1074,-0.62481,0.28887,8.1454
0.1075,-0.65095,0.30309,9.0722
0.1076,-0.6766,0.31723,9.9873
0.1077,-0.70175,0.33128,10.889
0.1078,-0.72634,0.34524,11.777
0.1079,-0.7503,0.35909,12.649
0.108,-0.77354,0.37279,13.503
0.1081,-0.79592,0.3863,14.339
0.1082,-0.81732,0.39955,15.154
0.1083,-0.83757,0.41248,15.947
0.1084,-0.85649,0.425,16.717
0.1085,-0.87393,0.43702,17.462
0.1086,-0.8897,0.44848,18.181
0.1087,-0.90367,0.45929,18.874
0.1088,-0.91574,0.46939,19.54
0.1089,-0.92583,0.47873,20.177
0.109,-0.93389,0.48728,20.785
0.1091,-0.93994,0.49501,21.363
0.1092,-0.94402,0.50195,21.91
0.1093,-0.94619,0.50809,22.426
0.1094,-0.94655,0.51346,22.91
0.1095,-0.94522,0.51806,23.361
0.1096,-0.94232,0.52192,23.778
0.1097,-0.938,0.52506,24.161
0.1098,-0.93237,0.52753,24.508
0.1099,-0.92558,0.52935,24.819
0.11,-0.91771,0.53054,25.095
0.1101,-0.90888,0.53111,25.334
0.1102,-0.89913,0.53103,25.536
0.1103,-0.88852,0.53029,25.702
0.1104,-0.87706,0.52885,25.831
0.1105,-0.86477,0.52665,25.923
0.1106,-0.85163,0.52363,25.978
0.1107,-0.83765,0.51974,25.995
0.1108,-0.82281,0.51492,25.976
0.1109,-0.80711,0.5091,25.92
0.111,-0.79054,0.50227,25.827
0.1111,-0.77312,0.49437,25.697
0.1112,-0.75484,0.48541,25.531
0.1113,-0.73572,0.47537,25.328
0.1114,-0.71577,0.46427,25.089
0.1115,-0.69503,0.45211,24.815
0.1116,-0.67351,0.43893,24.505
0.1117,-0.65124,0.42474,24.16
0.1118,-0.62826,0.40956,23.781
0.1119,-0.60461,0.3934,23.367
0.112,-0.58031,0.37627,22.921
0.1121,-0.55541,0.35814,22.442
0.1122,-0.52992,0.33898,21.931
0.1123,-0.50389,0.31875,21.389
0.1124,-0.47732,0.29739,20.818
0.1125,-0.45025,0.27486,20.218
0.1126,-0.42271,0.25115,19.59
0.1127,-0.3947,0.2263,18.935
0.1128,-0.36625,0.20044,18.254
0.1129,-0.33738,0.17384,17.549
0.113,-0.30812,0.14687,16.819
0.1131,-0.27847,0.12005,16.066
0.1132,-0.24843,0.094,15.29
0.1133,-0.21799,0.069318,14.493
0.1134,-0.18718,0.046523,13.674
0.1135,-0.15603,0.025939,12.835
0.1136,-0.12458,0.0076607,11.976
0.1137,-0.092866,-0.0084445,11.099
0.1138,-0.060952,-0.02268,10.205
0.1139,-0.028896,-0.035446,9.295
0.114,0.0032462,-0.047163,8.3707
0.1141,0.035419,-0.058223,7.4334
0.1142,0.067568,-0.068955,6.4847
0.1143,0.099639,-0.079626,5.526
0.1144,0.13159,-0.090432,4.5589
0.1145,0.16338,-0.10152,3.585
0.1146,0.19495,-0.11299,2.6059
0.1147,0.22628,-0.12491,1.6232
0.1148,0.25731,-0.13732,0.63874
0.1149,0.28802,-0.15024,-0.34591
0.115,0.31837,-0.16365,-1.3292
0.1151,0.34835,-0.17755,-2.3097
0.1152,0.37794,-0.1919,-3.2864
0.1153,0.40714,-0.20664,-4.2581
0.1154,0.43594,-0.22171,-5.2241
0.1155,0.46433,-0.23704,-6.1835
0.1156,0.49232,-0.25251,-7.1353
0.1157,0.51989,-0.26804,-8.0785
0.1158,0.54702,-0.2835,-9.0117
0.1159,0.5737,-0.29878,-9.9335
0.116,0.59991,-0.31378,-10.842
0.1161,0.62561,-0.3284,-11.737
0.1162,0.65078,-0.34257,-12.615
0.1163,0.67536,-0.35622,-13.475
0.1164,0.69928,-0.36932,-14.317
0.1165,0.72246,-0.38188,-15.138
0.1166,0.74474,-0.39389,-15.939
0.1167,0.76596,-0.40538,-16.716
0.1168,0.78589,-0.41638,-17.471
0.1169,0.80424,-0.42692,-18.2
0.117,0.82071,-0.43702,-18.904
0.1171,0.835,-0.44669,-19.581
0.1172,0.84686,-0.45594,-20.23
0.1173,0.85612,-0.46475,-20.849
0.1174,0.86272,-0.47309,-21.439
0.1175,0.86671,-0.48094,-21.998
0.1176,0.86825,-0.48825,-22.525
0.1177,0.86757,-0.49497,-23.021
0.1178,0.86495,-0.50102,-23.485
0.1179,0.86064,-0.50631,-23.915
0.118,0.85489,-0.51076,-24.311
0.1181,0.8479,-0.51432,-24.672
0.1182,0.83984,-0.51692,-24.998
0.1183,0.8308,-0.51854,-25.288
0.1184,0.82089,-0.51915,-25.54
0.1185,0.81015,-0.51876,-25.755
0.1186,0.79864,-0.5174,-25.932
0.1187,0.78637,-0.5151,-26.071
0.1188,0.77338,-0.51194,-26.174
0.1189,0.75969,-0.50795,-26.239
0.119,0.74529,-0.50322,-26.268
0.1191,0.7302,-0.49777,-26.261
0.1192,0.7144,-0.49165,-26.217
0.1193,0.69787,-0.48486,-26.137
0.1194,0.68061,-0.47738,-26.021
0.1195,0.6626,-0.4692,-25.869
0.1196,0.64381,-0.46025,-25.68
0.1197,0.62424,-0.45049,-25.455
0.1198,0.6039,-0.43983,-25.195
0.1199,0.58278,-0.42819,-24.899
0.12,0.56088,-0.41548,-24.567
0.1201,0.53823,-0.40162,-24.201
0.1202,0.51484,-0.38652,-23.801
0.1203,0.49073,-0.37011,-23.367
0.1204,0.46593,-0.35234,-22.899
0.1205,0.44047,-0.33318,-22.399
0.1206,0.4144,-0.31264,-21.868
0.1207,0.38775,-0.29075,-21.306
0.1208,0.36058,-0.26759,-20.714
0.1209,0.33294,-0.24329,-20.094
0.121,0.30487,-0.21803,-19.446
0.1211,0.27642,-0.19205,-18.774
0.1212,0.24762,-0.16565,-18.076
0.1213,0.21851,-0.13916,-17.355
0.1214,0.1891,-0.11298,-16.612
0.1215,0.1594,-0.08752,-15.846
0.1216,0.1294,-0.063173,-15.058
0.1217,0.099083,-0.04031,-14.25
0.1218,0.068449,-0.019221,-13.42
0.1219,0.03751,-9.5258e-05,-12.571
0.122,0.0062846,0.017014,-11.702
0.1221,-0.025207,0.032197,-10.815
0.1222,-0.056932,0.045684,-9.9106
0.1223,-0.088848,0.057817,-8.9905
0.1224,-0.1209,0.069006,-8.0561
0.1225,-0.15304,0.079675,-7.1091
