0.05,0.67126,0.019805,-0.66344
0.0501,0.6556,0.049331,-0.67818
0.0502,0.6388,0.078869,-0.69218
0.0503,0.62091,0.10829,-0.70536
0.0504,0.602,0.13748,-0.71765
0.0505,0.58216,0.16632,-0.72896
0.0506,0.56146,0.19469,-0.73926
0.0507,0.54,0.22249,-0.74847
0.0508,0.51784,0.24967,-0.75655
0.0509,0.49502,0.27616,-0.76348
0.051,0.47158,0.30196,-0.76923
0.0511,0.44755,0.3271,-0.77379
0.0512,0.42292,0.35161,-0.77721
0.0513,0.39772,0.37559,-0.77951
0.0514,0.37196,0.39912,-0.78075
0.0515,0.34568,0.42226,-0.781
0.0516,0.3189,0.44506,-0.7803
0.0517,0.29168,0.46753,-0.77868
0.0518,0.26407,0.48967,-0.77617
0.0519,0.2361,0.51145,-0.77274
0.052,0.20783,0.53283,-0.76837
0.0521,0.17933,0.55374,-0.76301
0.0522,0.15063,0.5741,-0.7566
0.0523,0.12182,0.59381,-0.74908
0.0524,0.092956,0.61278,-0.74036
0.0525,0.064115,0.63089,-0.73039
0.0526,0.035351,0.64805,-0.71911
0.0527,0.0067111,0.66418,-0.70647
0.0528,-0.021777,0.6792,-0.69242
0.0529,-0.050101,0.69309,-0.67697
0.053,-0.078263,0.70582,-0.66012
0.0531,-0.10626,0.71743,-0.64194
0.0532,-0.13409,0.72797,-0.6225
0.0533,-0.16176,0.73748,-0.60192
0.0534,-0.18923,0.74605,-0.58032
0.0535,-0.21648,0.75373,-0.55785
0.0536,-0.24348,0.7606,-0.53462
0.0537,-0.27021,0.7667,-0.51077
0.0538,-0.29662,0.77206,-0.48639
0.0539,-0.32268,0.77671,-0.46158
0.054,-0.34834,0.78064,-0.4364
0.0541,-0.37357,0.78382,-0.41092
0.0542,-0.39831,0.7862,-0.38516
0.0543,-0.4225,0.7877,-0.35916
0.0544,-0.44608,0.78821,-0.33291
0.0545,-0.46897,0.78763,-0.3064
0.0546,-0.49113,0.78584,-0.27961
0.0547,-0.51252,0.78276,-0.25249
0.0548,-0.53313,0.77828,-0.22502
0.0549,-0.55295,0.77234,-0.19717
0.055,-0.57198,0.76492,-0.16895
0.0551,-0.59022,0.75601,-0.14036
0.0552,-0.6077,0.74565,-0.11145
0.0553,-0.6244,0.73387,-0.082284
0.0554,-0.64034,0.72075,-0.05294
0.0555,-0.65551,0.70636,-0.023501
0.0556,-0.66991,0.6908,0.0059381
0.0557,-0.68356,0.67418,0.035285
0.0558,-0.69644,0.65661,0.064446
0.0559,-0.70854,0.63818,0.093328
0.056,-0.71983,0.61899,0.12185
0.0561,-0.73028,0.5991,0.14994
0.0562,-0.73985,0.57856,0.17755
0.0563,-0.74849,0.5574,0.20464
0.0564,-0.75616,0.53562,0.23121
0.0565,-0.7628,0.51318,0.25727
0.0566,-0.76839,0.49008,0.28284
0.0567,-0.7729,0.46629,0.30798
0.0568,-0.77633,0.44177,0.3327
0.0569,-0.77864,0.41653,0.35706
0.057,-0.77985,0.39057,0.38108
0.0571,-0.77994,0.36393,0.40475
0.0572,-0.77891,0.33665,0.42804
0.0573,-0.77677,0.30881,0.45093
0.0574,-0.77351,0.28049,0.47335
0.0575,-0.76916,0.25178,0.49523
0.0576,-0.7637,0.22282,0.51652
0.0577,-0.75715,0.1937,0.53713
0.0578,-0.7495,0.16456,0.55698
0.0579,-0.74074,0.13548,0.576
0.058,-0.73084,0.10656,0.5941
0.0581,-0.71978,0.077842,0.61123
0.0582,-0.70753,0.049368,0.62736
0.0583,-0.69409,0.02114,0.64246
0.0584,-0.67945,-0.0068579,0.65654
0.0585,-0.66362,-0.034658,0.66961
0.0586,-0.64663,-0.0623,0.68173
0.0587,-0.62851,-0.089823,0.69292
0.0588,-0.60932,-0.11726,0.70324
0.0589,-0.5891,-0.14464,0.71273
0.059,-0.56792,-0.17197,0.72142
0.0591,-0.54583,-0.19924,0.72933
0.0592,-0.52291,-0.22643,0.73647
0.0593,-0.49924,-0.25348,0.74283
0.0594,-0.47489,-0.28032,0.74841
0.0595,-0.44995,-0.30685,0.75316
0.0596,-0.4245,-0.33297,0.75704
0.0597,-0.39862,-0.3586,0.75997
0.0598,-0.37238,-0.38362,0.76189
0.0599,-0.34584,-0.40792,0.76271
0.06,-0.31902,-0.43143,0.76234
0.0601,-0.29197,-0.45408,0.76071
0.0602,-0.2647,-0.47582,0.75779
0.0603,-0.23722,-0.49666,0.75351
0.0604,-0.20953,-0.5166,0.74787
0.0605,-0.18164,-0.53567,0.74085
0.0606,-0.15355,-0.55392,0.73249
0.0607,-0.12528,-0.5714,0.72281
0.0608,-0.096814,-0.58817,0.71184
0.0609,-0.068184,-0.60427,0.69965
0.061,-0.03941,-0.61974,0.6863
0.0611,-0.01053,-0.63462,0.67185
0.0612,0.018407,-0.64892,0.65638
0.0613,0.047338,-0.66262,0.63996
0.0614,0.076188,-0.67569,0.62263
0.0615,0.10488,-0.68806,0.60444
0.0616,0.13334,-0.69967,0.58542
0.0617,0.16148,-0.71042,0.56559
0.0618,0.18926,-0.72023,0.54497
0.0619,0.21661,-0.72901,0.52353
0.062,0.24349,-0.7367,0.5013
0.0621,0.26987,-0.74321,0.47827
0.0622,0.29572,-0.74852,0.45445
0.0623,0.32103,-0.75259,0.42988
0.0624,0.34581,-0.75542,0.40457
0.0625,0.37006,-0.75703,0.37858
0.0626,0.39378,-0.75744,0.35198
0.0627,0.41698,-0.75669,0.32482
0.0628,0.43967,-0.75484,0.2972
0.0629,0.46183,-0.75193,0.2692
0.063,0.48347,-0.74802,0.24091
0.0631,0.50455,-0.74314,0.21243
0.0632,0.52506,-0.7373,0.18385
0.0633,0.54494,-0.7305,0.15523
0.0634,0.56416,-0.72272,0.12665
0.0635,0.58266,-0.71391,0.098136
0.0636,0.6004,-0.70402,0.069721
0.0637,0.61732,-0.69299,0.04141
0.0638,0.63338,-0.68075,0.013194
0.0639,0.64855,-0.66727,-0.014943
0.064,0.66279,-0.65251,-0.043021
0.0641,0.67608,-0.63645,-0.071056
0.0642,0.68841,-0.61909,-0.099062
0.0643,0.69978,-0.60046,-0.12704
0.0644,0.71017,-0.58061,-0.15498
0.0645,0.7196,-0.55959,-0.18286
0.0646,0.7281,-0.53752,-0.21064
0.0647,0.73566,-0.51448,-0.23827
0.0648,0.74233,-0.49061,-0.26566
0.0649,0.7481,-0.46602,-0.29274
0.065,0.75298,-0.44087,-0.31941
0.0651,0.75697,-0.41525,-0.34557
0.0652,0.88849,-0.45426,-0.43465
0.0653,0.96985,-0.46753,-0.49935
0.0654,1.0434,-0.47702,-0.56013
0.0655,1.1101,-0.48422,-0.61645
0.0656,1.1699,-0.48939,-0.66814
0.0657,1.222,-0.4907,-0.71622
0.0658,1.2661,-0.48774,-0.76084
0.0659,1.3042,-0.48295,-0.80159
0.066,1.3371,-0.47708,-0.83853
0.0661,1.364,-0.4682,-0.87276
0.0662,1.3842,-0.45545,-0.90452
0.0663,1.3985,-0.43954,-0.93379
0.0664,1.4064,-0.42046,-0.96027
0.0665,1.4076,-0.39828,-0.98343
0.0666,1.4017,-0.3733,-1.0027
0.0667,1.3887,-0.34501,-1.0186
0.0668,1.3682,-0.31287,-1.0313
0.0669,1.3412,-0.27792,-1.0405
0.067,1.3083,-0.24111,-1.0461
0.0671,1.2696,-0.20198,-1.0485
0.0672,1.2245,-0.15998,-1.0477
0.0673,1.1734,-0.11553,-1.0435
0.0674,1.1165,-0.069101,-1.0358
0.0675,1.0537,-0.020868,-1.0241
0.0676,0.98418,0.029286,-1.0078
0.0677,0.90749,0.081925,-0.98699
0.0678,0.8234,0.13727,-0.96159
0.0679,0.73293,0.19437,-0.93163
0.068,0.63684,0.2529,-0.89748
0.0681,0.53519,0.31396,-0.86027
0.0682,0.42832,0.3778,-0.8205
0.0683,0.3177,0.44302,-0.77828
0.0684,0.20316,0.50944,-0.7332
0.0685,0.086092,0.57704,-0.68661
0.0686,-0.034557,0.64613,-0.63778
0.0687,-0.15835,0.71635,-0.58674
0.0688,-0.28563,0.78797,-0.53339
0.0689,-0.41681,0.86105,-0.47734
0.069,-0.55193,0.93521,-0.4181
0.0691,-0.69074,1.0105,-0.35594
0.0692,-0.83347,1.0873,-0.29093
0.0693,-0.97957,1.165,-0.22299
0.0694,-1.1283,1.2429,-0.15206
0.0695,-1.2794,1.3208,-0.07844
0.0696,-1.4329,1.3988,-0.0020148
0.0697,-1.5883,1.4764,0.077156
0.0698,-1.7454,1.5536,0.15876
0.0699,-1.904,1.6307,0.24244
0.07,-2.0642,1.7075,0.32823
0.0701,-2.2258,1.7843,0.41581
0.0702,-2.389,1.8614,0.50491
0.0703,-2.5533,1.9382,0.59545
0.0704,-2.7179,2.0144,0.6873
0.0705,-2.8824,2.0899,0.77971
0.0706,-3.0466,2.1652,0.87219
0.0707,-3.2095,2.2394,0.96444
0.0708,-3.3705,2.3121,1.0562
0.0709,-3.5296,2.3837,1.1472
0.071,-3.6867,2.4539,1.2375
0.0711,-3.8417,2.5225,1.3272
0.0712,-3.995,2.5897,1.4163
0.0713,-4.1469,2.6554,1.5054
0.0714,-4.2973,2.7191,1.5948
0.0715,-4.4464,2.7808,1.6846
0.0716,-4.5942,2.8406,1.7747
0.0717,-4.74,2.8981,1.8649
0.0718,-4.8834,2.953,1.9548
0.0719,-5.0237,3.0055,2.0438
0.072,-5.1607,3.0554,2.1316
0.0721,-5.2936,3.1023,2.2181
0.0722,-5.4225,3.1462,2.303
0.0723,-5.5471,3.1873,2.3861
0.0724,-5.6673,3.2254,2.4675
0.0725,-5.7829,3.2607,2.5468
0.0726,-5.8942,3.2935,2.6239
0.0727,-6.001,3.3239,2.6987
0.0728,-6.1027,3.3514,2.771
0.0729,-6.1991,3.3762,2.8404
0.073,-6.2901,3.3986,2.9068
0.0731,-6.3752,3.4181,2.9699
0.0732,-6.4539,3.4342,3.03
0.0733,-6.5264,3.4473,3.087
0.0734,-6.593,3.457,3.1412
0.0735,-6.6535,3.4633,3.1928
0.0736,-6.7083,3.4665,3.2419
0.0737,-6.7576,3.4668,3.2885
0.0738,-6.8016,3.464,3.3328
0.0739,-6.8402,3.4584,3.3747
0.074,-6.8734,3.45,3.4142
0.0741,-6.9009,3.4386,3.4511
0.0742,-6.9223,3.4241,3.4851
0.0743,-6.9371,3.4065,3.5157
0.0744,-6.9449,3.3859,3.5427
0.0745,-6.9452,3.3621,3.5657
0.0746,-6.9381,3.3352,3.5844
0.0747,-6.9235,3.3056,3.5988
0.0748,-6.9016,3.2731,3.609
0.0749,-6.8724,3.2379,3.6149
0.075,-6.8366,3.2004,3.6167
0.0751,-6.7943,3.1604,3.6148
0.0752,-6.7456,3.1178,3.6094
0.0753,-6.6907,3.0727,3.6005
0.0754,-6.6297,3.025,3.5883
0.0755,-6.5624,2.9747,3.5726
0.0756,-6.4889,2.9217,3.5535
0.0757,-6.4091,2.8662,3.531
0.0758,-6.3235,2.808,3.5052
0.0759,-6.232,2.7473,3.4764
0.076,-6.135,2.6841,3.4446
0.0761,-6.033,2.6188,3.4099
0.0762,-5.9262,2.5515,3.3726
0.0763,-5.8145,2.4822,3.3324
0.0764,-5.6983,2.4112,3.2892
0.0765,-5.5773,2.3387,3.2428
0.0766,-5.4513,2.2646,3.1931
0.0767,-5.3202,2.189,3.1396
0.0768,-5.184,2.112,3.0822
0.0769,-5.0425,2.0335,3.021
0.077,-4.896,1.9537,2.9559
0.0771,-4.7448,1.8726,2.8873
0.0772,-4.5896,1.7903,2.8155
0.0773,-4.4306,1.707,2.7408
0.0774,-4.2685,1.6229,2.6635
0.0775,-4.1038,1.5384,2.5838
0.0776,-3.9368,1.4532,2.5022
0.0777,-3.7678,1.3675,2.4187
0.0778,-3.5969,1.2814,2.3336
0.0779,-3.4243,1.1948,2.2469
0.078,-3.2499,1.1077,2.1588
0.0781,-3.0739,1.0203,2.0691
0.0782,-2.8964,0.93261,1.9779
0.0783,-2.7175,0.84478,1.8853
0.0784,-2.5377,0.7571,1.7913
0.0785,-2.357,0.66986,1.6959
0.0786,-2.176,0.5832,1.5993
0.0787,-1.9946,0.49737,1.5015
0.0788,-1.8134,0.41259,1.4025
0.0789,-1.6322,0.32887,1.3025
0.079,-1.4512,0.24618,1.2015
0.0791,-1.2705,0.16471,1.0996
0.0792,-1.0902,0.084473,0.99687
0.0793,-0.91026,0.0054525,0.89338
0.0794,-0.73112,-0.072204,0.78934
0.0795,-0.55322,-0.14829,0.68507
0.0796,-0.37701,-0.2228,0.58103
0.0797,-0.20297,-0.29565,0.47766
0.0798,-0.031708,-0.36654,0.37534
0.0799,0.13629,-0.43532,0.27441
0.08,0.30078,-0.50196,0.17515
0.0801,0.46157,-0.56628,0.077598
0.0802,0.61849,-0.62812,-0.018221
0.0803,0.77162,-0.68746,-0.11236
0.0804,0.92109,-0.7443,-0.20496
0.0805,1.0669,-0.79847,-0.29621
0.0806,1.2091,-0.84993,-0.38614
0.0807,1.3476,-0.89868,-0.47472
0.0808,1.4822,-0.9446,-0.56191
0.0809,1.6126,-0.98754,-0.64758
0.081,1.7385,-1.0275,-0.73155
0.0811,1.8598,-1.0643,-0.81372
0.0812,1.9761,-1.0978,-0.89398
0.0813,2.0873,-1.1281,-0.97218
0.0814,2.1933,-1.1552,-1.0481
0.0815,2.2939,-1.1793,-1.1217
0.0816,2.389,-1.2003,-1.1926
0.0817,2.4785,-1.2185,-1.2608
0.0818,2.5621,-1.2339,-1.3259
0.0819,2.6397,-1.2464,-1.3878
0.082,2.711,-1.2562,-1.4462
0.0821,2.7757,-1.2631,-1.501
0.0822,2.8335,-1.267,-1.552
0.0823,2.8843,-1.2678,-1.5992
0.0824,2.9279,-1.2655,-1.6426
0.0825,2.9644,-1.2601,-1.6823
0.0826,2.9939,-1.2516,-1.7184
0.0827,3.0167,-1.24,-1.7511
0.0828,3.033,-1.2254,-1.7806
0.0829,3.0429,-1.2079,-1.8071
0.083,3.0467,-1.1874,-1.8307
0.0831,3.0445,-1.1641,-1.8516
0.0832,3.0361,-1.1378,-1.8696
0.0833,3.0215,-1.1085,-1.8846
0.0834,3.0004,-1.0763,-1.8964
0.0835,2.9727,-1.0413,-1.9048
0.0836,2.9381,-1.0034,-1.9096
0.0837,2.8966,-0.96282,-1.9105
0.0838,2.8482,-0.91963,-1.9075
0.0839,2.7931,-0.87394,-1.9005
0.084,2.7313,-0.82588,-1.8896
0.0841,2.6633,-0.77562,-1.8747
0.0842,2.5891,-0.72327,-1.856
0.0843,2.5088,-0.66883,-1.8336
0.0844,2.4228,-0.61239,-1.8074
0.0845,2.331,-0.554,-1.7775
0.0846,2.2337,-0.49363,-1.7441
0.0847,2.1308,-0.43124,-1.7072
0.0848,2.0228,-0.3669,-1.6671
0.0849,1.9097,-0.30061,-1.6238
0.085,1.7921,-0.23242,-1.5777
0.0851,1.6701,-0.16248,-1.529
0.0852,1.5442,-0.09096,-1.4777
0.0853,1.4146,-0.017987,-1.4241
0.0854,1.2817,0.056256,-1.3682
0.0855,1.1454,0.1316,-1.3098
0.0856,1.0059,0.20794,-1.2489
0.0857,0.8632,0.28521,-1.1853
0.0858,0.71719,0.36327,-1.1189
0.0859,0.56788,0.44204,-1.0494
0.086,0.41529,0.52147,-0.97685
0.0861,0.25956,0.60143,-0.9012
0.0862,0.10095,0.68175,-0.82254
0.0863,-0.060257,0.76232,-0.74104
0.0864,-0.22371,0.84297,-0.65693
0.0865,-0.38898,0.92351,-0.57048
0.0866,-0.55567,1.0038,-0.48205
0.0867,-0.72342,1.0839,-0.39196
0.0868,-0.89191,1.1636,-0.30053
0.0869,-1.0608,1.2428,-0.20804
0.087,-1.23,1.3217,-0.11474
0.0871,-1.3991,1.4001,-0.020818
0.0872,-1.568,1.4778,0.073581
0.0873,-1.7365,1.5549,0.16827
0.0874,-1.9042,1.6312,0.26311
0.0875,-2.071,1.7064,0.35797
0.0876,-2.2365,1.7805,0.45272
0.0877,-2.4005,1.8531,0.54725
0.0878,-2.5628,1.9242,0.64151
0.0879,-2.7231,1.9934,0.7355
0.088,-2.8815,2.0608,0.82921
0.0881,-3.0379,2.1261,0.92266
0.0882,-3.1922,2.1892,1.0159
0.0883,-3.3443,2.2501,1.109
0.0884,-3.4942,2.3087,1.2018
0.0885,-3.6416,2.3648,1.2942
0.0886,-3.7863,2.4184,1.3859
0.0887,-3.9278,2.4694,1.4767
0.0888,-4.0659,2.5178,1.5663
0.0889,-4.1999,2.5635,1.6542
0.089,-4.3296,2.6063,1.7402
0.0891,-4.4547,2.6462,1.824
0.0892,-4.5747,2.6833,1.9054
0.0893,-4.6897,2.7175,1.9843
0.0894,-4.7994,2.7488,2.0605
0.0895,-4.9039,2.7772,2.1341
0.0896,-5.003,2.8027,2.2051
0.0897,-5.0968,2.8255,2.2734
0.0898,-5.1852,2.8453,2.339
0.0899,-5.2681,2.8622,2.402
0.09,-5.3454,2.8761,2.4624
0.0901,-5.4169,2.887,2.5201
0.0902,-5.4827,2.8947,2.5752
0.0903,-5.5426,2.8991,2.6276
0.0904,-5.5965,2.9004,2.6774
0.0905,-5.6445,2.8985,2.7244
0.0906,-5.6864,2.8935,2.7686
0.0907,-5.7221,2.8855,2.8099
0.0908,-5.7517,2.8744,2.8482
0.0909,-5.775,2.8605,2.8833
0.091,-5.7917,2.8437,2.9149
0.0911,-5.8018,2.824,2.943
0.0912,-5.805,2.8015,2.9673
0.0913,-5.8011,2.7762,2.9876
0.0914,-5.79,2.748,3.0038
0.0915,-5.7717,2.7169,3.0159
0.0916,-5.7461,2.6831,3.0238
0.0917,-5.7134,2.6465,3.0278
0.0918,-5.6739,2.6072,3.0278
0.0919,-5.6277,2.5652,3.0241
0.092,-5.5752,2.5206,3.017
0.0921,-5.5166,2.4734,3.0065
0.0922,-5.4521,2.4237,2.9929
0.0923,-5.3818,2.3715,2.9762
0.0924,-5.3059,2.3168,2.9564
0.0925,-5.2243,2.2597,2.9336
0.0926,-5.1371,2.2002,2.9076
0.0927,-5.0444,2.1384,2.8784
0.0928,-4.946,2.0745,2.8459
0.0929,-4.8422,2.0084,2.8101
0.093,-4.733,1.9405,2.771
0.0931,-4.6186,1.8706,2.7284
0.0932,-4.4992,1.7992,2.6824
0.0933,-4.3748,1.7262,2.633
0.0934,-4.2456,1.6517,2.5801
0.0935,-4.1118,1.576,2.5237
0.0936,-3.9734,1.499,2.4639
0.0937,-3.8306,1.4208,2.4008
0.0938,-3.6837,1.3414,2.3344
0.0939,-3.5328,1.2609,2.265
0.094,-3.3782,1.1794,2.1927
0.0941,-3.2203,1.097,2.1179
0.0942,-3.0594,1.0137,2.0406
0.0943,-2.8959,0.92965,1.9613
0.0944,-2.7303,0.84507,1.8801
0.0945,-2.5627,0.76003,1.7971
0.0946,-2.3934,0.67466,1.7126
0.0947,-2.2227,0.5891,1.6265
0.0948,-2.0506,0.50342,1.539
0.0949,-1.8773,0.41777,1.45
0.095,-1.7028,0.33225,1.3594
0.0951,-1.5273,0.24698,1.2674
0.0952,-1.3508,0.16209,1.1738
0.0953,-1.1735,0.077755,1.0787
0.0954,-0.99571,-0.0058894,0.98225
0.0955,-0.81759,-0.088686,0.88452
0.0956,-0.63946,-0.17048,0.78568
0.0957,-0.46159,-0.25115,0.68595
0.0958,-0.28427,-0.33059,0.58553
0.0959,-0.10779,-0.40871,0.48465
0.096,0.06756,-0.48542,0.38355
0.0961,0.24153,-0.56066,0.28243
0.0962,0.41385,-0.63435,0.18153
0.0963,0.58423,-0.7064,0.081062
0.0964,0.7524,-0.77671,-0.018749
0.0965,0.91804,-0.84517,-0.11768
0.0966,1.0809,-0.91165,-0.21553
0.0967,1.2406,-0.97599,-0.31212
0.0968,1.3969,-1.038,-0.4073
0.0969,1.5496,-1.0977,-0.501
0.097,1.6986,-1.1547,-0.59316
0.0971,1.8437,-1.2091,-0.68379
0.0972,1.985,-1.2607,-0.77291
0.0973,2.1222,-1.3095,-0.86058
0.0974,2.2555,-1.3553,-0.94681
0.0975,2.3847,-1.3983,-1.0316
0.0976,2.5098,-1.4383,-1.1149
0.0977,2.6306,-1.4754,-1.1966
0.0978,2.7469,-1.5094,-1.2766
0.0979,2.8584,-1.5405,-1.3545
0.098,2.9648,-1.5685,-1.4303
0.0981,3.0659,-1.5935,-1.5036
0.0982,3.1614,-1.6155,-1.5743
0.0983,3.251,-1.6344,-1.642
0.0984,3.3346,-1.6504,-1.7066
0.0985,3.4119,-1.6634,-1.768
0.0986,3.483,-1.6734,-1.8261
0.0987,3.5477,-1.6805,-1.8808
0.0988,3.6058,-1.6847,-1.9319
0.0989,3.6575,-1.686,-1.9797
0.099,3.7025,-1.6843,-2.0239
0.0991,3.7408,-1.6797,-2.0647
0.0992,3.7725,-1.6719,-2.1021
0.0993,3.7975,-1.6611,-2.1362
0.0994,3.8159,-1.6472,-2.167
0.0995,3.8276,-1.6302,-2.1945
0.0996,3.8327,-1.6102,-2.219
0.0997,3.8313,-1.5871,-2.2403
0.0998,3.8235,-1.561,-2.2584
0.0999,3.8092,-1.532,-2.2735
0.1,3.7886,-1.5002,-2.2853
0.1001,3.7615,-1.4656,-2.2938
0.1002,3.7278,-1.4283,-2.2989
0.1003,3.6876,-1.3884,-2.3003
0.1004,3.6407,-1.3459,-2.2981
0.1005,3.5871,-1.3009,-2.2919
0.1006,3.5268,-1.2534,-2.2818
0.1007,3.4599,-1.2036,-2.2677
0.1008,3.3865,-1.1514,-2.2497
0.1009,3.3068,-1.0971,-2.2278
0.101,3.221,-1.0406,-2.2021
0.1011,3.1295,-0.98198,-2.1729
0.1012,3.0325,-0.92139,-2.1402
0.1013,2.9302,-0.85883,-2.1043
0.1014,2.8229,-0.79436,-2.0653
0.1015,2.7108,-0.72803,-2.0233
0.1016,2.5941,-0.6599,-1.9785
0.1017,2.4729,-0.59003,-1.9309
0.1018,2.3474,-0.51852,-1.8805
0.1019,2.2178,-0.44545,-1.8274
0.102,2.0842,-0.37096,-1.7717
0.1021,1.9468,-0.29519,-1.7132
0.1022,1.8059,-0.21827,-1.6519
0.1023,1.6614,-0.14038,-1.5879
0.1024,1.5137,-0.061649,-1.521
0.1025,1.3628,0.017781,-1.4513
0.1026,1.2089,0.097786,-1.3786
0.1027,1.052,0.17826,-1.303
0.1028,0.89243,0.2591,-1.2246
0.1029,0.73026,0.34023,-1.1433
0.103,0.56574,0.42155,-1.0595
0.1031,0.39913,0.50297,-0.97324
0.1032,0.23074,0.58441,-0.88482
0.1033,0.060912,0.66576,-0.79453
0.1034,-0.10998,0.74691,-0.70268
0.1035,-0.28159,0.82775,-0.60957
0.1036,-0.45356,0.90817,-0.51548
0.1037,-0.62557,0.98806,-0.42067
0.1038,-0.79734,1.0673,-0.32534
0.1039,-0.96865,1.1458,-0.22966
0.104,-1.1393,1.2235,-0.13372
0.1041,-1.3091,1.3001,-0.037629
0.1042,-1.4779,1.3757,0.058576
0.1043,-1.6456,1.4499,0.15485
0.1044,-1.8119,1.5227,0.25115
0.1045,-1.9768,1.5939,0.34743
0.1046,-2.1401,1.6634,0.44362
0.1047,-2.3015,1.7309,0.53966
0.1048,-2.4608,1.7963,0.63545
0.1049,-2.6179,1.8595,0.73089
0.105,-2.7725,1.9204,0.82584
0.1051,-2.9244,1.9788,0.92016
0.1052,-3.0734,2.0347,1.0137
0.1053,-3.2192,2.0881,1.1062
0.1054,-3.3617,2.1388,1.1976
0.1055,-3.5004,2.1868,1.2875
0.1056,-3.6353,2.2321,1.3757
0.1057,-3.7658,2.2746,1.4621
0.1058,-3.8918,2.3143,1.5464
0.1059,-4.013,2.3512,1.6283
0.106,-4.1291,2.3851,1.7078
0.1061,-4.2401,2.4161,1.7848
0.1062,-4.3457,2.4442,1.8591
0.1063,-4.4458,2.4693,1.9308
0.1064,-4.5405,2.4914,1.9999
0.1065,-4.6298,2.5105,2.0665
0.1066,-4.7134,2.5265,2.1304
0.1067,-4.7916,2.5396,2.1918
0.1068,-4.8641,2.5496,2.2507
0.1069,-4.9309,2.5565,2.3069
0.107,-4.992,2.5604,2.3605
0.1071,-5.0471,2.5612,2.4113
0.1072,-5.0961,2.5589,2.4593
0.1073,-5.1388,2.5535,2.5042
0.1074,-5.1752,2.5451,2.5459
0.1075,-5.205,2.5337,2.5843
0.1076,-5.2282,2.5194,2.6192
0.1077,-5.2446,2.5021,2.6505
0.1078,-5.2542,2.482,2.6782
0.1079,-5.2568,2.4591,2.702
0.108,-5.2526,2.4333,2.7219
0.1081,-5.2413,2.4048,2.738
0.1082,-5.2231,2.3735,2.7502
0.1083,-5.1981,2.3394,2.7586
0.1084,-5.1661,2.3026,2.7631
0.1085,-5.1275,2.263,2.764
0.1086,-5.0823,2.2208,2.7613
0.1087,-5.0306,2.1758,2.7551
0.1088,-4.9728,2.1282,2.7455
0.1089,-4.9088,2.0781,2.7326
0.109,-4.839,2.0254,2.7165
0.1091,-4.7635,1.9703,2.6972
0.1092,-4.6822,1.913,2.6748
0.1093,-4.5954,1.8533,2.6491
0.1094,-4.5031,1.7916,2.6202
0.1095,-4.4053,1.7278,2.5879
0.1096,-4.302,1.662,2.5521
0.1097,-4.1933,1.5944,2.5129
0.1098,-4.0794,1.525,2.4702
0.1099,-3.9602,1.4539,2.4239
0.11,-3.836,1.3812,2.3741
0.1101,-3.707,1.3071,2.3209
0.1102,-3.5733,1.2316,2.2642
0.1103,-3.4353,1.1549,2.2044
0.1104,-3.2932,1.0769,2.1415
0.1105,-3.1472,0.99791,2.0756
0.1106,-2.9975,0.91784,2.0069
0.1107,-2.8445,0.83682,1.9357
0.1108,-2.6884,0.75493,1.862
0.1109,-2.5295,0.67225,1.786
0.111,-2.3679,0.58888,1.7078
0.1111,-2.204,0.50495,1.6277
0.1112,-2.038,0.42057,1.5456
0.1113,-1.8702,0.3359,1.4618
0.1114,-1.7007,0.25106,1.3762
0.1115,-1.5297,0.1662,1.289
0.1116,-1.3575,0.081472,1.2002
0.1117,-1.1842,-0.0029965,1.1099
0.1118,-1.01,-0.087074,1.018
0.1119,-0.83496,-0.17064,0.92464
0.112,-0.65932,-0.25357,0.8299
0.1121,-0.48326,-0.33576,0.73386
0.1122,-0.307,-0.4171,0.63666
0.1123,-0.13078,-0.49747,0.53847
0.1124,0.045138,-0.57677,0.4395
0.1125,0.22045,-0.65488,0.33996
0.1126,0.39482,-0.73171,0.2401
0.1127,0.56794,-0.80714,0.14017
0.1128,0.73948,-0.88107,0.0404
0.1129,0.90914,-0.95339,-0.058976
0.113,1.0766,-1.024,-0.15776
0.1131,1.2417,-1.0928,-0.25578
0.1132,1.4042,-1.1596,-0.3529
0.1133,1.5638,-1.2244,-0.44899
0.1134,1.7204,-1.2869,-0.54396
0.1135,1.8737,-1.3472,-0.63773
0.1136,2.0237,-1.405,-0.73024
0.1137,2.1701,-1.4602,-0.82144
0.1138,2.3128,-1.5128,-0.91127
0.1139,2.4517,-1.5626,-0.9997
0.114,2.5866,-1.6095,-1.0867
0.1141,2.7173,-1.6535,-1.1721
0.1142,2.8438,-1.6946,-1.256
0.1143,2.966,-1.7327,-1.3381
0.1144,3.0835,-1.7678,-1.4185
0.1145,3.1964,-1.8,-1.4969
0.1146,3.3043,-1.8292,-1.5731
0.1147,3.407,-1.8554,-1.647
0.1148,3.5044,-1.8787,-1.7183
0.1149,3.5961,-1.899,-1.7869
0.115,3.682,-1.9164,-1.8525
0.1151,3.7619,-1.9308,-1.915
0.1152,3.8355,-1.9422,-1.9743
0.1153,3.9028,-1.9507,-2.0303
0.1154,3.9636,-1.9562,-2.0829
0.1155,4.0179,-1.9586,-2.1322
0.1156,4.0657,-1.9581,-2.178
0.1157,4.107,-1.9545,-2.2205
0.1158,4.1417,-1.948,-2.2597
0.1159,4.1698,-1.9384,-2.2957
0.116,4.1915,-1.9257,-2.3285
0.1161,4.2066,-1.91,-2.358
0.1162,4.2152,-1.8913,-2.3844
0.1163,4.2172,-1.8695,-2.4076
0.1164,4.2126,-1.8448,-2.4276
0.1165,4.2014,-1.8171,-2.4442
0.1166,4.1836,-1.7866,-2.4575
0.1167,4.1591,-1.7532,-2.4673
0.1168,4.128,-1.7171,-2.4736
0.1169,4.0902,-1.6784,-2.4763
0.117,4.0457,-1.6371,-2.4753
0.1171,3.9946,-1.5932,-2.4706
0.1172,3.937,-1.5469,-2.462
0.1173,3.8729,-1.4982,-2.4497
0.1174,3.8024,-1.4472,-2.4335
0.1175,3.7256,-1.394,-2.4135
0.1176,3.6427,-1.3385,-2.3899
0.1177,3.554,-1.2809,-2.3627
0.1178,3.4595,-1.2212,-2.332
0.1179,3.3595,-1.1594,-2.298
0.118,3.2544,-1.0956,-2.2608
0.1181,3.1442,-1.0299,-2.2205
0.1182,3.0293,-0.96244,-2.1774
0.1183,2.9099,-0.89322,-2.1313
0.1184,2.786,-0.82236,-2.0825
0.1185,2.6579,-0.74998,-2.0308
0.1186,2.5258,-0.67619,-1.9764
0.1187,2.3896,-0.60109,-1.9192
0.1188,2.2497,-0.52481,-1.859
0.1189,2.106,-0.44747,-1.796
0.119,1.9588,-0.3692,-1.73
0.1191,1.8083,-0.29013,-1.6611
0.1192,1.6545,-0.21039,-1.5892
0.1193,1.4977,-0.1301,-1.5143
0.1194,1.3381,-0.049364,-1.4367
0.1195,1.1759,0.031697,-1.3563
0.1196,1.0114,0.11299,-1.2733
0.1197,0.84484,0.19442,-1.188
0.1198,0.67648,0.2759,-1.1006
0.1199,0.50659,0.35735,-1.0112
0.12,0.33547,0.43867,-0.9201
0.1201,0.16339,0.51977,-0.8276
0.1202,-0.0093428,0.60055,-0.7339
0.1203,-0.041195,0.60919,-0.70861
0.1204,-0.070829,0.61732,-0.68479
0.1205,-0.099865,0.62509,-0.66098
0.1206,-0.12816,0.63112,-0.636
0.1207,-0.1553,0.6347,-0.6096
0.1208,-0.18152,0.63719,-0.58296
0.1209,-0.20765,0.63955,-0.55626
0.121,-0.23277,0.63999,-0.52866
0.1211,-0.25645,0.63736,-0.4995
0.1212,-0.27931,0.63311,-0.46966
0.1213,-0.3018,0.62846,-0.43996
0.1214,-0.32313,0.62306,-0.41092
0.1215,-0.34347,0.61677,-0.38222
0.1216,-0.3632,0.60929,-0.35325
0.1217,-0.38218,0.60005,-0.32359
0.1218,-0.40032,0.58953,-0.29383
0.1219,-0.41848,0.57872,-0.26414
0.122,-0.43652,0.56732,-0.23433
0.1221,-0.45401,0.55453,-0.20408
0.1222,-0.47094,0.54076,-0.17382
0.1223,-0.48753,0.52677,-0.14406
0.1224,-0.50311,0.51235,-0.11528
0.1225,-0.51765,0.4971,-0.087051
