0.05,-0.09515,0.99306,-0.87191
0.0501,-0.054593,0.97484,-0.8954
0.0502,-0.013888,0.95507,-0.91785
0.0503,0.026858,0.93382,-0.93918
0.0504,0.067535,0.91114,-0.95932
0.0505,0.10804,0.88712,-0.9782
0.0506,0.14827,0.86183,-0.99577
0.0507,0.18813,0.83535,-1.012
0.0508,0.22754,0.80775,-1.0268
0.0509,0.26642,0.77911,-1.0401
0.051,0.30471,0.74947,-1.052
0.0511,0.34239,0.71886,-1.0624
0.0512,0.37945,0.68733,-1.0712
0.0513,0.41589,0.65488,-1.0784
0.0514,0.45829,-1.7686,-1.535
0.0515,0.49452,-2.7224,-1.7103
0.0516,0.52655,-3.3699,-1.8266
0.0517,0.56652,-4.1107,-1.9695
0.0518,0.6203,-4.6519,-2.0843
0.0519,0.66453,-5.0678,-2.1646
0.052,0.6934,-5.7759,-2.2871
0.0521,0.7347,-6.7518,-2.469
0.0522,0.79133,-7.8408,-2.6829
0.0523,0.83532,-9.0078,-2.9009
0.0524,0.86711,-10.135,-3.1009
0.0525,0.90005,-11.055,-3.2613
0.0526,0.93169,-11.885,-3.4039
0.0527,0.963,-12.666,-3.5363
0.0528,1.0005,-13.344,-3.6542
0.0529,1.0347,-14.236,-3.8061
0.053,1.0615,-15.385,-3.9991
0.0531,1.0865,-16.834,-4.2442
0.0532,1.1162,-18.388,-4.5117
0.0533,1.1409,-19.89,-4.7643
0.0534,1.1578,-21.17,-4.971
0.0535,1.1777,-22.164,-5.1276
0.0536,1.2009,-23.029,-5.2619
0.0537,1.2251,-23.876,-5.3911
0.0538,1.255,-24.647,-5.5107
0.0539,1.2905,-25.38,-5.6256
0.054,1.3267,-26.231,-5.7599
0.0541,1.3708,-27.212,-5.9197
0.0542,1.4254,-28.231,-6.0894
0.0543,1.4831,-29.269,-6.2537
0.0544,1.5537,-30.29,-6.4078
0.0545,1.6684,-31.222,-6.5525
0.0546,1.8275,-32.11,-6.697
0.0547,1.9958,-33.091,-6.8546
0.0548,2.1544,-34.11,-7.022
0.0549,2.2805,-35.227,-7.2097
0.055,2.3557,-36.431,-7.4082
0.0551,2.4,-37.588,-7.5907
0.0552,2.4394,-38.577,-7.7432
0.0553,2.4724,-39.425,-7.8679
0.0554,2.502,-40.171,-7.9673
0.0555,2.551,-40.793,-8.044
0.0556,2.6165,-41.341,-8.1143
0.0557,2.6759,-41.892,-8.1849
0.0558,2.7202,-42.384,-8.2436
0.0559,2.7364,-42.855,-8.2995
0.056,2.6977,-43.331,-8.353
0.0561,2.6095,-43.811,-8.3952
0.0562,2.5058,-44.206,-8.4148
0.0563,2.4012,-44.505,-8.4133
0.0564,2.2942,-44.774,-8.4027
0.0565,2.1967,-45.038,-8.3924
0.0566,2.1032,-45.308,-8.3915
0.0567,1.9882,-45.621,-8.401
0.0568,1.8462,-45.944,-8.4094
0.0569,1.6896,-46.178,-8.402
0.057,1.5178,-46.26,-8.3681
0.0571,1.338,-46.252,-8.3136
0.0572,1.1714,-46.077,-8.2272
0.0573,1.0311,-45.775,-8.1218
0.0574,0.91561,-45.455,-8.0156
0.0575,0.82347,-45.136,-7.9123
0.0576,0.75072,-44.797,-7.8135
0.0577,0.68851,-44.488,-7.7246
0.0578,0.62905,-44.227,-7.6424
0.0579,0.57285,-43.951,-7.5548
0.058,0.51755,-43.638,-7.4576
0.0581,0.45945,-43.314,-7.3496
0.0582,0.40134,-42.942,-7.2267
0.0583,0.34926,-42.505,-7.0917
0.0584,0.30117,-42.072,-6.9551
0.0585,0.25559,-41.682,-6.8151
0.0586,0.21468,-41.289,-6.656
0.0587,0.17718,-40.887,-6.4574
0.0588,0.13786,-40.49,-6.2037
0.0589,0.098754,-40.047,-5.8961
0.059,0.062745,-39.518,-5.5608
0.0591,0.027138,-38.925,-5.2333
0.0592,-0.0096294,-38.264,-4.9317
0.0593,-0.042703,-37.513,-4.6594
0.0594,-0.07243,-36.704,-4.4179
0.0595,-0.10294,-35.881,-4.1962
0.0596,-0.13458,-35.039,-3.9795
0.0597,-0.16623,-34.202,-3.7661
0.0598,-0.20195,-33.415,-3.5579
0.0599,-0.24288,-32.656,-3.3477
0.06,-0.28604,-31.866,-3.1382
0.0601,-0.32979,-31.034,-2.9458
0.0602,-0.37417,-30.123,-2.7765
0.0603,-0.41784,-29.134,-2.6345
0.0604,-0.46115,-28.036,-2.5102
0.0605,-0.50731,-26.878,-2.391
0.0606,-0.55661,-25.681,-2.2596
0.0607,-0.60641,-24.457,-2.1086
0.0608,-0.65714,-23.254,-1.9466
0.0609,-0.70762,-22.092,-1.784
0.061,-0.75457,-20.936,-1.6327
0.0611,-0.79772,-19.761,-1.5055
0.0612,-0.83911,-18.553,-1.4068
0.0613,-0.87657,-17.271,-1.3291
0.0614,-0.90956,-15.907,-1.2637
0.0615,-0.94178,-14.515,-1.1997
0.0616,-0.97473,-13.146,-1.1274
0.0617,-1.0059,-11.835,-1.0384
0.0618,-1.0363,-10.629,-0.92805
0.0619,-1.0671,-9.5351,-0.79787
0.062,-1.0949,-8.4963,-0.65455
0.0621,-1.1178,-7.4656,-0.50414
0.0622,-1.139,-6.4259,-0.34917
0.0623,-1.1591,-5.3407,-0.18593
0.0624,-1.1767,-4.1907,-0.014564
0.0625,-1.193,-3.02,0.15917
0.0626,-1.2096,-1.8735,0.33092
0.0627,-1.2237,-0.76107,0.49915
0.0628,-1.2345,0.29267,0.65858
0.0629,-1.2437,1.2601,0.80604
0.063,-1.251,2.1687,0.94448
0.0631,-1.2542,3.065,1.0783
0.0632,-1.2548,3.9632,1.2088
0.0633,-1.2538,4.874,1.3392
0.0634,-1.25,5.8085,1.4709
0.0635,-1.244,6.7356,1.6004
0.0636,-1.2376,7.6089,1.7232
0.0637,-1.2301,8.4167,1.8384
0.0638,-1.2204,9.1607,1.9443
0.0639,-1.2092,9.8374,2.0397
0.064,-1.1969,10.468,2.1267
0.0641,-1.1824,11.083,2.2078
0.0642,-1.167,11.686,2.2823
0.0643,-1.1519,12.276,2.3512
0.0644,-1.1359,12.861,2.4164
0.0645,-1.118,13.427,2.4769
0.0646,-1.0987,13.942,2.5297
0.0647,-1.0769,14.402,2.5752
0.0648,-1.0516,14.811,2.6129
0.0649,-1.0237,15.162,2.6412
0.065,-0.99373,15.466,2.6611
0.0651,-0.96033,15.751,2.6757
0.0652,-0.92451,16.018,2.6845
0.0653,-0.88828,16.246,2.6863
0.0654,-0.85138,16.429,2.6809
0.0655,-0.81311,16.561,2.6679
0.0656,-0.77493,16.623,2.646
0.0657,-0.73658,16.619,2.616
0.0658,-0.69616,16.573,2.5795
0.0659,-0.65402,16.492,2.5362
0.066,-0.61202,16.376,2.4861
0.0661,-0.56963,16.241,2.4311
0.0662,-0.52664,16.09,2.3706
0.0663,-0.48455,15.907,2.3039
0.0664,-0.44361,15.683,2.2312
0.0665,-0.40232,15.416,2.1523
0.0666,-0.361,15.09,2.0646
0.0667,-0.3203,14.703,1.9681
0.0668,-0.2791,14.274,1.8647
0.0669,-0.23639,13.818,1.755
0.067,-0.19277,13.337,1.6392
0.0671,-0.14812,12.84,1.5194
0.0672,-0.10209,12.327,1.3964
0.0673,-0.055531,11.779,1.2686
0.0674,-0.009175,11.181,1.1356
0.0675,0.037538,10.538,0.99872
0.0676,0.084331,9.8479,0.85694
0.0677,0.13057,9.1084,0.70945
0.0678,0.17643,8.3341,0.55698
0.0679,0.22188,7.538,0.40034
0.068,0.26582,6.7223,0.23955
0.0681,0.30842,5.8941,0.076245
0.0682,0.35051,5.0606,-0.088069
0.0683,0.39175,4.2125,-0.25347
0.0684,0.43169,3.3386,-0.42054
0.0685,0.47125,2.4387,-0.58918
0.0686,0.51044,1.5113,-0.76046
0.0687,0.54839,0.55447,-0.93506
0.0688,0.58548,-0.42011,-1.1123
0.0689,0.62262,-1.4012,-1.2914
0.069,0.65903,-2.392,-1.4727
0.0691,0.69423,-3.3944,-1.6553
0.0692,0.72903,-4.4033,-1.8376
0.0693,0.7637,-5.4228,-2.0193
0.0694,0.79757,-6.4593,-2.2003
0.0695,0.83117,-7.5065,-2.3795
0.0696,0.86506,-8.5588,-2.5573
0.0697,0.89837,-9.6199,-2.7347
0.0698,0.93028,-10.687,-2.912
0.0699,0.96111,-11.75,-3.0881
0.07,0.99051,-12.808,-3.2632
0.0701,1.0177,-13.865,-3.437
0.0702,1.0431,-14.918,-3.6084
0.0703,1.067,-15.968,-3.7772
0.0704,1.089,-17.018,-3.9441
0.0705,1.1094,-18.064,-4.1087
0.0706,1.1291,-19.097,-4.2706
0.0707,1.1484,-20.112,-4.4302
0.0708,1.1676,-21.108,-4.5878
0.0709,1.1876,-22.083,-4.7423
0.071,1.2092,-23.04,-4.894
0.0711,1.2331,-23.986,-5.0429
0.0712,1.2614,-24.924,-5.1883
0.0713,1.2971,-25.854,-5.3301
0.0714,1.3438,-26.779,-5.4696
0.0715,1.4052,-27.701,-5.6079
0.0716,1.4826,-28.615,-5.7458
0.0717,1.5689,-29.519,-5.8836
0.0718,1.6498,-30.406,-6.0197
0.0719,1.7136,-31.259,-6.1501
0.072,1.7562,-32.066,-6.2715
0.0721,1.7799,-32.828,-6.3819
0.0722,1.791,-33.546,-6.481
0.0723,1.7963,-34.226,-6.5697
0.0724,1.7982,-34.876,-6.651
0.0725,1.7951,-35.502,-6.7267
0.0726,1.7835,-36.096,-6.7969
0.0727,1.7576,-36.644,-6.8597
0.0728,1.7113,-37.135,-6.9125
0.0729,1.6428,-37.554,-6.9511
0.073,1.5557,-37.891,-6.9729
0.0731,1.4572,-38.153,-6.9775
0.0732,1.3562,-38.353,-6.9672
0.0733,1.2606,-38.51,-6.946
0.0734,1.1732,-38.646,-6.9197
0.0735,1.0928,-38.774,-6.8928
0.0736,1.0172,-38.893,-6.8665
0.0737,0.94477,-38.987,-6.839
0.0738,0.87404,-39.041,-6.8071
0.0739,0.80492,-39.041,-6.7669
0.074,0.73843,-38.975,-6.7156
0.0741,0.67535,-38.849,-6.6535
0.0742,0.61585,-38.675,-6.5834
0.0743,0.56007,-38.467,-6.5082
0.0744,0.5077,-38.235,-6.4316
0.0745,0.45777,-37.99,-6.3557
0.0746,0.40929,-37.729,-6.28
0.0747,0.3616,-37.442,-6.2012
0.0748,0.31397,-37.116,-6.1154
0.0749,0.26603,-36.74,-6.0184
0.075,0.21799,-36.307,-5.9069
0.0751,0.17003,-35.82,-5.7803
0.0752,0.12213,-35.293,-5.6393
0.0753,0.074751,-34.736,-5.4847
0.0754,0.028454,-34.161,-5.3144
0.0755,-0.016421,-33.577,-5.1218
0.0756,-0.059296,-32.99,-4.8965
0.0757,-0.099619,-32.399,-4.6362
0.0758,-0.13778,-31.8,-4.3542
0.0759,-0.17437,-31.186,-4.0696
0.076,-0.20951,-30.542,-3.8004
0.0761,-0.24352,-29.851,-3.558
0.0762,-0.27742,-29.102,-3.3434
0.0763,-0.31193,-28.294,-3.1484
0.0764,-0.3473,-27.433,-2.9629
0.0765,-0.3838,-26.533,-2.7788
0.0766,-0.42156,-25.61,-2.5905
0.0767,-0.46007,-24.674,-2.3961
0.0768,-0.49901,-23.725,-2.1984
0.0769,-0.53855,-22.76,-2.0034
0.077,-0.57878,-21.765,-1.818
0.0771,-0.61979,-20.725,-1.6487
0.0772,-0.66229,-19.631,-1.4985
0.0773,-0.70692,-18.482,-1.3638
0.0774,-0.75357,-17.289,-1.2374
0.0775,-0.80159,-16.074,-1.1135
0.0776,-0.85002,-14.866,-0.98955
0.0777,-0.89737,-13.682,-0.86548
0.0778,-0.94217,-12.526,-0.74315
0.0779,-0.98374,-11.385,-0.62433
0.078,-1.022,-10.241,-0.50911
0.0781,-1.057,-9.0723,-0.39571
0.0782,-1.089,-7.8698,-0.27979
0.0783,-1.1182,-6.6384,-0.15291
0.0784,-1.1444,-5.3942,-0.0079999
0.0785,-1.1676,-4.1598,0.15209
0.0786,-1.1886,-2.9577,0.31857
0.0787,-1.2076,-1.8027,0.48462
0.0788,-1.2247,-0.69712,0.64713
0.0789,-1.2405,0.36755,0.80586
0.079,-1.2554,1.4087,0.96232
0.0791,-1.2697,2.4449,1.1183
0.0792,-1.2835,3.486,1.2744
0.0793,-1.2973,4.5295,1.4298
0.0794,-1.3105,5.5647,1.5829
0.0795,-1.3227,6.5769,1.7324
0.0796,-1.3331,7.5522,1.8771
0.0797,-1.3415,8.4845,2.0169
0.0798,-1.3476,9.378,2.1526
0.0799,-1.3516,10.242,2.2848
0.08,-1.3541,11.087,2.414
0.0801,-1.3549,11.924,2.5403
0.0802,-1.3537,12.758,2.6633
0.0803,-1.3502,13.583,2.7813
0.0804,-1.3441,14.39,2.893
0.0805,-1.3348,15.167,2.997
0.0806,-1.3221,15.9,3.0924
0.0807,-1.3063,16.583,3.179
0.0808,-1.2875,17.217,3.2575
0.0809,-1.2664,17.807,3.3288
0.081,-1.2439,18.357,3.3927
0.0811,-1.2206,18.87,3.4488
0.0812,-1.197,19.345,3.4967
0.0813,-1.1732,19.777,3.5359
0.0814,-1.1489,20.163,3.5665
0.0815,-1.1234,20.502,3.5896
0.0816,-1.096,20.795,3.6066
0.0817,-1.0666,21.046,3.6186
0.0818,-1.0352,21.263,3.6266
0.0819,-1.0018,21.45,3.631
0.082,-0.96666,21.612,3.6313
0.0821,-0.92999,21.748,3.6266
0.0822,-0.89184,21.852,3.6156
0.0823,-0.85236,21.916,3.5967
0.0824,-0.81174,21.933,3.5688
0.0825,-0.76993,21.898,3.5315
0.0826,-0.72686,21.813,3.4854
0.0827,-0.6827,21.68,3.431
0.0828,-0.63765,21.508,3.369
0.0829,-0.5919,21.299,3.2998
0.083,-0.54589,21.055,3.2231
0.0831,-0.50001,20.772,3.1386
0.0832,-0.45435,20.448,3.0464
0.0833,-0.40893,20.078,2.9468
0.0834,-0.36396,19.66,2.8405
0.0835,-0.31954,19.194,2.7285
0.0836,-0.27571,18.684,2.6116
0.0837,-0.23264,18.138,2.4906
0.0838,-0.19032,17.564,2.3661
0.0839,-0.14836,16.969,2.2385
0.084,-0.10623,16.355,2.1077
0.0841,-0.063606,15.721,1.9734
0.0842,-0.020121,15.064,1.8352
0.0843,0.024474,14.377,1.6927
0.0844,0.070093,13.656,1.5457
0.0845,0.11643,12.9,1.394
0.0846,0.16314,12.109,1.2379
0.0847,0.20967,11.287,1.0772
0.0848,0.2554,10.436,0.9116
0.0849,0.29995,9.5607,0.74115
0.085,0.34324,8.6625,0.56626
0.0851,0.38535,7.7428,0.38766
0.0852,0.42651,6.8025,0.20645
0.0853,0.46695,5.8425,0.023841
0.0854,0.5067,4.863,-0.15925
0.0855,0.54557,3.8655,-0.34221
0.0856,0.58336,2.8528,-0.52461
0.0857,0.61989,1.8278,-0.70631
0.0858,0.655,0.79318,-0.88745
0.0859,0.68875,-0.24929,-1.0682
0.086,0.72132,-1.2988,-1.2487
0.0861,0.75289,-2.3556,-1.429
0.0862,0.78368,-3.4192,-1.6088
0.0863,0.81402,-4.4877,-1.7876
0.0864,0.84407,-5.5588,-1.9651
0.0865,0.87377,-6.6298,-2.1411
0.0866,0.90303,-7.6982,-2.3157
0.0867,0.93164,-8.7623,-2.4893
0.0868,0.95925,-9.8222,-2.6625
0.0869,0.98564,-10.878,-2.8354
0.087,1.0107,-11.93,-3.0079
0.0871,1.0345,-12.978,-3.1794
0.0872,1.0567,-14.022,-3.3493
0.0873,1.0773,-15.059,-3.5167
0.0874,1.0963,-16.087,-3.6808
0.0875,1.1137,-17.101,-3.8412
0.0876,1.1295,-18.097,-3.9976
0.0877,1.1442,-19.074,-4.1497
0.0878,1.1583,-20.029,-4.2975
0.0879,1.1726,-20.966,-4.441
0.088,1.188,-21.885,-4.5802
0.0881,1.2058,-22.789,-4.7148
0.0882,1.2275,-23.677,-4.8449
0.0883,1.2551,-24.549,-4.9701
0.0884,1.291,-25.408,-5.0926
0.0885,1.3358,-26.249,-5.2119
0.0886,1.3865,-27.07,-5.3289
0.0887,1.4344,-27.867,-5.4435
0.0888,1.4678,-28.63,-5.5537
0.0889,1.4791,-29.346,-5.656
0.089,1.4687,-30.006,-5.748
0.0891,1.4425,-30.61,-5.8283
0.0892,1.4078,-31.165,-5.8974
0.0893,1.3703,-31.679,-5.957
0.0894,1.332,-32.161,-6.0091
0.0895,1.2928,-32.615,-6.0553
0.0896,1.2509,-33.039,-6.0954
0.0897,1.2041,-33.422,-6.1278
0.0898,1.151,-33.753,-6.1504
0.0899,1.0916,-34.024,-6.1609
0.09,1.0279,-34.232,-6.1583
0.0901,0.96307,-34.379,-6.143
0.0902,0.89968,-34.481,-6.1175
0.0903,0.83929,-34.552,-6.0855
0.0904,0.78223,-34.603,-6.0504
0.0905,0.72807,-34.639,-6.0148
0.0906,0.67609,-34.655,-5.9788
0.0907,0.62581,-34.637,-5.9404
0.0908,0.57681,-34.57,-5.8963
0.0909,0.52883,-34.443,-5.8436
0.091,0.48175,-34.25,-5.7808
0.0911,0.43557,-33.996,-5.708
0.0912,0.39013,-33.691,-5.6273
0.0913,0.34514,-33.349,-5.541
0.0914,0.30032,-32.982,-5.4515
0.0915,0.25532,-32.599,-5.3597
0.0916,0.20973,-32.2,-5.2646
0.0917,0.16335,-31.778,-5.1637
0.0918,0.11623,-31.323,-5.0536
0.0919,0.068577,-30.826,-4.9313
0.092,0.020659,-30.285,-4.7945
0.0921,-0.027107,-29.7,-4.6419
0.0922,-0.074326,-29.077,-4.4729
0.0923,-0.12054,-28.425,-4.2855
0.0924,-0.16519,-27.752,-4.0764
0.0925,-0.20778,-27.063,-3.8439
0.0926,-0.24825,-26.36,-3.5933
0.0927,-0.28669,-25.641,-3.335
0.0928,-0.32326,-24.899,-3.08
0.0929,-0.3583,-24.124,-2.8378
0.093,-0.39243,-23.306,-2.6155
0.0931,-0.42631,-22.438,-2.4144
0.0932,-0.46064,-21.52,-2.2312
0.0933,-0.49605,-20.558,-2.0598
0.0934,-0.53299,-19.564,-1.8938
0.0935,-0.57153,-18.549,-1.7286
0.0936,-0.61146,-17.522,-1.5615
0.0937,-0.65248,-16.486,-1.3919
0.0938,-0.69426,-15.44,-1.2214
0.0939,-0.73653,-14.377,-1.0534
0.094,-0.77926,-13.29,-0.89218
0.0941,-0.82249,-12.173,-0.74092
0.0942,-0.86628,-11.025,-0.60064
0.0943,-0.91054,-9.8497,-0.47026
0.0944,-0.9549,-8.66,-0.34726
0.0945,-0.99854,-7.4687,-0.22819
0.0946,-1.0403,-6.2873,-0.10853
0.0947,-1.0791,-5.1212,0.017211
0.0948,-1.1139,-3.9675,0.1538
0.0949,-1.1446,-2.8182,0.30278
0.095,-1.1712,-1.6651,0.46238
0.0951,-1.1942,-0.50421,0.62949
0.0952,-1.2143,0.66247,0.80079
0.0953,-1.232,1.8268,0.97324
0.0954,-1.2479,2.9772,1.1441
0.0955,-1.2625,4.1016,1.3112
0.0956,-1.2763,5.1905,1.4732
0.0957,-1.2895,6.24,1.6301
0.0958,-1.3025,7.2537,1.7825
0.0959,-1.3154,8.2403,1.932
0.096,-1.3285,9.2099,2.0796
0.0961,-1.3416,10.17,2.2263
0.0962,-1.3545,11.124,2.3718
0.0963,-1.3667,12.067,2.5153
0.0964,-1.3776,12.992,2.6558
0.0965,-1.3863,13.891,2.7926
0.0966,-1.3924,14.76,2.9251
0.0967,-1.3954,15.598,3.0529
0.0968,-1.3954,16.405,3.176
0.0969,-1.3925,17.189,3.2941
0.097,-1.3869,17.951,3.4067
0.0971,-1.3789,18.693,3.5131
0.0972,-1.3685,19.414,3.6125
0.0973,-1.3558,20.109,3.7041
0.0974,-1.3407,20.769,3.7873
0.0975,-1.3232,21.386,3.8616
0.0976,-1.3032,21.954,3.9271
0.0977,-1.2807,22.471,3.9845
0.0978,-1.256,22.938,4.0342
0.0979,-1.2294,23.356,4.0767
0.098,-1.2015,23.73,4.1122
0.0981,-1.1727,24.062,4.1408
0.0982,-1.1434,24.353,4.1625
0.0983,-1.1136,24.606,4.1776
0.0984,-1.0831,24.82,4.1868
0.0985,-1.0514,24.998,4.1907
0.0986,-1.0181,25.143,4.1897
0.0987,-0.98292,25.256,4.1841
0.0988,-0.94567,25.339,4.1734
0.0989,-0.90637,25.39,4.1569
0.099,-0.86515,25.408,4.1338
0.0991,-0.82223,25.39,4.103
0.0992,-0.77789,25.33,4.0635
0.0993,-0.73245,25.225,4.0149
0.0994,-0.68618,25.072,3.9569
0.0995,-0.63936,24.869,3.8899
0.0996,-0.59224,24.62,3.8146
0.0997,-0.54508,24.326,3.7316
0.0998,-0.49816,23.99,3.6414
0.0999,-0.45174,23.615,3.5443
0.1,-0.40598,23.2,3.4406
0.1001,-0.36091,22.746,3.3306
0.1002,-0.31653,22.251,3.2149
0.1003,-0.27273,21.716,3.0943
0.1004,-0.22944,21.145,2.9696
0.1005,-0.18659,20.54,2.8413
0.1006,-0.14407,19.907,2.71
0.1007,-0.10174,19.249,2.5757
0.1008,-0.059317,18.572,2.4383
0.1009,-0.016509,17.876,2.2973
0.101,0.026984,17.159,2.1522
0.1011,0.07138,16.42,2.0025
0.1012,0.11675,15.654,1.8477
0.1013,0.16298,14.857,1.6877
0.1014,0.20976,14.027,1.5226
0.1015,0.25664,13.163,1.3526
0.1016,0.30303,12.268,1.1783
0.1017,0.34838,11.344,1.0001
0.1018,0.39224,10.395,0.81868
0.1019,0.43436,9.4244,0.63482
0.102,0.47474,8.4345,0.44946
0.1021,0.51352,7.4279,0.26357
0.1022,0.55094,6.4063,0.078007
0.1023,0.58722,5.3714,-0.10663
0.1024,0.62249,4.3252,-0.28997
0.1025,0.65681,3.2695,-0.47188
0.1026,0.69019,2.2064,-0.65243
0.1027,0.72266,1.138,-0.83186
0.1028,0.7519,0.76852,-0.87681
0.1029,0.77981,0.71121,-0.86313
0.103,0.80872,0.65277,-0.84997
0.1031,0.83582,0.59668,-0.83265
0.1032,0.85616,0.54242,-0.80816
0.1033,0.87258,0.48929,-0.78003
0.1034,0.89137,0.43704,-0.75309
0.1035,0.90898,0.38737,-0.72441
0.1036,0.91864,0.34141,-0.68901
0.1037,0.92329,0.29927,-0.6497
0.1038,0.9289,0.2587,-0.61224
0.1039,0.93566,0.21853,-0.57739
0.104,0.94261,0.17856,-0.54356
0.1041,0.9489,0.13903,-0.50951
0.1042,0.95191,0.099483,-0.47315
0.1043,0.95168,0.060193,-0.43482
0.1044,0.9523,0.021004,-0.39808
0.1045,0.95434,-0.017868,-0.36382
0.1046,0.95442,-0.056164,-0.32948
0.1047,0.95252,-0.093716,-0.29526
0.1048,0.9515,-0.13152,-0.26256
0.1049,0.95175,-0.17012,-0.23117
0.105,0.95221,-0.20916,-0.2
0.1051,0.95188,-0.24823,-0.1682
0.1052,0.94875,-0.28743,-0.13368
0.1053,0.94194,-0.32614,-0.095747
0.1054,0.93249,-0.36316,-0.05576
0.1055,0.91871,-0.39701,-0.01326
0.1056,0.89782,-0.42667,0.033524
0.1057,0.87223,-0.45206,0.081941
0.1058,0.84686,-0.47412,0.1277
0.1059,0.82128,-0.49339,0.17129
0.106,0.79273,-0.51005,0.21543
0.1061,0.7624,-0.52472,0.25917
0.1062,0.73232,-0.53837,0.30108
0.1063,0.70175,-0.55116,0.34184
0.1064,0.67113,-0.56315,0.38108
0.1065,0.642,-0.57467,0.41757
0.1066,0.61303,-0.58562,0.45285
0.1067,0.58258,-0.59552,0.4883
0.1068,0.55268,-0.60464,0.52237
0.1069,0.52463,-0.61337,0.55414
0.107,0.49644,-0.62139,0.58541
0.1071,0.46684,-0.62818,0.61696
0.1072,0.43654,-0.63389,0.64842
0.1073,0.40488,-0.63834,0.68045
0.1074,0.37084,-0.64077,0.71356
0.1075,0.33494,-0.64064,0.74678
0.1076,0.29756,-0.63802,0.77998
0.1077,0.25848,-0.63291,0.81346
0.1078,0.2185,-0.6253,0.84643
0.1079,0.17752,-0.61507,0.87879
0.108,0.13376,-0.60196,0.91194
0.1081,0.087294,-0.58576,0.94531
0.1082,0.040684,-0.56673,0.97636
0.1083,-0.0051141,-0.54519,1.0042
0.1084,-0.050526,-0.52135,1.0294
0.1085,-0.094532,-0.49574,1.0514
0.1086,-0.13597,-0.4692,1.0698
0.1087,-0.17518,-0.44226,1.0855
0.1088,-0.21184,-0.41541,1.0987
0.1089,-0.24539,-0.38906,1.1094
0.109,-0.27747,-0.36316,1.1191
0.1091,-0.31021,-0.33704,1.1296
0.1092,-0.34364,-0.3102,1.1404
0.1093,-0.37779,-0.28219,1.1511
0.1094,-0.41345,-0.25242,1.162
0.1095,-0.45009,-0.2205,1.1722
0.1096,-0.48654,-0.18668,1.1808
0.1097,-0.52338,-0.15117,1.1885
0.1098,-0.56112,-0.11398,1.196
0.1099,-0.599,-0.075194,1.2024
0.11,-0.63705,-0.034946,1.2078
0.1101,-0.67587,0.006862,1.2127
0.1102,-0.71427,0.050151,1.2158
0.1103,-0.75106,0.094694,1.2159
0.1104,-0.7871,0.14044,1.214
0.1105,-0.82254,0.1873,1.2102
0.1106,-0.8554,0.23469,1.2029
0.1107,-0.88477,0.28202,1.1917
0.1108,-0.91143,0.329,1.1776
0.1109,-0.93532,0.37535,1.1607
0.111,-0.95617,0.42073,1.141
0.1111,-0.97515,0.46521,1.1196
0.1112,-0.99296,0.50906,1.097
0.1113,-1.009,0.55228,1.0728
0.1114,-1.0236,0.59493,1.0474
0.1115,-1.038,0.6374,1.0218
0.1116,-1.0525,0.67998,0.99632
0.1117,-1.0676,0.72286,0.97116
0.1118,-1.0839,0.76643,0.94675
0.1119,-1.1013,0.81106,0.92261
0.112,-1.1189,0.8568,0.89777
0.1121,-1.1364,0.90347,0.87194
0.1122,-1.1532,0.95085,0.84482
0.1123,-1.1683,0.9985,0.81568
0.1124,-1.1811,1.0459,0.78453
0.1125,-1.1917,1.0925,0.75179
0.1126,-1.1991,1.1378,0.71705
0.1127,-1.2027,1.1815,0.68014
0.1128,-1.2035,1.2233,0.64212
0.1129,-1.2023,1.2636,0.6036
0.113,-1.1985,1.3024,0.56404
0.1131,-1.1922,1.3397,0.52336
0.1132,-1.1837,1.3758,0.48192
0.1133,-1.1726,1.4103,0.43935
0.1134,-1.1585,1.4432,0.39568
0.1135,-1.1426,1.4743,0.35214
0.1136,-1.1258,1.5039,0.30961
0.1137,-1.108,1.5321,0.268
0.1138,-1.0899,1.559,0.22766
0.1139,-1.0723,1.5852,0.18902
0.114,-1.0552,1.611,0.15159
0.1141,-1.0382,1.6367,0.11478
0.1142,-1.0216,1.6623,0.078638
0.1143,-1.005,1.6878,0.042619
0.1144,-0.987,1.713,0.0057288
0.1145,-0.96709,1.7371,-0.032248
0.1146,-0.94506,1.76,-0.071063
0.1147,-0.92034,1.781,-0.11089
0.1148,-0.89274,1.8,-0.15151
0.1149,-0.86277,1.8167,-0.19227
0.115,-0.83037,1.8311,-0.23312
0.1151,-0.79515,1.8431,-0.27439
0.1152,-0.75756,1.8527,-0.31558
0.1153,-0.71846,1.8599,-0.35603
0.1154,-0.6782,1.8649,-0.3955
0.1155,-0.63734,1.8677,-0.43363
0.1156,-0.59673,1.8684,-0.46987
0.1157,-0.55656,1.8672,-0.50435
0.1158,-0.51675,1.8642,-0.53729
0.1159,-0.47773,1.8594,-0.56849
0.116,-0.43974,1.853,-0.59786
0.1161,-0.40248,1.8449,-0.6258
0.1162,-0.36587,1.8349,-0.65236
0.1163,-0.32992,1.8228,-0.67757
0.1164,-0.29415,1.8084,-0.70189
0.1165,-0.25823,1.7916,-0.72556
0.1166,-0.22239,1.7724,-0.74836
0.1167,-0.18638,1.751,-0.77054
0.1168,-0.14944,1.7274,-0.79272
0.1169,-0.11121,1.702,-0.81504
0.117,-0.071448,1.6746,-0.83748
0.1171,-0.029513,1.6453,-0.86034
0.1172,0.014594,1.6136,-0.88324
0.1173,0.059941,1.5796,-0.90514
0.1174,0.1059,1.5431,-0.92545
0.1175,0.15216,1.5042,-0.94398
0.1176,0.19779,1.4633,-0.96013
0.1177,0.2418,1.4207,-0.97341
0.1178,0.28391,1.3772,-0.98397
0.1179,0.32392,1.333,-0.99192
0.118,0.36134,1.2887,-0.9971
0.1181,0.39634,1.2446,-0.99985
0.1182,0.4296,1.2008,-1.0008
0.1183,0.46134,1.1572,-1
0.1184,0.49161,1.1138,-0.99746
0.1185,0.52081,1.0704,-0.99347
0.1186,0.54924,1.0268,-0.98818
0.1187,0.57698,0.98302,-0.98159
0.1188,0.60446,0.93891,-0.97408
0.1189,0.63225,0.89432,-0.96605
0.119,0.66042,0.84911,-0.95742
0.1191,0.68894,0.80322,-0.9481
0.1192,0.71792,0.75656,-0.93805
0.1193,0.74711,0.70908,-0.92702
0.1194,0.77616,0.66084,-0.9147
0.1195,0.80497,0.61189,-0.90109
0.1196,0.83322,0.56234,-0.886
0.1197,0.86019,0.51241,-0.86892
0.1198,0.88536,0.46235,-0.8496
0.1199,0.90848,0.41241,-0.82798
0.12,0.92903,0.36289,-0.80384
0.1201,0.9466,0.31412,-0.77707
0.1202,0.96124,0.26636,-0.74795
0.1203,0.97289,0.21985,-0.71668
0.1204,0.98138,0.17483,-0.68334
0.1205,0.98707,0.13142,-0.64848
0.1206,0.99073,0.089561,-0.61285
0.1207,0.99289,0.049081,-0.57693
0.1208,0.99412,0.0097391,-0.54108
0.1209,0.99517,-0.028846,-0.50575
0.121,0.99634,-0.067039,-0.47095
0.1211,0.99746,-0.10506,-0.43631
0.1212,0.99852,-0.14302,-0.40175
0.1213,0.99951,-0.18097,-0.36723
0.1214,0.99998,-0.21876,-0.33244
0.1215,0.99948,-0.25615,-0.29718
0.1216,0.99781,-0.29292,-0.26149
0.1217,0.99462,-0.32887,-0.22525
0.1218,0.98941,-0.36374,-0.18822
0.1219,0.98207,-0.39741,-0.15044
0.122,0.97256,-0.42979,-0.11195
0.1221,0.96047,-0.46076,-0.072455
0.1222,0.94546,-0.49016,-0.031765
0.1223,0.92747,-0.51782,0.010051
0.1224,0.9064,-0.54354,0.052923
0.1225,0.88226,-0.56711,0.096659
