0.05,0.17857,0.1795,-0.26494
0.0501,0.16831,0.1904,-0.26563
0.0502,0.15755,0.20106,-0.26606
0.0503,0.14634,0.21141,-0.26621
0.0504,0.13476,0.22132,-0.26606
0.0505,0.12289,0.23071,-0.26556
0.0506,0.11082,0.23949,-0.26468
0.0507,0.098615,0.24761,-0.26341
0.0508,0.086323,0.25506,-0.26171
0.0509,0.073979,0.26184,-0.25958
0.051,0.061607,0.26801,-0.25702
0.0511,0.049206,0.27366,-0.25405
0.0512,0.036774,0.27885,-0.25071
0.0513,0.024305,0.28368,-0.24703
0.0514,-2.4018,0.28205,-0.33525
0.0515,-3.3642,0.28374,-0.36589
0.0516,-4.0138,0.28425,-0.38556
0.0517,-4.7742,0.28671,-0.41259
0.0518,-5.3535,0.29595,-0.43299
0.0519,-5.7803,0.30233,-0.44499
0.052,-6.4829,0.30092,-0.46717
0.0521,-7.5164,0.30423,-0.50312
0.0522,-8.7219,0.31363,-0.54615
0.0523,-10.002,0.31657,-0.59094
0.0524,-11.251,0.31444,-0.63327
0.0525,-12.326,0.31462,-0.66748
0.0526,-13.322,0.31434,-0.69872
0.0527,-14.246,0.31349,-0.72721
0.0528,-15.06,0.31566,-0.75175
0.0529,-16.014,0.31748,-0.78032
0.053,-17.38,0.31314,-0.82348
0.0531,-19.059,0.30809,-0.87728
0.0532,-20.859,0.30469,-0.93516
0.0533,-22.653,0.29798,-0.99159
0.0534,-24.212,0.29129,-1.0399
0.0535,-25.448,0.28786,-1.0763
0.0536,-26.566,0.28642,-1.1086
0.0537,-27.657,0.28623,-1.1398
0.0538,-28.648,0.29042,-1.1689
0.0539,-29.606,0.29902,-1.1973
0.054,-30.703,0.30947,-1.2312
0.0541,-31.947,0.32709,-1.2708
0.0542,-33.264,0.35561,-1.3133
0.0543,-34.628,0.39653,-1.3563
0.0544,-35.973,0.46627,-1.3987
0.0545,-37.229,0.6023,-1.4395
0.0546,-38.461,0.82229,-1.4815
0.0547,-39.807,1.0878,-1.5285
0.0548,-41.209,1.3394,-1.5788
0.0549,-42.746,1.5272,-1.634
0.055,-44.396,1.6422,-1.6929
0.0551,-45.983,1.7216,-1.7484
0.0552,-47.387,1.7957,-1.7968
0.0553,-48.661,1.8741,-1.8393
0.0554,-49.844,1.9732,-1.8783
0.0555,-50.904,2.1103,-1.9134
0.0556,-51.901,2.2693,-1.9476
0.0557,-52.892,2.4239,-1.9818
0.0558,-53.783,2.5562,-2.013
0.0559,-54.643,2.6356,-2.0428
0.056,-55.493,2.6359,-2.0709
0.0561,-56.314,2.5766,-2.0949
0.0562,-57.025,2.5007,-2.1129
0.0563,-57.648,2.4356,-2.1259
0.0564,-58.267,2.3964,-2.1383
0.0565,-58.917,2.3924,-2.1529
0.0566,-59.629,2.3993,-2.1723
0.0567,-60.42,2.3781,-2.1955
0.0568,-61.209,2.3126,-2.2189
0.0569,-61.872,2.1999,-2.2377
0.057,-62.35,2.0278,-2.2491
0.0571,-62.565,1.7997,-2.248
0.0572,-62.604,1.5364,-2.2397
0.0573,-62.487,1.2604,-2.2251
0.0574,-62.317,1.003,-2.2088
0.0575,-62.142,0.79653,-2.1929
0.0576,-61.967,0.63924,-2.1785
0.0577,-61.847,0.50525,-2.1662
0.0578,-61.761,0.37813,-2.1543
0.0579,-61.617,0.25308,-2.1382
0.058,-61.384,0.12917,-2.1154
0.0581,-61.076,0.016428,-2.0846
0.0582,-60.678,-0.074216,-2.0454
0.0583,-60.229,-0.14208,-1.9981
0.0584,-59.842,-0.19271,-1.9416
0.0585,-59.565,-0.22972,-1.8637
0.0586,-59.372,-0.25526,-1.7329
0.0587,-59.258,-0.27412,-1.5139
0.0588,-59.179,-0.29083,-1.2072
0.0589,-59.028,-0.30443,-0.8567
0.059,-58.739,-0.31409,-0.54554
0.0591,-58.289,-0.3218,-0.31533
0.0592,-57.643,-0.32771,-0.15145
0.0593,-56.817,-0.32993,-0.026865
0.0594,-55.919,-0.32971,0.08298
0.0595,-55.035,-0.32871,0.20887
0.0596,-54.198,-0.32677,0.36848
0.0597,-53.462,-0.32508,0.55497
0.0598,-52.836,-0.32656,0.75549
0.0599,-52.227,-0.33127,0.9553
0.06,-51.541,-0.3379,1.1215
0.0601,-50.74,-0.34599,1.221
0.0602,-49.772,-0.35427,1.2471
0.0603,-48.615,-0.36074,1.2176
0.0604,-47.355,-0.36619,1.1676
0.0605,-46.1,-0.37185,1.1481
0.0606,-44.902,-0.37702,1.1938
0.0607,-43.8,-0.38142,1.2973
0.0608,-42.796,-0.38593,1.4266
0.0609,-41.803,-0.38912,1.5456
0.061,-40.712,-0.3894,1.6106
0.0611,-39.46,-0.38768,1.5852
0.0612,-37.992,-0.38456,1.4618
0.0613,-36.283,-0.37855,1.2489
0.0614,-34.422,-0.37059,0.96447
0.0615,-32.541,-0.36349,0.65803
0.0616,-30.746,-0.35824,0.39345
0.0617,-29.131,-0.35508,0.20193
0.0618,-27.752,-0.35567,0.079243
0.0619,-26.538,-0.35937,0.0084921
0.062,-25.342,-0.3632,-0.040576
0.0621,-24.063,-0.36586,-0.10321
0.0622,-22.639,-0.36771,-0.19256
0.0623,-21.039,-0.36784,-0.29509
0.0624,-19.335,-0.3662,-0.38657
0.0625,-17.663,-0.36436,-0.44376
0.0626,-16.105,-0.36283,-0.46439
0.0627,-14.7,-0.36073,-0.46093
0.0628,-13.476,-0.3583,-0.44556
0.0629,-12.391,-0.35536,-0.42458
0.063,-11.319,-0.35008,-0.3992
0.0631,-10.153,-0.34111,-0.36947
0.0632,-8.8432,-0.3284,-0.33601
0.0633,-7.3733,-0.31168,-0.29824
0.0634,-5.8066,-0.29201,-0.25693
0.0635,-4.2801,-0.27235,-0.21519
0.0636,-2.9017,-0.25499,-0.17535
0.0637,-1.7132,-0.24035,-0.13743
0.0638,-0.72419,-0.22896,-0.10222
0.0639,0.10753,-0.22071,-0.070428
0.064,0.87798,-0.21406,-0.041514
0.0641,1.6568,-0.20789,-0.015318
0.0642,2.4662,-0.20227,0.0072886
0.0643,3.3294,-0.19635,0.027796
0.0644,4.2497,-0.18923,0.048768
0.0645,5.1742,-0.18145,0.070747
0.0646,6.0477,-0.17352,0.093006
0.0647,6.8504,-0.16465,0.11577
0.0648,7.5695,-0.15473,0.13831
0.0649,8.2166,-0.14393,0.15949
0.065,8.8508,-0.1311,0.17979
0.0651,9.5145,-0.11522,0.20025
0.0652,10.187,-0.097359,0.21989
0.0653,10.831,-0.0786,0.23769
0.0654,11.416,-0.05937,0.25364
0.0655,11.898,-0.040738,0.26747
0.0656,12.25,-0.023785,0.27867
0.0657,12.495,-0.0079171,0.28806
0.0658,12.659,0.007415,0.2958
0.0659,12.745,0.021684,0.30051
0.066,12.772,0.034714,0.30139
0.0661,12.768,0.046917,0.29929
0.0662,12.732,0.05773,0.29474
0.0663,12.657,0.066496,0.28853
0.0664,12.548,0.073425,0.28191
0.0665,12.389,0.078771,0.27497
0.0666,12.168,0.082673,0.26638
0.0667,11.91,0.086445,0.25604
0.0668,11.658,0.091716,0.24473
0.0669,11.429,0.099319,0.23259
0.067,11.228,0.10968,0.21956
0.0671,11.037,0.12282,0.20622
0.0672,10.806,0.13736,0.19219
0.0673,10.476,0.15162,0.17659
0.0674,10.028,0.16483,0.15943
0.0675,9.4551,0.17641,0.14093
0.0676,8.755,0.18567,0.12004
0.0677,7.9531,0.19303,0.095875
0.0678,7.0882,0.19935,0.068236
0.0679,6.1858,0.20476,0.037042
0.068,5.2731,0.20943,0.0028976
0.0681,4.3798,0.21401,-0.032091
0.0682,3.5033,0.21821,-0.066305
0.0683,2.6133,0.22099,-0.099598
0.0684,1.69,0.22206,-0.13226
0.0685,0.72366,0.22166,-0.16461
0.0686,-0.29171,0.21971,-0.1977
0.0687,-1.3373,0.21684,-0.23204
0.0688,-2.3803,0.21442,-0.26712
0.0689,-3.412,0.21314,-0.30267
0.069,-4.441,0.21291,-0.33894
0.0691,-5.4705,0.214,-0.37538
0.0692,-6.512,0.21637,-0.41124
0.0693,-7.5891,0.21933,-0.44652
0.0694,-8.7144,0.22247,-0.4816
0.0695,-9.8934,0.22573,-0.5168
0.0696,-11.139,0.22856,-0.55328
0.0697,-12.452,0.23048,-0.59221
0.0698,-13.809,0.23155,-0.63345
0.0699,-15.184,0.23178,-0.67591
0.07,-16.56,0.23081,-0.71859
0.0701,-17.92,0.22867,-0.76032
0.0702,-19.255,0.22552,-0.80034
0.0703,-20.574,0.2213,-0.83904
0.0704,-21.878,0.21645,-0.87743
0.0705,-23.157,0.21207,-0.91594
0.0706,-24.411,0.20904,-0.95501
0.0707,-25.645,0.2082,-0.99505
0.0708,-26.865,0.21093,-1.036
0.0709,-28.08,0.21888,-1.0773
0.071,-29.304,0.23482,-1.1184
0.0711,-30.543,0.2653,-1.1591
0.0712,-31.796,0.32473,-1.1991
0.0713,-33.081,0.44019,-1.2393
0.0714,-34.418,0.63395,-1.2821
0.0715,-35.802,0.86102,-1.3283
0.0716,-37.194,1.0354,-1.3763
0.0717,-38.539,1.123,-1.4235
0.0718,-39.795,1.1468,-1.4682
0.0719,-40.952,1.1481,-1.5088
0.072,-42.041,1.1682,-1.5446
0.0721,-43.116,1.2399,-1.5782
0.0722,-44.233,1.3728,-1.6135
0.0723,-45.418,1.5513,-1.6521
0.0724,-46.642,1.7459,-1.6931
0.0725,-47.834,1.9171,-1.7349
0.0726,-48.924,2.0201,-1.7749
0.0727,-49.852,2.0279,-1.8094
0.0728,-50.581,1.9463,-1.836
0.0729,-51.127,1.8064,-1.8542
0.073,-51.565,1.6589,-1.8653
0.0731,-51.996,1.5586,-1.8732
0.0732,-52.51,1.5332,-1.8838
0.0733,-53.158,1.57,-1.9006
0.0734,-53.909,1.6304,-1.9233
0.0735,-54.653,1.6642,-1.9481
0.0736,-55.261,1.6216,-1.9691
0.0737,-55.636,1.4776,-1.9801
0.0738,-55.727,1.2424,-1.9777
0.0739,-55.56,0.94748,-1.9627
0.074,-55.248,0.64249,-1.9395
0.0741,-54.941,0.38882,-1.9155
0.0742,-54.755,0.21533,-1.8976
0.0743,-54.746,0.10532,-1.8892
0.0744,-54.884,0.032461,-1.8883
0.0745,-55.056,-0.021639,-1.8909
0.0746,-55.119,-0.069891,-1.8909
0.0747,-54.967,-0.12033,-1.8813
0.0748,-54.557,-0.17318,-1.8578
0.0749,-53.934,-0.2235,-1.8212
0.075,-53.22,-0.26706,-1.775
0.0751,-52.553,-0.30234,-1.7215
0.0752,-52.019,-0.32888,-1.6578
0.0753,-51.653,-0.34712,-1.5651
0.0754,-51.441,-0.35931,-1.4008
0.0755,-51.302,-0.36807,-1.1413
0.0756,-51.119,-0.3744,-0.81623
0.0757,-50.781,-0.37902,-0.50844
0.0758,-50.212,-0.38315,-0.29543
0.0759,-49.381,-0.38665,-0.18376
0.076,-48.347,-0.38887,-0.13356
0.0761,-47.239,-0.39053,-0.099509
0.0762,-46.183,-0.39225,-0.040466
0.0763,-45.266,-0.39361,0.078812
0.0764,-44.526,-0.39508,0.27293
0.0765,-43.924,-0.39798,0.52787
0.0766,-43.353,-0.40263,0.81063
0.0767,-42.696,-0.40886,1.0735
0.0768,-41.863,-0.41667,1.258
0.0769,-40.789,-0.42517,1.3239
0.077,-39.46,-0.43289,1.2774
0.0771,-37.952,-0.43941,1.1655
0.0772,-36.393,-0.44468,1.0557
0.0773,-34.914,-0.44802,1.0124
0.0774,-33.61,-0.44936,1.0658
0.0775,-32.497,-0.44936,1.1961
0.0776,-31.483,-0.44789,1.3503
0.0777,-30.431,-0.44462,1.4663
0.0778,-29.217,-0.44023,1.486
0.0779,-27.747,-0.43524,1.3731
0.078,-25.994,-0.42948,1.13
0.0781,-24.032,-0.42357,0.79616
0.0782,-22.013,-0.41877,0.44246
0.0783,-20.101,-0.41558,0.15385
0.0784,-18.429,-0.41456,-0.027847
0.0785,-17.06,-0.41675,-0.11838
0.0786,-15.933,-0.42174,-0.14745
0.0787,-14.893,-0.42747,-0.141
0.0788,-13.769,-0.43249,-0.12783
0.0789,-12.434,-0.43598,-0.13798
0.079,-10.847,-0.43657,-0.18044
0.0791,-9.0847,-0.43363,-0.23246
0.0792,-7.3041,-0.42816,-0.26457
0.0793,-5.6512,-0.42134,-0.27133
0.0794,-4.2146,-0.41386,-0.26082
0.0795,-3.0229,-0.40657,-0.23983
0.0796,-2.0253,-0.39974,-0.21307
0.0797,-1.0967,-0.39226,-0.18321
0.0798,-0.09988,-0.38288,-0.15045
0.0799,1.0586,-0.37089,-0.11478
0.08,2.406,-0.35568,-0.077056
0.0801,3.8855,-0.3376,-0.038052
0.0802,5.3669,-0.3187,0.0013332
0.0803,6.7142,-0.30136,0.039295
0.0804,7.845,-0.28706,0.074823
0.0805,8.7415,-0.27684,0.10838
0.0806,9.4502,-0.2708,0.14019
0.0807,10.071,-0.26759,0.16952
0.0808,10.707,-0.26548,0.19598
0.0809,11.416,-0.2631,0.2192
0.081,12.212,-0.25897,0.23888
0.0811,13.07,-0.25198,0.25628
0.0812,13.944,-0.24242,0.274
0.0813,14.777,-0.23106,0.2935
0.0814,15.528,-0.21814,0.31496
0.0815,16.181,-0.20401,0.33835
0.0816,16.756,-0.18908,0.36294
0.0817,17.294,-0.17298,0.387
0.0818,17.829,-0.15514,0.40938
0.0819,18.364,-0.13597,0.42957
0.082,18.87,-0.11623,0.44663
0.0821,19.311,-0.096509,0.45992
0.0822,19.644,-0.07781,0.47016
0.0823,19.847,-0.061145,0.4782
0.0824,19.937,-0.046506,0.48443
0.0825,19.948,-0.033412,0.4893
0.0826,19.912,-0.021679,0.49275
0.0827,19.853,-0.010876,0.4934
0.0828,19.788,-0.00034263,0.4903
0.0829,19.709,0.0098618,0.48404
0.083,19.599,0.019175,0.47579
0.0831,19.44,0.027368,0.46655
0.0832,19.224,0.034331,0.45758
0.0833,18.949,0.040074,0.44934
0.0834,18.632,0.045493,0.44091
0.0835,18.307,0.052126,0.43134
0.0836,18.002,0.061102,0.42044
0.0837,17.724,0.073054,0.40777
0.0838,17.454,0.088122,0.39285
0.0839,17.145,0.10529,0.37599
0.084,16.744,0.12259,0.35778
0.0841,16.211,0.1383,0.3382
0.0842,15.531,0.15112,0.31721
0.0843,14.713,0.16012,0.29476
0.0844,13.791,0.16539,0.26997
0.0845,12.812,0.16804,0.24166
0.0846,11.819,0.16934,0.20953
0.0847,10.843,0.1704,0.17408
0.0848,9.903,0.17226,0.13656
0.0849,8.9981,0.17516,0.098955
0.085,8.1042,0.17832,0.063074
0.0851,7.1933,0.18089,0.029391
0.0852,6.2447,0.18237,-0.0025661
0.0853,5.2478,0.18238,-0.033728
0.0854,4.2075,0.18112,-0.065502
0.0855,3.1418,0.17963,-0.099119
0.0856,2.0671,0.17891,-0.13466
0.0857,0.9881,0.17945,-0.17164
0.0858,-0.098331,0.18158,-0.20953
0.0859,-1.2017,0.18528,-0.24738
0.086,-2.3363,0.18979,-0.28407
0.0861,-3.5149,0.19422,-0.31951
0.0862,-4.7454,0.19804,-0.35457
0.0863,-6.0326,0.20069,-0.39028
0.0864,-7.3738,0.2017,-0.42782
0.0865,-8.7548,0.20115,-0.46826
0.0866,-10.156,0.19937,-0.51141
0.0867,-11.558,0.19641,-0.55572
0.0868,-12.942,0.19231,-0.59944
0.0869,-14.294,0.1873,-0.64132
0.087,-15.611,0.18149,-0.68061
0.0871,-16.893,0.17515,-0.71778
0.0872,-18.141,0.16905,-0.75427
0.0873,-19.358,0.16413,-0.79146
0.0874,-20.554,0.16113,-0.83014
0.0875,-21.742,0.16087,-0.87065
0.0876,-22.931,0.16416,-0.91253
0.0877,-24.137,0.17187,-0.95452
0.0878,-25.364,0.18585,-0.99536
0.0879,-26.612,0.21043,-1.0344
0.088,-27.879,0.25433,-1.0717
0.0881,-29.167,0.33311,-1.1084
0.0882,-30.48,0.46049,-1.1472
0.0883,-31.811,0.61068,-1.1896
0.0884,-33.127,0.72172,-1.2344
0.0885,-34.38,0.76698,-1.2793
0.0886,-35.543,0.76876,-1.3225
0.0887,-36.623,0.76493,-1.3623
0.0888,-37.651,0.7904,-1.3978
0.0889,-38.671,0.87164,-1.431
0.089,-39.73,1.0166,-1.4656
0.0891,-40.843,1.2054,-1.5032
0.0892,-41.97,1.3954,-1.543
0.0893,-43.04,1.5334,-1.5833
0.0894,-43.986,1.5743,-1.6211
0.0895,-44.752,1.5042,-1.6526
0.0896,-45.314,1.3466,-1.6752
0.0897,-45.709,1.1509,-1.6889
0.0898,-46.024,0.97623,-1.6957
0.0899,-46.36,0.86888,-1.7
0.09,-46.796,0.84244,-1.7073
0.0901,-47.362,0.88024,-1.7208
0.0902,-48.006,0.94519,-1.7399
0.0903,-48.613,0.98429,-1.7606
0.0904,-49.058,0.94415,-1.7768
0.0905,-49.256,0.80262,-1.7827
0.0906,-49.177,0.58436,-1.7756
0.0907,-48.879,0.34665,-1.7573
0.0908,-48.49,0.14935,-1.7337
0.0909,-48.164,0.015385,-1.7123
0.091,-48.001,-0.069914,-1.6999
0.0911,-48.018,-0.12681,-1.6981
0.0912,-48.142,-0.16852,-1.7036
0.0913,-48.237,-0.20242,-1.7104
0.0914,-48.161,-0.23311,-1.7113
0.0915,-47.827,-0.2633,-1.6995
0.0916,-47.225,-0.29304,-1.6723
0.0917,-46.439,-0.32047,-1.6318
0.0918,-45.61,-0.3442,-1.5822
0.0919,-44.867,-0.36379,-1.5258
0.092,-44.29,-0.37871,-1.4584
0.0921,-43.894,-0.38899,-1.3598
0.0922,-43.631,-0.39596,-1.1935
0.0923,-43.4,-0.40146,-0.95178
0.0924,-43.083,-0.40649,-0.66678
0.0925,-42.585,-0.41172,-0.40687
0.0926,-41.854,-0.41764,-0.23245
0.0927,-40.897,-0.42364,-0.14463
0.0928,-39.792,-0.42881,-0.10365
0.0929,-38.66,-0.43304,-0.064333
0.093,-37.611,-0.43629,0.01198
0.0931,-36.714,-0.43837,0.15547
0.0932,-35.977,-0.4399,0.37592
0.0933,-35.335,-0.44186,0.65171
0.0934,-34.677,-0.44448,0.93674
0.0935,-33.896,-0.44774,1.1728
0.0936,-32.914,-0.45165,1.3028
0.0937,-31.693,-0.45574,1.2988
0.0938,-30.254,-0.45943,1.1817
0.0939,-28.687,-0.46256,1.0116
0.094,-27.12,-0.46489,0.86187
0.0941,-25.671,-0.46597,0.79297
0.0942,-24.414,-0.46601,0.82763
0.0943,-23.342,-0.46567,0.94343
0.0944,-22.358,-0.46498,1.0856
0.0945,-21.327,-0.46377,1.187
0.0946,-20.123,-0.46221,1.1871
0.0947,-18.665,-0.46019,1.0543
0.0948,-16.947,-0.45738,0.80351
0.0949,-15.065,-0.45423,0.49358
0.095,-13.179,-0.4516,0.20768
0.0951,-11.453,-0.44999,0.0031832
0.0952,-9.9893,-0.44997,-0.11616
0.0953,-8.798,-0.45187,-0.17129
0.0954,-7.785,-0.45474,-0.18652
0.0955,-6.7955,-0.45699,-0.18112
0.0956,-5.677,-0.45766,-0.17002
0.0957,-4.336,-0.45596,-0.1629
0.0958,-2.7779,-0.45089,-0.1591
0.0959,-1.1078,-0.44245,-0.15155
0.096,0.5244,-0.43206,-0.13653
0.0961,1.9906,-0.42132,-0.115
0.0962,3.2179,-0.41156,-0.088685
0.0963,4.207,-0.4037,-0.058668
0.0964,5.039,-0.39752,-0.026015
0.0965,5.8441,-0.39163,0.008355
0.0966,6.7442,-0.38457,0.044014
0.0967,7.8114,-0.37523,0.080368
0.0968,9.0455,-0.36306,0.11662
0.0969,10.37,-0.34857,0.15245
0.097,11.665,-0.33338,0.18777
0.0971,12.828,-0.3192,0.2222
0.0972,13.803,-0.30725,0.25558
0.0973,14.589,-0.29822,0.28803
0.0974,15.24,-0.29182,0.31919
0.0975,15.844,-0.28678,0.34817
0.0976,16.479,-0.28174,0.37415
0.0977,17.181,-0.27549,0.39647
0.0978,17.942,-0.26693,0.41504
0.0979,18.725,-0.25581,0.43111
0.098,19.476,-0.24294,0.44692
0.0981,20.15,-0.22914,0.46424
0.0982,20.73,-0.21464,0.48393
0.0983,21.221,-0.19957,0.50601
0.0984,21.656,-0.1839,0.52933
0.0985,22.069,-0.16718,0.55188
0.0986,22.479,-0.14933,0.57195
0.0987,22.874,-0.13095,0.58856
0.0988,23.231,-0.11278,0.60143
0.0989,23.52,-0.09535,0.61102
0.099,23.713,-0.079344,0.61834
0.0991,23.806,-0.065156,0.62407
0.0992,23.817,-0.052413,0.62842
0.0993,23.778,-0.04045,0.63136
0.0994,23.715,-0.028737,0.63236
0.0995,23.648,-0.016695,0.63038
0.0996,23.576,-0.004005,0.62487
0.0997,23.475,0.0088953,0.61625
0.0998,23.315,0.02114,0.60544
0.0999,23.074,0.032024,0.59367
0.1,22.749,0.041116,0.58226
0.1001,22.355,0.048556,0.57165
0.1002,21.921,0.055354,0.56102
0.1003,21.483,0.062901,0.54929
0.1004,21.065,0.07227,0.53564
0.1005,20.667,0.084059,0.51943
0.1006,20.269,0.098138,0.50065
0.1007,19.829,0.11335,0.48017
0.1008,19.307,0.12799,0.4589
0.1009,18.67,0.14052,0.43704
0.101,17.908,0.14983,0.41427
0.1011,17.031,0.15543,0.38989
0.1012,16.077,0.15794,0.36281
0.1013,15.087,0.1587,0.33216
0.1014,14.099,0.15911,0.2979
0.1015,13.134,0.16037,0.26076
0.1016,12.196,0.16322,0.222
0.1017,11.272,0.16746,0.1833
0.1018,10.337,0.17215,0.14608
0.1019,9.3677,0.17635,0.11094
0.102,8.3528,0.17937,0.077502
0.1021,7.2873,0.18081,0.044622
0.1022,6.1784,0.18093,0.010745
0.1023,5.0418,0.18054,-0.02512
0.1024,3.8916,0.18037,-0.062844
0.1025,2.7356,0.18084,-0.10152
0.1026,1.7647,0.18275,-0.13256
0.1027,1.7208,0.18755,-0.12596
0.1028,1.6753,0.1928,-0.11814
0.1029,1.6283,0.1985,-0.10741
0.103,1.5844,0.20256,-0.093324
0.1031,1.5438,0.20277,-0.077411
0.1032,1.5065,0.20197,-0.062366
0.1033,1.472,0.20232,-0.049175
0.1034,1.4443,0.20037,-0.036788
0.1035,1.423,0.19427,-0.023765
0.1036,1.4047,0.18743,-0.0099526
0.1037,1.3849,0.18137,0.0046485
0.1038,1.3641,0.17484,0.020224
0.1039,1.3423,0.16858,0.036695
0.104,1.3209,0.16203,0.052852
0.1041,1.3006,0.15555,0.067144
0.1042,1.2819,0.15055,0.078166
0.1043,1.2621,0.14848,0.086845
0.1044,1.2414,0.14804,0.094488
0.1045,1.2198,0.14772,0.10246
0.1046,1.1961,0.14761,0.11179
0.1047,1.1689,0.14798,0.12376
0.1048,1.1403,0.14746,0.13818
0.1049,1.1119,0.1455,0.15373
0.105,1.0856,0.14202,0.16861
0.1051,1.0621,0.1368,0.18208
0.1052,1.0425,0.13012,0.19338
0.1053,1.0262,0.12275,0.2027
0.1054,1.014,0.11351,0.2112
0.1055,1.005,0.10183,0.22059
0.1056,0.9971,0.089479,0.23128
0.1057,0.98837,0.077663,0.24353
0.1058,0.98105,0.064463,0.25683
0.1059,0.97643,0.049126,0.27011
0.106,0.97404,0.033067,0.28174
0.1061,0.97299,0.017336,0.29087
0.1062,0.97349,0.001898,0.29697
0.1063,0.97348,-0.012107,0.30078
0.1064,0.97141,-0.024254,0.30371
0.1065,0.96704,-0.035201,0.30727
0.1066,0.96073,-0.045008,0.31174
0.1067,0.95165,-0.052923,0.31745
0.1068,0.94121,-0.060049,0.32419
0.1069,0.9314,-0.067686,0.33129
0.107,0.92342,-0.075913,0.33765
0.1071,0.91725,-0.084733,0.34329
0.1072,0.91387,-0.095296,0.34848
0.1073,0.91308,-0.10766,0.35358
0.1074,0.91424,-0.1213,0.35879
0.1075,0.91674,-0.13602,0.36473
0.1076,0.92082,-0.15155,0.37105
0.1077,0.92626,-0.16686,0.37702
0.1078,0.93426,-0.18218,0.38168
0.1079,0.94549,-0.19784,0.38457
0.108,0.95916,-0.21289,0.38522
0.1081,0.97335,-0.22623,0.38407
0.1082,0.98767,-0.23844,0.38187
0.1083,1.0012,-0.24994,0.37976
0.1084,1.013,-0.26042,0.37843
0.1085,1.0226,-0.26983,0.37823
0.1086,1.0309,-0.27835,0.37844
0.1087,1.0381,-0.28519,0.37834
0.1088,1.0447,-0.29017,0.37731
0.1089,1.0517,-0.29395,0.3751
0.109,1.0598,-0.29686,0.37146
0.1091,1.0681,-0.29896,0.36721
0.1092,1.0768,-0.30147,0.36345
0.1093,1.086,-0.30527,0.36096
0.1094,1.0956,-0.3104,0.3598
0.1095,1.1057,-0.31706,0.36
0.1096,1.1181,-0.32597,0.36083
0.1097,1.1334,-0.33648,0.36111
0.1098,1.1517,-0.34754,0.35973
0.1099,1.1729,-0.35862,0.35648
0.11,1.196,-0.36896,0.35143
0.1101,1.2191,-0.37719,0.34512
0.1102,1.2411,-0.38335,0.3384
0.1103,1.2617,-0.3882,0.33215
0.1104,1.2803,-0.39165,0.32641
0.1105,1.2963,-0.39324,0.32089
0.1106,1.3107,-0.39355,0.3148
0.1107,1.3241,-0.39294,0.30749
0.1108,1.3367,-0.39122,0.29849
0.1109,1.3486,-0.38858,0.28806
0.111,1.3602,-0.38561,0.2767
0.1111,1.3711,-0.38221,0.26518
0.1112,1.3809,-0.3784,0.25413
0.1113,1.39,-0.37479,0.24392
0.1114,1.3993,-0.3718,0.23419
0.1115,1.4093,-0.36952,0.22448
0.1116,1.4212,-0.36843,0.21418
0.1117,1.4354,-0.36868,0.20288
0.1118,1.4518,-0.3698,0.19028
0.1119,1.4695,-0.37145,0.17683
0.112,1.4881,-0.37363,0.16305
0.1121,1.5066,-0.37587,0.14949
0.1122,1.5243,-0.37768,0.13637
0.1123,1.541,-0.37893,0.12368
0.1124,1.5566,-0.3791,0.11087
0.1125,1.5706,-0.37724,0.097414
0.1126,1.583,-0.37326,0.082938
0.1127,1.594,-0.36753,0.067504
0.1128,1.6033,-0.36002,0.051427
0.1129,1.6102,-0.35081,0.035554
0.113,1.615,-0.34064,0.020668
0.1131,1.6176,-0.32996,0.0073282
0.1132,1.6184,-0.31891,-0.0043347
0.1133,1.6182,-0.30811,-0.014445
0.1134,1.6185,-0.29827,-0.023742
0.1135,1.62,-0.28931,-0.033041
0.1136,1.6231,-0.28107,-0.042898
0.1137,1.6278,-0.27367,-0.053411
0.1138,1.6339,-0.26683,-0.064562
0.1139,1.6405,-0.26003,-0.075907
0.114,1.6473,-0.25328,-0.086895
0.1141,1.6541,-0.24656,-0.097175
0.1142,1.6605,-0.2393,-0.10687
0.1143,1.6663,-0.23115,-0.11614
0.1144,1.6717,-0.22213,-0.1253
0.1145,1.6767,-0.212,-0.13465
0.1146,1.6808,-0.20049,-0.14435
0.1147,1.6839,-0.18774,-0.15416
0.1148,1.686,-0.17379,-0.16379
0.1149,1.6865,-0.15837,-0.17281
0.115,1.6857,-0.14159,-0.18094
0.1151,1.6847,-0.12397,-0.18801
0.1152,1.6849,-0.1059,-0.19413
0.1153,1.6878,-0.08779,-0.19942
0.1154,1.6956,-0.070388,-0.20412
0.1155,1.7095,-0.05417,-0.20837
0.1156,1.7299,-0.03933,-0.21211
0.1157,1.7562,-0.02622,-0.21508
0.1158,1.7865,-0.015093,-0.21723
0.1159,1.8169,-0.0056996,-0.21861
0.116,1.8437,0.0022981,-0.21944
0.1161,1.8638,0.0092451,-0.22012
0.1162,1.875,0.015878,-0.22127
0.1163,1.8766,0.022975,-0.22323
0.1164,1.8693,0.030787,-0.22605
0.1165,1.8533,0.039454,-0.2295
0.1166,1.829,0.049271,-0.23321
0.1167,1.7983,0.060181,-0.2365
0.1168,1.7637,0.071844,-0.23884
0.1169,1.7267,0.084211,-0.24
0.117,1.6889,0.097232,-0.24005
0.1171,1.6512,0.11046,-0.2392
0.1172,1.6132,0.12358,-0.23795
0.1173,1.5737,0.13669,-0.23667
0.1174,1.5313,0.1496,-0.23549
0.1175,1.4851,0.16186,-0.23428
0.1176,1.4345,0.17321,-0.23275
0.1177,1.3807,0.18333,-0.23051
0.1178,1.3263,0.19162,-0.22725
0.1179,1.2742,0.19777,-0.22297
0.118,1.2266,0.20191,-0.21794
0.1181,1.1846,0.20424,-0.21247
0.1182,1.1484,0.20506,-0.207
0.1183,1.1172,0.20503,-0.20184
0.1184,1.0898,0.20479,-0.19705
0.1185,1.0649,0.20476,-0.19247
0.1186,1.0414,0.20548,-0.18785
0.1187,1.0178,0.20743,-0.18292
0.1188,0.99359,0.21066,-0.17746
0.1189,0.96844,0.21502,-0.17144
0.119,0.9423,0.22038,-0.16493
0.1191,0.91543,0.22638,-0.15803
0.1192,0.88828,0.23252,-0.15081
0.1193,0.86106,0.23854,-0.14324
0.1194,0.8339,0.24415,-0.13513
0.1195,0.80715,0.24889,-0.12618
0.1196,0.78116,0.2524,-0.1162
0.1197,0.75617,0.25456,-0.10508
0.1198,0.73258,0.25522,-0.092902
0.1199,0.71091,0.25427,-0.079955
0.12,0.69134,0.2519,-0.066678
0.1201,0.67391,0.24831,-0.053397
0.1202,0.65862,0.24355,-0.040309
0.1203,0.6452,0.2378,-0.027457
0.1204,0.63298,0.23146,-0.014723
0.1205,0.62141,0.22479,-0.0018623
0.1206,0.61003,0.21805,0.011232
0.1207,0.59839,0.21172,0.02451
0.1208,0.58622,0.20613,0.037805
0.1209,0.5736,0.20134,0.050888
0.121,0.56054,0.19752,0.06347
0.1211,0.54693,0.19481,0.075422
0.1212,0.53275,0.19303,0.086842
0.1213,0.51808,0.19184,0.097992
0.1214,0.50291,0.19095,0.10918
0.1215,0.4875,0.18987,0.12075
0.1216,0.47238,0.188,0.13285
0.1217,0.4581,0.18492,0.14545
0.1218,0.44515,0.1804,0.15832
0.1219,0.43413,0.17412,0.17114
0.122,0.42545,0.16594,0.18358
0.1221,0.41917,0.1559,0.19541
0.1222,0.41516,0.14412,0.20654
0.1223,0.41312,0.13077,0.21699
0.1224,0.41254,0.11632,0.22683
0.1225,0.41287,0.10124,0.23618
