0.05,0.11174,0.41371,-0.45579
0.0501,0.13131,0.40074,-0.4629
0.0502,0.15072,0.38695,-0.46948
0.0503,0.16986,0.37243,-0.47548
0.0504,0.1886,0.35724,-0.48084
0.0505,0.20684,0.34147,-0.48551
0.0506,0.22447,0.3252,-0.48944
0.0507,0.24144,0.30851,-0.4926
0.0508,0.25771,0.29145,-0.49495
0.0509,0.27328,0.27406,-0.4965
0.051,0.28821,0.25636,-0.49725
0.0511,0.30256,0.23836,-0.49725
0.0512,0.31642,0.22008,-0.49655
0.0513,0.32988,0.20153,-0.49522
0.0514,0.34304,0.18273,-0.49332
0.0515,0.35599,0.1637,-0.49091
0.0516,0.36876,0.14445,-0.48802
0.0517,0.38137,0.12502,-0.48466
0.0518,0.39382,0.10542,-0.48084
0.0519,0.40608,0.085702,-0.47652
0.052,0.41808,0.065903,-0.47167
0.0521,0.42977,0.046079,-0.46622
0.0522,0.44105,0.026295,-0.4601
0.0523,0.45181,0.0066241,-0.45322
0.0524,0.46195,-0.012863,-0.44551
0.0525,0.47138,-0.032115,-0.43688
0.0526,0.47999,-0.051091,-0.42723
0.0527,0.48773,-0.069772,-0.41652
0.0528,0.42326,-3.794,-0.65393
0.0529,0.40129,-5.2234,-0.73285
0.053,0.38544,-6.1277,-0.77674
0.0531,0.37418,-7.1389,-0.83603
0.0532,0.38322,-7.8494,-0.88071
0.0533,0.38755,-8.3342,-0.90226
0.0534,0.36749,-9.2104,-0.9439
0.0535,0.35156,-10.455,-1.0158
0.0536,0.34894,-11.948,-1.1135
0.0537,0.33091,-13.556,-1.2121
0.0538,0.30292,-15.024,-1.2951
0.0539,0.28555,-16.181,-1.3576
0.054,0.2721,-17.201,-1.412
0.0541,0.26264,-18.089,-1.4581
0.0542,0.26651,-18.761,-1.4938
0.0543,0.26859,-19.61,-1.5395
0.0544,0.24937,-21.049,-1.6186
0.0545,0.2226,-22.899,-1.7229
0.0546,0.20089,-24.856,-1.8359
0.0547,0.18083,-26.751,-1.9423
0.0548,0.17381,-28.307,-2.0271
0.0549,0.20302,-29.386,-2.0845
0.055,0.26993,-30.269,-2.1311
0.0551,0.38354,-31.163,-2.1791
0.0552,0.55369,-31.955,-2.2273
0.0553,0.7244,-32.681,-2.2742
0.0554,0.82497,-33.576,-2.3298
0.0555,0.86002,-34.646,-2.3963
0.0556,0.84704,-35.746,-2.4657
0.0557,0.79206,-36.819,-2.5246
0.0558,0.73866,-37.768,-2.569
0.0559,0.73225,-38.507,-2.6035
0.056,0.75436,-39.165,-2.6371
0.0561,0.77654,-39.893,-2.6714
0.0562,0.79373,-40.707,-2.7106
0.0563,0.77774,-41.676,-2.7611
0.0564,0.69725,-42.821,-2.8185
0.0565,0.58673,-43.849,-2.8655
0.0566,0.46853,-44.533,-2.892
0.0567,0.33297,-44.984,-2.9012
0.0568,0.1988,-45.298,-2.8972
0.0569,0.1052,-45.413,-2.8813
0.057,0.042025,-45.417,-2.8643
0.0571,-0.019554,-45.486,-2.8528
0.0572,-0.085575,-45.576,-2.8455
0.0573,-0.1643,-45.64,-2.8411
0.0574,-0.27338,-45.802,-2.8423
0.0575,-0.39193,-46.035,-2.8428
0.0576,-0.49147,-46.129,-2.834
0.0577,-0.56829,-46.041,-2.8134
0.0578,-0.62925,-45.887,-2.7877
0.0579,-0.67157,-45.7,-2.762
0.058,-0.69958,-45.541,-2.7431
0.0581,-0.7273,-45.528,-2.7316
0.0582,-0.75931,-45.62,-2.7236
0.0583,-0.78693,-45.68,-2.7136
0.0584,-0.8129,-45.662,-2.6973
0.0585,-0.84079,-45.52,-2.6656
0.0586,-0.8643,-45.159,-2.6144
0.0587,-0.8798,-44.629,-2.5462
0.0588,-0.8936,-44.043,-2.4627
0.0589,-0.90197,-43.365,-2.3533
0.059,-0.90079,-42.592,-2.2053
0.0591,-0.89739,-41.892,-2.0087
0.0592,-0.89911,-41.342,-1.7714
0.0593,-0.90117,-40.854,-1.5241
0.0594,-0.90497,-40.398,-1.3101
0.0595,-0.91337,-39.959,-1.1426
0.0596,-0.91924,-39.4,-1.0079
0.0597,-0.91568,-38.669,-0.90208
0.0598,-0.91016,-37.886,-0.82506
0.0599,-0.9052,-37.111,-0.7558
0.06,-0.89742,-36.313,-0.67849
0.0601,-0.89024,-35.522,-0.59219
0.0602,-0.88944,-34.753,-0.49322
0.0603,-0.88841,-33.923,-0.37969
0.0604,-0.88436,-32.996,-0.27212
0.0605,-0.88191,-32.001,-0.1871
0.0606,-0.88036,-30.896,-0.12384
0.0607,-0.87173,-29.636,-0.080656
0.0608,-0.8594,-28.286,-0.063569
0.0609,-0.84798,-26.908,-0.060679
0.061,-0.83573,-25.521,-0.060211
0.0611,-0.82363,-24.213,-0.069962
0.0612,-0.81836,-23.048,-0.093002
0.0613,-0.8164,-21.932,-0.12005
0.0614,-0.81149,-20.771,-0.15718
0.0615,-0.80366,-19.576,-0.21555
0.0616,-0.79292,-18.315,-0.28682
0.0617,-0.77444,-16.94,-0.35558
0.0618,-0.75176,-15.517,-0.41238
0.0619,-0.73041,-14.131,-0.44313
0.062,-0.70915,-12.759,-0.44032
0.0621,-0.68692,-11.402,-0.41209
0.0622,-0.66916,-10.124,-0.37048
0.0623,-0.65483,-8.9125,-0.32047
0.0624,-0.63779,-7.6788,-0.26375
0.0625,-0.61923,-6.4301,-0.20218
0.0626,-0.60046,-5.1616,-0.13781
0.0627,-0.57575,-3.8332,-0.07125
0.0628,-0.54619,-2.4853,-0.0055277
0.0629,-0.51867,-1.2084,0.057168
0.063,-0.49438,-0.014978,0.11699
0.0631,-0.47044,1.1024,0.1749
0.0632,-0.45021,2.1173,0.23
0.0633,-0.43311,3.0723,0.28442
0.0634,-0.41314,4.0548,0.33991
0.0635,-0.38884,5.0651,0.39526
0.0636,-0.36386,6.0788,0.44878
0.0637,-0.33605,7.1333,0.50226
0.0638,-0.30465,8.2271,0.55548
0.0639,-0.27399,9.2886,0.60675
0.064,-0.24614,10.298,0.65574
0.0641,-0.21828,11.268,0.70336
0.0642,-0.19235,12.162,0.74772
0.0643,-0.16951,12.96,0.78832
0.0644,-0.14588,13.723,0.82657
0.0645,-0.11887,14.479,0.86301
0.0646,-0.091336,15.202,0.89605
0.0647,-0.062941,15.895,0.92602
0.0648,-0.033295,16.56,0.9533
0.0649,-0.0056992,17.153,0.97767
0.065,0.01798,17.661,0.99928
0.0651,0.041518,18.12,1.0196
0.0652,0.065669,18.535,1.0381
0.0653,0.089655,18.903,1.0542
0.0654,0.11563,19.257,1.0681
0.0655,0.14529,19.609,1.08
0.0656,0.17517,19.931,1.0891
0.0657,0.20436,20.228,1.0963
0.0658,0.23373,20.511,1.1021
0.0659,0.26126,20.739,1.1053
0.066,0.28387,20.878,1.1047
0.0661,0.30397,20.946,1.1003
0.0662,0.32325,20.952,1.0916
0.0663,0.34081,20.885,1.0782
0.0664,0.35792,20.773,1.0609
0.0665,0.37721,20.645,1.0406
0.0666,0.39621,20.471,1.0166
0.0667,0.41242,20.231,0.98951
0.0668,0.42666,19.945,0.96108
0.0669,0.43916,19.61,0.93177
0.067,0.44816,19.211,0.9007
0.0671,0.45569,18.769,0.8681
0.0672,0.46436,18.309,0.83363
0.0673,0.4735,17.821,0.79632
0.0674,0.48258,17.308,0.75613
0.0675,0.4935,16.793,0.71429
0.0676,0.50515,16.262,0.67069
0.0677,0.51496,15.689,0.62514
0.0678,0.52264,15.07,0.57763
0.0679,0.52841,14.392,0.52754
0.068,0.53055,13.63,0.4735
0.0681,0.52984,12.8,0.41585
0.0682,0.52857,11.933,0.35521
0.0683,0.52694,11.031,0.29165
0.0684,0.52413,10.099,0.22567
0.0685,0.52132,9.1583,0.15916
0.0686,0.51787,8.203,0.092969
0.0687,0.51212,7.2142,0.027505
0.0688,0.50456,6.202,-0.036519
0.0689,0.4967,5.1756,-0.099001
0.069,0.48771,4.1186,-0.16152
0.0691,0.4779,3.031,-0.2248
0.0692,0.46897,1.9354,-0.28865
0.0693,0.46081,0.83434,-0.35284
0.0694,0.45198,-0.27714,-0.41728
0.0695,0.44321,-1.3858,-0.48103
0.0696,0.43435,-2.4938,-0.54405
0.0697,0.42345,-3.6274,-0.60707
0.0698,0.41006,-4.7945,-0.67083
0.0699,0.39584,-5.9873,-0.7357
0.07,0.38064,-7.2103,-0.80251
0.0701,0.36431,-8.4593,-0.87132
0.0702,0.34827,-9.7108,-0.94165
0.0703,0.33298,-10.958,-1.013
0.0704,0.31672,-12.208,-1.0848
0.0705,0.29942,-13.449,-1.1555
0.0706,0.28181,-14.672,-1.2243
0.0707,0.26346,-15.887,-1.2913
0.0708,0.24424,-17.097,-1.3568
0.0709,0.22597,-18.29,-1.4209
0.071,0.20941,-19.471,-1.4847
0.0711,0.1946,-20.646,-1.5486
0.0712,0.18283,-21.8,-1.6119
0.0713,0.17568,-22.927,-1.674
0.0714,0.17344,-24.039,-1.7348
0.0715,0.17808,-25.142,-1.7943
0.0716,0.19404,-26.238,-1.8527
0.0717,0.22721,-27.343,-1.911
0.0718,0.28448,-28.466,-1.9706
0.0719,0.36862,-29.599,-2.0322
0.072,0.46511,-30.732,-2.0959
0.0721,0.54607,-31.853,-2.1605
0.0722,0.59138,-32.933,-2.2236
0.0723,0.5979,-33.943,-2.2825
0.0724,0.57451,-34.882,-2.3358
0.0725,0.53722,-35.755,-2.3828
0.0726,0.50126,-36.57,-2.4245
0.0727,0.474,-37.355,-2.4632
0.0728,0.45607,-38.132,-2.5009
0.0729,0.44527,-38.893,-2.5377
0.073,0.43403,-39.619,-2.5728
0.0731,0.41019,-40.29,-2.6042
0.0732,0.36367,-40.878,-2.6295
0.0733,0.29036,-41.361,-2.6465
0.0734,0.19249,-41.745,-2.655
0.0735,0.08112,-42.061,-2.6562
0.0736,-0.028881,-42.333,-2.6527
0.0737,-0.12873,-42.597,-2.6482
0.0738,-0.21756,-42.879,-2.646
0.0739,-0.29694,-43.175,-2.6469
0.074,-0.36903,-43.452,-2.6495
0.0741,-0.43596,-43.681,-2.6514
0.0742,-0.49814,-43.83,-2.6492
0.0743,-0.55402,-43.873,-2.6404
0.0744,-0.60286,-43.812,-2.6248
0.0745,-0.64507,-43.674,-2.604
0.0746,-0.68103,-43.491,-2.5805
0.0747,-0.71133,-43.295,-2.5572
0.0748,-0.73768,-43.115,-2.5359
0.0749,-0.76131,-42.951,-2.5159
0.075,-0.78247,-42.779,-2.495
0.0751,-0.80148,-42.571,-2.4698
0.0752,-0.81899,-42.301,-2.4365
0.0753,-0.83483,-41.948,-2.3918
0.0754,-0.84899,-41.511,-2.3339
0.0755,-0.8619,-41.014,-2.2617
0.0756,-0.87342,-40.477,-2.1729
0.0757,-0.88282,-39.919,-2.0618
0.0758,-0.89027,-39.363,-1.9199
0.0759,-0.89616,-38.821,-1.7417
0.076,-0.9005,-38.285,-1.5325
0.0761,-0.90337,-37.741,-1.3093
0.0762,-0.90509,-37.167,-1.0971
0.0763,-0.90519,-36.532,-0.9164
0.0764,-0.90323,-35.813,-0.7765
0.0765,-0.89967,-35.01,-0.6744
0.0766,-0.89516,-34.138,-0.5982
0.0767,-0.88967,-33.218,-0.5329
0.0768,-0.88361,-32.275,-0.46582
0.0769,-0.87761,-31.329,-0.38808
0.077,-0.8716,-30.379,-0.2963
0.0771,-0.86531,-29.416,-0.19514
0.0772,-0.85904,-28.429,-0.096777
0.0773,-0.85267,-27.396,-0.016758
0.0774,-0.84569,-26.292,0.03034
0.0775,-0.83811,-25.109,0.037376
0.0776,-0.83038,-23.853,0.009845
0.0777,-0.8225,-22.546,-0.037091
0.0778,-0.8147,-21.222,-0.087858
0.0779,-0.8074,-19.918,-0.13205
0.078,-0.80033,-18.645,-0.16573
0.0781,-0.79246,-17.394,-0.19062
0.0782,-0.78314,-16.146,-0.21118
0.0783,-0.77175,-14.873,-0.23064
0.0784,-0.7576,-13.553,-0.24908
0.0785,-0.74051,-12.181,-0.26213
0.0786,-0.721,-10.776,-0.26183
0.0787,-0.69953,-9.3643,-0.24327
0.0788,-0.67698,-7.9759,-0.20905
0.0789,-0.65456,-6.6421,-0.16485
0.079,-0.63304,-5.3775,-0.11512
0.0791,-0.61228,-4.1754,-0.062155
0.0792,-0.59198,-3.0145,-0.0068448
0.0793,-0.5716,-1.8656,0.050648
0.0794,-0.55023,-0.70021,0.11009
0.0795,-0.52742,0.49168,0.17081
0.0796,-0.50358,1.6997,0.23183
0.0797,-0.47911,2.9055,0.29261
0.0798,-0.45433,4.0889,0.35294
0.0799,-0.42981,5.2309,0.41283
0.08,-0.40604,6.3242,0.4723
0.0801,-0.38282,7.3759,0.53126
0.0802,-0.36004,8.3973,0.58917
0.0803,-0.33748,9.4007,0.64543
0.0804,-0.3145,10.4,0.69957
0.0805,-0.29035,11.401,0.75129
0.0806,-0.26502,12.394,0.80015
0.0807,-0.23877,13.364,0.84594
0.0808,-0.21178,14.295,0.88868
0.0809,-0.1845,15.169,0.92859
0.081,-0.15728,15.98,0.96608
0.0811,-0.12991,16.734,1.0017
0.0812,-0.10209,17.443,1.0357
0.0813,-0.073948,18.113,1.0675
0.0814,-0.045659,18.747,1.0968
0.0815,-0.017304,19.348,1.1231
0.0816,0.010787,19.911,1.1466
0.0817,0.038408,20.431,1.1678
0.0818,0.065692,20.909,1.1873
0.0819,0.092737,21.344,1.2055
0.082,0.11942,21.735,1.2222
0.0821,0.14586,22.088,1.2371
0.0822,0.17225,22.406,1.2496
0.0823,0.19852,22.688,1.2594
0.0824,0.22445,22.933,1.2659
0.0825,0.24986,23.134,1.2689
0.0826,0.27421,23.283,1.268
0.0827,0.29704,23.369,1.2633
0.0828,0.31833,23.392,1.2549
0.0829,0.3384,23.359,1.2433
0.083,0.35752,23.277,1.2287
0.0831,0.37613,23.155,1.2112
0.0832,0.3946,22.999,1.1907
0.0833,0.41285,22.808,1.1671
0.0834,0.43057,22.577,1.1404
0.0835,0.44753,22.302,1.1113
0.0836,0.46329,21.976,1.0802
0.0837,0.47729,21.596,1.0477
0.0838,0.48923,21.16,1.0137
0.0839,0.49915,20.675,0.97793
0.084,0.50718,20.145,0.93993
0.0841,0.51375,19.58,0.89934
0.0842,0.51954,18.989,0.85603
0.0843,0.52498,18.374,0.80995
0.0844,0.53009,17.731,0.76115
0.0845,0.53477,17.053,0.70982
0.0846,0.53878,16.335,0.65615
0.0847,0.5417,15.57,0.6003
0.0848,0.54328,14.759,0.5424
0.0849,0.54351,13.907,0.48247
0.085,0.54241,13.018,0.42039
0.0851,0.54003,12.098,0.35618
0.0852,0.53671,11.153,0.29033
0.0853,0.53278,10.188,0.22368
0.0854,0.52835,9.2023,0.15715
0.0855,0.52351,8.1971,0.09153
0.0856,0.51819,7.1699,0.02711
0.0857,0.51207,6.1167,-0.036353
0.0858,0.50486,5.0355,-0.099388
0.0859,0.49647,3.9277,-0.16251
0.086,0.48684,2.7961,-0.22612
0.0861,0.47596,1.6438,-0.29041
0.0862,0.46396,0.47509,-0.35533
0.0863,0.45096,-0.70727,-0.42069
0.0864,0.43697,-1.9019,-0.48627
0.0865,0.4221,-3.1062,-0.55183
0.0866,0.40662,-4.3162,-0.61726
0.0867,0.39072,-5.5292,-0.68269
0.0868,0.37451,-6.743,-0.74848
0.0869,0.35819,-7.9556,-0.81501
0.087,0.34186,-9.1667,-0.8826
0.0871,0.32545,-10.377,-0.95125
0.0872,0.30898,-11.587,-1.0205
0.0873,0.2925,-12.794,-1.0897
0.0874,0.27591,-14.001,-1.158
0.0875,0.25918,-15.206,-1.2252
0.0876,0.24244,-16.406,-1.2908
0.0877,0.226,-17.599,-1.3553
0.0878,0.21014,-18.779,-1.4185
0.0879,0.19577,-19.948,-1.4814
0.088,0.18343,-21.099,-1.5434
0.0881,0.174,-22.234,-1.6047
0.0882,0.1687,-23.355,-1.6651
0.0883,0.16962,-24.464,-1.7244
0.0884,0.18,-25.562,-1.7826
0.0885,0.20495,-26.652,-1.8399
0.0886,0.25051,-27.735,-1.8971
0.0887,0.31864,-28.812,-1.955
0.0888,0.39805,-29.881,-2.0142
0.0889,0.46523,-30.927,-2.0734
0.089,0.49877,-31.928,-2.1311
0.0891,0.49115,-32.863,-2.1852
0.0892,0.45026,-33.723,-2.2338
0.0893,0.39241,-34.513,-2.2764
0.0894,0.33274,-35.248,-2.3139
0.0895,0.28036,-35.952,-2.3479
0.0896,0.23875,-36.641,-2.3799
0.0897,0.20655,-37.318,-2.4106
0.0898,0.17802,-37.97,-2.4398
0.0899,0.14485,-38.578,-2.4656
0.09,0.098534,-39.115,-2.4864
0.0901,0.033609,-39.562,-2.5004
0.0902,-0.048108,-39.916,-2.5069
0.0903,-0.13758,-40.188,-2.5063
0.0904,-0.22463,-40.405,-2.5009
0.0905,-0.30335,-40.601,-2.4941
0.0906,-0.37245,-40.8,-2.4886
0.0907,-0.43319,-41.007,-2.486
0.0908,-0.48733,-41.205,-2.4858
0.0909,-0.53608,-41.364,-2.4857
0.091,-0.57989,-41.451,-2.4826
0.0911,-0.61885,-41.445,-2.4742
0.0912,-0.65298,-41.34,-2.4596
0.0913,-0.68251,-41.151,-2.4392
0.0914,-0.70799,-40.906,-2.4151
0.0915,-0.73022,-40.639,-2.3897
0.0916,-0.75017,-40.373,-2.3644
0.0917,-0.76874,-40.119,-2.3393
0.0918,-0.78639,-39.865,-2.3128
0.0919,-0.80316,-39.587,-2.2818
0.092,-0.81887,-39.258,-2.2424
0.0921,-0.83333,-38.855,-2.1911
0.0922,-0.84637,-38.372,-2.1248
0.0923,-0.85793,-37.819,-2.0406
0.0924,-0.86796,-37.215,-1.9345
0.0925,-0.87637,-36.585,-1.8015
0.0926,-0.8831,-35.95,-1.6385
0.0927,-0.88829,-35.321,-1.4495
0.0928,-0.89198,-34.697,-1.2442
0.0929,-0.89402,-34.064,-1.0369
0.093,-0.89416,-33.401,-0.84561
0.0931,-0.89223,-32.68,-0.68534
0.0932,-0.88824,-31.881,-0.5621
0.0933,-0.88248,-31,-0.47263
0.0934,-0.87557,-30.051,-0.40829
0.0935,-0.86815,-29.054,-0.35746
0.0936,-0.86069,-28.033,-0.30865
0.0937,-0.8535,-27.003,-0.25383
0.0938,-0.84661,-25.968,-0.18987
0.0939,-0.83985,-24.921,-0.11834
0.094,-0.83299,-23.848,-0.046825
0.0941,-0.82599,-22.733,0.012108
0.0942,-0.8188,-21.561,0.046574
0.0943,-0.81144,-20.325,0.05118
0.0944,-0.80403,-19.033,0.02852
0.0945,-0.79679,-17.705,-0.011942
0.0946,-0.78974,-16.369,-0.058244
0.0947,-0.78268,-15.047,-0.10138
0.0948,-0.77515,-13.751,-0.13698
0.0949,-0.76638,-12.474,-0.16308
0.095,-0.75546,-11.197,-0.17859
0.0951,-0.74175,-9.9,-0.18247
0.0952,-0.72495,-8.5708,-0.17345
0.0953,-0.70512,-7.2087,-0.15086
0.0954,-0.68276,-5.8277,-0.11609
0.0955,-0.6588,-4.4508,-0.072225
0.0956,-0.63418,-3.103,-0.022593
0.0957,-0.60977,-1.8049,0.030386
0.0958,-0.58619,-0.56672,0.085201
0.0959,-0.56365,0.61583,0.14123
0.096,-0.54187,1.7602,0.19854
0.0961,-0.52046,2.8896,0.25738
0.0962,-0.49902,4.0232,0.31745
0.0963,-0.47727,5.1695,0.37813
0.0964,-0.45511,6.3238,0.4388
0.0965,-0.43267,7.4721,0.49895
0.0966,-0.4101,8.5978,0.55828
0.0967,-0.38748,9.6887,0.6169
0.0968,-0.36486,10.74,0.6749
0.0969,-0.34223,11.753,0.732
0.097,-0.31939,12.738,0.78773
0.0971,-0.29606,13.704,0.84166
0.0972,-0.27193,14.658,0.89318
0.0973,-0.24676,15.602,0.94178
0.0974,-0.22047,16.531,0.98717
0.0975,-0.19326,17.431,1.0293
0.0976,-0.16543,18.288,1.0681
0.0977,-0.13724,19.09,1.1041
0.0978,-0.10881,19.832,1.138
0.0979,-0.080152,20.516,1.17
0.098,-0.051227,21.147,1.2003
0.0981,-0.022144,21.732,1.2286
0.0982,0.0068001,22.275,1.2545
0.0983,0.035242,22.777,1.2776
0.0984,0.062981,23.239,1.2979
0.0985,0.089976,23.661,1.3161
0.0986,0.11633,24.045,1.3325
0.0987,0.14226,24.392,1.3475
0.0988,0.16798,24.704,1.3609
0.0989,0.19365,24.983,1.3725
0.099,0.21936,25.228,1.3816
0.0991,0.24512,25.439,1.3876
0.0992,0.27071,25.609,1.3902
0.0993,0.29576,25.732,1.3889
0.0994,0.3199,25.8,1.3835
0.0995,0.34288,25.807,1.374
0.0996,0.36459,25.754,1.361
0.0997,0.38515,25.644,1.3447
0.0998,0.40478,25.485,1.3256
0.0999,0.42362,25.282,1.3038
0.1,0.44172,25.041,1.2791
0.1001,0.45901,24.76,1.2515
0.1002,0.47529,24.437,1.221
0.1003,0.49027,24.067,1.1881
0.1004,0.50366,23.648,1.1533
0.1005,0.5152,23.179,1.117
0.1006,0.52473,22.662,1.0794
0.1007,0.53228,22.102,1.0401
0.1008,0.5382,21.506,0.99886
0.1009,0.54292,20.882,0.95538
0.101,0.54694,20.236,0.90928
0.1011,0.55063,19.566,0.86036
0.1012,0.5542,18.87,0.80861
0.1013,0.55756,18.141,0.75409
0.1014,0.56055,17.371,0.69694
0.1015,0.56289,16.558,0.63746
0.1016,0.56431,15.7,0.5759
0.1017,0.56454,14.8,0.51238
0.1018,0.56344,13.863,0.44697
0.1019,0.56098,12.893,0.38002
0.102,0.55729,11.897,0.3121
0.1021,0.55252,10.877,0.24404
0.1022,0.54689,9.8379,0.17678
0.1023,0.54046,8.7786,0.11097
0.1024,0.5332,7.6987,0.046695
0.1025,0.52502,6.5973,-0.016298
0.1026,0.51579,5.4745,-0.078501
0.1027,0.5054,4.3314,-0.14051
0.1028,0.49385,3.1707,-0.20284
0.1029,0.48119,1.995,-0.26579
0.103,0.4675,0.80657,-0.3295
0.1031,0.46772,0.38911,-0.34088
0.1032,0.47491,0.3558,-0.32725
0.1033,0.48277,0.32222,-0.31442
0.1034,0.48977,0.292,-0.29941
0.1035,0.49228,0.26526,-0.28092
0.1036,0.49221,0.2408,-0.2613
0.1037,0.4943,0.21724,-0.24299
0.1038,0.49617,0.19676,-0.22458
0.1039,0.49288,0.1812,-0.20357
0.104,0.48677,0.16932,-0.18089
0.1041,0.48215,0.15711,-0.15876
0.1042,0.47872,0.14334,-0.1374
0.1043,0.47566,0.12819,-0.11583
0.1044,0.47249,0.11221,-0.093535
0.1045,0.46731,0.095866,-0.06999
0.1046,0.46015,0.079996,-0.046163
0.1047,0.45424,0.063739,-0.024041
0.1048,0.4501,0.04709,-0.0041947
0.1049,0.44524,0.030916,0.014576
0.105,0.43948,0.015302,0.032414
0.1051,0.43505,-0.0014856,0.049014
0.1052,0.43188,-0.019456,0.064811
0.1053,0.42847,-0.037512,0.080563
0.1054,0.42382,-0.054913,0.096528
0.1055,0.417,-0.071574,0.11347
0.1056,0.40754,-0.086486,0.1313
0.1057,0.39618,-0.098873,0.14921
0.1058,0.38182,-0.10761,0.16747
0.1059,0.36281,-0.11214,0.18734
0.106,0.34131,-0.11363,0.20774
0.1061,0.32114,-0.11452,0.22703
0.1062,0.30171,-0.1151,0.24578
0.1063,0.28076,-0.11467,0.26529
0.1064,0.25906,-0.11361,0.2848
0.1065,0.23811,-0.11298,0.30349
0.1066,0.21746,-0.11251,0.32127
0.1067,0.19763,-0.11237,0.33776
0.1068,0.17958,-0.11312,0.3525
0.1069,0.16224,-0.11443,0.36656
0.107,0.14454,-0.11548,0.38045
0.1071,0.12798,-0.11679,0.39337
0.1072,0.11303,-0.11848,0.405
0.1073,0.097997,-0.11952,0.41612
0.1074,0.082261,-0.11902,0.4265
0.1075,0.066332,-0.11716,0.4361
0.1076,0.049354,-0.11343,0.44533
0.1077,0.030791,-0.1073,0.45443
0.1078,0.011295,-0.09906,0.46315
0.1079,-0.0090962,-0.089275,0.4722
0.108,-0.030566,-0.078137,0.48191
0.1081,-0.052164,-0.065979,0.49181
0.1082,-0.074027,-0.052639,0.50178
0.1083,-0.097563,-0.037393,0.51237
0.1084,-0.12229,-0.020201,0.52277
0.1085,-0.14596,-0.0021053,0.53161
0.1086,-0.16811,0.01639,0.53861
0.1087,-0.18919,0.035166,0.54427
0.1088,-0.20841,0.053452,0.54845
0.1089,-0.22518,0.07047,0.55136
0.109,-0.24033,0.086461,0.55352
0.1091,-0.25384,0.10148,0.55492
0.1092,-0.26525,0.11539,0.55526
0.1093,-0.27583,0.12903,0.55508
0.1094,-0.28704,0.14375,0.55461
0.1095,-0.29867,0.15983,0.55351
0.1096,-0.31068,0.1773,0.55172
0.1097,-0.32368,0.19654,0.5496
0.1098,-0.33731,0.21738,0.54693
0.1099,-0.35084,0.23906,0.54377
0.11,-0.36487,0.26153,0.5407
0.1101,-0.37979,0.28509,0.53783
0.1102,-0.39506,0.30959,0.53466
0.1103,-0.41066,0.33484,0.53124
0.1104,-0.42664,0.36081,0.52751
0.1105,-0.44176,0.38687,0.52276
0.1106,-0.45525,0.41237,0.51674
0.1107,-0.46782,0.43734,0.51007
0.1108,-0.47943,0.46166,0.50271
0.1109,-0.48881,0.48464,0.49401
0.111,-0.49587,0.50613,0.48376
0.1111,-0.50123,0.52658,0.47207
0.1112,-0.50474,0.54604,0.45855
0.1113,-0.50648,0.56462,0.44319
0.1114,-0.50749,0.58295,0.42646
0.1115,-0.50804,0.6013,0.40862
0.1116,-0.50773,0.61934,0.3898
0.1117,-0.50706,0.63719,0.37064
0.1118,-0.5069,0.65537,0.35169
0.1119,-0.50738,0.67407,0.33307
0.112,-0.50887,0.69355,0.3149
0.1121,-0.5119,0.71436,0.29724
0.1122,-0.51605,0.73651,0.27957
0.1123,-0.52039,0.7594,0.26153
0.1124,-0.52467,0.78254,0.24323
0.1125,-0.52843,0.80542,0.22471
0.1126,-0.53083,0.82724,0.20588
0.1127,-0.53174,0.84752,0.18711
0.1128,-0.53129,0.86615,0.16863
0.1129,-0.52876,0.88283,0.15005
0.113,-0.52384,0.89745,0.13111
0.1131,-0.51733,0.91064,0.11203
0.1132,-0.50958,0.9229,0.09264
0.1133,-0.50014,0.93422,0.072529
0.1134,-0.48914,0.94472,0.051722
0.1135,-0.47697,0.95462,0.030457
0.1136,-0.46332,0.9637,0.0087032
0.1137,-0.44829,0.97183,-0.013205
0.1138,-0.43294,0.97953,-0.034637
0.1139,-0.41785,0.98729,-0.055347
0.114,-0.40304,0.99517,-0.075407
0.1141,-0.38887,1.0034,-0.094631
0.1142,-0.37569,1.0123,-0.113
0.1143,-0.36307,1.0216,-0.13075
0.1144,-0.35079,1.031,-0.14789
0.1145,-0.33895,1.0403,-0.16423
0.1146,-0.32704,1.0492,-0.18007
0.1147,-0.31425,1.0571,-0.19568
0.1148,-0.30037,1.0637,-0.21104
0.1149,-0.28516,1.0689,-0.22623
0.115,-0.26817,1.0724,-0.24151
0.1151,-0.24951,1.0745,-0.25676
0.1152,-0.22958,1.0751,-0.27175
0.1153,-0.20818,1.0744,-0.28666
0.1154,-0.18518,1.0724,-0.30155
0.1155,-0.16124,1.0693,-0.31611
0.1156,-0.13697,1.0656,-0.33021
0.1157,-0.11262,1.0614,-0.34387
0.1158,-0.088848,1.0572,-0.35698
0.1159,-0.066251,1.053,-0.36943
0.116,-0.044725,1.0487,-0.38139
0.1161,-0.024144,1.0439,-0.39281
0.1162,-0.0048223,1.0384,-0.4034
0.1163,0.013257,1.0318,-0.413
0.1164,0.030405,1.0237,-0.42157
0.1165,0.046608,1.0138,-0.42893
0.1166,0.061956,1.0019,-0.43514
0.1167,0.07702,0.9877,-0.44055
0.1168,0.092088,0.97131,-0.44533
0.1169,0.10713,0.95307,-0.44955
0.117,0.12256,0.93315,-0.45356
0.1171,0.13895,0.91162,-0.45762
0.1172,0.15642,0.88868,-0.46165
0.1173,0.17511,0.86443,-0.46566
0.1174,0.19528,0.83875,-0.46969
0.1175,0.21654,0.81182,-0.47346
0.1176,0.23802,0.78404,-0.47661
0.1177,0.25929,0.75575,-0.47915
0.1178,0.28002,0.7272,-0.48109
0.1179,0.29955,0.69886,-0.48225
0.118,0.31745,0.67111,-0.48258
0.1181,0.33376,0.64408,-0.48208
0.1182,0.34826,0.61792,-0.48055
0.1183,0.36072,0.59287,-0.47778
0.1184,0.37144,0.56879,-0.47385
0.1185,0.38084,0.54546,-0.4688
0.1186,0.38903,0.52273,-0.46261
0.1187,0.3963,0.50043,-0.45541
0.1188,0.40311,0.47817,-0.44735
0.1189,0.40964,0.45575,-0.43845
0.119,0.41614,0.43295,-0.42878
0.1191,0.42313,0.40945,-0.41853
0.1192,0.43089,0.38502,-0.40778
0.1193,0.43931,0.35974,-0.39645
0.1194,0.44838,0.33374,-0.38466
0.1195,0.45799,0.30725,-0.37249
0.1196,0.46774,0.28064,-0.35993
0.1197,0.47734,0.25426,-0.34703
0.1198,0.48677,0.22824,-0.33395
0.1199,0.49569,0.20275,-0.32054
0.12,0.50354,0.17807,-0.30653
0.1201,0.51007,0.15433,-0.29177
0.1202,0.51504,0.1316,-0.27608
0.1203,0.51806,0.11011,-0.25926
0.1204,0.51898,0.089998,-0.24132
0.1205,0.51802,0.07126,-0.22244
0.1206,0.51521,0.053883,-0.20274
0.1207,0.51066,0.037889,-0.18235
0.1208,0.50489,0.022964,-0.1616
0.1209,0.49853,0.0086656,-0.14071
0.121,0.49197,-0.0054084,-0.11977
0.1211,0.4857,-0.01964,-0.098915
0.1212,0.48013,-0.034443,-0.078242
0.1213,0.47522,-0.049885,-0.057693
0.1214,0.47078,-0.065813,-0.037267
0.1215,0.46675,-0.082033,-0.017139
0.1216,0.46296,-0.098324,0.0025941
0.1217,0.45898,-0.1143,0.021919
0.1218,0.45456,-0.12967,0.040759
0.1219,0.44946,-0.14424,0.059099
0.122,0.44324,-0.15774,0.077114
0.1221,0.43553,-0.16995,0.094938
0.1222,0.42627,-0.18082,0.11262
0.1223,0.41529,-0.19027,0.13031
0.1224,0.40231,-0.19821,0.1482
0.1225,0.38734,-0.2046,0.16632
