0.05,-0.43541,0.17694,0.26794
0.0501,-0.43644,0.19426,0.25504
0.0502,-0.43653,0.21112,0.24179
0.0503,-0.43566,0.22748,0.22817
0.0504,-0.43381,0.2433,0.21419
0.0505,-0.43102,0.25861,0.19981
0.0506,-0.42735,0.27344,0.18502
0.0507,-0.4229,0.28784,0.16982
0.0508,-0.41779,0.30189,0.15423
0.0509,-0.41215,0.31563,0.1383
0.051,-0.40612,0.32913,0.12209
0.0511,-0.39982,0.3424,0.10565
0.0512,-0.39334,0.35542,0.089038
0.0513,-0.38672,0.36817,0.072304
0.0514,-0.36338,1.4995,-0.055197
0.0515,-0.35517,1.7026,-0.090143
0.0516,-0.34933,1.6656,-0.10078
0.0517,-0.33909,1.666,-0.11831
0.0518,-0.32924,1.5223,-0.12587
0.0519,-0.32427,1.2615,-0.11782
0.052,-0.31932,1.1247,-0.11682
0.0521,-0.30933,1.1122,-0.13311
0.0522,-0.29691,1.0949,-0.15331
0.0523,-0.28814,0.99782,-0.1598
0.0524,-0.28201,0.80018,-0.15326
0.0525,-0.27716,0.44775,-0.13336
0.0526,-0.27355,-0.015641,-0.1014
0.0527,-0.26982,-0.54294,-0.063463
0.0528,-0.26493,-1.1184,-0.023869
0.0529,-0.25956,-1.6339,0.0099824
0.053,-0.25459,-2.0154,0.035375
0.0531,-0.24926,-2.3304,0.054529
0.0532,-0.24295,-2.6526,0.072231
0.0533,-0.23856,-3.0612,0.099967
0.0534,-0.23718,-3.6757,0.15007
0.0535,-0.23709,-4.4723,0.2162
0.0536,-0.236,-5.2734,0.28144
0.0537,-0.23474,-6.0551,0.34492
0.0538,-0.23368,-6.9202,0.41621
0.0539,-0.23263,-7.8063,0.48959
0.054,-0.23032,-8.5838,0.55371
0.0541,-0.2271,-9.3015,0.61171
0.0542,-0.2245,-10.043,0.67346
0.0543,-0.2243,-10.777,0.73927
0.0544,-0.22416,-11.495,0.80582
0.0545,-0.22221,-12.26,0.87377
0.0546,-0.2195,-13.064,0.94503
0.0547,-0.21751,-13.844,1.0165
0.0548,-0.21392,-14.57,1.0828
0.0549,-0.20867,-15.237,1.1423
0.055,-0.20401,-15.865,1.2014
0.0551,-0.20059,-16.527,1.266
0.0552,-0.19623,-17.247,1.335
0.0553,-0.19183,-17.985,1.4055
0.0554,-0.18843,-18.74,1.4798
0.0555,-0.18482,-19.528,1.5562
0.0556,-0.17912,-20.297,1.6284
0.0557,-0.17276,-21.023,1.6964
0.0558,-0.16618,-21.751,1.7658
0.0559,-0.15868,-22.46,1.8327
0.056,-0.14974,-23.062,1.8906
0.0561,-0.14052,-23.587,1.9437
0.0562,-0.13069,-24.122,1.9992
0.0563,-0.11937,-24.649,2.0544
0.0564,-0.1051,-25.125,2.1046
0.0565,-0.087757,-25.587,2.152
0.0566,-0.067427,-26.043,2.1985
0.0567,-0.044623,-26.439,2.2407
0.0568,-0.018833,-26.774,2.2779
0.0569,0.0083493,-27.096,2.3141
0.057,0.035189,-27.417,2.3519
0.0571,0.059895,-27.72,2.3896
0.0572,0.082575,-28.003,2.4248
0.0573,0.10183,-28.257,2.4563
0.0574,0.11644,-28.502,2.4875
0.0575,0.12638,-28.726,2.5157
0.0576,0.13344,-28.926,2.5389
0.0577,0.13668,-29.073,2.5576
0.0578,0.13566,-29.157,2.572
0.0579,0.13109,-29.177,2.5805
0.058,0.12392,-29.115,2.5819
0.0581,0.11332,-28.983,2.5784
0.0582,0.10054,-28.829,2.5729
0.0583,0.087914,-28.645,2.5629
0.0584,0.076497,-28.399,2.5465
0.0585,0.065681,-28.116,2.5269
0.0586,0.056149,-27.829,2.507
0.0587,0.048173,-27.514,2.4849
0.0588,0.041548,-27.158,2.4608
0.0589,0.036314,-26.793,2.4362
0.059,0.032637,-26.417,2.4111
0.0591,0.0303,-25.992,2.3822
0.0592,0.029765,-25.525,2.3494
0.0593,0.030917,-25.044,2.314
0.0594,0.033426,-24.543,2.2764
0.0595,0.036626,-24.011,2.236
0.0596,0.040674,-23.452,2.1927
0.0597,0.044836,-22.852,2.1458
0.0598,0.048581,-22.201,2.0957
0.0599,0.051925,-21.508,2.0424
0.06,0.055601,-20.778,1.9852
0.0601,0.059276,-20.008,1.924
0.0602,0.063043,-19.212,1.86
0.0603,0.067108,-18.395,1.7928
0.0604,0.071577,-17.549,1.7222
0.0605,0.075733,-16.684,1.6504
0.0606,0.079705,-15.827,1.5797
0.0607,0.083606,-14.965,1.5087
0.0608,0.087603,-14.079,1.4361
0.0609,0.091548,-13.181,1.3626
0.061,0.095884,-12.276,1.2883
0.0611,0.10065,-11.346,1.2112
0.0612,0.10607,-10.394,1.1316
0.0613,0.1119,-9.4451,1.051
0.0614,0.11785,-8.4923,0.96969
0.0615,0.1234,-7.5137,0.88629
0.0616,0.12868,-6.5147,0.80113
0.0617,0.13348,-5.5035,0.71471
0.0618,0.13768,-4.4723,0.62696
0.0619,0.14141,-3.4259,0.53755
0.062,0.14526,-2.3776,0.44649
0.0621,0.14892,-1.3272,0.35385
0.0622,0.15217,-0.27641,0.26053
0.0623,0.15503,0.76154,0.16719
0.0624,0.15774,1.7842,0.074085
0.0625,0.15981,2.7955,-0.018255
0.0626,0.1613,3.7908,-0.10914
0.0627,0.16257,4.7755,-0.19979
0.0628,0.16397,5.7664,-0.29153
0.0629,0.1653,6.7596,-0.38385
0.063,0.16689,7.7395,-0.47576
0.0631,0.16885,8.7084,-0.56786
0.0632,0.17107,9.6694,-0.65994
0.0633,0.17305,10.61,-0.75058
0.0634,0.17466,11.529,-0.83944
0.0635,0.17567,12.443,-0.92765
0.0636,0.1761,13.35,-1.015
0.0637,0.17581,14.238,-1.1007
0.0638,0.17491,15.111,-1.1851
0.0639,0.17339,15.973,-1.269
0.064,0.17138,16.813,-1.3516
0.0641,0.16853,17.621,-1.432
0.0642,0.16466,18.399,-1.5096
0.0643,0.15969,19.139,-1.584
0.0644,0.15371,19.837,-1.6548
0.0645,0.14644,20.502,-1.7222
0.0646,0.13798,21.141,-1.7869
0.0647,0.12857,21.753,-1.8494
0.0648,0.11841,22.344,-1.9105
0.0649,0.10725,22.913,-1.9696
0.065,0.09516,23.448,-2.0261
0.0651,0.082069,23.947,-2.0799
0.0652,0.067924,24.419,-2.1313
0.0653,0.052413,24.859,-2.1797
0.0654,0.035741,25.259,-2.224
0.0655,0.01849,25.623,-2.2652
0.0656,0.001386,25.96,-2.3035
0.0657,-0.014759,26.258,-2.3385
0.0658,-0.028558,26.515,-2.3701
0.0659,-0.039012,26.735,-2.3988
0.066,-0.045737,26.914,-2.4238
0.0661,-0.048708,27.04,-2.4441
0.0662,-0.048102,27.115,-2.4597
0.0663,-0.044668,27.148,-2.4711
0.0664,-0.039277,27.136,-2.4781
0.0665,-0.032684,27.083,-2.4812
0.0666,-0.025533,26.996,-2.4809
0.0667,-0.018395,26.876,-2.4776
0.0668,-0.01157,26.718,-2.4712
0.0669,-0.0053627,26.521,-2.4614
0.067,-8.6029e-06,26.287,-2.4483
0.0671,0.0043901,26.012,-2.4316
0.0672,0.0078347,25.702,-2.4115
0.0673,0.010274,25.358,-2.3882
0.0674,0.011818,24.98,-2.3616
0.0675,0.012647,24.568,-2.3321
0.0676,0.01289,24.128,-2.3002
0.0677,0.012562,23.657,-2.2657
0.0678,0.011718,23.148,-2.2282
0.0679,0.010312,22.604,-2.1878
0.068,0.0082669,22.023,-2.1442
0.0681,0.0055306,21.402,-2.0969
0.0682,0.002126,20.745,-2.0462
0.0683,-0.0019268,20.061,-1.9928
0.0684,-0.0064893,19.353,-1.937
0.0685,-0.011386,18.622,-1.879
0.0686,-0.01646,17.87,-1.8191
0.0687,-0.02159,17.102,-1.7574
0.0688,-0.026624,16.309,-1.6936
0.0689,-0.031534,15.493,-1.6275
0.069,-0.036348,14.657,-1.5592
0.0691,-0.041023,13.799,-1.4885
0.0692,-0.04546,12.919,-1.4155
0.0693,-0.049677,12.021,-1.3406
0.0694,-0.053664,11.107,-1.264
0.0695,-0.057353,10.178,-1.1859
0.0696,-0.060735,9.2355,-1.1067
0.0697,-0.063962,8.2812,-1.0264
0.0698,-0.067138,7.3119,-0.9445
0.0699,-0.070328,6.328,-0.86122
0.07,-0.073634,5.3336,-0.77662
0.0701,-0.077182,4.3296,-0.69066
0.0702,-0.080973,3.3182,-0.60352
0.0703,-0.084917,2.3057,-0.51573
0.0704,-0.088921,1.2948,-0.42748
0.0705,-0.092943,0.28358,-0.33866
0.0706,-0.096902,-0.72648,-0.24936
0.0707,-0.10072,-1.7323,-0.15971
0.0708,-0.10436,-2.7351,-0.069507
0.0709,-0.1078,-3.7356,0.021391
0.071,-0.11098,-4.7302,0.11282
0.0711,-0.11378,-5.7175,0.20462
0.0712,-0.1161,-6.6987,0.29669
0.0713,-0.11791,-7.6715,0.38877
0.0714,-0.11915,-8.6334,0.48053
0.0715,-0.1198,-9.5856,0.57181
0.0716,-0.11988,-10.528,0.66251
0.0717,-0.11954,-11.46,0.75253
0.0718,-0.11883,-12.38,0.84176
0.0719,-0.1178,-13.287,0.92994
0.072,-0.11652,-14.176,1.0167
0.0721,-0.11506,-15.044,1.1017
0.0722,-0.11333,-15.888,1.1847
0.0723,-0.11125,-16.707,1.2655
0.0724,-0.10877,-17.499,1.3438
0.0725,-0.10583,-18.264,1.4198
0.0726,-0.10228,-19.005,1.4936
0.0727,-0.098025,-19.718,1.5651
0.0728,-0.09295,-20.403,1.6343
0.0729,-0.086903,-21.061,1.7014
0.073,-0.079679,-21.691,1.7661
0.0731,-0.071107,-22.289,1.8282
0.0732,-0.061057,-22.856,1.8878
0.0733,-0.049446,-23.392,1.9446
0.0734,-0.036275,-23.895,1.9986
0.0735,-0.021697,-24.366,2.0498
0.0736,-0.0060287,-24.807,2.0983
0.0737,0.010273,-25.218,2.1441
0.0738,0.026635,-25.594,2.1869
0.0739,0.042371,-25.937,2.2267
0.074,0.056783,-26.241,2.263
0.0741,0.069249,-26.506,2.2957
0.0742,0.079276,-26.729,2.3245
0.0743,0.086536,-26.909,2.3492
0.0744,0.090896,-27.046,2.3699
0.0745,0.092404,-27.14,2.3865
0.0746,0.091314,-27.192,2.3992
0.0747,0.088005,-27.2,2.4081
0.0748,0.082965,-27.166,2.4131
0.0749,0.076782,-27.091,2.4145
0.075,0.07006,-26.975,2.4122
0.0751,0.063334,-26.818,2.4062
0.0752,0.057064,-26.622,2.3967
0.0753,0.051606,-26.39,2.3839
0.0754,0.047181,-26.121,2.3679
0.0755,0.043896,-25.818,2.3488
0.0756,0.041787,-25.482,2.3268
0.0757,0.04081,-25.113,2.3019
0.0758,0.040865,-24.71,2.274
0.0759,0.04184,-24.274,2.2432
0.076,0.043613,-23.803,2.2094
0.0761,0.046033,-23.299,2.1725
0.0762,0.048945,-22.761,2.1325
0.0763,0.05221,-22.191,2.0894
0.0764,0.055692,-21.588,2.0434
0.0765,0.059262,-20.954,1.9945
0.0766,0.062838,-20.289,1.9427
0.0767,0.066377,-19.596,1.8883
0.0768,0.069862,-18.873,1.8312
0.0769,0.073306,-18.124,1.7715
0.077,0.076747,-17.349,1.7093
0.0771,0.08023,-16.55,1.6448
0.0772,0.083807,-15.729,1.578
0.0773,0.087523,-14.888,1.5094
0.0774,0.091404,-14.03,1.4389
0.0775,0.095478,-13.154,1.3667
0.0776,0.099765,-12.262,1.2929
0.0777,0.10425,-11.354,1.2175
0.0778,0.10892,-10.43,1.1404
0.0779,0.11374,-9.4908,1.0618
0.078,0.11867,-8.5374,0.98161
0.0781,0.1236,-7.571,0.89996
0.0782,0.12846,-6.5925,0.81691
0.0783,0.13317,-5.6042,0.73262
0.0784,0.13764,-4.6079,0.64721
0.0785,0.14179,-3.6048,0.56076
0.0786,0.14558,-2.5963,0.47336
0.0787,0.14897,-1.5846,0.38506
0.0788,0.15197,-0.57048,0.2959
0.0789,0.15461,0.44463,0.20596
0.079,0.15694,1.4584,0.11536
0.0791,0.15902,2.4691,0.024239
0.0792,0.1609,3.4753,-0.067242
0.0793,0.16263,4.4754,-0.15888
0.0794,0.16427,5.468,-0.25054
0.0795,0.16585,6.4529,-0.34213
0.0796,0.16738,7.4295,-0.43351
0.0797,0.16889,8.3966,-0.52455
0.0798,0.17035,9.3535,-0.61516
0.0799,0.17173,10.3,-0.70524
0.08,0.17295,11.233,-0.79457
0.0801,0.17392,12.152,-0.88298
0.0802,0.17454,13.056,-0.97028
0.0803,0.17469,13.942,-1.0563
0.0804,0.17425,14.81,-1.1408
0.0805,0.17314,15.657,-1.2236
0.0806,0.17125,16.483,-1.3047
0.0807,0.16852,17.285,-1.3838
0.0808,0.16489,18.064,-1.4609
0.0809,0.16032,18.816,-1.5359
0.081,0.15479,19.542,-1.6086
0.0811,0.14827,20.24,-1.6789
0.0812,0.14072,20.909,-1.7467
0.0813,0.13211,21.549,-1.812
0.0814,0.12243,22.158,-1.8747
0.0815,0.11161,22.738,-1.9348
0.0816,0.099587,23.287,-1.9922
0.0817,0.086317,23.806,-2.047
0.0818,0.071768,24.291,-2.099
0.0819,0.055967,24.744,-2.1483
0.082,0.039068,25.164,-2.1945
0.0821,0.021419,25.547,-2.2377
0.0822,0.0035847,25.895,-2.2778
0.0823,-0.013622,26.205,-2.3145
0.0824,-0.029204,26.476,-2.3477
0.0825,-0.04213,26.708,-2.3774
0.0826,-0.051568,26.9,-2.4035
0.0827,-0.057034,27.051,-2.4258
0.0828,-0.058504,27.16,-2.4441
0.0829,-0.056413,27.227,-2.4586
0.083,-0.051524,27.252,-2.4692
0.0831,-0.044743,27.235,-2.4758
0.0832,-0.036957,27.177,-2.4785
0.0833,-0.028917,27.079,-2.4774
0.0834,-0.021184,26.941,-2.4727
0.0835,-0.014124,26.764,-2.4644
0.0836,-0.007944,26.549,-2.4526
0.0837,-0.0027254,26.296,-2.4374
0.0838,0.0015246,26.005,-2.4188
0.0839,0.0048439,25.679,-2.3971
0.084,0.0072883,25.317,-2.3724
0.0841,0.008924,24.921,-2.3446
0.0842,0.0097994,24.492,-2.314
0.0843,0.009956,24.029,-2.2806
0.0844,0.0094275,23.534,-2.2443
0.0845,0.0082395,23.006,-2.2052
0.0846,0.0064039,22.446,-2.1633
0.0847,0.0039491,21.854,-2.1185
0.0848,0.00091112,21.23,-2.0708
0.0849,-0.002667,20.575,-2.0204
0.085,-0.0067285,19.892,-1.9672
0.0851,-0.011182,19.181,-1.9113
0.0852,-0.01593,18.445,-1.8529
0.0853,-0.02087,17.684,-1.7921
0.0854,-0.025889,16.901,-1.7289
0.0855,-0.030873,16.094,-1.6634
0.0856,-0.035739,15.267,-1.5958
0.0857,-0.040424,14.418,-1.526
0.0858,-0.044878,13.549,-1.4542
0.0859,-0.049081,12.66,-1.3805
0.086,-0.05305,11.753,-1.305
0.0861,-0.056808,10.83,-1.2278
0.0862,-0.060396,9.8912,-1.1492
0.0863,-0.063864,8.939,-1.0692
0.0864,-0.067277,7.9748,-0.98791
0.0865,-0.070683,6.9998,-0.90549
0.0866,-0.074136,6.0152,-0.82196
0.0867,-0.077681,5.0225,-0.73738
0.0868,-0.081354,4.0228,-0.65179
0.0869,-0.085162,3.0176,-0.56522
0.087,-0.089066,2.0085,-0.47775
0.0871,-0.093019,0.99719,-0.38942
0.0872,-0.096973,-0.014883,-0.30031
0.0873,-0.10086,-1.0261,-0.21048
0.0874,-0.10461,-2.035,-0.12002
0.0875,-0.10814,-3.0402,-0.028993
0.0876,-0.11136,-4.0408,0.062503
0.0877,-0.11421,-5.0357,0.15437
0.0878,-0.11663,-6.024,0.24647
0.0879,-0.11858,-7.0048,0.33868
0.088,-0.12005,-7.9772,0.43081
0.0881,-0.12105,-8.9402,0.52268
0.0882,-0.12159,-9.8926,0.61405
0.0883,-0.1217,-10.833,0.70472
0.0884,-0.12142,-11.76,0.79445
0.0885,-0.12081,-12.673,0.88303
0.0886,-0.11988,-13.568,0.97023
0.0887,-0.11866,-14.445,1.0559
0.0888,-0.11716,-15.302,1.1398
0.0889,-0.11537,-16.136,1.2218
0.089,-0.11322,-16.947,1.3017
0.0891,-0.11065,-17.733,1.3796
0.0892,-0.10756,-18.493,1.4553
0.0893,-0.10383,-19.226,1.5287
0.0894,-0.099314,-19.932,1.5997
0.0895,-0.09387,-20.609,1.6685
0.0896,-0.087347,-21.258,1.7348
0.0897,-0.079601,-21.877,1.7986
0.0898,-0.070517,-22.465,1.8599
0.0899,-0.060007,-23.024,1.9186
0.09,-0.048044,-23.551,1.9747
0.0901,-0.034686,-24.046,2.028
0.0902,-0.0201,-24.509,2.0785
0.0903,-0.0045788,-24.94,2.1261
0.0904,0.011434,-25.337,2.1707
0.0905,0.027369,-25.699,2.2122
0.0906,0.042566,-26.025,2.2503
0.0907,0.056343,-26.314,2.2851
0.0908,0.06807,-26.563,2.3162
0.0909,0.077259,-26.772,2.3436
0.091,0.083604,-26.94,2.3671
0.0911,0.087015,-27.064,2.3867
0.0912,0.087644,-27.145,2.4024
0.0913,0.085793,-27.183,2.414
0.0914,0.081928,-27.178,2.4217
0.0915,0.076604,-27.13,2.4256
0.0916,0.07041,-27.041,2.4257
0.0917,0.063908,-26.912,2.4222
0.0918,0.057586,-26.743,2.4151
0.0919,0.051841,-26.537,2.4047
0.092,0.04696,-26.293,2.3909
0.0921,0.043119,-26.014,2.374
0.0922,0.040395,-25.699,2.3539
0.0923,0.038794,-25.351,2.3308
0.0924,0.038254,-24.969,2.3047
0.0925,0.038671,-24.554,2.2757
0.0926,0.039915,-24.105,2.2437
0.0927,0.041848,-23.624,2.2088
0.0928,0.044327,-23.11,2.1708
0.0929,0.047217,-22.562,2.1299
0.093,0.050401,-21.982,2.086
0.0931,0.053781,-21.369,2.0391
0.0932,0.057274,-20.724,1.9892
0.0933,0.060824,-20.049,1.9366
0.0934,0.064396,-19.344,1.8812
0.0935,0.067975,-18.612,1.8231
0.0936,0.071561,-17.854,1.7626
0.0937,0.075175,-17.072,1.6997
0.0938,0.078843,-16.267,1.6346
0.0939,0.082603,-15.441,1.5674
0.094,0.086489,-14.595,1.4982
0.0941,0.090534,-13.73,1.4272
0.0942,0.094752,-12.848,1.3544
0.0943,0.099147,-11.95,1.2799
0.0944,0.1037,-11.036,1.2037
0.0945,0.10838,-10.106,1.126
0.0946,0.11314,-9.1628,1.0468
0.0947,0.11791,-8.2058,0.96611
0.0948,0.12264,-7.2365,0.88406
0.0949,0.12725,-6.2559,0.80068
0.095,0.13168,-5.2655,0.71606
0.0951,0.13589,-4.2667,0.63029
0.0952,0.13983,-3.2612,0.54344
0.0953,0.14345,-2.2507,0.45561
0.0954,0.14672,-1.2371,0.3669
0.0955,0.14965,-0.22213,0.27741
0.0956,0.15228,0.79246,0.18724
0.0957,0.15464,1.805,0.096527
0.0958,0.15677,2.8139,0.0053809
0.0959,0.15873,3.8179,-0.086065
0.096,0.16056,4.8156,-0.17768
0.0961,0.1623,5.8061,-0.26933
0.0962,0.16396,6.7884,-0.36088
0.0963,0.16556,7.7617,-0.45221
0.0964,0.16708,8.7251,-0.54317
0.0965,0.16848,9.6777,-0.63364
0.0966,0.16971,10.619,-0.72346
0.0967,0.1707,11.547,-0.81248
0.0968,0.17138,12.46,-0.90053
0.0969,0.17165,13.358,-0.98744
0.097,0.17142,14.239,-1.073
0.0971,0.1706,15.1,-1.1571
0.0972,0.1691,15.941,-1.2395
0.0973,0.16685,16.76,-1.32
0.0974,0.16378,17.555,-1.3985
0.0975,0.15983,18.325,-1.4749
0.0976,0.15496,19.068,-1.5491
0.0977,0.14914,19.785,-1.6209
0.0978,0.14233,20.473,-1.6904
0.0979,0.1345,21.133,-1.7573
0.098,0.12559,21.763,-1.8218
0.0981,0.11555,22.362,-1.8836
0.0982,0.10429,22.932,-1.9428
0.0983,0.091751,23.469,-1.9994
0.0984,0.077859,23.976,-2.0532
0.0985,0.062609,24.449,-2.1043
0.0986,0.046086,24.89,-2.1525
0.0987,0.028534,25.296,-2.1977
0.0988,0.01041,25.668,-2.2399
0.0989,-0.007585,26.003,-2.2789
0.099,-0.024531,26.301,-2.3146
0.0991,-0.039389,26.561,-2.3469
0.0992,-0.051186,26.78,-2.3755
0.0993,-0.059224,26.959,-2.4004
0.0994,-0.063213,27.096,-2.4214
0.0995,-0.063315,27.191,-2.4385
0.0996,-0.060105,27.244,-2.4516
0.0997,-0.054401,27.255,-2.4608
0.0998,-0.047096,27.224,-2.466
0.0999,-0.039023,27.152,-2.4674
0.1,-0.030866,27.04,-2.4651
0.1001,-0.023124,26.888,-2.4591
0.1002,-0.016123,26.697,-2.4496
0.1003,-0.010045,26.467,-2.4365
0.1004,-0.0049663,26.2,-2.4201
0.1005,-0.00088838,25.896,-2.4005
0.1006,0.0022259,25.557,-2.3778
0.1007,0.0044336,25.183,-2.352
0.1008,0.0057947,24.776,-2.3234
0.1009,0.0063669,24.336,-2.292
0.101,0.0061958,23.863,-2.2577
0.1011,0.0053216,23.357,-2.2206
0.1012,0.0037789,22.819,-2.1807
0.1013,0.0016044,22.248,-2.1379
0.1014,-0.0011617,21.645,-2.0922
0.1015,-0.0044669,21.011,-2.0436
0.1016,-0.0082487,20.347,-1.9922
0.1017,-0.012431,19.654,-1.9381
0.1018,-0.016926,18.934,-1.8814
0.1019,-0.021636,18.189,-1.8221
0.102,-0.026464,17.42,-1.7605
0.1021,-0.031314,16.627,-1.6965
0.1022,-0.036101,15.813,-1.6302
0.1023,-0.040755,14.976,-1.5618
0.1024,-0.045232,14.119,-1.4913
0.1025,-0.049504,13.243,-1.4188
0.1026,-0.053571,12.348,-1.3445
0.1027,-0.057452,11.435,-1.2686
0.1028,-0.06118,10.507,-1.191
0.1029,-0.064799,9.564,-1.1121
0.103,-0.068356,8.608,-1.0318
0.1031,-0.071897,7.6401,-0.95026
0.1032,-0.075466,6.6618,-0.86755
0.1033,-0.079095,5.6743,-0.78374
0.1034,-0.082808,4.679,-0.69887
0.1035,-0.086618,3.6772,-0.613
0.1036,-0.09051,2.6704,-0.52617
0.1037,-0.094425,1.6602,-0.43843
0.1038,-0.098322,0.64805,-0.34985
0.1039,-0.089739,0.41581,-0.33802
0.104,-0.079051,0.40516,-0.34701
0.1041,-0.069042,0.39322,-0.35372
0.1042,-0.056477,0.38312,-0.36085
0.1043,-0.040101,0.37454,-0.37177
0.1044,-0.022491,0.36633,-0.3836
0.1045,-0.0055298,0.35696,-0.39193
0.1046,0.012831,0.34884,-0.40028
0.1047,0.034817,0.34325,-0.41289
0.1048,0.058557,0.33907,-0.42645
0.1049,0.0813,0.33315,-0.43682
0.105,0.10234,0.32554,-0.44443
0.1051,0.12205,0.31616,-0.44917
0.1052,0.14155,0.30615,-0.45291
0.1053,0.16134,0.29522,-0.45668
0.1054,0.18052,0.28409,-0.46008
0.1055,0.19775,0.27163,-0.4604
0.1056,0.21308,0.25822,-0.45804
0.1057,0.2278,0.24444,-0.45543
0.1058,0.24166,0.23056,-0.45255
0.1059,0.25405,0.21502,-0.44721
0.106,0.26499,0.19828,-0.43966
0.1061,0.27528,0.18104,-0.43125
0.1062,0.28556,0.16378,-0.42306
0.1063,0.29692,0.14594,-0.41571
0.1064,0.30935,0.12809,-0.40922
0.1065,0.32256,0.11036,-0.40291
0.1066,0.33725,0.093917,-0.39842
0.1067,0.35435,0.079158,-0.39713
0.1068,0.37201,0.065409,-0.39667
0.1069,0.38829,0.050912,-0.39367
0.107,0.40344,0.036331,-0.3894
0.1071,0.41848,0.022304,-0.38582
0.1072,0.43246,0.0084447,-0.38198
0.1073,0.44473,-0.0063669,-0.37644
0.1074,0.45512,-0.021678,-0.36969
0.1075,0.46341,-0.03795,-0.36107
0.1076,0.46934,-0.055514,-0.34995
0.1077,0.47394,-0.074069,-0.33742
0.1078,0.47739,-0.092651,-0.32432
0.1079,0.47906,-0.11188,-0.30922
0.108,0.47893,-0.13155,-0.29225
0.1081,0.47807,-0.15085,-0.27524
0.1082,0.47663,-0.16922,-0.25887
0.1083,0.47478,-0.18728,-0.2426
0.1084,0.47303,-0.20459,-0.22728
0.1085,0.47169,-0.22087,-0.21335
0.1086,0.47046,-0.23625,-0.2003
0.1087,0.46971,-0.25139,-0.18773
0.1088,0.46938,-0.26619,-0.17555
0.1089,0.46905,-0.28103,-0.16294
0.109,0.46882,-0.29551,-0.15042
0.1091,0.4694,-0.30912,-0.13933
0.1092,0.47002,-0.32178,-0.12919
0.1093,0.4694,-0.33444,-0.11794
0.1094,0.46715,-0.34701,-0.10537
0.1095,0.46349,-0.35927,-0.091874
0.1096,0.45792,-0.37133,-0.076752
0.1097,0.4504,-0.38352,-0.059396
0.1098,0.44113,-0.39533,-0.040351
0.1099,0.43021,-0.40691,-0.01946
0.11,0.41786,-0.41831,0.0032
0.1101,0.40519,-0.42924,0.026241
0.1102,0.39273,-0.43899,0.048337
0.1103,0.3805,-0.44782,0.069603
0.1104,0.3686,-0.45554,0.089682
0.1105,0.35726,-0.4619,0.10807
0.1106,0.34599,-0.4669,0.12526
0.1107,0.33473,-0.47102,0.14188
0.1108,0.32389,-0.47394,0.15729
0.1109,0.31351,-0.47557,0.17138
0.111,0.30324,-0.47603,0.18463
0.1111,0.29334,-0.47553,0.19699
0.1112,0.28365,-0.47401,0.20851
0.1113,0.27337,-0.47216,0.22056
0.1114,0.26213,-0.47018,0.23361
0.1115,0.25032,-0.46778,0.24688
0.1116,0.23754,-0.46482,0.26048
0.1117,0.22302,-0.46189,0.27567
0.1118,0.20676,-0.45888,0.29229
0.1119,0.18925,-0.45554,0.30958
0.112,0.17051,-0.45192,0.32751
0.1121,0.15096,-0.44826,0.34591
0.1122,0.13121,-0.44415,0.36375
0.1123,0.11147,-0.43958,0.38081
0.1124,0.091683,-0.43482,0.39743
0.1125,0.072345,-0.42988,0.41316
0.1126,0.05382,-0.42428,0.42719
0.1127,0.036243,-0.41794,0.43937
0.1128,0.019786,-0.41058,0.44924
0.1129,0.0046086,-0.40183,0.45633
0.113,-0.0097582,-0.39159,0.46096
0.1131,-0.023698,-0.38027,0.46389
0.1132,-0.037407,-0.36799,0.46533
0.1133,-0.051231,-0.35505,0.46586
0.1134,-0.06565,-0.34176,0.46623
0.1135,-0.080614,-0.32838,0.46659
0.1136,-0.096217,-0.31493,0.46704
0.1137,-0.11281,-0.30182,0.46837
0.1138,-0.13036,-0.28914,0.47066
0.1139,-0.14831,-0.27658,0.47308
0.114,-0.16657,-0.26387,0.47535
0.1141,-0.18526,-0.25118,0.47781
0.1142,-0.20421,-0.23832,0.48018
0.1143,-0.22324,-0.22515,0.48218
0.1144,-0.24244,-0.2118,0.48412
0.1145,-0.26146,-0.19837,0.4858
0.1146,-0.27965,-0.18444,0.48622
0.1147,-0.29671,-0.16987,0.48499
0.1148,-0.31251,-0.15473,0.48213
0.1149,-0.3267,-0.13897,0.47727
0.115,-0.33918,-0.12241,0.47019
0.1151,-0.35021,-0.10532,0.46149
0.1152,-0.35986,-0.087751,0.45134
0.1153,-0.36814,-0.069619,0.4397
0.1154,-0.3756,-0.050999,0.42724
0.1155,-0.38277,-0.032275,0.41483
0.1156,-0.38982,-0.013539,0.40267
0.1157,-0.39681,0.0051071,0.3909
0.1158,-0.40399,0.023444,0.37995
0.1159,-0.41131,0.041274,0.36993
0.116,-0.41855,0.058699,0.36053
0.1161,-0.42574,0.075548,0.35197
0.1162,-0.4329,0.091659,0.34446
0.1163,-0.43968,0.10716,0.33753
0.1164,-0.44571,0.12239,0.33049
0.1165,-0.45072,0.13755,0.32288
0.1166,-0.45446,0.15296,0.31411
0.1167,-0.45672,0.16886,0.30368
0.1168,-0.45758,0.18529,0.29157
0.1169,-0.45706,0.20207,0.27792
0.117,-0.45516,0.21918,0.26268
0.1171,-0.45194,0.23647,0.24605
0.1172,-0.44756,0.25374,0.2283
0.1173,-0.44211,0.27083,0.20964
0.1174,-0.43585,0.28761,0.19038
0.1175,-0.42906,0.30384,0.17097
0.1176,-0.42183,0.31948,0.1515
0.1177,-0.41427,0.33456,0.132
0.1178,-0.40677,0.34897,0.11291
0.1179,-0.39963,0.36255,0.094676
0.118,-0.39296,0.37529,0.07745
0.1181,-0.38689,0.38706,0.061546
0.1182,-0.38149,0.3977,0.047258
0.1183,-0.37637,0.40726,0.034167
0.1184,-0.37102,0.41596,0.021522
0.1185,-0.36519,0.42378,0.0090141
0.1186,-0.3586,0.43067,-0.0036868
0.1187,-0.35085,0.43671,-0.017228
0.1188,-0.34179,0.44198,-0.031956
0.1189,-0.33144,0.44635,-0.047828
0.119,-0.31977,0.44997,-0.065041
0.1191,-0.30677,0.45307,-0.083763
0.1192,-0.29278,0.45575,-0.10361
0.1193,-0.27805,0.45798,-0.12409
0.1194,-0.26268,0.45988,-0.14507
0.1195,-0.24684,0.46147,-0.16629
0.1196,-0.23079,0.46259,-0.18726
0.1197,-0.21468,0.4631,-0.20768
0.1198,-0.19872,0.46291,-0.22726
0.1199,-0.1832,0.46181,-0.24551
0.12,-0.1683,0.45966,-0.26209
0.1201,-0.15392,0.45648,-0.27709
0.1202,-0.14002,0.45235,-0.29063
0.1203,-0.12648,0.44736,-0.30288
0.1204,-0.11309,0.44167,-0.31417
0.1205,-0.099679,0.43536,-0.32472
0.1206,-0.086127,0.42842,-0.33462
0.1207,-0.07218,0.42088,-0.34412
0.1208,-0.05759,0.41283,-0.3535
0.1209,-0.04221,0.40433,-0.36291
0.121,-0.025915,0.39545,-0.37246
0.1211,-0.0085938,0.38636,-0.38235
0.1212,0.0096837,0.37717,-0.39252
0.1213,0.028797,0.36794,-0.40286
0.1214,0.048664,0.3588,-0.41336
0.1215,0.069057,0.34983,-0.42391
0.1216,0.089546,0.34092,-0.43403
0.1217,0.10976,0.33189,-0.44325
0.1218,0.1294,0.32254,-0.45122
0.1219,0.14815,0.31263,-0.45746
0.122,0.16582,0.30188,-0.46161
0.1221,0.18253,0.29022,-0.46377
0.1222,0.19838,0.27768,-0.46409
0.1223,0.21341,0.26422,-0.46258
0.1224,0.22778,0.24987,-0.45944
0.1225,0.24173,0.23482,-0.45509
