0.05,-1.0731,0.57351,0.47228
0.0501,-1.0693,0.60833,0.43623
0.0502,-1.0638,0.64218,0.39972
0.0503,-1.0567,0.67496,0.36284
0.0504,-1.048,0.7066,0.32563
0.0505,-1.0377,0.73705,0.28813
0.0506,-1.0259,0.76628,0.25038
0.0507,-1.0125,0.79428,0.21238
0.0508,-0.99763,0.82106,0.1741
0.0509,-0.98131,0.84666,0.13553
0.051,-0.96362,0.87111,0.09667
0.0511,-0.94464,0.89446,0.057523
0.0512,-0.92445,0.91673,0.018103
0.0513,-0.90312,0.93792,-0.021553
0.0514,-0.88072,0.95803,-0.061396
0.0515,-0.8573,0.97702,-0.10137
0.0516,-0.83289,0.99479,-0.14141
0.0517,-0.80751,1.0112,-0.18143
0.0518,-0.78119,1.0263,-0.22134
0.0519,-0.75391,1.0397,-0.26103
0.052,-0.7257,1.0515,-0.30041
0.0521,-0.69656,1.0615,-0.33937
0.0522,-0.6665,1.0697,-0.3778
0.0523,-0.63551,1.0758,-0.41562
0.0524,-0.60361,1.08,-0.45276
0.0525,-0.57079,1.0821,-0.48915
0.0526,-0.53708,1.0821,-0.52477
0.0527,-0.50251,1.0802,-0.5596
0.0528,-0.46711,1.0763,-0.59362
0.0529,-0.43096,1.0707,-0.62685
0.053,-0.39414,1.0634,-0.65928
0.0531,-0.35675,1.0545,-0.69091
0.0532,-0.31887,1.0442,-0.72176
0.0533,-0.28061,1.0327,-0.75181
0.0534,-0.24205,1.02,-0.78105
0.0535,-0.20325,1.0061,-0.80946
0.0536,-0.16427,0.9912,-0.83699
0.0537,-0.12513,0.97526,-0.8636
0.0538,-0.085877,0.95827,-0.88919
0.0539,-0.046544,0.94022,-0.91369
0.054,-0.0071636,0.92106,-0.93699
0.0541,0.032237,0.90073,-0.95896
0.0542,0.071637,0.87918,-0.9795
0.0543,0.11102,0.85636,-0.99849
0.0544,0.15037,0.8322,-1.0158
0.0545,0.18967,0.80668,-1.0314
0.0546,0.22889,0.77981,-1.0452
0.0547,0.26798,0.75162,-1.0571
0.0548,0.30687,0.72217,-1.0672
0.0549,0.3455,0.69154,-1.0754
0.055,0.38378,0.65987,-1.0818
0.0551,0.42161,0.62726,-1.0863
0.0552,0.45892,0.59385,-1.0892
0.0553,0.49561,0.55977,-1.0903
0.0554,0.53162,0.52513,-1.0899
0.0555,0.56688,0.49002,-1.088
0.0556,0.60131,0.45453,-1.0846
0.0557,0.63488,0.41872,-1.0798
0.0558,0.66753,0.38261,-1.0736
0.0559,0.69923,0.34622,-1.066
0.056,0.72995,0.30954,-1.057
0.0561,0.75968,0.27253,-1.0466
0.0562,0.7884,0.23516,-1.0348
0.0563,0.81611,0.19736,-1.0215
0.0564,0.84281,0.15911,-1.0067
0.0565,0.86848,0.12035,-0.99039
0.0566,0.89309,0.081087,-0.97265
0.0567,0.9166,0.041363,-0.95347
0.0568,0.93894,0.0012382,-0.93289
0.0569,0.96006,-0.039196,-0.91096
0.057,0.97986,-0.079824,-0.88775
0.0571,0.99827,-0.12051,-0.86333
0.0572,1.0152,-0.16113,-0.8378
0.0573,1.0305,-0.20153,-0.81123
0.0574,1.0443,-0.24157,-0.78372
0.0575,1.0563,-0.28113,-0.75534
0.0576,1.0665,-0.3201,-0.72614
0.0577,1.075,-0.35838,-0.69618
0.0578,1.0816,-0.39593,-0.66549
0.0579,1.0863,-0.4327,-0.63407
0.058,1.0892,-0.4687,-0.60193
0.0581,1.0903,-0.50393,-0.56907
0.0582,1.0896,-0.53843,-0.53548
0.0583,1.0873,-0.57225,-0.50115
0.0584,1.0833,-0.60543,-0.46607
0.0585,1.0777,-0.638,-0.43027
0.0586,1.0706,-0.66997,-0.39375
0.0587,1.0621,-0.70136,-0.35654
0.0588,1.0522,-0.73213,-0.31869
0.0589,1.041,-0.76223,-0.28027
0.059,1.0285,-0.79159,-0.24134
0.0591,1.0147,-0.82012,-0.20199
0.0592,0.99968,-0.84769,-0.16231
0.0593,0.98337,-0.87419,-0.12237
0.0594,0.96581,-0.89947,-0.082294
0.0595,0.94697,-0.9234,-0.042167
0.0596,0.92685,-0.94585,-0.0020782
0.0597,0.90924,-1.0208,0.034539
0.0598,0.88819,-1.0688,0.073176
0.0599,0.86508,-1.1078,0.11213
0.06,0.8402,-1.1381,0.15114
0.0601,0.81314,-1.1594,0.19078
0.0602,0.7847,-1.1726,0.23036
0.0603,0.75551,-1.1786,0.26913
0.0604,0.72491,-1.177,0.30785
0.0605,0.6928,-1.1679,0.34679
0.0606,0.66,-1.1522,0.38511
0.0607,0.62642,-1.1299,0.42298
0.0608,0.59142,-1.1004,0.46123
0.0609,0.55535,-1.0639,0.49941
0.061,0.51865,-1.0204,0.53698
0.0611,0.48107,-0.96976,0.57429
0.0612,0.44289,-0.91227,0.61105
0.0613,0.4047,-0.84881,0.64646
0.0614,0.36616,-0.7793,0.68077
0.0615,0.3268,-0.70336,0.71447
0.0616,0.28677,-0.62114,0.74727
0.0617,0.2459,-0.53242,0.77931
0.0618,0.20366,-0.43665,0.81114
0.0619,0.16041,-0.334,0.84227
0.062,0.11664,-0.22483,0.87205
0.0621,0.072115,-0.10875,0.90087
0.0622,0.026836,0.01431,0.92878
0.0623,-0.018656,0.14368,0.95519
0.0624,-0.064489,0.27902,0.98037
0.0625,-0.11096,0.42009,1.0048
0.0626,-0.15749,0.5659,1.028
0.0627,-0.20374,0.71567,1.0496
0.0628,-0.25019,0.8695,1.0703
0.0629,-0.2967,1.0271,1.09
0.063,-0.34238,1.1877,1.1076
0.0631,-0.38724,1.3512,1.1233
0.0632,-0.43161,1.5177,1.1375
0.0633,-0.47517,1.687,1.1496
0.0634,-0.51785,1.8591,1.1597
0.0635,-0.5604,2.0344,1.1684
0.0636,-0.60297,2.2131,1.1761
0.0637,-0.64508,2.3944,1.182
0.0638,-0.68684,2.5782,1.1863
0.0639,-0.72845,2.7645,1.1893
0.064,-0.76947,2.9527,1.1905
0.0641,-0.80969,3.1425,1.1897
0.0642,-0.84948,3.3341,1.1875
0.0643,-0.88876,3.5271,1.1839
0.0644,-0.92721,3.721,1.1788
0.0645,-0.965,3.9157,1.1724
0.0646,-1.0022,4.1109,1.1651
0.0647,-1.0385,4.3061,1.1566
0.0648,-1.0737,4.5008,1.1468
0.0649,-1.1077,4.6945,1.1358
0.065,-1.1402,4.8867,1.1233
0.0651,-1.1706,5.0764,1.1089
0.0652,-1.1993,5.2638,1.0931
0.0653,-1.2264,5.4486,1.076
0.0654,-1.2517,5.6307,1.0574
0.0655,-1.2754,5.8101,1.0377
0.0656,-1.2976,5.9869,1.0171
0.0657,-1.318,6.1608,0.9951
0.0658,-1.3364,6.3317,0.97171
0.0659,-1.353,6.4998,0.94725
0.066,-1.3679,6.665,0.92165
0.0661,-1.3806,6.8267,0.89466
0.0662,-1.3914,6.9849,0.86668
0.0663,-1.4005,7.1394,0.83804
0.0664,-1.4077,7.2895,0.80842
0.0665,-1.4129,7.4349,0.77792
0.0666,-1.4165,7.5756,0.74698
0.0667,-1.4182,7.7111,0.71536
0.0668,-1.4176,7.8407,0.68263
0.0669,-1.415,7.9644,0.649
0.067,-1.4103,8.0819,0.61465
0.0671,-1.4033,8.1929,0.57926
0.0672,-1.3942,8.2973,0.54304
0.0673,-1.3835,8.3952,0.50648
0.0674,-1.3711,8.4864,0.46943
0.0675,-1.3568,8.5706,0.4316
0.0676,-1.3407,8.6478,0.39322
0.0677,-1.3231,8.7181,0.35436
0.0678,-1.3038,8.7813,0.31472
0.0679,-1.2828,8.8375,0.27445
0.068,-1.2606,8.8871,0.23391
0.0681,-1.2371,8.93,0.19309
0.0682,-1.2124,8.9662,0.152
0.0683,-1.1867,8.9958,0.11104
0.0684,-1.1602,9.019,0.070299
0.0685,-1.1325,9.0354,0.029625
0.0686,-1.1038,9.0449,-0.010889
0.0687,-1.0739,9.0472,-0.05122
0.0688,-1.0426,9.0418,-0.09163
0.0689,-1.0097,9.0285,-0.1321
0.069,-0.97548,9.0073,-0.17231
0.0691,-0.93989,8.9782,-0.21224
0.0692,-0.90294,8.9411,-0.2519
0.0693,-0.86485,8.8963,-0.291
0.0694,-0.82567,8.844,-0.32954
0.0695,-0.78523,8.7842,-0.36778
0.0696,-0.74367,8.7172,-0.40565
0.0697,-0.70126,8.6433,-0.4429
0.0698,-0.65796,8.5628,-0.4797
0.0699,-0.61383,8.4757,-0.51608
0.07,-0.56924,8.3824,-0.55168
0.0701,-0.52436,8.2831,-0.58638
0.0702,-0.47915,8.1778,-0.62031
0.0703,-0.4338,8.0669,-0.65325
0.0704,-0.38853,7.9506,-0.68494
0.0705,-0.34315,7.8291,-0.71557
0.0706,-0.29749,7.7022,-0.74525
0.0707,-0.2517,7.5702,-0.77372
0.0708,-0.20575,7.4331,-0.80088
0.0709,-0.15953,7.291,-0.8268
0.071,-0.1132,7.144,-0.85115
0.0711,-0.066903,6.9922,-0.87366
0.0712,-0.020511,6.8356,-0.89441
0.0713,0.026023,6.6742,-0.91344
0.0714,0.072562,6.5082,-0.93054
0.0715,0.1191,6.3379,-0.94578
0.0716,0.16566,6.1635,-0.95929
0.0717,0.212,5.9856,-0.97096
0.0718,0.25792,5.8047,-0.98073
0.0719,0.30334,5.6211,-0.98872
0.072,0.34806,5.4353,-0.99493
0.0721,0.39183,5.2479,-0.99924
0.0722,0.43458,5.0591,-1.0018
0.0723,0.47632,4.8692,-1.0027
0.0724,0.51696,4.6783,-1.002
0.0725,0.55655,4.4867,-0.99984
0.0726,0.59522,4.2943,-0.99639
0.0727,0.63288,4.1013,-0.99159
0.0728,0.66944,3.9079,-0.98533
0.0729,0.70496,3.7144,-0.97768
0.073,0.73941,3.521,-0.96864
0.0731,0.77271,3.3278,-0.9581
0.0732,0.80492,3.1351,-0.94619
0.0733,0.83618,2.943,-0.93311
0.0734,0.8664,2.7517,-0.91881
0.0735,0.89548,2.5616,-0.90331
0.0736,0.9235,2.3727,-0.88677
0.0737,0.95033,2.1854,-0.8692
0.0738,0.9757,2,-0.85043
0.0739,0.99951,1.817,-0.83052
0.074,1.0217,1.6367,-0.80953
0.0741,1.0419,1.4597,-0.78733
0.0742,1.0601,1.2864,-0.76389
0.0743,1.0764,1.1171,-0.73942
0.0744,1.0906,0.9522,-0.71397
0.0745,1.1026,0.79194,-0.68743
0.0746,1.1126,0.63649,-0.65988
0.0747,1.1205,0.48594,-0.63139
0.0748,1.1263,0.34043,-0.60183
0.0749,1.1301,0.2,-0.5712
0.075,1.1319,0.064558,-0.53966
0.0751,1.132,-0.065872,-0.5073
0.0752,1.1303,-0.19118,-0.47412
0.0753,1.1271,-0.31132,-0.44026
0.0754,1.1224,-0.42615,-0.40585
0.0755,1.1163,-0.53541,-0.37083
0.0756,1.1086,-0.63889,-0.33524
0.0757,1.0995,-0.73643,-0.29917
0.0758,1.0889,-0.82773,-0.26256
0.0759,1.0767,-0.91253,-0.22539
0.076,1.0628,-0.99066,-0.18775
0.0761,1.0473,-1.0619,-0.14971
0.0762,1.0302,-1.1261,-0.11129
0.0763,1.0114,-1.183,-0.072637
0.0764,0.99094,-1.2326,-0.033841
0.0765,0.9688,-1.2746,0.0051629
0.0766,0.94492,-1.3088,0.044391
0.0767,0.91938,-1.3351,0.083747
0.0768,0.89219,-1.3535,0.12323
0.0769,0.86342,-1.364,0.16283
0.077,0.83325,-1.3669,0.20238
0.0771,0.80189,-1.3623,0.24172
0.0772,0.7694,-1.3503,0.28085
0.0773,0.73592,-1.3313,0.31968
0.0774,0.70163,-1.3054,0.35804
0.0775,0.66656,-1.2728,0.39594
0.0776,0.6307,-1.2335,0.43343
0.0777,0.5941,-1.1875,0.47041
0.0778,0.55677,-1.1347,0.50685
0.0779,0.51864,-1.0751,0.54279
0.078,0.47971,-1.0086,0.57817
0.0781,0.44006,-0.93514,0.61283
0.0782,0.39964,-0.85478,0.64676
0.0783,0.35841,-0.7675,0.67996
0.0784,0.3164,-0.67341,0.71235
0.0785,0.2736,-0.57261,0.74389
0.0786,0.22995,-0.46521,0.77464
0.0787,0.18552,-0.35145,0.8045
0.0788,0.14045,-0.23159,0.83336
0.0789,0.094838,-0.10586,0.86115
0.079,0.048805,0.025487,0.88781
0.0791,0.0025427,0.16213,0.91322
0.0792,-0.043815,0.30379,0.93729
0.0793,-0.09017,0.45018,0.96
0.0794,-0.13638,0.60097,0.98128
0.0795,-0.18233,0.75583,1.0011
0.0796,-0.22799,0.91453,1.0194
0.0797,-0.2733,1.0768,1.0362
0.0798,-0.31815,1.2424,1.0514
0.0799,-0.36254,1.4112,1.0649
0.08,-0.40646,1.5829,1.0769
0.0801,-0.44987,1.7576,1.0871
0.0802,-0.49281,1.9351,1.0956
0.0803,-0.53536,2.1154,1.1026
0.0804,-0.57757,2.2985,1.108
0.0805,-0.61942,2.4841,1.1118
0.0806,-0.66095,2.6721,1.1142
0.0807,-0.70212,2.8623,1.1152
0.0808,-0.7428,3.0543,1.1146
0.0809,-0.7829,3.2476,1.1126
0.081,-0.82234,3.442,1.1091
0.0811,-0.86099,3.637,1.1042
0.0812,-0.89868,3.8321,1.0977
0.0813,-0.93534,4.0269,1.0899
0.0814,-0.97089,4.2213,1.0806
0.0815,-1.0052,4.4147,1.07
0.0816,-1.0382,4.6069,1.058
0.0817,-1.0698,4.7977,1.0447
0.0818,-1.0999,4.9867,1.03
0.0819,-1.1284,5.1738,1.014
0.082,-1.1552,5.3586,0.99655
0.0821,-1.1804,5.5411,0.97782
0.0822,-1.2038,5.7209,0.95778
0.0823,-1.2255,5.898,0.93652
0.0824,-1.2454,6.0722,0.91411
0.0825,-1.2636,6.2433,0.89058
0.0826,-1.2799,6.4113,0.86596
0.0827,-1.2943,6.5758,0.84029
0.0828,-1.3069,6.7368,0.8136
0.0829,-1.3175,6.894,0.78589
0.083,-1.3261,7.0472,0.75721
0.0831,-1.3328,7.1959,0.72761
0.0832,-1.3374,7.3398,0.69708
0.0833,-1.34,7.4786,0.66567
0.0834,-1.3406,7.6119,0.63344
0.0835,-1.3392,7.7395,0.60039
0.0836,-1.3357,7.8609,0.56651
0.0837,-1.3301,7.976,0.53184
0.0838,-1.3226,8.0846,0.4964
0.0839,-1.3131,8.1866,0.46018
0.084,-1.3016,8.2819,0.42323
0.0841,-1.2884,8.3706,0.38566
0.0842,-1.2735,8.4525,0.3475
0.0843,-1.257,8.5279,0.30882
0.0844,-1.2389,8.5965,0.26973
0.0845,-1.2195,8.6585,0.23026
0.0846,-1.1986,8.7137,0.19044
0.0847,-1.1765,8.7621,0.15032
0.0848,-1.1531,8.8037,0.10999
0.0849,-1.1285,8.8384,0.069477
0.085,-1.1026,8.8661,0.028827
0.0851,-1.0756,8.8867,-0.011856
0.0852,-1.0474,8.9002,-0.052512
0.0853,-1.0179,8.9064,-0.093111
0.0854,-0.98723,8.9053,-0.13359
0.0855,-0.95527,8.8966,-0.1739
0.0856,-0.92196,8.8804,-0.21405
0.0857,-0.8873,8.8563,-0.25402
0.0858,-0.85129,8.8246,-0.29375
0.0859,-0.81396,8.7851,-0.33318
0.086,-0.77537,8.7379,-0.37228
0.0861,-0.73564,8.6833,-0.41095
0.0862,-0.69486,8.6213,-0.44911
0.0863,-0.65314,8.5522,-0.48673
0.0864,-0.6106,8.4763,-0.52375
0.0865,-0.56739,8.3939,-0.56008
0.0866,-0.5236,8.3051,-0.59571
0.0867,-0.47934,8.2103,-0.63059
0.0868,-0.43471,8.1096,-0.66465
0.0869,-0.3898,8.0031,-0.69783
0.087,-0.34465,7.891,-0.73009
0.0871,-0.29932,7.7733,-0.76134
0.0872,-0.25383,7.6501,-0.79152
0.0873,-0.20815,7.5215,-0.82056
0.0874,-0.16228,7.3875,-0.84841
0.0875,-0.11622,7.2483,-0.87494
0.0876,-0.069975,7.104,-0.90009
0.0877,-0.023541,6.9547,-0.92375
0.0878,0.023028,6.8005,-0.94579
0.0879,0.069669,6.6417,-0.96609
0.088,0.11633,6.4785,-0.98456
0.0881,0.16292,6.3111,-1.0011
0.0882,0.20934,6.1399,-1.0157
0.0883,0.2555,5.965,-1.0283
0.0884,0.30129,5.7869,-1.039
0.0885,0.34659,5.6059,-1.0478
0.0886,0.39127,5.4223,-1.0548
0.0887,0.43524,5.2366,-1.0599
0.0888,0.47839,5.049,-1.0633
0.0889,0.5206,4.86,-1.0651
0.089,0.56182,4.6698,-1.0652
0.0891,0.60202,4.4786,-1.0638
0.0892,0.64115,4.2867,-1.0609
0.0893,0.67924,4.0943,-1.0565
0.0894,0.7163,3.9013,-1.0508
0.0895,0.75237,3.7081,-1.0437
0.0896,0.78745,3.5146,-1.0353
0.0897,0.82155,3.3211,-1.0256
0.0898,0.85466,3.1277,-1.0147
0.0899,0.88674,2.9348,-1.0026
0.09,0.91775,2.7425,-0.98913
0.0901,0.94762,2.5513,-0.97447
0.0902,0.97629,2.3613,-0.95859
0.0903,1.0037,2.1729,-0.94151
0.0904,1.0296,1.9866,-0.92324
0.0905,1.0541,1.8026,-0.9038
0.0906,1.0769,1.6213,-0.8832
0.0907,1.0979,1.443,-0.86145
0.0908,1.1171,1.2681,-0.83856
0.0909,1.1344,1.0968,-0.81454
0.091,1.1496,0.92957,-0.78941
0.0911,1.1627,0.76653,-0.7632
0.0912,1.1738,0.60796,-0.73596
0.0913,1.1828,0.45403,-0.7077
0.0914,1.1899,0.3049,-0.6785
0.0915,1.1949,0.16069,-0.64839
0.0916,1.1981,0.021498,-0.61739
0.0917,1.1994,-0.1126,-0.58556
0.0918,1.199,-0.24155,-0.55294
0.0919,1.1969,-0.36526,-0.51958
0.092,1.1932,-0.48362,-0.48551
0.0921,1.1879,-0.59653,-0.45078
0.0922,1.1811,-0.70381,-0.41546
0.0923,1.1728,-0.80525,-0.37957
0.0924,1.1629,-0.90061,-0.34314
0.0925,1.1515,-0.98966,-0.30621
0.0926,1.1385,-1.0721,-0.26878
0.0927,1.1238,-1.1477,-0.23087
0.0928,1.1074,-1.2163,-0.19251
0.0929,1.0893,-1.2776,-0.15377
0.093,1.0696,-1.3314,-0.1147
0.0931,1.0481,-1.3778,-0.07536
0.0932,1.0249,-1.4166,-0.035844
0.0933,1.0002,-1.4477,0.0037849
0.0934,0.97388,-1.4712,0.043462
0.0935,0.94611,-1.4872,0.083116
0.0936,0.91697,-1.4956,0.12269
0.0937,0.88654,-1.4965,0.16212
0.0938,0.85493,-1.49,0.20135
0.0939,0.82223,-1.4763,0.24031
0.094,0.78854,-1.4554,0.27896
0.0941,0.75393,-1.4274,0.31724
0.0942,0.71848,-1.3925,0.35508
0.0943,0.68222,-1.3506,0.39246
0.0944,0.64518,-1.3018,0.42935
0.0945,0.60735,-1.2462,0.4657
0.0946,0.56874,-1.1837,0.5015
0.0947,0.52932,-1.1143,0.53671
0.0948,0.48908,-1.0381,0.5713
0.0949,0.44802,-0.95497,0.60522
0.095,0.40615,-0.86502,0.63842
0.0951,0.36349,-0.76831,0.67085
0.0952,0.32008,-0.66498,0.70243
0.0953,0.27595,-0.5552,0.7331
0.0954,0.23117,-0.43917,0.76278
0.0955,0.18584,-0.31716,0.79141
0.0956,0.14008,-0.18946,0.81889
0.0957,0.09401,-0.056361,0.84518
0.0958,0.047756,0.081836,0.87018
0.0959,0.001449,0.22483,0.89384
0.096,-0.044796,0.37234,0.91608
0.0961,-0.090882,0.52412,0.93685
0.0962,-0.13672,0.67994,0.95613
0.0963,-0.18225,0.83959,0.97387
0.0964,-0.22743,1.0029,0.99006
0.0965,-0.27224,1.1697,1.0047
0.0966,-0.31666,1.3398,1.0177
0.0967,-0.36069,1.5131,1.0292
0.0968,-0.40434,1.6895,1.0391
0.0969,-0.44759,1.8687,1.0474
0.097,-0.49045,2.0507,1.0541
0.0971,-0.53292,2.2351,1.0593
0.0972,-0.57497,2.422,1.0629
0.0973,-0.61657,2.6109,1.065
0.0974,-0.65769,2.8016,1.0655
0.0975,-0.69824,2.9939,1.0646
0.0976,-0.73816,3.1874,1.0622
0.0977,-0.77733,3.3818,1.0583
0.0978,-0.81565,3.5766,1.053
0.0979,-0.85301,3.7715,1.0462
0.098,-0.8893,3.9661,1.0379
0.0981,-0.92441,4.1601,1.0282
0.0982,-0.95824,4.353,1.0171
0.0983,-0.99072,4.5446,1.0046
0.0984,-1.0218,4.7347,0.99069
0.0985,-1.0514,4.923,0.97548
0.0986,-1.0795,5.1094,0.95897
0.0987,-1.1059,5.2935,0.94119
0.0988,-1.1308,5.4754,0.92216
0.0989,-1.154,5.6547,0.90193
0.099,-1.1755,5.8314,0.88051
0.0991,-1.1952,6.0051,0.85794
0.0992,-1.213,6.1758,0.83426
0.0993,-1.229,6.3432,0.80949
0.0994,-1.243,6.507,0.78366
0.0995,-1.2551,6.6669,0.7568
0.0996,-1.2651,6.8228,0.72892
0.0997,-1.2731,6.9742,0.70005
0.0998,-1.2791,7.121,0.67021
0.0999,-1.2829,7.2627,0.63943
0.1,-1.2847,7.3992,0.60773
0.1001,-1.2845,7.5302,0.57515
0.1002,-1.2822,7.6553,0.54173
0.1003,-1.2779,7.7745,0.5075
0.1004,-1.2716,7.8873,0.47251
0.1005,-1.2634,7.9938,0.4368
0.1006,-1.2533,8.0938,0.4004
0.1007,-1.2415,8.1872,0.36335
0.1008,-1.2279,8.2739,0.32569
0.1009,-1.2127,8.3539,0.2875
0.101,-1.1958,8.4273,0.24882
0.1011,-1.1776,8.4939,0.20972
0.1012,-1.1579,8.5539,0.17027
0.1013,-1.1368,8.6071,0.13052
0.1014,-1.1145,8.6535,0.090518
0.1015,-1.0909,8.693,0.05031
0.1016,-1.066,8.7256,0.0099424
0.1017,-1.0398,8.751,-0.030545
0.1018,-1.0124,8.7692,-0.071108
0.1019,-0.98374,8.7801,-0.1117
0.102,-0.95374,8.7835,-0.15227
0.1021,-0.92244,8.7794,-0.19277
0.1022,-0.88982,8.7677,-0.23314
0.1023,-0.8559,8.7483,-0.27332
0.1024,-0.82067,8.7213,-0.31325
0.1025,-0.78419,8.6868,-0.35289
0.1026,-0.74649,8.6447,-0.39218
0.1027,-0.70764,8.5952,-0.43104
0.1028,-0.66773,8.5384,-0.46944
0.1029,-0.62685,8.4745,-0.50731
0.103,-0.5851,8.4036,-0.54458
0.1031,-0.54259,8.3261,-0.58122
0.1032,-0.49944,8.242,-0.61717
0.1033,-0.45574,8.1515,-0.65237
0.1034,-0.41158,8.0549,-0.68679
0.1035,-0.36704,7.9524,-0.72038
0.1036,-0.32218,7.844,-0.75309
0.1037,-0.27705,7.7299,-0.78488
0.1038,-0.23167,7.6102,-0.81568
0.1039,-0.18605,7.485,-0.84545
0.104,-0.1402,7.3544,-0.87408
0.1041,-0.094142,7.2185,-0.9015
0.1042,-0.047888,7.0773,-0.9276
0.1043,-0.0014656,6.931,-0.95226
0.1044,0.045089,6.7798,-0.97537
0.1045,0.091727,6.6239,-0.99681
0.1046,0.13839,6.4634,-1.0165
0.1047,0.18498,6.2987,-1.0343
0.1048,0.23143,6.13,-1.0501
0.1049,0.27763,5.9577,-1.064
0.105,0.32346,5.782,-1.0758
0.1051,0.36883,5.6034,-1.0857
0.1052,0.41363,5.422,-1.0937
0.1053,0.45777,5.2382,-1.0998
0.1054,0.50115,5.0523,-1.1041
0.1055,0.54371,4.8647,-1.1067
0.1056,0.58539,4.6755,-1.1076
0.1057,0.62614,4.485,-1.107
0.1058,0.66593,4.2935,-1.105
0.1059,0.70474,4.1012,-1.1015
0.106,0.74256,3.9082,-1.0966
0.1061,0.77939,3.7147,-1.0903
0.1062,0.81522,3.521,-1.0827
0.1063,0.85006,3.3272,-1.0739
0.1064,0.88389,3.1335,-1.0637
0.1065,0.91669,2.9401,-1.0523
0.1066,0.94842,2.7473,-1.0397
0.1067,0.97901,2.5554,-1.0258
0.1068,1.0084,2.3646,-1.0107
0.1069,1.0365,2.1753,-0.99435
0.107,1.0633,1.9878,-0.97677
0.1071,1.0885,1.8024,-0.95796
0.1072,1.1121,1.6196,-0.93795
0.1073,1.1341,1.4395,-0.91675
0.1074,1.1542,1.2627,-0.89438
0.1075,1.1725,1.0894,-0.87087
0.1076,1.1888,0.91978,-0.84626
0.1077,1.2031,0.75418,-0.82057
0.1078,1.2154,0.59279,-0.79384
0.1079,1.2257,0.43579,-0.76612
0.108,1.2341,0.28336,-0.73743
0.1081,1.2404,0.13563,-0.70783
0.1082,1.2449,-0.0072622,-0.67736
0.1083,1.2475,-0.14519,-0.64605
0.1084,1.2484,-0.27803,-0.61394
0.1085,1.2475,-0.40565,-0.58107
0.1086,1.245,-0.52792,-0.54747
0.1087,1.2408,-0.64467,-0.51317
0.1088,1.2349,-0.75576,-0.4782
0.1089,1.2275,-0.861,-0.44259
0.109,1.2185,-0.9602,-0.4064
0.1091,1.2079,-1.0532,-0.36963
0.1092,1.1957,-1.1397,-0.33234
0.1093,1.1818,-1.2195,-0.29453
0.1094,1.1662,-1.2925,-0.25626
0.1095,1.149,-1.3584,-0.21757
0.1096,1.1302,-1.4171,-0.17853
0.1097,1.1096,-1.4683,-0.1392
0.1098,1.0874,-1.5121,-0.099652
0.1099,1.0636,-1.5484,-0.059951
0.11,1.0383,-1.5771,-0.020174
0.1101,1.0114,-1.5982,0.019607
0.1102,0.98323,-1.6118,0.059322
0.1103,0.95371,-1.6179,0.098902
0.1104,0.92297,-1.6166,0.13829
0.1105,0.89109,-1.608,0.17744
0.1106,0.85815,-1.5922,0.21629
0.1107,0.82421,-1.5691,0.25481
0.1108,0.78934,-1.5389,0.29296
0.1109,0.75356,-1.5017,0.33071
0.111,0.71692,-1.4573,0.36802
0.1111,0.67944,-1.406,0.40486
0.1112,0.64112,-1.3476,0.44119
0.1113,0.60197,-1.2823,0.47697
0.1114,0.56199,-1.2101,0.51216
0.1115,0.52121,-1.131,0.54671
0.1116,0.47962,-1.0451,0.58058
0.1117,0.44238,-1.015,0.60916
0.1118,0.40531,-1.0017,0.6367
0.1119,0.36678,-0.98693,0.66399
0.112,0.3276,-0.97056,0.6903
0.1121,0.28727,-0.95295,0.71622
0.1122,0.24604,-0.93405,0.74158
0.1123,0.20502,-0.91367,0.76522
0.1124,0.1641,-0.89205,0.78726
0.1125,0.1228,-0.86937,0.80826
0.1126,0.081757,-0.84558,0.82761
0.1127,0.041249,-0.82081,0.84506
0.1128,0.00052337,-0.79528,0.86151
0.1129,-0.04046,-0.76886,0.87704
0.113,-0.081018,-0.74145,0.89089
0.1131,-0.12115,-0.71317,0.90316
0.1132,-0.16087,-0.68402,0.91392
0.1133,-0.19938,-0.65381,0.92226
0.1134,-0.2364,-0.62258,0.92783
0.1135,-0.27241,-0.59045,0.93117
0.1136,-0.30752,-0.55742,0.93239
0.1137,-0.3419,-0.52356,0.9317
0.1138,-0.37629,-0.48905,0.93
0.1139,-0.41073,-0.45377,0.92731
0.114,-0.44451,-0.41763,0.92286
0.1141,-0.47761,-0.38079,0.91681
0.1142,-0.51035,-0.34339,0.90961
0.1143,-0.54227,-0.30536,0.90073
0.1144,-0.57316,-0.26681,0.89008
0.1145,-0.60357,-0.228,0.87851
0.1146,-0.63343,-0.18896,0.86602
0.1147,-0.66219,-0.14967,0.85209
0.1148,-0.69017,-0.11033,0.83733
0.1149,-0.7177,-0.070965,0.82215
0.115,-0.74389,-0.031453,0.80558
0.1151,-0.76808,0.0081678,0.78707
0.1152,-0.79054,0.047737,0.7671
0.1153,-0.81104,0.08734,0.74538
0.1154,-0.82902,0.12702,0.72135
0.1155,-0.84502,0.16657,0.6958
0.1156,-0.85978,0.20587,0.66965
0.1157,-0.87308,0.24503,0.64255
0.1158,-0.88468,0.28401,0.61434
0.1159,-0.89495,0.32269,0.58551
0.116,-0.90368,0.36112,0.55579
0.1161,-0.91035,0.39931,0.52462
0.1162,-0.91521,0.43706,0.49245
0.1163,-0.91863,0.47429,0.45974
0.1164,-0.92039,0.511,0.4262
0.1165,-0.92052,0.54708,0.39199
0.1166,-0.91955,0.58235,0.35778
0.1167,-0.91753,0.61682,0.32357
0.1168,-0.9142,0.65047,0.28907
0.1169,-0.90962,0.68321,0.25439
0.117,-0.90354,0.71504,0.21929
0.1171,-0.8954,0.74598,0.18312
0.1172,-0.88514,0.77595,0.1459
0.1173,-0.87304,0.80484,0.10797
0.1174,-0.85908,0.83267,0.069289
0.1175,-0.84341,0.85938,0.030004
0.1176,-0.8265,0.88485,-0.0093521
0.1177,-0.80834,0.90916,-0.048881
0.1178,-0.78864,0.93236,-0.088966
0.1179,-0.7676,0.95433,-0.12935
0.118,-0.74544,0.97504,-0.16978
0.1181,-0.72196,0.99452,-0.21054
0.1182,-0.69728,1.0127,-0.25142
0.1183,-0.6719,1.0293,-0.29178
0.1184,-0.64586,1.0445,-0.33163
0.1185,-0.619,1.0581,-0.37109
0.1186,-0.59171,1.07,-0.40962
0.1187,-0.56415,1.0802,-0.44703
0.1188,-0.53578,1.0887,-0.48395
0.1189,-0.50633,1.0955,-0.52059
0.119,-0.47595,1.1005,-0.55671
0.1191,-0.4444,1.1037,-0.59257
0.1192,-0.41148,1.1051,-0.62839
0.1193,-0.37763,1.1048,-0.66362
0.1194,-0.34316,1.1026,-0.69792
0.1195,-0.30785,1.0988,-0.73165
0.1196,-0.27165,1.0933,-0.76485
0.1197,-0.23483,1.0862,-0.79728
0.1198,-0.19722,1.0777,-0.82919
0.1199,-0.15866,1.0678,-0.86085
0.12,-0.11946,1.0565,-0.89188
0.1201,-0.07991,1.0439,-0.92202
0.1202,-0.039993,1.0301,-0.95132
0.1203,2.2163e-05,1.0149,-0.97947
0.1204,0.039726,0.99851,-1.006
0.1205,0.079069,0.98084,-1.0308
0.1206,0.1181,0.9619,-1.054
0.1207,0.15675,0.94167,-1.0754
0.1208,0.19521,0.92019,-1.0952
0.1209,0.2338,0.89749,-1.1138
0.121,0.27248,0.87352,-1.1309
0.1211,0.31111,0.8483,-1.1464
0.1212,0.34974,0.82185,-1.1604
0.1213,0.38827,0.79421,-1.1728
0.1214,0.42648,0.76538,-1.1832
0.1215,0.4645,0.73549,-1.1919
0.1216,0.50251,0.70464,-1.1992
0.1217,0.54032,0.67287,-1.205
0.1218,0.57787,0.64028,-1.2092
0.1219,0.61528,0.607,-1.2122
0.122,0.65237,0.57304,-1.2139
0.1221,0.68876,0.53843,-1.2139
0.1222,0.72439,0.50327,-1.2123
0.1223,0.75918,0.46759,-1.2091
0.1224,0.79277,0.43135,-1.2039
0.1225,0.82502,0.39462,-1.1967
