0.05,-0.049097,-0.6347,0.72214
0.0501,-0.018678,-0.65151,0.70786
0.0502,0.011849,-0.6676,0.69234
0.0503,0.042361,-0.68288,0.67563
0.0504,0.072728,-0.6973,0.65781
0.0505,0.10283,-0.71078,0.63897
0.0506,0.13254,-0.72327,0.61922
0.0507,0.16177,-0.73472,0.59862
0.0508,0.19042,-0.74508,0.57727
0.0509,0.21847,-0.7543,0.55519
0.051,0.24587,-0.76235,0.53244
0.0511,0.27265,-0.7692,0.509
0.0512,0.29885,-0.77487,0.48489
0.0513,0.32452,-0.7794,0.46012
0.0514,0.34975,-0.78281,0.43469
0.0515,0.37463,-0.78516,0.40864
0.0516,0.3992,-0.78651,0.382
0.0517,0.42348,-0.7869,0.3548
0.0518,0.44747,-0.78634,0.32709
0.0519,0.47116,-0.78482,0.29891
0.052,0.49449,-0.78232,0.27032
0.0521,0.51741,-0.77879,0.24137
0.0522,0.53982,-0.77419,0.21212
0.0523,0.56164,-0.76846,0.18267
0.0524,0.58276,-0.76151,0.1531
0.0525,0.60305,-0.7533,0.12348
0.0526,0.62243,-0.74377,0.093885
0.0527,0.64079,-0.73284,0.064373
0.0528,0.65806,-0.72048,0.034971
0.0529,0.6742,-0.70666,0.0056927
0.053,0.68918,-0.69137,-0.02346
0.0531,0.70303,-0.67467,-0.052494
0.0532,0.71577,-0.6566,-0.081413
0.0533,0.72747,-0.63729,-0.11021
0.0534,0.7382,-0.61684,-0.13888
0.0535,0.74801,-0.59539,-0.1674
0.0536,0.75698,-0.57307,-0.19575
0.0537,0.76515,-0.54998,-0.22392
0.0538,0.77257,-0.52623,-0.25187
0.0539,0.77926,-0.50192,-0.27956
0.054,0.78522,-0.47712,-0.30696
0.0541,0.79043,-0.45189,-0.33399
0.0542,0.70197,-0.32006,-2.1878
0.0543,0.6769,-0.2586,-3.091
0.0544,0.66092,-0.20803,-3.8245
0.0545,0.64648,-0.16194,-4.4552
0.0546,0.66155,-0.14648,-4.8057
0.0547,0.66384,-0.11561,-5.238
0.0548,0.63247,-0.054065,-5.8962
0.0549,0.61397,-0.0082826,-6.4631
0.055,0.6037,0.031107,-7.0004
0.0551,0.56791,0.093369,-7.715
0.0552,0.54091,0.14462,-8.3807
0.0553,0.52138,0.19061,-9.0215
0.0554,0.50141,0.23689,-9.6501
0.0555,0.4823,0.2796,-10.188
0.0556,0.46907,0.317,-10.648
0.0557,0.4426,0.36727,-11.175
0.0558,0.3903,0.43959,-11.87
0.0559,0.32964,0.51761,-12.636
0.056,0.26851,0.59459,-13.422
0.0561,0.2086,0.66729,-14.188
0.0562,0.16865,0.71829,-14.787
0.0563,0.14839,0.75086,-15.233
0.0564,0.12281,0.78755,-15.68
0.0565,0.091493,0.82692,-16.104
0.0566,0.065547,0.85924,-16.413
0.0567,0.03458,0.89338,-16.655
0.0568,-0.0034556,0.92961,-16.85
0.0569,-0.029667,0.95325,-16.941
0.057,-0.048139,0.97087,-17.013
0.0571,-0.076801,0.99802,-17.19
0.0572,-0.10588,1.0253,-17.403
0.0573,-0.12487,1.0451,-17.589
0.0574,-0.15095,1.0717,-17.83
0.0575,-0.19204,1.1103,-18.136
0.0576,-0.23892,1.1531,-18.449
0.0577,-0.29294,1.2016,-18.776
0.0578,-0.35365,1.253,-19.086
0.0579,-0.40281,1.2911,-19.253
0.058,-0.43235,1.3105,-19.252
0.0581,-0.45252,1.3206,-19.166
0.0582,-0.46882,1.3261,-19.04
0.0583,-0.48355,1.3297,-18.896
0.0584,-0.50459,1.3377,-18.771
0.0585,-0.52968,1.3465,-18.625
0.0586,-0.55044,1.3494,-18.399
0.0587,-0.56861,1.3493,-18.12
0.0588,-0.58529,1.3474,-17.813
0.0589,-0.59487,1.3396,-17.464
0.059,-0.60131,1.3303,-17.105
0.0591,-0.61129,1.3243,-16.769
0.0592,-0.62104,1.3174,-16.429
0.0593,-0.63195,1.3118,-16.104
0.0594,-0.65546,1.3171,-15.862
0.0595,-0.68917,1.3301,-15.671
0.0596,-0.72061,1.3401,-15.446
0.0597,-0.74794,1.3459,-15.165
0.0598,-0.76993,1.3457,-14.805
0.0599,-0.77805,1.3325,-14.316
0.06,-0.77646,1.3108,-13.738
0.0601,-0.77822,1.2912,-13.157
0.0602,-0.78283,1.2722,-12.562
0.0603,-0.78398,1.2484,-11.919
0.0604,-0.78477,1.222,-11.252
0.0605,-0.78531,1.1926,-10.568
0.0606,-0.77932,1.1556,-9.8492
0.0607,-0.76862,1.1135,-9.1225
0.0608,-0.75933,1.0713,-8.423
0.0609,-0.74989,1.028,-7.7347
0.061,-0.73988,0.98387,-7.0537
0.0611,-0.73466,0.94308,-6.4083
0.0612,-0.73615,0.90695,-5.8065
0.0613,-0.74157,0.87409,-5.2359
0.0614,-0.74982,0.84305,-4.684
0.0615,-0.75588,0.80903,-4.1047
0.0616,-0.75471,0.76812,-3.4668
0.0617,-0.7457,0.72008,-2.7654
0.0618,-0.73185,0.66736,-2.0216
0.0619,-0.71481,0.61161,-1.2482
0.062,-0.6991,0.55703,-0.47454
0.0621,-0.68726,0.50572,0.2818
0.0622,-0.6742,0.45313,1.0477
0.0623,-0.6563,0.39696,1.8331
0.0624,-0.63666,0.34032,2.6078
0.0625,-0.61463,0.28265,3.3664
0.0626,-0.58741,0.22176,4.1201
0.0627,-0.5592,0.16126,4.8474
0.0628,-0.53457,0.10436,5.5329
0.0629,-0.51091,0.048631,6.197
0.063,-0.48872,-0.0051551,6.834
0.0631,-0.47273,-0.052952,7.4168
0.0632,-0.46072,-0.097027,7.9626
0.0633,-0.44641,-0.14236,8.5065
0.0634,-0.42879,-0.18967,9.0548
0.0635,-0.40768,-0.23939,9.6147
0.0636,-0.38124,-0.29297,10.199
0.0637,-0.35194,-0.34766,10.787
0.0638,-0.32292,-0.4016,11.369
0.0639,-0.29598,-0.4528,11.937
0.064,-0.26714,-0.50476,12.513
0.0641,-0.23673,-0.55668,13.089
0.0642,-0.20359,-0.60936,13.661
0.0643,-0.16682,-0.66296,14.223
0.0644,-0.12835,-0.71546,14.751
0.0645,-0.089446,-0.76597,15.234
0.0646,-0.050741,-0.81424,15.672
0.0647,-0.014255,-0.85859,16.057
0.0648,0.019091,-0.8987,16.392
0.0649,0.050711,-0.93609,16.69
0.065,0.080585,-0.97082,16.957
0.0651,0.10886,-1.0031,17.201
0.0652,0.13914,-1.0364,17.447
0.0653,0.17377,-1.0726,17.709
0.0654,0.21004,-1.1092,17.97
0.0655,0.24617,-1.1447,18.215
0.0656,0.28217,-1.1793,18.443
0.0657,0.31574,-1.2107,18.636
0.0658,0.34547,-1.2379,18.789
0.0659,0.37485,-1.2639,18.923
0.066,0.40622,-1.2903,19.05
0.0661,0.43811,-1.3156,19.158
0.0662,0.47025,-1.3396,19.242
0.0663,0.50355,-1.3628,19.305
0.0664,0.53585,-1.3836,19.332
0.0665,0.56482,-1.4001,19.31
0.0666,0.59101,-1.4132,19.244
0.0667,0.61477,-1.423,19.132
0.0668,0.63531,-1.4291,18.972
0.0669,0.6538,-1.4327,18.773
0.067,0.67237,-1.4356,18.553
0.0671,0.69202,-1.4389,18.324
0.0672,0.71279,-1.4429,18.091
0.0673,0.734,-1.4469,17.856
0.0674,0.75401,-1.4496,17.607
0.0675,0.77185,-1.4503,17.339
0.0676,0.78756,-1.4491,17.053
0.0677,0.8014,-1.4459,16.745
0.0678,0.81451,-1.4416,16.418
0.0679,0.82833,-1.437,16.074
0.068,0.84204,-1.4312,15.704
0.0681,0.85404,-1.4225,15.296
0.0682,0.86442,-1.4112,14.853
0.0683,0.87317,-1.3973,14.379
0.0684,0.87881,-1.3796,13.871
0.0685,0.88155,-1.3585,13.334
0.0686,0.88325,-1.3356,12.78
0.0687,0.88423,-1.3108,12.211
0.0688,0.88424,-1.284,11.628
0.0689,0.88492,-1.2563,11.042
0.069,0.88707,-1.2282,10.457
0.0691,0.88894,-1.1982,9.8641
0.0692,0.88911,-1.1648,9.2561
0.0693,0.8877,-1.1284,8.6347
0.0694,0.88429,-1.0887,7.9985
0.0695,0.87872,-1.0459,7.349
0.0696,0.87234,-1.0015,6.6956
0.0697,0.86647,-0.95685,6.0439
0.0698,0.86075,-0.91171,5.3891
0.0699,0.85433,-0.86549,4.7247
0.07,0.84661,-0.81775,4.0462
0.0701,0.83697,-0.76811,3.3503
0.0702,0.82496,-0.71637,2.6362
0.0703,0.81051,-0.66256,1.9054
0.0704,0.79397,-0.60711,1.1618
0.0705,0.77626,-0.55093,0.41278
0.0706,0.75822,-0.49483,-0.33401
0.0707,0.74024,-0.43925,-1.073
0.0708,0.72275,-0.38476,-1.7979
0.0709,0.70607,-0.33173,-2.5045
0.071,0.68921,-0.27938,-3.1976
0.0711,0.67086,-0.2267,-3.8846
0.0712,0.65107,-0.17378,-4.5655
0.0713,0.63032,-0.12097,-5.2386
0.0714,0.60842,-0.068043,-5.9062
0.0715,0.58581,-0.015279,-6.5671
0.0716,0.56336,0.036716,-7.218
0.0717,0.54063,0.088465,-7.863
0.0718,0.51634,0.141,-8.5082
0.0719,0.49041,0.19427,-9.1517
0.072,0.46296,0.24803,-9.7895
0.0721,0.43385,0.3022,-10.419
0.0722,0.40314,0.35654,-11.037
0.0723,0.37159,0.41029,-11.637
0.0724,0.33979,0.46286,-12.217
0.0725,0.30788,0.51405,-12.773
0.0726,0.27599,0.56367,-13.304
0.0727,0.24433,0.61151,-13.809
0.0728,0.21252,0.65782,-14.29
0.0729,0.1798,0.70319,-14.75
0.073,0.14582,0.74788,-15.191
0.0731,0.1111,0.79138,-15.611
0.0732,0.076223,0.83321,-16.004
0.0733,0.04144,0.87329,-16.371
0.0734,0.0070982,0.91148,-16.71
0.0735,-0.026539,0.94775,-17.022
0.0736,-0.060068,0.98277,-17.312
0.0737,-0.094334,1.0174,-17.588
0.0738,-0.12937,1.0515,-17.847
0.0739,-0.1647,1.0849,-18.088
0.074,-0.20024,1.1174,-18.309
0.0741,-0.23574,1.1488,-18.507
0.0742,-0.27028,1.1784,-18.676
0.0743,-0.30324,1.2055,-18.812
0.0744,-0.33471,1.2303,-18.913
0.0745,-0.36464,1.2526,-18.977
0.0746,-0.39291,1.2724,-19.003
0.0747,-0.41999,1.2901,-18.996
0.0748,-0.44659,1.3062,-18.96
0.0749,-0.47267,1.3208,-18.896
0.075,-0.49778,1.3333,-18.804
0.0751,-0.52175,1.3438,-18.685
0.0752,-0.54462,1.3523,-18.54
0.0753,-0.56628,1.3589,-18.369
0.0754,-0.58692,1.3638,-18.175
0.0755,-0.60708,1.3675,-17.959
0.0756,-0.62711,1.3704,-17.724
0.0757,-0.64679,1.3721,-17.465
0.0758,-0.66571,1.3724,-17.181
0.0759,-0.68373,1.3712,-16.87
0.076,-0.70061,1.3684,-16.533
0.0761,-0.71588,1.3637,-16.167
0.0762,-0.72937,1.3569,-15.773
0.0763,-0.74131,1.3483,-15.353
0.0764,-0.75191,1.3381,-14.907
0.0765,-0.76111,1.3262,-14.437
0.0766,-0.76918,1.3127,-13.945
0.0767,-0.7764,1.2977,-13.432
0.0768,-0.78254,1.2809,-12.898
0.0769,-0.78712,1.2614,-12.341
0.077,-0.79017,1.2392,-11.763
0.0771,-0.79197,1.2144,-11.166
0.0772,-0.79269,1.1869,-10.556
0.0773,-0.7926,1.1569,-9.9334
0.0774,-0.79229,1.125,-9.3042
0.0775,-0.79191,1.0913,-8.6691
0.0776,-0.7911,1.0556,-8.0259
0.0777,-0.78951,1.0178,-7.3729
0.0778,-0.78703,0.97801,-6.7095
0.0779,-0.78336,0.93609,-6.0341
0.078,-0.77812,0.89197,-5.3451
0.0781,-0.77131,0.84587,-4.6431
0.0782,-0.7632,0.79822,-3.9308
0.0783,-0.75389,0.74933,-3.2103
0.0784,-0.74344,0.69946,-2.4843
0.0785,-0.73204,0.64895,-1.7566
0.0786,-0.71983,0.59804,-1.0298
0.0787,-0.70656,0.5466,-0.30441
0.0788,-0.69198,0.4945,0.41924
0.0789,-0.6762,0.44184,1.1395
0.079,-0.65926,0.38873,1.8537
0.0791,-0.64194,0.33568,2.5611
0.0792,-0.6238,0.28237,3.2618
0.0793,-0.60522,0.22909,3.9539
0.0794,-0.58643,0.17597,4.6365
0.0795,-0.56696,0.12261,5.3125
0.0796,-0.54664,0.068921,5.9817
0.0797,-0.52567,0.015124,6.6418
0.0798,-0.50387,-0.03886,7.2931
0.0799,-0.48105,-0.093093,7.9363
0.08,-0.45747,-0.14722,8.5691
0.0801,-0.4333,-0.20098,9.1901
0.0802,-0.4083,-0.25445,9.7999
0.0803,-0.38239,-0.30755,10.398
0.0804,-0.35566,-0.36007,10.983
0.0805,-0.32792,-0.41209,11.554
0.0806,-0.29893,-0.46369,12.112
0.0807,-0.26869,-0.51475,12.656
0.0808,-0.2374,-0.56507,13.181
0.0809,-0.2053,-0.61438,13.686
0.081,-0.17268,-0.66242,14.169
0.0811,-0.13965,-0.70917,14.629
0.0812,-0.10622,-0.75465,15.066
0.0813,-0.072426,-0.79893,15.481
0.0814,-0.038193,-0.84217,15.876
0.0815,-0.0034108,-0.88456,16.252
0.0816,0.031751,-0.926,16.609
0.0817,0.067101,-0.96644,16.947
0.0818,0.1026,-1.0059,17.265
0.0819,0.13802,-1.0441,17.563
0.082,0.17295,-1.0807,17.837
0.0821,0.20735,-1.1156,18.086
0.0822,0.24136,-1.149,18.311
0.0823,0.27484,-1.1806,18.509
0.0824,0.3077,-1.2104,18.681
0.0825,0.34016,-1.2385,18.828
0.0826,0.37219,-1.2649,18.949
0.0827,0.40348,-1.2893,19.043
0.0828,0.43388,-1.3117,19.109
0.0829,0.46345,-1.3322,19.148
0.083,0.49208,-1.3507,19.16
0.0831,0.51969,-1.3672,19.144
0.0832,0.54648,-1.3821,19.102
0.0833,0.57252,-1.3953,19.035
0.0834,0.5977,-1.407,18.941
0.0835,0.62192,-1.417,18.821
0.0836,0.64517,-1.4255,18.675
0.0837,0.66739,-1.4324,18.504
0.0838,0.68844,-1.4376,18.308
0.0839,0.70831,-1.4413,18.087
0.084,0.72702,-1.4433,17.843
0.0841,0.7447,-1.4438,17.574
0.0842,0.76137,-1.4428,17.283
0.0843,0.77698,-1.4403,16.968
0.0844,0.79154,-1.4362,16.629
0.0845,0.80501,-1.4305,16.267
0.0846,0.81722,-1.423,15.879
0.0847,0.82804,-1.4136,15.467
0.0848,0.8376,-1.4023,15.032
0.0849,0.84602,-1.3893,14.575
0.085,0.85331,-1.3746,14.098
0.0851,0.85962,-1.358,13.604
0.0852,0.86513,-1.3397,13.093
0.0853,0.86979,-1.3195,12.566
0.0854,0.87342,-1.297,12.023
0.0855,0.87605,-1.2721,11.464
0.0856,0.87765,-1.2447,10.89
0.0857,0.87808,-1.2144,10.3
0.0858,0.87731,-1.1812,9.6951
0.0859,0.87548,-1.1452,9.0757
0.086,0.87265,-1.1068,8.4429
0.0861,0.86879,-1.066,7.7976
0.0862,0.86395,-1.0231,7.1411
0.0863,0.85815,-0.97846,6.4745
0.0864,0.85131,-0.93223,5.7983
0.0865,0.84336,-0.88456,5.1132
0.0866,0.83432,-0.83565,4.4201
0.0867,0.82426,-0.78568,3.7203
0.0868,0.81324,-0.73483,3.0151
0.0869,0.80128,-0.68324,2.3055
0.087,0.78845,-0.63105,1.5927
0.0871,0.77477,-0.57841,0.87812
0.0872,0.76021,-0.52538,0.16265
0.0873,0.74468,-0.47198,-0.55281
0.0874,0.72821,-0.41833,-1.267
0.0875,0.71083,-0.36453,-1.9785
0.0876,0.69252,-0.3106,-2.6868
0.0877,0.67328,-0.25657,-3.3911
0.0878,0.65323,-0.20257,-4.0905
0.0879,0.63241,-0.14863,-4.7842
0.088,0.61076,-0.094703,-5.4723
0.0881,0.58827,-0.040788,-6.1543
0.0882,0.56496,0.013074,-6.8294
0.0883,0.54078,0.066908,-7.4968
0.0884,0.51571,0.12072,-8.1557
0.0885,0.48983,0.17438,-8.8042
0.0886,0.46327,0.22773,-9.4403
0.0887,0.43605,0.28068,-10.063
0.0888,0.40816,0.33315,-10.67
0.0889,0.37964,0.385,-11.26
0.089,0.35043,0.43619,-11.834
0.0891,0.32041,0.4867,-12.391
0.0892,0.28953,0.53648,-12.93
0.0893,0.25779,0.58543,-13.451
0.0894,0.22523,0.63348,-13.953
0.0895,0.19188,0.68053,-14.435
0.0896,0.15784,0.72647,-14.897
0.0897,0.12329,0.77117,-15.338
0.0898,0.08831,0.81455,-15.756
0.0899,0.052993,0.85657,-16.151
0.09,0.017438,0.89721,-16.522
0.0901,-0.018227,0.93646,-16.87
0.0902,-0.053903,0.97433,-17.193
0.0903,-0.089479,1.0108,-17.492
0.0904,-0.12478,1.0458,-17.765
0.0905,-0.1596,1.0792,-18.013
0.0906,-0.19385,1.111,-18.234
0.0907,-0.22745,1.1412,-18.428
0.0908,-0.2603,1.1698,-18.594
0.0909,-0.29235,1.1966,-18.732
0.091,-0.32363,1.2218,-18.842
0.0911,-0.35412,1.2453,-18.924
0.0912,-0.38376,1.267,-18.977
0.0913,-0.41253,1.2869,-19.002
0.0914,-0.44046,1.305,-18.998
0.0915,-0.46752,1.3213,-18.966
0.0916,-0.49368,1.3357,-18.907
0.0917,-0.51898,1.3484,-18.82
0.0918,-0.54346,1.3592,-18.706
0.0919,-0.56709,1.3683,-18.565
0.092,-0.58984,1.3756,-18.397
0.0921,-0.61169,1.3811,-18.202
0.0922,-0.63255,1.3849,-17.979
0.0923,-0.65232,1.3869,-17.729
0.0924,-0.67093,1.3871,-17.451
0.0925,-0.68834,1.3856,-17.146
0.0926,-0.70454,1.3824,-16.815
0.0927,-0.71953,1.3777,-16.458
0.0928,-0.73332,1.3715,-16.076
0.0929,-0.74594,1.3638,-15.671
0.093,-0.75741,1.3547,-15.243
0.0931,-0.76768,1.3441,-14.793
0.0932,-0.77677,1.3318,-14.32
0.0933,-0.7847,1.318,-13.827
0.0934,-0.79148,1.3023,-13.314
0.0935,-0.79715,1.2846,-12.781
0.0936,-0.8018,1.2648,-12.229
0.0937,-0.80549,1.2427,-11.659
0.0938,-0.80824,1.2182,-11.073
0.0939,-0.81006,1.1911,-10.47
0.094,-0.81095,1.1614,-9.8527
0.0941,-0.81089,1.1291,-9.2206
0.0942,-0.80983,1.0942,-8.5748
0.0943,-0.80773,1.0567,-7.9159
0.0944,-0.8046,1.0169,-7.2452
0.0945,-0.80042,0.97502,-6.5637
0.0946,-0.79516,0.93119,-5.8725
0.0947,-0.78884,0.88572,-5.1729
0.0948,-0.78147,0.83884,-4.4664
0.0949,-0.77302,0.79078,-3.7542
0.095,-0.7635,0.74173,-3.0379
0.0951,-0.75291,0.69188,-2.319
0.0952,-0.74129,0.64137,-1.5989
0.0953,-0.72867,0.59033,-0.87883
0.0954,-0.71507,0.53882,-0.16001
0.0955,-0.70055,0.48693,0.55653
0.0956,-0.68515,0.43468,1.27
0.0957,-0.66887,0.38208,1.9797
0.0958,-0.65173,0.32911,2.6854
0.0959,-0.63374,0.27578,3.3863
0.096,-0.61492,0.22211,4.0818
0.0961,-0.59526,0.16812,4.7714
0.0962,-0.57482,0.11387,5.4541
0.0963,-0.55365,0.05945,6.1288
0.0964,-0.53178,0.0049625,6.7945
0.0965,-0.5092,-0.04951,7.4503
0.0966,-0.48593,-0.10386,8.0952
0.0967,-0.46197,-0.15798,8.7284
0.0968,-0.43725,-0.2118,9.3492
0.0969,-0.41173,-0.26524,9.957
0.097,-0.38537,-0.3182,10.551
0.0971,-0.35813,-0.37059,11.13
0.0972,-0.32999,-0.42235,11.694
0.0973,-0.30091,-0.4734,12.242
0.0974,-0.27091,-0.52366,12.774
0.0975,-0.24001,-0.57308,13.287
0.0976,-0.20821,-0.62165,13.783
0.0977,-0.17556,-0.66933,14.261
0.0978,-0.14213,-0.71609,14.719
0.0979,-0.10801,-0.76191,15.159
0.098,-0.07331,-0.80673,15.578
0.0981,-0.038165,-0.85051,15.978
0.0982,-0.0027381,-0.89314,16.357
0.0983,0.032831,-0.93459,16.714
0.0984,0.068412,-0.9748,17.049
0.0985,0.10387,-1.0137,17.361
0.0986,0.13909,-1.0511,17.649
0.0987,0.17399,-1.0871,17.914
0.0988,0.20849,-1.1214,18.153
0.0989,0.24251,-1.1541,18.367
0.099,0.27598,-1.185,18.556
0.0991,0.30885,-1.2141,18.718
0.0992,0.3411,-1.2414,18.854
0.0993,0.37266,-1.2668,18.965
0.0994,0.40352,-1.2904,19.049
0.0995,0.43368,-1.3122,19.107
0.0996,0.46309,-1.3322,19.139
0.0997,0.49172,-1.3505,19.146
0.0998,0.51953,-1.3669,19.126
0.0999,0.54647,-1.3817,19.079
0.1,0.57248,-1.3947,19.007
0.1001,0.5975,-1.406,18.908
0.1002,0.62149,-1.4156,18.782
0.1003,0.64442,-1.4236,18.63
0.1004,0.66627,-1.4299,18.452
0.1005,0.68701,-1.4345,18.248
0.1006,0.70664,-1.4375,18.019
0.1007,0.72515,-1.4389,17.764
0.1008,0.74253,-1.4387,17.485
0.1009,0.75876,-1.4368,17.182
0.101,0.77385,-1.4334,16.854
0.1011,0.78781,-1.4283,16.503
0.1012,0.80064,-1.4217,16.129
0.1013,0.81236,-1.4134,15.733
0.1014,0.82299,-1.4036,15.315
0.1015,0.83254,-1.3922,14.877
0.1016,0.84102,-1.3791,14.419
0.1017,0.84842,-1.3643,13.941
0.1018,0.85475,-1.3476,13.444
0.1019,0.86003,-1.3289,12.93
0.102,0.86424,-1.3079,12.398
0.1021,0.86738,-1.2845,11.848
0.1022,0.86945,-1.2585,11.282
0.1023,0.87043,-1.2298,10.7
0.1024,0.87035,-1.1982,10.103
0.1025,0.8692,-1.1639,9.4906
0.1026,0.86699,-1.1268,8.8646
0.1027,0.86372,-1.0873,8.2257
0.1028,0.85942,-1.0455,7.5747
0.1029,0.85411,-1.0017,6.9129
0.103,0.8478,-0.95624,6.2413
0.1031,0.8405,-0.90926,5.5609
0.1032,0.83224,-0.86103,4.8728
0.1033,0.82304,-0.81173,4.1781
0.1034,0.81289,-0.76152,3.4776
0.1035,0.80178,-0.71052,2.7723
0.1036,0.78971,-0.65884,2.0631
0.1037,0.77667,-0.60656,1.351
0.1038,0.76266,-0.55378,0.63691
0.1039,0.74767,-0.50057,-0.078203
0.104,0.7317,-0.44702,-0.7933
0.1041,0.71478,-0.3932,-1.5075
0.1042,0.69691,-0.33916,-2.2198
0.1043,0.67812,-0.28498,-2.9293
0.1044,0.65841,-0.2307,-3.6352
0.1045,0.63784,-0.17636,-4.3366
0.1046,0.61642,-0.12201,-5.0326
0.1047,0.5942,-0.067698,-5.7222
0.1048,0.57121,-0.013465,-6.4045
0.1049,0.54746,0.040638,-7.0782
0.105,0.52301,0.094561,-7.7424
0.1051,0.49787,0.14825,-8.3959
0.1052,0.47205,0.20164,-9.0376
0.1053,0.44553,0.25469,-9.6667
0.1054,0.41828,0.30734,-10.282
0.1055,0.39028,0.35953,-10.883
0.1056,0.36148,0.41121,-11.469
0.1057,0.33185,0.46229,-12.038
0.1058,0.30135,0.5127,-12.591
0.1059,0.26998,0.56234,-13.126
0.106,0.23777,0.61112,-13.643
0.1061,0.20473,0.65896,-14.141
0.1062,0.17095,0.70575,-14.618
0.1063,0.13651,0.75141,-15.075
0.1064,0.10151,0.79585,-15.51
0.1065,0.066088,0.83899,-15.922
0.1066,0.030378,0.88076,-16.311
0.1067,-0.0054675,0.92112,-16.676
0.1068,-0.041307,0.96006,-17.017
0.1069,-0.077003,0.99751,-17.332
0.107,-0.11242,1.0334,-17.622
0.1071,-0.14744,1.0678,-17.886
0.1072,-0.18198,1.1006,-18.123
0.1073,-0.21594,1.1318,-18.334
0.1074,-0.24926,1.1614,-18.518
0.1075,-0.28188,1.1893,-18.674
0.1076,-0.31377,1.2156,-18.803
0.1077,-0.34489,1.2402,-18.904
0.1078,-0.37521,1.2631,-18.978
0.1079,-0.40473,1.2843,-19.024
0.108,-0.43343,1.3037,-19.041
0.1081,-0.46131,1.3213,-19.031
0.1082,-0.48835,1.3371,-18.993
0.1083,-0.51454,1.3511,-18.927
0.1084,-0.53985,1.3632,-18.833
0.1085,-0.56424,1.3735,-18.711
0.1086,-0.58769,1.3819,-18.56
0.1087,-0.61014,1.3885,-18.382
0.1088,-0.63156,1.3932,-18.176
0.1089,-0.65192,1.3962,-17.942
0.109,-0.67117,1.3974,-17.681
0.1091,-0.68928,1.3969,-17.393
0.1092,-0.70625,1.3948,-17.079
0.1093,-0.72204,1.3912,-16.74
0.1094,-0.73665,1.386,-16.375
0.1095,-0.75008,1.3793,-15.987
0.1096,-0.76231,1.3711,-15.574
0.1097,-0.77337,1.3614,-15.139
0.1098,-0.78326,1.3502,-14.682
0.1099,-0.79201,1.3374,-14.204
0.11,-0.79962,1.3229,-13.704
0.1101,-0.80614,1.3066,-13.185
0.1102,-0.81161,1.2882,-12.647
0.1103,-0.81607,1.2677,-12.089
0.1104,-0.81951,1.2447,-11.514
0.1105,-0.82194,1.2193,-10.922
0.1106,-0.82339,1.1913,-10.314
0.1107,-0.82383,1.1605,-9.6895
0.1108,-0.82326,1.1271,-9.0508
0.1109,-0.82168,1.0911,-8.3986
0.111,-0.81908,1.0526,-7.7338
0.1111,-0.81545,1.0119,-7.0577
0.1112,-0.81078,0.96909,-6.3715
0.1113,-0.80506,0.9245,-5.6766
0.1114,-0.79828,0.87836,-4.9741
0.1115,-0.79045,0.83092,-4.2656
0.1116,-0.78158,0.78239,-3.5523
0.1117,-0.77167,0.73296,-2.8355
0.1118,-0.76073,0.68278,-2.1166
0.1119,-0.74879,0.63198,-1.3965
0.112,-0.73586,0.58064,-0.67652
0.1121,-0.72195,0.52882,0.042492
0.1122,-0.7071,0.47658,0.7596
0.1123,-0.70415,0.43859,1.2596
0.1124,-0.72175,0.42482,1.2968
0.1125,-0.73284,0.40506,1.3313
0.1126,-0.73899,0.38108,1.3637
0.1127,-0.74096,0.35338,1.3943
0.1128,-0.73633,0.3202,1.4222
0.1129,-0.72989,0.28646,1.4492
0.113,-0.7258,0.25512,1.4765
0.1131,-0.72003,0.22252,1.5021
0.1132,-0.71184,0.18843,1.5261
0.1133,-0.70542,0.15623,1.5493
0.1134,-0.69823,0.12387,1.5712
0.1135,-0.68526,0.08791,1.5906
0.1136,-0.66901,0.050783,1.6085
0.1137,-0.65226,0.014685,1.6257
0.1138,-0.63368,-0.021172,1.6419
0.1139,-0.61603,-0.054241,1.6582
0.114,-0.60426,-0.08097,1.6757
0.1141,-0.5969,-0.10302,1.6939
0.1142,-0.59073,-0.12309,1.712
0.1143,-0.58523,-0.14181,1.7295
0.1144,-0.577,-0.16209,1.7456
0.1145,-0.56217,-0.18679,1.759
0.1146,-0.54383,-0.21343,1.7706
0.1147,-0.52522,-0.23958,1.7813
0.1148,-0.50422,-0.26707,1.7904
0.1149,-0.48114,-0.29571,1.7977
0.115,-0.45904,-0.32326,1.804
0.1151,-0.43528,-0.35165,1.8085
0.1152,-0.40669,-0.38309,1.8105
0.1153,-0.37625,-0.41505,1.8106
0.1154,-0.3447,-0.44687,1.8092
0.1155,-0.3079,-0.48148,1.8049
0.1156,-0.26806,-0.51704,1.7984
0.1157,-0.23192,-0.54833,1.7912
0.1158,-0.19978,-0.57513,1.7833
0.1159,-0.17004,-0.59868,1.7741
0.116,-0.146,-0.61659,1.7646
0.1161,-0.12707,-0.62949,1.7546
0.1162,-0.10653,-0.64261,1.7427
0.1163,-0.082599,-0.65729,1.7285
0.1164,-0.058263,-0.67137,1.713
0.1165,-0.032597,-0.68571,1.6959
0.1166,-0.0046609,-0.70113,1.6768
0.1167,0.021886,-0.71498,1.6566
0.1168,0.046165,-0.72675,1.6356
0.1169,0.071778,-0.73915,1.6128
0.117,0.099076,-0.75236,1.5882
0.1171,0.12678,-0.76531,1.5623
0.1172,0.15742,-0.7799,1.5343
0.1173,0.1928,-0.79737,1.5039
0.1174,0.23072,-0.81603,1.4716
0.1175,0.27002,-0.83498,1.4379
0.1176,0.31003,-0.85364,1.4028
0.1177,0.34689,-0.869,1.3673
0.1178,0.37807,-0.87913,1.332
0.1179,0.40547,-0.88542,1.2966
0.118,0.43019,-0.88864,1.2608
0.1181,0.45205,-0.88864,1.2248
0.1182,0.47348,-0.88726,1.1881
0.1183,0.49581,-0.88554,1.1506
0.1184,0.5163,-0.88152,1.1131
0.1185,0.53406,-0.87467,1.0759
0.1186,0.55116,-0.86667,1.0387
0.1187,0.56714,-0.85729,1.0016
0.1188,0.58115,-0.84598,0.96485
0.1189,0.59624,-0.83506,0.92761
0.119,0.61437,-0.82602,0.88928
0.1191,0.63388,-0.81758,0.85022
0.1192,0.65542,-0.81021,0.81032
0.1193,0.68118,-0.80549,0.76898
0.1194,0.70863,-0.80152,0.7269
0.1195,0.73397,-0.79537,0.68514
0.1196,0.75739,-0.78712,0.64377
0.1197,0.77875,-0.77668,0.60282
0.1198,0.79583,-0.76241,0.56298
0.1199,0.80988,-0.74526,0.52397
0.12,0.8241,-0.72772,0.48497
0.1201,0.83765,-0.70923,0.44618
0.1202,0.84839,-0.68823,0.40822
0.1203,0.85699,-0.66525,0.37096
0.1204,0.86318,-0.64014,0.3345
0.1205,0.86481,-0.61136,0.29949
0.1206,0.86253,-0.57951,0.26586
0.1207,0.85888,-0.5466,0.23299
0.1208,0.8542,-0.51305,0.20084
0.1209,0.84906,-0.47948,0.16934
0.121,0.84603,-0.448,0.13785
0.1211,0.84608,-0.41949,0.10612
0.1212,0.84813,-0.39329,0.074421
0.1213,0.85197,-0.36926,0.042802
0.1214,0.85671,-0.34678,0.011435
0.1215,0.85975,-0.32381,-0.019054
0.1216,0.86021,-0.29963,-0.048406
0.1217,0.85919,-0.27499,-0.076898
0.1218,0.85657,-0.24976,-0.10448
0.1219,0.85209,-0.22372,-0.13106
0.122,0.84684,-0.19771,-0.15686
0.1221,0.84023,-0.17132,-0.18171
0.1222,0.8299,-0.14282,-0.20497
0.1223,0.81561,-0.11208,-0.2265
0.1224,0.79823,-0.079798,-0.2465
0.1225,0.77682,-0.045341,-0.26473
