0.05,1.3877,-0.28778,-1.0713
0.0501,1.3689,-0.2344,-1.1072
0.0502,1.3481,-0.1807,-1.1416
0.0503,1.3254,-0.12675,-1.1746
0.0504,1.3007,-0.072657,-1.2062
0.0505,1.2741,-0.018484,-1.2361
0.0506,1.2458,0.035684,-1.2645
0.0507,1.2157,0.089766,-1.2913
0.0508,1.1839,0.14368,-1.3163
0.0509,1.1505,0.19737,-1.3396
0.051,1.1155,0.25074,-1.361
0.0511,1.0789,0.30371,-1.3805
0.0512,1.0408,0.35623,-1.3981
0.0513,1.0013,0.40823,-1.4137
0.0514,0.96033,0.45966,-1.4272
0.0515,0.91802,0.51045,-1.4386
0.0516,0.87443,0.56054,-1.4479
0.0517,0.82961,0.60987,-1.4551
0.0518,0.78366,0.65838,-1.4601
0.0519,0.73665,0.70602,-1.463
0.052,0.68866,0.75273,-1.4637
0.0521,0.63979,0.79845,-1.4623
0.0522,0.59012,0.84311,-1.4587
0.0523,0.53974,0.88667,-1.453
0.0524,0.48871,0.92906,-1.4451
0.0525,0.43713,0.97022,-1.435
0.0526,0.38505,1.0101,-1.4228
0.0527,0.33254,1.0486,-1.4085
0.0528,0.27965,1.0858,-1.392
0.0529,0.22644,1.1215,-1.3734
0.053,0.17296,1.1557,-1.3528
0.0531,0.11926,1.1883,-1.3301
0.0532,0.065398,1.2194,-1.3053
0.0533,0.01143,1.2488,-1.2786
0.0534,-0.04258,1.2765,-1.25
0.0535,-0.096563,1.3025,-1.2195
0.0536,-0.15045,1.3268,-1.1872
0.0537,-0.20415,1.3492,-1.1531
0.0538,-0.25759,1.3698,-1.1174
0.0539,-0.31067,1.3885,-1.0802
0.054,-0.36331,1.4053,-1.0414
0.0541,-0.41543,1.4202,-1.0013
0.0542,-0.46694,1.4331,-0.95986
0.0543,-0.51776,1.444,-0.91721
0.0544,-0.56781,1.4528,-0.87343
0.0545,-0.617,1.4596,-0.82858
0.0546,-0.66528,1.4643,-0.78274
0.0547,-0.71258,1.4669,-0.73597
0.0548,-0.75885,1.4673,-0.68831
0.0549,-0.80405,1.4655,-0.6398
0.055,-0.84814,1.4616,-0.5905
0.0551,-0.89109,1.4554,-0.54044
0.0552,-0.93286,1.447,-0.48965
0.0553,-0.97342,1.4364,-0.43819
0.0554,-1.0127,1.4236,-0.3861
0.0555,-1.0508,1.4086,-0.33344
0.0556,-1.0874,1.3914,-0.28028
0.0557,-1.1228,1.3722,-0.22669
0.0558,-1.1566,1.3508,-0.17276
0.0559,-1.189,1.3275,-0.11857
0.056,-1.2198,1.3022,-0.064226
0.0561,-1.249,1.275,-0.009829
0.0562,-1.2765,1.246,0.044523
0.0563,-1.3022,1.2152,0.098729
0.0564,-1.3261,1.1827,0.15269
0.0565,-1.3481,1.1486,0.20631
0.0566,-1.3682,1.1129,0.2595
0.0567,-1.3864,1.0757,0.3122
0.0568,-1.4025,1.037,0.36435
0.0569,-1.4167,0.99701,0.4159
0.057,-1.4288,0.95566,0.46681
0.0571,-1.4388,0.91305,0.51704
0.0572,-1.4468,0.86924,0.56655
0.0573,-1.4527,0.82429,0.6153
0.0574,-1.4566,0.77825,0.66324
0.0575,-1.4584,0.7312,0.71034
0.0576,-1.4581,0.68318,0.75654
0.0577,-1.4557,0.63427,0.8018
0.0578,-1.4512,0.58454,0.84605
0.0579,-1.4446,0.53405,0.88922
0.058,-1.4359,0.48288,0.93125
0.0581,-1.425,0.43109,0.97206
0.0582,-1.4119,0.37876,1.0116
0.0583,-1.3966,0.32596,1.0497
0.0584,-1.3793,0.27277,1.0864
0.0585,-1.3597,0.21926,1.1215
0.0586,-1.3381,0.16551,1.1551
0.0587,-1.3144,0.11159,1.187
0.0588,-1.2886,0.057572,1.2172
0.0589,-1.261,0.0035318,1.2457
0.059,-1.2314,-0.05046,1.2725
0.0591,-1.2,-0.10433,1.2974
0.0592,-1.1669,-0.158,1.3206
0.0593,-1.1322,-0.21139,1.3419
0.0594,-1.0959,-0.26444,1.3614
0.0595,-1.0582,-0.31708,1.3791
0.0596,-1.019,-0.36926,1.3949
0.0597,-0.9786,-0.4209,1.4089
0.0598,-0.93693,-0.47196,1.4209
0.0599,-0.89408,-0.52234,1.431
0.06,-0.85012,-0.572,1.4391
0.0601,-0.8051,-0.62085,1.4452
0.0602,-0.75906,-0.66884,1.4492
0.0603,-0.71204,-0.7159,1.4511
0.0604,-0.66408,-0.76197,1.4508
0.0605,-0.61523,-0.807,1.4483
0.0606,-0.56553,-0.85091,1.4435
0.0607,-0.51503,-0.89366,1.4365
0.0608,-0.46378,-0.9352,1.4272
0.0609,-0.41186,-0.97546,1.4156
0.061,-0.35933,-1.0144,1.4017
0.0611,-0.30627,-1.052,1.3857
0.0612,-0.25277,-1.0881,1.3674
0.0613,-0.19892,-1.1228,1.347
0.0614,-0.14482,-1.156,1.3246
0.0615,-0.090573,-1.1877,1.3002
0.0616,-0.036272,-1.2177,1.2739
0.0617,0.017983,-1.246,1.2458
0.0618,0.072103,-1.2727,1.216
0.0619,0.126,-1.2977,1.1845
0.062,0.1796,-1.3208,1.1514
0.0621,0.23282,-1.3422,1.1167
0.0622,0.28562,-1.3617,1.0806
0.0623,0.33795,-1.3793,1.043
0.0624,0.38977,-1.395,1.004
0.0625,0.44104,-1.4087,0.96365
0.0626,0.49171,-1.4204,0.92198
0.0627,0.54174,-1.4301,0.87904
0.0628,0.59108,-1.4377,0.83486
0.0629,0.63967,-1.4433,0.7895
0.063,0.68747,-1.4467,0.74301
0.0631,0.73439,-1.4479,0.69547
0.0632,0.78039,-1.447,0.64694
0.0633,0.82537,-1.4439,0.59751
0.0634,0.86927,-1.4386,0.54725
0.0635,0.91201,-1.431,0.49626
0.0636,0.95352,-1.4212,0.44463
0.0637,0.9937,-1.4092,0.39246
0.0638,1.0745,-1.4481,-2.3538
0.0639,1.1491,-1.4749,-3.6271
0.064,1.2174,-1.4947,-4.565
0.0641,1.2826,-1.513,-5.3513
0.0642,1.3673,-1.5497,-5.7739
0.0643,1.4408,-1.5704,-6.2968
0.0644,1.4845,-1.563,-7.2143
0.0645,1.541,-1.5713,-8.1203
0.0646,1.6173,-1.5984,-9.0044
0.0647,1.6774,-1.6109,-10.166
0.0648,1.7376,-1.6245,-11.316
0.0649,1.8035,-1.6412,-12.375
0.065,1.867,-1.654,-13.329
0.0651,1.9242,-1.6606,-14.152
0.0652,1.9876,-1.6714,-14.75
0.0653,2.0403,-1.6684,-15.483
0.0654,2.0657,-1.6402,-16.664
0.0655,2.0883,-1.6116,-18.074
0.0656,2.1224,-1.595,-19.539
0.0657,2.1579,-1.5819,-21.016
0.0658,2.2016,-1.5788,-22.251
0.0659,2.2596,-1.5874,-23.146
0.066,2.3095,-1.5866,-23.991
0.0661,2.3483,-1.574,-24.827
0.0662,2.3921,-1.5639,-25.419
0.0663,2.4268,-1.5444,-25.874
0.0664,2.4401,-1.5077,-26.414
0.0665,2.4578,-1.4789,-26.958
0.0666,2.4853,-1.4656,-27.549
0.0667,2.4995,-1.4482,-28.365
0.0668,2.5081,-1.4308,-29.232
0.0669,2.5296,-1.4264,-29.9
0.067,2.544,-1.4171,-30.533
0.0671,2.5359,-1.3877,-31.287
0.0672,2.5185,-1.3493,-32.05
0.0673,2.4914,-1.3032,-32.826
0.0674,2.4446,-1.2426,-33.671
0.0675,2.3969,-1.1848,-34.379
0.0676,2.3661,-1.1463,-34.84
0.0677,2.3406,-1.1168,-35.238
0.0678,2.3121,-1.0872,-35.632
0.0679,2.2855,-1.0597,-35.91
0.068,2.2542,-1.0281,-36.117
0.0681,2.2113,-0.98645,-36.29
0.0682,2.1637,-0.94133,-36.33
0.0683,2.1127,-0.89349,-36.292
0.0684,2.0541,-0.83999,-36.335
0.0685,1.9994,-0.79171,-36.404
0.0686,1.956,-0.75492,-36.435
0.0687,1.9167,-0.72279,-36.474
0.0688,1.8791,-0.69312,-36.509
0.0689,1.8429,-0.66508,-36.519
0.069,1.7953,-0.62631,-36.618
0.0691,1.7303,-0.57213,-36.811
0.0692,1.6597,-0.51378,-36.917
0.0693,1.5882,-0.45535,-36.866
0.0694,1.5136,-0.39467,-36.709
0.0695,1.4454,-0.34028,-36.407
0.0696,1.3895,-0.29723,-35.979
0.0697,1.3347,-0.25528,-35.558
0.0698,1.2744,-0.20875,-35.147
0.0699,1.2143,-0.16214,-34.631
0.07,1.1512,-0.11251,-34.047
0.0701,1.0789,-0.054179,-33.485
0.0702,1.0042,0.0078598,-32.9
0.0703,0.9323,0.069342,-32.273
0.0704,0.86017,0.13295,-31.666
0.0705,0.79208,0.19582,-31.051
0.0706,0.73374,0.25339,-30.39
0.0707,0.67838,0.3097,-29.769
0.0708,0.61686,0.3703,-29.249
0.0709,0.54981,0.43359,-28.77
0.071,0.47748,0.49772,-28.277
0.0711,0.39902,0.56279,-27.724
0.0712,0.32043,0.6244,-27.023
0.0713,0.24626,0.6776,-26.16
0.0714,0.17394,0.72177,-25.218
0.0715,0.10395,0.75652,-24.234
0.0716,0.037422,0.78173,-23.214
0.0717,-0.030739,0.80126,-22.209
0.0718,-0.10281,0.8168,-21.232
0.0719,-0.17502,0.82509,-20.247
0.072,-0.24869,0.82693,-19.28
0.0721,-0.32605,0.82654,-18.353
0.0722,-0.40157,0.82267,-17.391
0.0723,-0.47179,0.81433,-16.361
0.0724,-0.54048,0.80564,-15.324
0.0725,-0.6066,0.79662,-14.294
0.0726,-0.66788,0.78618,-13.274
0.0727,-0.73191,0.78117,-12.358
0.0728,-0.79843,0.781,-11.484
0.0729,-0.86512,0.78392,-10.614
0.073,-0.92796,0.7862,-9.6941
0.0731,-0.98807,0.78831,-8.7258
0.0732,-1.0444,0.78912,-7.6973
0.0733,-1.0942,0.78636,-6.5959
0.0734,-1.1406,0.78221,-5.4658
0.0735,-1.1868,0.77904,-4.346
0.0736,-1.231,0.7754,-3.2362
0.0737,-1.2728,0.77104,-2.1613
0.0738,-1.3148,0.76732,-1.1581
0.0739,-1.356,0.76326,-0.21662
0.074,-1.3939,0.75684,0.68831
0.0741,-1.4285,0.74762,1.5662
0.0742,-1.4597,0.73508,2.4366
0.0743,-1.4866,0.71913,3.3147
0.0744,-1.5113,0.70164,4.1765
0.0745,-1.5358,0.68416,4.9998
0.0746,-1.56,0.66663,5.7916
0.0747,-1.5835,0.6495,6.5558
0.0748,-1.606,0.632,7.3008
0.0749,-1.6239,0.61127,8.0584
0.075,-1.6355,0.58645,8.8365
0.0751,-1.6421,0.55918,9.611
0.0752,-1.6441,0.52968,10.376
0.0753,-1.6412,0.49816,11.132
0.0754,-1.6358,0.46723,11.851
0.0755,-1.6295,0.43809,12.512
0.0756,-1.6206,0.40885,13.126
0.0757,-1.6084,0.37913,13.683
0.0758,-1.5946,0.34969,14.17
0.0759,-1.5773,0.31837,14.608
0.076,-1.5544,0.28309,15.025
0.0761,-1.5274,0.24527,15.408
0.0762,-1.4985,0.20634,15.748
0.0763,-1.4676,0.16627,16.055
0.0764,-1.4359,0.12642,16.318
0.0765,-1.4053,0.088215,16.528
0.0766,-1.3743,0.050157,16.71
0.0767,-1.3403,0.010322,16.887
0.0768,-1.3029,-0.031532,17.054
0.0769,-1.2616,-0.075743,17.21
0.077,-1.2159,-0.12254,17.353
0.0771,-1.1665,-0.17027,17.451
0.0772,-1.1157,-0.21804,17.517
0.0773,-1.0639,-0.26455,17.53
0.0774,-1.011,-0.30937,17.481
0.0775,-0.95728,-0.35258,17.364
0.0776,-0.9022,-0.39501,17.185
0.0777,-0.84468,-0.4375,16.952
0.0778,-0.78428,-0.48073,16.676
0.0779,-0.72066,-0.5255,16.367
0.078,-0.65427,-0.57169,16.033
0.0781,-0.58682,-0.61777,15.662
0.0782,-0.51981,-0.66286,15.252
0.0783,-0.45347,-0.70703,14.813
0.0784,-0.3881,-0.74999,14.347
0.0785,-0.32343,-0.79201,13.858
0.0786,-0.2577,-0.83485,13.36
0.0787,-0.18958,-0.87949,12.857
0.0788,-0.11969,-0.92506,12.332
0.0789,-0.048481,-0.97101,11.777
0.079,0.024148,-1.0173,11.193
0.0791,0.097045,-1.0625,10.568
0.0792,0.16879,-1.1051,9.8935
0.0793,0.23997,-1.1452,9.1759
0.0794,0.31141,-1.1833,8.4226
0.0795,0.38298,-1.2194,7.6329
0.0796,0.45507,-1.2538,6.8148
0.0797,0.5289,-1.2878,5.981
0.0798,0.60427,-1.3211,5.1304
0.0799,0.67989,-1.353,4.2563
0.08,0.75488,-1.3828,3.3595
0.0801,0.82867,-1.4102,2.4425
0.0802,0.90056,-1.4348,1.5083
0.0803,0.97074,-1.4571,0.56858
0.0804,1.0397,-1.4778,-0.36656
0.0805,1.1082,-1.4976,-1.2934
0.0806,1.1766,-1.5172,-2.2133
0.0807,1.2447,-1.5366,-3.1335
0.0808,1.3119,-1.5553,-4.0646
0.0809,1.3777,-1.5728,-5.0122
0.081,1.4417,-1.5888,-5.9813
0.0811,1.5034,-1.6023,-6.9771
0.0812,1.5627,-1.6133,-7.9965
0.0813,1.6205,-1.6222,-9.027
0.0814,1.6773,-1.6293,-10.061
0.0815,1.7331,-1.6345,-11.092
0.0816,1.7883,-1.6385,-12.111
0.0817,1.8432,-1.6414,-13.115
0.0818,1.8966,-1.6422,-14.112
0.0819,1.9478,-1.6405,-15.106
0.082,1.9968,-1.6365,-16.091
0.0821,2.0435,-1.6303,-17.065
0.0822,2.0879,-1.6219,-18.028
0.0823,2.1307,-1.6123,-18.97
0.0824,2.1726,-1.6022,-19.886
0.0825,2.2132,-1.5915,-20.782
0.0826,2.2523,-1.58,-21.661
0.0827,2.2896,-1.5679,-22.524
0.0828,2.3244,-1.5546,-23.376
0.0829,2.3556,-1.5395,-24.222
0.083,2.383,-1.5225,-25.06
0.0831,2.4064,-1.5038,-25.887
0.0832,2.4256,-1.4834,-26.696
0.0833,2.4405,-1.4617,-27.479
0.0834,2.4513,-1.4387,-28.232
0.0835,2.4577,-1.4143,-28.951
0.0836,2.4595,-1.3883,-29.637
0.0837,2.4563,-1.3603,-30.29
0.0838,2.4479,-1.3298,-30.912
0.0839,2.4344,-1.2969,-31.501
0.084,2.4165,-1.262,-32.051
0.0841,2.3946,-1.2255,-32.561
0.0842,2.3691,-1.1877,-33.029
0.0843,2.3409,-1.1493,-33.455
0.0844,2.3101,-1.1106,-33.841
0.0845,2.2764,-1.0712,-34.195
0.0846,2.2399,-1.0311,-34.519
0.0847,2.2008,-0.9906,-34.814
0.0848,2.1588,-0.94933,-35.084
0.0849,2.1141,-0.90728,-35.327
0.085,2.0674,-0.86504,-35.535
0.0851,2.0193,-0.82296,-35.701
0.0852,1.97,-0.7809,-35.825
0.0853,1.9195,-0.73892,-35.901
0.0854,1.8683,-0.69702,-35.928
0.0855,1.8157,-0.65466,-35.912
0.0856,1.7615,-0.61127,-35.858
0.0857,1.7057,-0.56677,-35.763
0.0858,1.6486,-0.5212,-35.629
0.0859,1.5902,-0.4746,-35.456
0.086,1.5309,-0.4272,-35.242
0.0861,1.4712,-0.37927,-34.986
0.0862,1.411,-0.33086,-34.691
0.0863,1.3501,-0.28184,-34.36
0.0864,1.2881,-0.23201,-33.996
0.0865,1.2248,-0.18118,-33.601
0.0866,1.1599,-0.12925,-33.177
0.0867,1.0935,-0.076177,-32.726
0.0868,1.0257,-0.021875,-32.245
0.0869,0.95689,0.033606,-31.731
0.087,0.88768,0.090295,-31.182
0.0871,0.81828,0.14866,-30.596
0.0872,0.74874,0.20943,-29.976
0.0873,0.67922,0.27315,-29.321
0.0874,0.60971,0.34017,-28.633
0.0875,0.53999,0.41023,-27.919
0.0876,0.47014,0.48155,-27.177
0.0877,0.40049,0.55076,-26.407
0.0878,0.33107,0.61403,-25.609
0.0879,0.26177,0.66821,-24.784
0.088,0.19267,0.71153,-23.931
0.0881,0.12362,0.74407,-23.053
0.0882,0.054107,0.76749,-22.154
0.0883,-0.016191,0.7839,-21.238
0.0884,-0.087246,0.79508,-20.306
0.0885,-0.15909,0.80239,-19.36
0.0886,-0.23169,0.8069,-18.399
0.0887,-0.30465,0.80915,-17.421
0.0888,-0.3775,0.80953,-16.423
0.0889,-0.44998,0.80864,-15.405
0.089,-0.52193,0.80715,-14.369
0.0891,-0.59308,0.8056,-13.318
0.0892,-0.66325,0.80441,-12.257
0.0893,-0.73225,0.80385,-11.193
0.0894,-0.79967,0.80392,-10.13
0.0895,-0.86489,0.80431,-9.0721
0.0896,-0.92732,0.80463,-8.0189
0.0897,-0.98654,0.80454,-6.9708
0.0898,-1.0417,0.80345,-5.9286
0.0899,-1.0944,0.80224,-4.892
0.09,-1.1437,0.80018,-3.8603
0.0901,-1.1901,0.79749,-2.8373
0.0902,-1.2344,0.7945,-1.827
0.0903,-1.2767,0.79107,-0.82931
0.0904,-1.3172,0.78693,0.15418
0.0905,-1.356,0.78192,1.1191
0.0906,-1.3933,0.77563,2.0665
0.0907,-1.4287,0.76763,2.9997
0.0908,-1.4625,0.7578,3.9174
0.0909,-1.4948,0.74614,4.8179
0.091,-1.5255,0.73254,5.7028
0.0911,-1.5543,0.71712,6.5709
0.0912,-1.5814,0.70016,7.4188
0.0913,-1.6062,0.68174,8.2458
0.0914,-1.628,0.66178,9.0514
0.0915,-1.6465,0.64023,9.832
0.0916,-1.6611,0.61704,10.585
0.0917,-1.6715,0.5922,11.309
0.0918,-1.6778,0.56588,12.003
0.0919,-1.6799,0.53828,12.664
0.092,-1.678,0.50952,13.294
0.0921,-1.6723,0.47989,13.891
0.0922,-1.6632,0.44962,14.455
0.0923,-1.6508,0.4187,14.989
0.0924,-1.6353,0.38702,15.494
0.0925,-1.6167,0.35451,15.966
0.0926,-1.5954,0.32095,16.406
0.0927,-1.5715,0.28616,16.812
0.0928,-1.5456,0.25023,17.182
0.0929,-1.518,0.21316,17.512
0.093,-1.4889,0.17486,17.804
0.0931,-1.4583,0.13549,18.058
0.0932,-1.4264,0.09523,18.274
0.0933,-1.3927,0.053975,18.455
0.0934,-1.3568,0.01167,18.603
0.0935,-1.3185,-0.031487,18.719
0.0936,-1.2776,-0.075388,18.8
0.0937,-1.2339,-0.12,18.847
0.0938,-1.1873,-0.16503,18.857
0.0939,-1.1381,-0.21015,18.827
0.094,-1.0861,-0.25529,18.758
0.0941,-1.0316,-0.30034,18.648
0.0942,-0.97457,-0.34516,18.499
0.0943,-0.91542,-0.38975,18.311
0.0944,-0.85417,-0.43426,18.087
0.0945,-0.79109,-0.47872,17.826
0.0946,-0.72664,-0.52311,17.529
0.0947,-0.66124,-0.56746,17.195
0.0948,-0.59523,-0.61178,16.825
0.0949,-0.52888,-0.65605,16.418
0.095,-0.46238,-0.70035,15.976
0.0951,-0.39575,-0.74467,15.5
0.0952,-0.32898,-0.78899,14.992
0.0953,-0.26192,-0.8334,14.453
0.0954,-0.19442,-0.87786,13.887
0.0955,-0.12645,-0.92215,13.293
0.0956,-0.057927,-0.96611,12.673
0.0957,0.01131,-1.0096,12.027
0.0958,0.081313,-1.0522,11.357
0.0959,0.15213,-1.0938,10.66
0.096,0.22395,-1.1341,9.9394
0.0961,0.29687,-1.173,9.1945
0.0962,0.37076,-1.2104,8.4247
0.0963,0.44548,-1.246,7.6303
0.0964,0.52086,-1.28,6.8118
0.0965,0.5965,-1.3121,5.9686
0.0966,0.67186,-1.3423,5.1006
0.0967,0.7466,-1.3705,4.2102
0.0968,0.82041,-1.3969,3.2999
0.0969,0.89299,-1.4215,2.3718
0.097,0.9642,-1.4444,1.4293
0.0971,1.034,-1.4658,0.47652
0.0972,1.1024,-1.4859,-0.48474
0.0973,1.1692,-1.5047,-1.453
0.0974,1.2346,-1.5224,-2.4267
0.0975,1.2985,-1.5388,-3.4051
0.0976,1.3611,-1.554,-4.3883
0.0977,1.4222,-1.5678,-5.3758
0.0978,1.4822,-1.5802,-6.3665
0.0979,1.5412,-1.591,-7.3597
0.098,1.5992,-1.6002,-8.3538
0.0981,1.6564,-1.6076,-9.3477
0.0982,1.7127,-1.6131,-10.341
0.0983,1.7681,-1.6166,-11.332
0.0984,1.8223,-1.6181,-12.322
0.0985,1.875,-1.6176,-13.309
0.0986,1.9262,-1.6149,-14.293
0.0987,1.9755,-1.6103,-15.271
0.0988,2.0229,-1.604,-16.242
0.0989,2.0682,-1.596,-17.204
0.099,2.1114,-1.5866,-18.153
0.0991,2.1523,-1.576,-19.085
0.0992,2.1908,-1.5642,-20
0.0993,2.2269,-1.5514,-20.895
0.0994,2.2603,-1.5376,-21.769
0.0995,2.2909,-1.5227,-22.619
0.0996,2.3184,-1.5067,-23.446
0.0997,2.3426,-1.4895,-24.25
0.0998,2.3634,-1.4709,-25.028
0.0999,2.3804,-1.4509,-25.781
0.1,2.3936,-1.4293,-26.509
0.1001,2.4027,-1.4059,-27.211
0.1002,2.4075,-1.3806,-27.884
0.1003,2.4079,-1.3533,-28.53
0.1004,2.4038,-1.324,-29.144
0.1005,2.395,-1.2928,-29.726
0.1006,2.3818,-1.2597,-30.273
0.1007,2.3643,-1.2248,-30.783
0.1008,2.3428,-1.1884,-31.254
0.1009,2.3177,-1.1507,-31.685
0.101,2.2891,-1.1119,-32.074
0.1011,2.2575,-1.0722,-32.421
0.1012,2.2228,-1.0319,-32.724
0.1013,2.1853,-0.99113,-32.984
0.1014,2.1452,-0.95005,-33.199
0.1015,2.1026,-0.90881,-33.368
0.1016,2.0576,-0.86748,-33.491
0.1017,2.0107,-0.82612,-33.566
0.1018,1.962,-0.7847,-33.592
0.1019,1.9118,-0.74312,-33.569
0.102,1.8602,-0.70124,-33.498
0.1021,1.8076,-0.65891,-33.377
0.1022,1.754,-0.61595,-33.207
0.1023,1.6995,-0.57223,-32.988
0.1024,1.644,-0.52765,-32.719
0.1025,1.5878,-0.48217,-32.399
0.1026,1.5306,-0.43574,-32.027
0.1027,1.4726,-0.38838,-31.603
0.1028,1.4136,-0.34015,-31.126
0.1029,1.3535,-0.2911,-30.597
0.103,1.2922,-0.24128,-30.016
0.1031,1.2295,-0.19075,-29.384
0.1032,1.1655,-0.13956,-28.701
0.1033,1.1,-0.087694,-27.97
0.1034,1.0332,-0.035078,-27.192
0.1035,0.9652,0.018431,-26.368
0.1036,0.89617,0.073108,-25.5
0.1037,0.82634,0.12937,-24.592
0.1038,0.75597,0.18774,-23.644
0.1039,0.68531,0.24873,-22.661
0.104,0.6146,0.31272,-21.646
0.1041,0.54409,0.37968,-20.602
0.1042,0.47394,0.44868,-19.532
0.1043,0.40426,0.51768,-18.441
0.1044,0.33506,0.58361,-17.329
0.1045,0.26623,0.64306,-16.201
0.1046,0.19757,0.69332,-15.058
0.1047,0.12885,0.73319,-13.904
0.1048,0.05984,0.76303,-12.742
0.1049,-0.0096956,0.78429,-11.574
0.105,-0.079864,0.79889,-10.406
0.1051,-0.15066,0.80865,-9.2415
0.1052,-0.22204,0.81499,-8.083
0.1053,-0.29394,0.81896,-6.9337
0.1054,-0.36621,0.82128,-5.7953
0.1055,-0.43866,0.82247,-4.6694
0.1056,-0.51111,0.82299,-3.5581
0.1057,-0.58328,0.82322,-2.4634
0.1058,-0.65482,0.82342,-1.3879
0.1059,-0.7253,0.82374,-0.33443
0.106,-0.79424,0.82422,0.69409
0.1061,-0.86107,0.82473,1.6955
0.1062,-0.92524,0.82511,2.6686
0.1063,-0.98635,0.82521,3.6132
0.1064,-1.0442,0.8249,4.5298
0.1065,-1.0986,0.82411,5.4202
0.1066,-1.1498,0.82283,6.2859
0.1067,-1.198,0.82107,7.128
0.1068,-1.2435,0.81883,7.9474
0.1069,-1.2867,0.81606,8.744
0.107,-1.3277,0.81262,9.5172
0.1071,-1.3669,0.80828,10.266
0.1072,-1.4045,0.8028,10.989
0.1073,-1.4406,0.7959,11.686
0.1074,-1.4753,0.78736,12.357
0.1075,-1.5086,0.77702,13.004
0.1076,-1.5406,0.76481,13.627
0.1077,-1.5711,0.75074,14.23
0.1078,-1.5999,0.73485,14.812
0.1079,-1.6267,0.71721,15.376
0.108,-1.6509,0.6979,15.921
0.1081,-1.672,0.67697,16.446
0.1082,-1.6896,0.65447,16.95
0.1083,-1.7032,0.63048,17.431
0.1084,-1.7126,0.6051,17.889
0.1085,-1.7176,0.57843,18.322
0.1086,-1.7184,0.55065,18.731
0.1087,-1.715,0.5219,19.114
0.1088,-1.7077,0.4923,19.474
0.1089,-1.6966,0.46195,19.81
0.109,-1.6822,0.43086,20.121
0.1091,-1.6647,0.39899,20.408
0.1092,-1.6444,0.36625,20.669
0.1093,-1.6218,0.33252,20.901
0.1094,-1.5971,0.29767,21.103
0.1095,-1.5706,0.26161,21.274
0.1096,-1.5425,0.22431,21.413
0.1097,-1.513,0.18577,21.522
0.1098,-1.4821,0.14603,21.602
0.1099,-1.4496,0.10515,21.654
0.11,-1.4153,0.063239,21.681
0.1101,-1.3789,0.020396,21.684
0.1102,-1.3402,-0.023244,21.661
0.1103,-1.2988,-0.067529,21.612
0.1104,-1.2546,-0.11229,21.536
0.1105,-1.2074,-0.15736,21.429
0.1106,-1.1573,-0.20255,21.291
0.1107,-1.1043,-0.2477,21.12
0.1108,-1.0485,-0.29268,20.914
0.1109,-0.99019,-0.33742,20.674
0.111,-0.92961,-0.38186,20.398
0.1111,-0.86713,-0.42606,20.088
0.1112,-0.80314,-0.47005,19.743
0.1113,-0.73803,-0.51392,19.364
0.1114,-0.67218,-0.55775,18.951
0.1115,-0.6059,-0.60166,18.506
0.1116,-0.53943,-0.64572,18.03
0.1117,-0.4729,-0.68996,17.523
0.1118,-0.40634,-0.73439,16.989
0.1119,-0.33971,-0.77898,16.428
0.112,-0.27291,-0.82364,15.841
0.1121,-0.20581,-0.86824,15.231
0.1122,-0.13824,-0.91263,14.598
0.1123,-0.070032,-0.95661,13.942
0.1124,-0.001003,-0.99996,13.264
0.1125,0.068999,-1.0424,12.563
0.1126,0.14011,-1.0838,11.839
0.1127,0.2124,-1.1239,11.091
0.1128,0.28582,-1.1624,10.319
0.1129,0.36024,-1.1992,9.5215
0.113,0.43543,-1.2342,8.699
0.1131,0.51106,-1.2672,7.8515
0.1132,0.58676,-1.2982,6.98
0.1133,0.66213,-1.3273,6.086
0.1134,0.7368,-1.3544,5.172
0.1135,0.81042,-1.3798,4.2407
0.1136,0.88274,-1.4034,3.2955
0.1137,0.95358,-1.4255,2.3395
0.1138,1.0228,-1.4463,1.3755
0.1139,1.0869,-1.4611,0.77054
0.114,1.1372,-1.46,0.70843
0.1141,1.1809,-1.452,0.64739
0.1142,1.2186,-1.4377,0.58764
0.1143,1.2484,-1.4142,0.52917
0.1144,1.2684,-1.3803,0.47138
0.1145,1.2872,-1.3453,0.41333
0.1146,1.3088,-1.3119,0.35489
0.1147,1.3262,-1.2726,0.29659
0.1148,1.3387,-1.2271,0.23834
0.1149,1.3534,-1.1824,0.1798
0.115,1.3686,-1.1371,0.12082
0.1151,1.3791,-1.0868,0.06171
0.1152,1.3868,-1.0339,0.0024908
0.1153,1.3929,-0.97993,-0.056746
0.1154,1.3955,-0.92398,-0.11576
0.1155,1.3992,-0.87133,-0.17429
0.1156,1.4098,-0.82776,-0.23217
0.1157,1.4245,-0.79051,-0.2888
0.1158,1.4392,-0.75576,-0.34359
0.1159,1.4539,-0.72346,-0.39624
0.116,1.4655,-0.6904,-0.44658
0.1161,1.47,-0.65258,-0.49436
0.1162,1.4694,-0.61211,-0.53976
0.1163,1.4657,-0.57056,-0.58331
0.1164,1.4567,-0.52493,-0.62537
0.1165,1.4433,-0.47588,-0.66598
0.1166,1.4285,-0.42583,-0.70539
0.1167,1.4085,-0.37103,-0.74368
0.1168,1.381,-0.30908,-0.78084
0.1169,1.3509,-0.24522,-0.81696
0.117,1.3196,-0.18072,-0.8522
0.1171,1.2815,-0.11061,-0.88625
0.1172,1.2385,-0.037048,-0.91886
0.1173,1.1978,0.032359,-0.95009
0.1174,1.1603,0.096676,-0.97988
0.1175,1.1247,0.15658,-1.0079
0.1176,1.0952,0.20791,-1.0339
0.1177,1.0709,0.25146,-1.058
0.1178,1.0441,0.2946,-1.0795
0.1179,1.0131,0.33875,-1.0982
0.118,0.98153,0.3805,-1.1139
0.1181,0.94754,0.4217,-1.1266
0.1182,0.90905,0.46463,-1.1361
0.1183,0.8697,0.50603,-1.1427
0.1184,0.83085,0.54515,-1.1468
0.1185,0.78888,0.5858,-1.1483
0.1186,0.74359,0.62831,-1.1476
0.1187,0.69678,0.67113,-1.1449
0.1188,0.64594,0.71705,-1.1406
0.1189,0.58897,0.76814,-1.1346
0.119,0.52786,0.82245,-1.1272
0.1191,0.4633,0.87931,-1.1185
0.1192,0.39555,0.9383,-1.1084
0.1193,0.32947,0.99437,-1.0968
0.1194,0.26929,1.0432,-1.0837
0.1195,0.21372,1.0859,-1.0688
0.1196,0.16154,1.1232,-1.0518
0.1197,0.11323,1.1543,-1.0323
0.1198,0.066426,1.1814,-1.01
0.1199,0.01903,1.2061,-0.98476
0.12,-0.026801,1.2265,-0.95652
0.1201,-0.070478,1.242,-0.92551
0.1202,-0.11485,1.2558,-0.89189
0.1203,-0.15991,1.268,-0.8558
0.1204,-0.20409,1.2774,-0.81757
0.1205,-0.24985,1.2868,-0.77737
0.1206,-0.29929,1.2983,-0.73524
0.1207,-0.35073,1.3106,-0.69141
0.1208,-0.40475,1.3245,-0.64622
0.1209,-0.46417,1.3431,-0.59986
0.121,-0.52691,1.3644,-0.5526
0.1211,-0.58867,1.3845,-0.50491
0.1212,-0.64898,1.403,-0.45711
0.1213,-0.70717,1.4192,-0.4093
0.1214,-0.75993,1.4299,-0.36161
0.1215,-0.80788,1.4355,-0.31394
0.1216,-0.8548,1.4393,-0.26588
0.1217,-0.9001,1.4404,-0.21701
0.1218,-0.94125,1.4359,-0.16712
0.1219,-0.97933,1.4265,-0.11587
0.122,-1.015,1.4125,-0.062989
0.1221,-1.0459,1.3917,-0.00847
0.1222,-1.0723,1.3644,0.047595
0.1223,-1.0969,1.3332,0.10523
0.1224,-1.12,1.2987,0.16428
0.1225,-1.1414,1.2614,0.22436
