0.05,0.43251,0.046487,-0.46254
0.0501,0.42071,0.067228,-0.47168
0.0502,0.40807,0.087863,-0.48033
0.0503,0.39462,0.10827,-0.48843
0.0504,0.38046,0.12832,-0.49589
0.0505,0.36564,0.14789,-0.50265
0.0506,0.35023,0.16687,-0.50865
0.0507,0.3343,0.18521,-0.51382
0.0508,0.31789,0.20285,-0.51813
0.0509,0.30102,0.21983,-0.52156
0.051,0.28372,0.23617,-0.52412
0.0511,0.26599,0.25197,-0.52586
0.0512,0.24785,0.26733,-0.52681
0.0513,0.22929,0.28233,-0.52707
0.0514,0.21036,0.29709,-0.52671
0.0515,0.19107,0.31168,-0.52578
0.0516,0.17147,0.32618,-0.52437
0.0517,0.15158,0.34059,-0.52248
0.0518,0.13147,0.3549,-0.52015
0.0519,0.11118,0.36908,-0.51735
0.052,0.090764,0.38307,-0.51404
0.0521,0.070291,0.39678,-0.51018
0.0522,0.049838,0.41011,-0.50568
0.0523,0.029472,0.42293,-0.50044
0.0524,0.0092687,0.43513,-0.49436
0.0525,-0.010726,0.44659,-0.48734
0.0526,-0.030474,0.4572,-0.47926
0.0527,-0.04997,0.46691,-0.47005
0.0528,-0.069216,0.47567,-0.45965
0.0529,-0.088241,0.4835,-0.44805
0.053,-0.10707,0.49043,-0.43526
0.0531,-0.12572,0.49654,-0.42137
0.0532,-0.14423,0.50191,-0.40648
0.0533,-0.1626,0.50662,-0.3907
0.0534,-0.18084,0.51078,-0.37417
0.0535,-0.19894,0.51448,-0.35704
0.0536,-0.21689,0.51779,-0.33944
0.0537,-0.23468,0.52078,-0.32147
0.0538,-0.25227,0.52347,-0.30327
0.0539,-0.26963,0.5259,-0.2849
0.054,-0.2867,0.52803,-0.26646
0.0541,-0.30341,0.52981,-0.24797
0.0542,-0.31968,0.53115,-0.22946
0.0543,-0.33546,0.53194,-0.21091
0.0544,-0.3507,0.53204,-0.19231
0.0545,-0.36535,0.53133,-0.17359
0.0546,-0.37938,0.5297,-0.15471
0.0547,-0.39276,0.52704,-0.13561
0.0548,-0.40551,0.52329,-0.11625
0.0549,-0.41764,0.51841,-0.096617
0.055,-0.42916,0.51238,-0.076704
0.0551,-0.44012,0.50523,-0.056537
0.0552,-0.45053,0.49699,-0.03617
0.0553,-0.46042,0.48774,-0.015657
0.0554,-0.46983,0.47754,0.0049227
0.0555,-0.47877,0.46648,0.025485
0.0556,-0.48728,0.45466,0.045935
0.0557,-0.49536,0.44218,0.066185
0.0558,-0.50301,0.42911,0.086134
0.0559,-0.51021,0.41555,0.1057
0.056,-0.51692,0.40153,0.12483
0.0561,-0.5231,0.38709,0.14348
0.0562,-0.52868,0.37223,0.16162
0.0563,-0.53363,0.35693,0.17927
0.0564,-0.53788,0.34115,0.19647
0.0565,-0.54141,0.32487,0.21327
0.0566,-0.54417,0.30804,0.22972
0.0567,-0.54616,0.29063,0.24588
0.0568,-0.54736,0.27261,0.26178
0.0569,-0.54779,0.25399,0.27746
0.057,-0.54743,0.2348,0.29292
0.0571,-0.54633,0.21506,0.30821
0.0572,-0.54449,0.19486,0.3233
0.0573,-0.54195,0.17428,0.33815
0.0574,-0.53873,0.15345,0.3527
0.0575,-0.53488,0.13249,0.36689
0.0576,-0.5304,0.11154,0.38062
0.0577,-0.52529,0.090719,0.39382
0.0578,-0.51951,0.070141,0.4064
0.0579,-0.51305,0.049889,0.41828
0.058,-0.50582,0.030008,0.42941
0.0581,-0.49778,0.010511,0.43975
0.0582,-0.48886,-0.0086217,0.44929
0.0583,-0.47903,-0.027432,0.45805
0.0584,-0.46825,-0.045986,0.46605
0.0585,-0.45652,-0.064356,0.47335
0.0586,-0.44384,-0.082618,0.48001
0.0587,-0.43025,-0.10084,0.48608
0.0588,-0.41578,-0.11908,0.49163
0.0589,-0.40047,-0.13739,0.49671
0.059,-0.3844,-0.15577,0.50135
0.0591,-0.36764,-0.17421,0.5056
0.0592,-0.35028,-0.19267,0.50946
0.0593,-0.3324,-0.21109,0.51293
0.0594,-0.31411,-0.22935,0.51598
0.0595,-0.29551,-0.24733,0.51856
0.0596,-0.27668,-0.26491,0.5206
0.0597,-0.2577,-0.28195,0.52202
0.0598,-0.23861,-0.29837,0.52274
0.0599,-0.21947,-0.3141,0.52267
0.06,-0.20029,-0.32907,0.52174
0.0601,-0.18108,-0.34326,0.5199
0.0602,-0.16184,-0.35666,0.5171
0.0603,-0.14256,-0.36931,0.51331
0.0604,-0.12322,-0.38124,0.50853
0.0605,-0.10379,-0.39253,0.50276
0.0606,-0.084243,-0.40327,0.49604
0.0607,-0.064577,-0.41354,0.48839
0.0608,-0.044774,-0.42342,0.47986
0.0609,-0.024845,-0.433,0.47052
0.061,-0.0048086,-0.44231,0.46041
0.0611,2.8955,-3.3429,0.45283
0.0612,4.3318,-4.7028,0.37521
0.0613,5.5075,-5.7341,0.23194
0.0614,6.5597,-6.5913,0.038931
0.0615,7.1432,-6.9593,-0.17432
0.0616,7.7795,-7.3389,-0.42971
0.0617,8.8507,-8.1012,-0.73864
0.0618,9.8698,-8.7948,-1.0643
0.0619,10.931,-9.5048,-1.4156
0.062,12.439,-10.615,-1.8135
0.0621,14.057,-11.779,-2.2684
0.0622,15.448,-12.665,-2.7732
0.0623,16.882,-13.533,-3.3393
0.0624,18.144,-14.177,-3.9566
0.0625,18.956,-14.342,-4.6035
0.0626,19.899,-14.6,-5.2897
0.0627,21.325,-15.293,-6.0249
0.0628,22.878,-16.076,-6.7968
0.0629,24.6,-16.985,-7.6115
0.063,26.591,-18.104,-8.485
0.0631,28.328,-18.919,-9.4062
0.0632,29.694,-19.322,-10.367
0.0633,31.149,-19.762,-11.379
0.0634,32.509,-20.063,-12.437
0.0635,33.413,-19.883,-13.519
0.0636,34.206,-19.564,-14.631
0.0637,35.04,-19.26,-15.768
0.0638,35.661,-18.747,-16.904
0.0639,36.396,-18.348,-18.039
0.064,37.57,-18.369,-19.195
0.0641,38.771,-18.403,-20.364
0.0642,39.824,-18.277,-21.543
0.0643,41.041,-18.29,-22.749
0.0644,42.298,-18.311,-23.987
0.0645,43.397,-18.148,-25.25
0.0646,44.605,-18.057,-26.551
0.0647,45.866,-17.98,-27.89
0.0648,46.771,-17.532,-29.244
0.0649,47.461,-16.868,-30.599
0.065,48.218,-16.271,-31.954
0.0651,48.908,-15.614,-33.302
0.0652,49.581,-14.946,-34.644
0.0653,50.438,-14.453,-35.995
0.0654,51.195,-13.853,-37.353
0.0655,51.626,-12.928,-38.71
0.0656,51.96,-11.905,-40.07
0.0657,52.205,-10.799,-41.425
0.0658,52.19,-9.4568,-42.755
0.0659,52.142,-8.111,-44.057
0.066,52.207,-6.9033,-45.333
0.0661,52.207,-5.6668,-46.573
0.0662,52.322,-4.5754,-47.782
0.0663,52.857,-3.9128,-48.982
0.0664,53.555,-3.4203,-50.176
0.0665,54.136,-2.8191,-51.36
0.0666,54.647,-2.1485,-52.544
0.0667,54.892,-1.2249,-53.715
0.0668,54.641,0.16097,-54.852
0.0669,54.186,1.7184,-55.957
0.067,53.766,3.2099,-57.032
0.0671,53.237,4.7679,-58.063
0.0672,52.661,6.3278,-59.05
0.0673,52.235,7.7023,-60.002
0.0674,51.803,9.0389,-60.91
0.0675,51.27,10.43,-61.772
0.0676,50.781,11.742,-62.598
0.0677,50.216,13.091,-63.385
0.0678,49.372,14.671,-64.124
0.0679,48.41,16.326,-64.819
0.068,47.486,17.899,-65.471
0.0681,46.584,19.397,-66.068
0.0682,45.855,20.673,-66.615
0.0683,45.389,21.643,-67.119
0.0684,44.936,22.548,-67.57
0.0685,44.363,23.52,-67.966
0.0686,43.745,24.493,-68.319
0.0687,42.968,25.581,-68.625
0.0688,41.926,26.883,-68.88
0.0689,40.771,28.26,-69.094
0.069,39.503,29.703,-69.26
0.0691,37.996,31.324,-69.36
0.0692,36.417,32.954,-69.393
0.0693,34.963,34.399,-69.364
0.0694,33.544,35.745,-69.263
0.0695,32.152,37.001,-69.093
0.0696,30.896,38.072,-68.867
0.0697,29.635,39.085,-68.568
0.0698,28.343,40.095,-68.224
0.0699,27.089,41.024,-67.824
0.07,25.938,41.809,-67.368
0.0701,24.757,42.577,-66.846
0.0702,23.533,43.328,-66.245
0.0703,22.289,44.064,-65.583
0.0704,20.995,44.797,-64.841
0.0705,19.658,45.52,-64.016
0.0706,18.394,46.126,-63.111
0.0707,17.183,46.637,-62.124
0.0708,15.886,47.185,-61.043
0.0709,14.514,47.778,-59.884
0.071,13.048,48.425,-58.63
0.0711,11.431,49.175,-57.269
0.0712,9.7362,49.957,-55.802
0.0713,8.0733,50.663,-54.225
0.0714,6.4313,51.3,-52.533
0.0715,4.851,51.831,-50.731
0.0716,3.4643,52.131,-48.827
0.0717,2.2884,52.187,-46.827
0.0718,1.2727,52.055,-44.742
0.0719,0.42012,51.743,-42.59
0.072,-0.37176,51.356,-40.385
0.0721,-1.2883,51.077,-38.134
0.0722,-2.3484,50.926,-35.852
0.0723,-3.472,50.821,-33.549
0.0724,-4.655,50.753,-31.235
0.0725,-5.8476,50.674,-28.925
0.0726,-6.9455,50.482,-26.636
0.0727,-7.971,50.201,-24.381
0.0728,-8.9894,49.896,-22.173
0.0729,-9.9627,49.531,-20.023
0.073,-10.892,49.11,-17.942
0.0731,-11.858,48.714,-15.936
0.0732,-12.861,48.347,-14.012
0.0733,-13.851,47.961,-12.176
0.0734,-14.814,47.542,-10.427
0.0735,-15.669,47.012,-8.7672
0.0736,-16.299,46.258,-7.1976
0.0737,-16.679,45.257,-5.7166
0.0738,-16.938,44.143,-4.3237
0.0739,-17.087,42.929,-3.0167
0.074,-17.214,41.706,-1.7905
0.0741,-17.405,40.56,-0.64159
0.0742,-17.635,39.475,0.43101
0.0743,-17.891,38.438,1.4316
0.0744,-18.222,37.498,2.3671
0.0745,-18.602,36.629,3.2421
0.0746,-18.961,35.758,4.0635
0.0747,-19.293,34.876,4.8417
0.0748,-19.575,33.956,5.5825
0.0749,-19.728,32.924,6.2862
0.075,-19.771,31.801,6.9539
0.0751,-19.769,30.655,7.5848
0.0752,-19.691,29.465,8.1742
0.0753,-19.502,28.201,8.7204
0.0754,-19.229,26.889,9.2266
0.0755,-18.861,25.519,9.694
0.0756,-18.351,24.053,10.117
0.0757,-17.826,22.593,10.521
0.0758,-17.271,21.137,10.897
0.0759,-16.655,19.652,11.246
0.076,-15.984,18.149,11.566
0.0761,-15.279,16.652,11.855
0.0762,-14.546,15.176,12.106
0.0763,-13.837,13.773,12.32
0.0764,-13.205,12.496,12.499
0.0765,-12.634,11.327,12.644
0.0766,-12.091,10.229,12.76
0.0767,-11.564,9.186,12.851
0.0768,-11.003,8.1505,12.915
0.0769,-10.344,7.06,12.951
0.077,-9.5681,5.8944,12.959
0.0771,-8.6517,4.636,12.935
0.0772,-7.5582,3.2527,12.874
0.0773,-6.3182,1.7749,12.775
0.0774,-5.014,0.2847,12.639
0.0775,-3.6939,-1.168,12.465
0.0776,-2.3959,-2.5475,12.255
0.0777,-1.1587,-3.8185,12.011
0.0778,0.039925,-5.0025,11.734
0.0779,1.2519,-6.1509,11.421
0.078,2.4817,-7.27,11.076
0.0781,3.7173,-8.3472,10.696
0.0782,4.9633,-9.3853,10.28
0.0783,6.2019,-10.367,9.8283
0.0784,7.4021,-11.261,9.3407
0.0785,8.5636,-12.068,8.8165
0.0786,9.6875,-12.79,8.2569
0.0787,10.769,-13.423,7.6625
0.0788,11.848,-14.006,7.0333
0.0789,12.987,-14.606,6.3716
0.079,14.224,-15.263,5.6789
0.0791,15.588,-16.004,4.9541
0.0792,17.086,-16.835,4.1962
0.0793,18.662,-17.702,3.4056
0.0794,20.248,-18.533,2.5806
0.0795,21.808,-19.292,1.7196
0.0796,23.31,-19.948,0.82438
0.0797,24.723,-20.474,-0.10254
0.0798,26.053,-20.875,-1.06
0.0799,27.31,-21.166,-2.0443
0.08,28.487,-21.345,-3.0501
0.0801,29.601,-21.432,-4.0746
0.0802,30.689,-21.464,-5.1162
0.0803,31.759,-21.453,-6.1719
0.0804,32.808,-21.397,-7.24
0.0805,33.845,-21.304,-8.3211
0.0806,34.871,-21.174,-9.4145
0.0807,35.871,-20.99,-10.523
0.0808,36.888,-20.806,-11.635
0.0809,37.937,-20.632,-12.755
0.081,39.009,-20.462,-13.877
0.0811,40.092,-20.287,-14.998
0.0812,41.181,-20.102,-16.116
0.0813,42.244,-19.878,-17.229
0.0814,43.289,-19.626,-18.33
0.0815,44.294,-19.321,-19.421
0.0816,45.239,-18.945,-20.499
0.0817,46.09,-18.465,-21.56
0.0818,46.818,-17.854,-22.6
0.0819,47.416,-17.107,-23.615
0.082,47.884,-16.233,-24.594
0.0821,48.246,-15.259,-25.532
0.0822,48.538,-14.221,-26.424
0.0823,48.788,-13.155,-27.262
0.0824,49.024,-12.089,-28.042
0.0825,49.282,-11.057,-28.762
0.0826,49.579,-10.078,-29.419
0.0827,49.907,-9.145,-30.008
0.0828,50.25,-8.24,-30.529
0.0829,50.576,-7.3343,-30.978
0.083,50.845,-6.3918,-31.347
0.0831,51.035,-5.3932,-31.634
0.0832,51.149,-4.3438,-31.836
0.0833,51.195,-3.2531,-31.951
0.0834,51.173,-2.1252,-31.978
0.0835,51.09,-0.96272,-31.92
0.0836,50.934,0.2423,-31.779
0.0837,50.685,1.5086,-31.556
0.0838,50.331,2.848,-31.256
0.0839,49.869,4.2617,-30.884
0.084,49.298,5.7484,-30.442
0.0841,48.628,7.295,-29.937
0.0842,47.892,8.8695,-29.376
0.0843,47.127,10.431,-28.765
0.0844,46.373,11.939,-28.112
0.0845,45.665,13.357,-27.424
0.0846,45.014,14.671,-26.708
0.0847,44.402,15.899,-25.972
0.0848,43.798,17.071,-25.223
0.0849,43.168,18.221,-24.469
0.085,42.478,19.381,-23.712
0.0851,41.711,20.569,-22.962
0.0852,40.859,21.794,-22.221
0.0853,39.916,23.06,-21.492
0.0854,38.881,24.365,-20.776
0.0855,37.768,25.698,-20.077
0.0856,36.585,27.047,-19.393
0.0857,35.342,28.403,-18.725
0.0858,34.052,29.756,-18.076
0.0859,32.722,31.098,-17.445
0.086,31.356,32.427,-16.832
0.0861,29.967,33.729,-16.236
0.0862,28.581,34.982,-15.658
0.0863,27.214,36.163,-15.093
0.0864,25.883,37.259,-14.541
0.0865,24.597,38.258,-13.998
0.0866,23.355,39.162,-13.463
0.0867,22.143,39.981,-12.935
0.0868,20.953,40.73,-12.413
0.0869,19.77,41.422,-11.897
0.087,18.575,42.08,-11.387
0.0871,17.343,42.729,-10.883
0.0872,16.055,43.391,-10.384
0.0873,14.694,44.081,-9.8877
0.0874,13.259,44.802,-9.3928
0.0875,11.763,45.54,-8.8985
0.0876,10.225,46.277,-8.4031
0.0877,8.6711,46.988,-7.9059
0.0878,7.1302,47.645,-7.4079
0.0879,5.6286,48.226,-6.9087
0.088,4.1855,48.71,-6.408
0.0881,2.8169,49.086,-5.9072
0.0882,1.5264,49.351,-5.4065
0.0883,0.30187,49.518,-4.9051
0.0884,-0.87156,49.604,-4.403
0.0885,-2.0041,49.62,-3.9004
0.0886,-3.1046,49.575,-3.3962
0.0887,-4.176,49.475,-2.8903
0.0888,-5.216,49.32,-2.3839
0.0889,-6.229,49.115,-1.8771
0.089,-7.2292,48.878,-1.3697
0.0891,-8.2316,48.625,-0.86288
0.0892,-9.2491,48.371,-0.35657
0.0893,-10.293,48.129,0.15002
0.0894,-11.366,47.902,0.65672
0.0895,-12.456,47.681,1.1633
0.0896,-13.544,47.447,1.6705
0.0897,-14.601,47.172,2.1781
0.0898,-15.592,46.823,2.6856
0.0899,-16.484,46.37,3.1926
0.09,-17.26,45.794,3.6989
0.0901,-17.915,45.097,4.203
0.0902,-18.461,44.291,4.7044
0.0903,-18.924,43.401,5.203
0.0904,-19.325,42.455,5.6975
0.0905,-19.683,41.471,6.1868
0.0906,-20.012,40.467,6.6707
0.0907,-20.322,39.454,7.1483
0.0908,-20.618,38.439,7.6186
0.0909,-20.903,37.427,8.0819
0.091,-21.181,36.422,8.5384
0.0911,-21.447,35.424,8.9871
0.0912,-21.701,34.43,9.4273
0.0913,-21.939,33.442,9.8586
0.0914,-22.155,32.454,10.279
0.0915,-22.336,31.456,10.687
0.0916,-22.464,30.434,11.083
0.0917,-22.521,29.368,11.465
0.0918,-22.486,28.238,11.834
0.0919,-22.345,27.032,12.191
0.092,-22.098,25.747,12.535
0.0921,-21.748,24.388,12.867
0.0922,-21.305,22.965,13.187
0.0923,-20.786,21.497,13.494
0.0924,-20.21,20.005,13.784
0.0925,-19.598,18.513,14.057
0.0926,-18.972,17.044,14.311
0.0927,-18.351,15.621,14.544
0.0928,-17.747,14.254,14.755
0.0929,-17.162,12.946,14.944
0.093,-16.588,11.693,15.11
0.0931,-16.012,10.481,15.251
0.0932,-15.417,9.2952,15.366
0.0933,-14.785,8.1195,15.452
0.0934,-14.097,6.9367,15.509
0.0935,-13.339,5.7328,15.535
0.0936,-12.502,4.4998,15.531
0.0937,-11.585,3.2354,15.495
0.0938,-10.591,1.942,15.429
0.0939,-9.5292,0.62646,15.334
0.094,-8.4068,-0.704,15.21
0.0941,-7.2296,-2.0441,15.058
0.0942,-6.0048,-3.3868,14.876
0.0943,-4.744,-4.72,14.663
0.0944,-3.4621,-6.0277,14.419
0.0945,-2.1773,-7.2908,14.141
0.0946,-0.91021,-8.4884,13.83
0.0947,0.32307,-9.6034,13.483
0.0948,1.5145,-10.627,13.099
0.0949,2.6635,-11.558,12.679
0.095,3.7787,-12.406,12.22
0.0951,4.8788,-13.188,11.722
0.0952,5.9877,-13.93,11.186
0.0953,7.1296,-14.655,10.613
0.0954,8.3251,-15.387,10.001
0.0955,9.5849,-16.136,9.3526
0.0956,10.908,-16.904,8.6688
0.0957,12.284,-17.681,7.9502
0.0958,13.698,-18.453,7.1977
0.0959,15.134,-19.206,6.4124
0.096,16.577,-19.926,5.5951
0.0961,18.013,-20.601,4.7462
0.0962,19.432,-21.22,3.8668
0.0963,20.821,-21.772,2.9579
0.0964,22.169,-22.248,2.02
0.0965,23.469,-22.64,1.0538
0.0966,24.713,-22.941,0.060225
0.0967,25.896,-23.147,-0.96026
0.0968,27.019,-23.262,-2.007
0.0969,28.089,-23.29,-3.0785
0.097,29.115,-23.245,-4.1733
0.0971,30.118,-23.147,-5.2896
0.0972,31.115,-23.017,-6.4247
0.0973,32.122,-22.874,-7.5758
0.0974,33.151,-22.73,-8.7401
0.0975,34.204,-22.592,-9.9148
0.0976,35.276,-22.456,-11.097
0.0977,36.357,-22.314,-12.284
0.0978,37.433,-22.152,-13.475
0.0979,38.485,-21.954,-14.666
0.098,39.492,-21.701,-15.855
0.0981,40.435,-21.375,-17.04
0.0982,41.3,-20.961,-18.218
0.0983,42.074,-20.451,-19.386
0.0984,42.754,-19.844,-20.54
0.0985,43.343,-19.143,-21.677
0.0986,43.848,-18.358,-22.794
0.0987,44.281,-17.501,-23.887
0.0988,44.655,-16.588,-24.952
0.0989,44.986,-15.635,-25.985
0.099,45.287,-14.659,-26.982
0.0991,45.568,-13.671,-27.938
0.0992,45.836,-12.68,-28.847
0.0993,46.092,-11.692,-29.702
0.0994,46.337,-10.709,-30.499
0.0995,46.566,-9.732,-31.23
0.0996,46.775,-8.7565,-31.89
0.0997,46.956,-7.7764,-32.474
0.0998,47.095,-6.7809,-32.977
0.0999,47.177,-5.7542,-33.396
0.1,47.182,-4.6792,-33.728
0.1001,47.096,-3.541,-33.969
0.1002,46.907,-2.3287,-34.118
0.1003,46.609,-1.0382,-34.173
0.1004,46.207,0.32601,-34.135
0.1005,45.714,1.7511,-34.004
0.1006,45.146,3.2184,-33.782
0.1007,44.526,4.7049,-33.471
0.1008,43.877,6.1876,-33.073
0.1009,43.214,7.6476,-32.594
0.101,42.548,9.0725,-32.038
0.1011,41.883,10.457,-31.41
0.1012,41.216,11.8,-30.717
0.1013,40.54,13.107,-29.966
0.1014,39.849,14.383,-29.166
0.1015,39.134,15.634,-28.325
0.1016,38.387,16.869,-27.452
0.1017,37.597,18.096,-26.557
0.1018,36.754,19.325,-25.648
0.1019,35.848,20.567,-24.734
0.102,34.871,21.83,-23.822
0.1021,33.817,23.121,-22.92
0.1022,32.686,24.443,-22.034
0.1023,31.481,25.792,-21.167
0.1024,30.213,27.158,-20.325
0.1025,28.899,28.526,-19.508
0.1026,27.559,29.876,-18.718
0.1027,26.214,31.186,-17.953
0.1028,24.881,32.437,-17.214
0.1029,23.573,33.615,-16.497
0.103,22.296,34.713,-15.801
0.1031,21.053,35.729,-15.124
0.1032,19.836,36.668,-14.464
0.1033,18.638,37.538,-13.82
0.1034,17.445,38.352,-13.189
0.1035,16.244,39.124,-12.572
0.1036,15.02,39.869,-11.966
0.1037,13.764,40.599,-11.37
0.1038,12.467,41.323,-10.785
0.1039,11.127,42.045,-10.209
0.104,9.746,42.766,-9.6419
0.1041,8.3297,43.481,-9.0834
0.1042,6.8883,44.182,-8.533
0.1043,5.4355,44.857,-7.9897
0.1044,3.9863,45.494,-7.4528
0.1045,2.5561,46.076,-6.9209
0.1046,1.1589,46.591,-6.3924
0.1047,-0.19343,47.028,-5.8659
0.1048,-1.4923,47.377,-5.3401
0.1049,-2.7325,47.634,-4.8137
0.105,-3.9122,47.797,-4.2858
0.1051,-5.0339,47.87,-3.7561
0.1052,-6.1051,47.862,-3.2244
0.1053,-7.1375,47.785,-2.6906
0.1054,-8.1457,47.657,-2.1553
0.1055,-9.1453,47.494,-1.6188
0.1056,-10.15,47.313,-1.0816
0.1057,-11.169,47.125,-0.54459
0.1058,-12.205,46.936,-0.0082399
0.1059,-13.255,46.744,0.52678
0.106,-14.309,46.543,1.0599
0.1061,-15.351,46.319,1.5907
0.1062,-16.365,46.056,2.119
0.1063,-17.331,45.739,2.6449
0.1064,-18.237,45.354,3.1684
0.1065,-19.07,44.892,3.69
0.1066,-19.826,44.348,4.2101
0.1067,-20.502,43.72,4.7291
0.1068,-21.099,43.011,5.2474
0.1069,-21.622,42.226,5.765
0.107,-22.076,41.371,6.2817
0.1071,-22.47,40.457,6.7973
0.1072,-22.815,39.498,7.311
0.1073,-23.124,38.506,7.8221
0.1074,-23.409,37.498,8.3294
0.1075,-23.682,36.487,8.8316
0.1076,-23.949,35.483,9.327
0.1077,-24.213,34.492,9.8141
0.1078,-24.471,33.514,10.291
0.1079,-24.714,32.542,10.757
0.108,-24.928,31.565,11.21
0.1081,-25.096,30.567,11.65
0.1082,-25.202,29.533,12.077
0.1083,-25.231,28.45,12.491
0.1084,-25.174,27.308,12.893
0.1085,-25.026,26.102,13.283
0.1086,-24.788,24.833,13.661
0.1087,-24.464,23.507,14.027
0.1088,-24.064,22.132,14.382
0.1089,-23.601,20.723,14.725
0.109,-23.088,19.293,15.056
0.1091,-22.539,17.858,15.373
0.1092,-21.968,16.433,15.674
0.1093,-21.384,15.03,15.959
0.1094,-20.795,13.658,16.224
0.1095,-20.203,12.323,16.468
0.1096,-19.606,11.026,16.687
0.1097,-18.999,9.7637,16.879
0.1098,-18.373,8.5299,17.042
0.1099,-17.717,7.3146,17.174
0.11,-17.018,6.1065,17.274
0.1101,-16.266,4.8939,17.343
0.1102,-15.449,3.6664,17.38
0.1103,-14.562,2.4158,17.386
0.1104,-13.6,1.1372,17.363
0.1105,-12.565,-0.16961,17.311
0.1106,-11.462,-1.5002,17.231
0.1107,-10.301,-2.845,17.122
0.1108,-9.0968,-4.1901,16.986
0.1109,-7.8661,-5.5189,16.82
0.111,-6.6255,-6.814,16.624
0.1111,-5.3899,-8.0595,16.397
0.1112,-4.1705,-9.243,16.137
0.1113,-2.9733,-10.357,15.841
0.1114,-1.7987,-11.399,15.507
0.1115,-1.7735,-12.294,15.171
0.1116,-1.7676,-13.098,14.846
0.1117,-1.7631,-13.786,14.533
0.1118,-1.7593,-14.389,14.216
0.1119,-1.7581,-14.967,13.841
0.112,-1.7572,-15.532,13.41
0.1121,-1.7532,-16.066,12.961
0.1122,-1.7492,-16.599,12.467
0.1123,-1.7468,-17.124,11.926
0.1124,-1.7433,-17.583,11.401
0.1125,-1.7374,-17.993,10.882
0.1126,-1.7316,-18.381,10.323
0.1127,-1.7251,-18.711,9.749
0.1128,-1.7161,-18.984,9.1552
0.1129,-1.7057,-19.244,8.4799
0.113,-1.6934,-19.468,7.7303
0.1131,-1.6763,-19.616,6.9496
0.1132,-1.6555,-19.701,6.1218
0.1133,-1.633,-19.717,5.2478
0.1134,-1.6086,-19.615,4.3849
0.1135,-1.5824,-19.416,3.5254
0.1136,-1.5575,-19.171,2.6263
0.1137,-1.5344,-18.852,2.0886
0.1138,-1.5156,-18.509,2.0356
0.1139,-1.4999,-18.211,1.9814
0.114,-1.4871,-17.977,1.926
0.1141,-1.477,-17.764,1.873
0.1142,-1.4715,-17.576,1.8206
0.1143,-1.4686,-17.436,1.7639
0.1144,-1.4651,-17.28,1.7058
0.1145,-1.4623,-17.06,1.6497
0.1146,-1.4623,-16.809,1.5927
0.1147,-1.4625,-16.519,1.534
0.1148,-1.4608,-16.132,1.4782
0.1149,-1.458,-15.664,1.4262
0.115,-1.4546,-15.131,1.3769
0.1151,-1.4489,-14.486,1.333
0.1152,-1.4401,-13.746,1.294
0.1153,-1.4284,-12.982,1.2545
0.1154,-1.4132,-12.196,1.2133
0.1155,-1.3941,-11.372,1.172
0.1156,-1.3725,-10.552,1.1295
0.1157,-1.3502,-9.7467,1.086
0.1158,-1.3281,-8.9273,1.0441
0.1159,-1.3065,-8.1325,1.0032
0.116,-1.2863,-7.4094,0.96145
0.1161,-1.2683,-6.7242,0.91989
0.1162,-1.2525,-6.0453,0.87816
0.1163,-1.2385,-5.3746,0.8338
0.1164,-1.2272,-4.6711,0.78784
0.1165,-1.2194,-3.8939,0.74228
0.1166,-1.2151,-3.0584,0.69598
0.1167,-1.2125,-2.1587,0.64949
0.1168,-1.2104,-1.1579,0.60679
0.1169,-1.2084,-0.074451,0.56888
0.117,-1.2122,0.068539,0.54045
0.1171,-1.2182,0.10007,0.51978
0.1172,-1.2237,0.12314,0.50579
0.1173,-1.2277,0.14154,0.49331
0.1174,-1.234,0.15414,0.48674
0.1175,-1.2389,0.16046,0.48565
0.1176,-1.2387,0.1659,0.48176
0.1177,-1.238,0.17067,0.47712
0.1178,-1.2394,0.17136,0.47793
0.1179,-1.2388,0.16989,0.47829
0.118,-1.236,0.17181,0.47306
0.1181,-1.2354,0.17581,0.46792
0.1182,-1.2366,0.18065,0.4646
0.1183,-1.2385,0.18983,0.45874
0.1184,-1.2447,0.20563,0.45211
0.1185,-1.2542,0.22576,0.44716
0.1186,-1.2626,0.25057,0.43919
0.1187,-1.2699,0.28015,0.42753
0.1188,-1.2789,0.31096,0.41816
0.1189,-1.2877,0.33968,0.41198
0.119,-1.2954,0.36705,0.40688
0.1191,-1.3045,0.39179,0.4061
0.1192,-1.3135,0.41185,0.41047
0.1193,-1.3188,0.42755,0.41595
0.1194,-1.3222,0.43948,0.42356
0.1195,-1.3251,0.44568,0.43618
0.1196,-1.325,0.44636,0.45062
0.1197,-1.3221,0.44233,0.46611
0.1198,-1.3201,0.43309,0.48687
0.1199,-1.3175,0.41978,0.51053
0.12,-1.3127,0.40679,0.53112
0.1201,-1.3093,0.39514,0.55164
0.1202,-1.3101,0.38465,0.57522
0.1203,-1.3121,0.37873,0.59567
0.1204,-1.3147,0.38034,0.60979
0.1205,-1.3196,0.3866,0.62233
0.1206,-1.3253,0.39596,0.63313
0.1207,-1.3298,0.40956,0.63928
0.1208,-1.3361,0.42525,0.64594
0.1209,-1.3449,0.43884,0.65798
0.121,-1.3534,0.45147,0.67141
0.1211,-1.3612,0.46436,0.68451
0.1212,-1.3694,0.47441,0.70128
0.1213,-1.3759,0.47969,0.72092
0.1214,-1.3794,0.48231,0.73994
0.1215,-1.3818,0.48095,0.76109
0.1216,-1.3826,0.47297,0.78644
0.1217,-1.3798,0.45916,0.81287
0.1218,-1.3749,0.44147,0.84001
0.1219,-1.3697,0.41912,0.87035
0.122,-1.3635,0.39355,0.90171
0.1221,-1.357,0.36817,0.93165
0.1222,-1.3528,0.34403,0.96173
0.1223,-1.3496,0.32127,0.99068
0.1224,-1.3457,0.30251,1.0143
0.1225,-1.3429,0.2884,1.0338
