0.05,1.4211,-0.2471,-1.5512
0.0501,1.4434,-0.20486,-1.8627
0.0502,1.4514,-0.16158,-2.1458
0.0503,1.4503,-0.12319,-2.4091
0.0504,1.4432,-0.089053,-2.6505
0.0505,1.4223,-0.053244,-2.8682
0.0506,1.3826,-0.016719,-3.0676
0.0507,1.334,0.014319,-3.2583
0.0508,1.2823,0.038842,-3.444
0.0509,1.2199,0.062934,-3.6223
0.051,1.142,0.089314,-3.7899
0.0511,1.0517,0.11763,-3.9463
0.0512,0.95071,0.14654,-4.0895
0.0513,0.83886,0.17379,-4.2166
0.0514,0.71651,0.19758,-4.3246
0.0515,0.58088,0.2201,-4.4152
0.0516,0.42874,0.24173,-4.4921
0.0517,0.26299,0.25998,-4.5604
0.0518,0.08906,0.27355,-4.6232
0.0519,-0.093068,0.28614,-4.6792
0.052,-0.2839,0.29905,-4.7258
0.0521,-0.48113,0.31243,-4.7609
0.0522,-0.68129,0.32579,-4.7829
0.0523,-0.88252,0.33764,-4.7894
0.0524,-1.0858,0.34611,-4.7754
0.0525,-1.2949,0.35228,-4.7365
0.0526,-1.5115,0.35597,-4.6728
0.0527,-1.7327,0.35505,-4.5902
0.0528,-1.9579,0.34994,-4.4945
0.0529,-2.1907,0.34537,-4.3886
0.053,-2.4314,0.34274,-4.2753
0.0531,-2.6739,0.34008,-4.1591
0.0532,-2.914,0.33654,-4.042
0.0533,-3.1529,0.33339,-3.9216
0.0534,-3.3913,0.32995,-3.7951
0.0535,-3.6288,0.32577,-3.6621
0.0536,-3.8664,0.32079,-3.5205
0.0537,-4.1061,0.31427,-3.3676
0.0538,-4.3485,0.30526,-3.2019
0.0539,-4.5943,0.29543,-3.0247
0.054,-4.8432,0.28574,-2.8373
0.0541,-5.0923,0.27531,-2.6415
0.0542,-5.3371,0.26326,-2.4396
0.0543,-5.5753,0.25027,-2.2324
0.0544,-5.8057,0.2356,-2.0183
0.0545,-6.0278,0.21891,-1.7963
0.0546,-6.2419,0.20091,-1.5667
0.0547,-6.4495,0.18214,-1.33
0.0548,-6.6523,0.16189,-1.0858
0.0549,-6.8531,0.14099,-0.834
0.055,-7.0535,0.11972,-0.57491
0.0551,-7.2519,0.09653,-0.31105
0.0552,-7.4449,0.070278,-0.045606
0.0553,-7.6316,0.042938,0.21892
0.0554,-7.8111,0.015759,0.48117
0.0555,-7.9798,-0.011489,0.73926
0.0556,-8.1359,-0.038675,0.99241
0.0557,-8.2804,-0.064538,1.2418
0.0558,-8.4148,-0.089338,1.4897
0.0559,-8.5399,-0.11346,1.737
0.056,-8.657,-0.13732,1.9852
0.0561,-8.7673,-0.16209,2.2362
0.0562,-8.8705,-0.18967,2.4914
0.0563,-8.9661,-0.21997,2.7506
0.0564,-9.0535,-0.25235,3.0131
0.0565,-9.1309,-0.28622,3.2765
0.0566,-9.1963,-0.32049,3.5378
0.0567,-9.2491,-0.35333,3.7947
0.0568,-9.289,-0.38472,4.0457
0.0569,-9.316,-0.41515,4.2902
0.057,-9.3314,-0.4447,4.5283
0.0571,-9.3365,-0.47374,4.7599
0.0572,-9.3295,-0.50377,4.9838
0.0573,-9.3161,-0.53382,5.2033
0.0574,-9.2949,-0.56349,5.4174
0.0575,-9.2652,-0.59265,5.6254
0.0576,-9.225,-0.62114,5.8261
0.0577,-9.1734,-0.64715,6.0181
0.0578,-9.1098,-0.66985,6.2003
0.0579,-9.0324,-0.68986,6.3711
0.058,-8.94,-0.70816,6.5302
0.0581,-8.8338,-0.72514,6.6787
0.0582,-8.7156,-0.74213,6.8192
0.0583,-8.5865,-0.75987,6.9526
0.0584,-8.448,-0.77826,7.0803
0.0585,-8.3019,-0.79684,7.2031
0.0586,-8.1488,-0.81578,7.3217
0.0587,-7.9884,-0.83444,7.4353
0.0588,-7.82,-0.85242,7.5426
0.0589,-7.6424,-0.8697,7.6416
0.059,-7.4539,-0.88622,7.7295
0.0591,-7.254,-0.90116,7.804
0.0592,-7.0427,-0.91449,7.8638
0.0593,-6.8205,-0.92632,7.9084
0.0594,-6.5888,-0.93639,7.9386
0.0595,-6.3492,-0.94421,7.9552
0.0596,-6.1029,-0.9501,7.9596
0.0597,-5.8508,-0.95384,7.9532
0.0598,-5.5934,-0.95545,7.9368
0.0599,-5.3308,-0.95532,7.9113
0.06,-5.0617,-0.95454,7.8767
0.0601,-4.7854,-0.95306,7.8322
0.0602,-4.5023,-0.9506,7.7775
0.0603,-4.2121,-0.9472,7.7115
0.0604,-3.915,-0.94289,7.6339
0.0605,-3.6124,-0.93723,7.5448
0.0606,-3.3058,-0.9307,7.4458
0.0607,-2.9964,-0.9239,7.338
0.0608,-2.6854,-0.91706,7.2228
0.0609,-2.3736,-0.91017,7.1009
0.061,-2.0612,-0.90358,6.9725
0.0611,-1.7479,-0.89689,6.8367
0.0612,-1.4337,-0.8893,6.6924
0.0613,-1.1181,-0.88025,6.538
0.0614,-0.80015,-0.86936,6.3718
0.0615,-0.48006,-0.85562,6.1923
0.0616,-0.15825,-0.83877,5.9993
0.0617,0.16502,-0.81938,5.7933
0.0618,0.48887,-0.7982,5.5759
0.0619,0.81159,-0.77565,5.3495
0.062,1.132,-0.75271,5.1166
0.0621,1.4492,-0.72989,4.8791
0.0622,1.7621,-0.70703,4.638
0.0623,2.0701,-0.68386,4.3939
0.0624,2.3733,-0.66063,4.147
0.0625,2.6721,-0.63717,3.8963
0.0626,2.9665,-0.61333,3.6412
0.0627,3.2569,-0.58926,3.3812
0.0628,3.5434,-0.56523,3.1158
0.0629,3.8254,-0.54106,2.8452
0.063,4.102,-0.51689,2.57
0.0631,4.3722,-0.49276,2.2914
0.0632,4.6349,-0.46834,2.0104
0.0633,4.889,-0.44305,1.7276
0.0634,5.1343,-0.41668,1.443
0.0635,5.3708,-0.38874,1.1563
0.0636,5.5988,-0.35887,0.867
0.0637,5.8189,-0.32718,0.57455
0.0638,6.032,-0.29403,0.27853
0.0639,6.238,-0.25933,-0.021009
0.064,6.4367,-0.22317,-0.32344
0.0641,6.6275,-0.18594,-0.62782
0.0642,6.8093,-0.14797,-0.93252
0.0643,6.9806,-0.10945,-1.2354
0.0644,7.1403,-0.071152,-1.5343
0.0645,7.2878,-0.033754,-1.8279
0.0646,7.4225,0.0024883,-2.1152
0.0647,7.5444,0.037479,-2.3958
0.0648,7.6541,0.070914,-2.6703
0.0649,7.7526,0.10304,-2.9397
0.065,7.84,0.13434,-3.2047
0.0651,7.9171,0.16523,-3.4663
0.0652,7.984,0.19601,-3.7249
0.0653,8.0406,0.22725,-3.9808
0.0654,8.0864,0.25903,-4.2334
0.0655,8.1208,0.29106,-4.4817
0.0656,8.1433,0.32303,-4.7246
0.0657,8.1535,0.35478,-4.961
0.0658,8.1513,0.38599,-5.1902
0.0659,8.1368,0.4167,-5.412
0.066,8.1104,0.4472,-5.6264
0.0661,8.0725,0.47764,-5.8337
0.0662,8.0237,0.50784,-6.034
0.0663,7.9643,0.53779,-6.227
0.0664,7.8944,0.56717,-6.4121
0.0665,7.8138,0.59541,-6.5885
0.0666,7.7221,0.62194,-6.7551
0.0667,7.6186,0.64649,-6.9105
0.0668,7.5028,0.66862,-7.0535
0.0669,7.3744,0.68822,-7.1834
0.067,7.2336,0.70559,-7.3002
0.0671,7.0805,0.7213,-7.4043
0.0672,6.9164,0.73571,-7.4967
0.0673,6.7423,0.74935,-7.5789
0.0674,6.5594,0.76261,-7.652
0.0675,6.3685,0.77555,-7.7168
0.0676,6.1705,0.78808,-7.7738
0.0677,5.9654,0.80031,-7.8228
0.0678,5.7529,0.81217,-7.8634
0.0679,5.5328,0.82346,-7.8947
0.068,5.3044,0.83409,-7.9156
0.0681,5.0674,0.84395,-7.9251
0.0682,4.8218,0.85266,-7.9222
0.0683,4.5681,0.85995,-7.9069
0.0684,4.3069,0.86573,-7.879
0.0685,4.0392,0.86982,-7.8389
0.0686,3.766,0.87192,-7.7871
0.0687,3.488,0.87205,-7.724
0.0688,3.2055,0.87029,-7.6495
0.0689,2.9188,0.86666,-7.5639
0.069,2.628,0.86125,-7.467
0.0691,2.3328,0.85438,-7.3587
0.0692,2.0333,0.8461,-7.2389
0.0693,1.7298,0.83641,-7.1077
0.0694,1.4229,0.82546,-6.9656
0.0695,1.1135,0.81356,-6.8135
0.0696,0.80249,0.80091,-6.6524
0.0697,0.49118,0.78793,-6.4836
0.0698,0.18044,0.77504,-6.3084
0.0699,-0.12907,0.76242,-6.1273
0.07,-0.43689,0.75001,-5.9406
0.0701,-0.74298,0.73771,-5.7481
0.0702,-1.0475,0.72515,-5.5489
0.0703,-1.3507,0.71182,-5.3423
0.0704,-1.6528,0.69724,-5.1272
0.0705,-1.9539,0.68109,-4.9031
0.0706,-2.2537,0.66303,-4.6696
0.0707,-2.5517,0.64302,-4.4269
0.0708,-2.8472,0.62129,-4.1758
0.0709,-3.1393,0.59818,-3.9173
0.071,-3.4269,0.57389,-3.6528
0.0711,-3.7092,0.54872,-3.3833
0.0712,-3.9855,0.52285,-3.1098
0.0713,-4.2553,0.49626,-2.8328
0.0714,-4.5185,0.46892,-2.5529
0.0715,-4.775,0.44101,-2.2703
0.0716,-5.0248,0.41261,-1.9851
0.0717,-5.2678,0.38379,-1.6978
0.0718,-5.5037,0.35476,-1.4087
0.0719,-5.7321,0.32571,-1.1184
0.072,-5.9522,0.29665,-0.82763
0.0721,-6.1634,0.2676,-0.53706
0.0722,-6.3649,0.23855,-0.24728
0.0723,-6.5563,0.2093,0.041404
0.0724,-6.7372,0.17952,0.32897
0.0725,-6.9079,0.149,0.61569
0.0726,-7.0686,0.11752,0.90207
0.0727,-7.2197,0.084883,1.1886
0.0728,-7.3617,0.051039,1.4754
0.0729,-7.4947,0.016097,1.7626
0.073,-7.6186,-0.019882,2.0499
0.0731,-7.7329,-0.056746,2.3364
0.0732,-7.837,-0.094184,2.6209
0.0733,-7.9301,-0.1318,2.9023
0.0734,-8.0114,-0.16922,3.179
0.0735,-8.0805,-0.20599,3.4497
0.0736,-8.1369,-0.24169,3.7134
0.0737,-8.1807,-0.27607,3.9697
0.0738,-8.2122,-0.30906,4.2181
0.0739,-8.2316,-0.34056,4.4588
0.074,-8.2394,-0.37071,4.692
0.0741,-8.2359,-0.39967,4.9178
0.0742,-8.2211,-0.42763,5.1363
0.0743,-8.195,-0.45471,5.3475
0.0744,-8.1575,-0.48107,5.5513
0.0745,-8.1084,-0.50677,5.7472
0.0746,-8.0475,-0.53179,5.9351
0.0747,-7.9748,-0.55614,6.1146
0.0748,-7.8903,-0.57995,6.2856
0.0749,-7.7945,-0.60332,6.4481
0.075,-7.6878,-0.6264,6.6025
0.0751,-7.5707,-0.64935,6.7488
0.0752,-7.4435,-0.67218,6.887
0.0753,-7.3066,-0.69469,7.0169
0.0754,-7.1601,-0.71666,7.1381
0.0755,-7.0039,-0.73772,7.2495
0.0756,-6.8378,-0.75742,7.3503
0.0757,-6.6616,-0.77535,7.4396
0.0758,-6.4749,-0.79124,7.5162
0.0759,-6.2776,-0.80492,7.5797
0.076,-6.0701,-0.81633,7.6297
0.0761,-5.8527,-0.82562,7.6664
0.0762,-5.6262,-0.83307,7.6904
0.0763,-5.3913,-0.83894,7.7025
0.0764,-5.1491,-0.8435,7.7034
0.0765,-4.9003,-0.84701,7.6939
0.0766,-4.6455,-0.84966,7.6745
0.0767,-4.3851,-0.85155,7.6457
0.0768,-4.1192,-0.85284,7.6074
0.0769,-3.8479,-0.8536,7.5595
0.077,-3.5711,-0.85384,7.5018
0.0771,-3.2891,-0.85351,7.434
0.0772,-3.002,-0.85256,7.356
0.0773,-2.7103,-0.85083,7.2676
0.0774,-2.4144,-0.84813,7.169
0.0775,-2.1152,-0.84434,7.0601
0.0776,-1.813,-0.83929,6.9412
0.0777,-1.5086,-0.83278,6.8121
0.0778,-1.2022,-0.82468,6.6729
0.0779,-0.89395,-0.81492,6.5232
0.078,-0.58411,-0.80343,6.363
0.0781,-0.27278,-0.79016,6.1921
0.0782,0.039857,-0.7752,6.0106
0.0783,0.35342,-0.75863,5.8188
0.0784,0.6673,-0.74058,5.6172
0.0785,0.98075,-0.72131,5.4068
0.0786,1.2929,-0.70117,5.1885
0.0787,1.6029,-0.68049,4.9636
0.0788,1.9097,-0.65962,4.7332
0.0789,2.2129,-0.63887,4.498
0.079,2.5118,-0.61838,4.2586
0.0791,2.8062,-0.59811,4.0152
0.0792,3.0961,-0.57796,3.7678
0.0793,3.3813,-0.55771,3.5159
0.0794,3.662,-0.53704,3.2593
0.0795,3.9381,-0.51566,2.9976
0.0796,4.2093,-0.49333,2.7308
0.0797,4.4753,-0.46984,2.4589
0.0798,4.7357,-0.44506,2.1821
0.0799,4.9899,-0.41895,1.901
0.08,5.2373,-0.39151,1.616
0.0801,5.4773,-0.36271,1.3278
0.0802,5.7094,-0.33257,1.0369
0.0803,5.9333,-0.30112,0.74378
0.0804,6.1489,-0.26843,0.44879
0.0805,6.3557,-0.23461,0.15244
0.0806,6.5538,-0.19992,-0.14471
0.0807,6.7428,-0.16464,-0.44203
0.0808,6.9225,-0.12909,-0.73874
0.0809,7.0924,-0.093579,-1.034
0.081,7.2519,-0.058427,-1.3269
0.0811,7.4007,-0.023837,-1.6167
0.0812,7.5382,0.010063,-1.9027
0.0813,7.6641,0.043231,-2.1845
0.0814,7.7784,0.075746,-2.4618
0.0815,7.8811,0.10777,-2.7349
0.0816,7.9725,0.1395,-3.0039
0.0817,8.0529,0.17111,-3.2691
0.0818,8.1226,0.20282,-3.5309
0.0819,8.1819,0.23476,-3.7893
0.082,8.2307,0.267,-4.0442
0.0821,8.2689,0.29958,-4.2953
0.0822,8.2963,0.33244,-4.542
0.0823,8.3125,0.36543,-4.7835
0.0824,8.317,0.39832,-5.019
0.0825,8.3096,0.43085,-5.2477
0.0826,8.29,0.46274,-5.4687
0.0827,8.2582,0.49371,-5.6816
0.0828,8.2143,0.52357,-5.8857
0.0829,8.1584,0.55217,-6.0809
0.083,8.0908,0.57936,-6.2666
0.0831,8.0116,0.6051,-6.4428
0.0832,7.921,0.62936,-6.6092
0.0833,7.8191,0.65214,-6.7654
0.0834,7.7058,0.67345,-6.9113
0.0835,7.5814,0.69336,-7.0466
0.0836,7.4458,0.71195,-7.1714
0.0837,7.2993,0.72934,-7.2855
0.0838,7.1423,0.74568,-7.3892
0.0839,6.9752,0.7612,-7.4829
0.084,6.7985,0.77609,-7.5669
0.0841,6.6128,0.79052,-7.6414
0.0842,6.4185,0.8046,-7.7069
0.0843,6.2161,0.81832,-7.7632
0.0844,6.0056,0.83156,-7.8101
0.0845,5.7873,0.84409,-7.8472
0.0846,5.5612,0.85566,-7.8738
0.0847,5.327,0.86599,-7.8893
0.0848,5.085,0.87479,-7.8931
0.0849,4.835,0.88183,-7.8846
0.085,4.5773,0.88698,-7.8635
0.0851,4.3123,0.89016,-7.8297
0.0852,4.0405,0.89138,-7.7833
0.0853,3.7626,0.89075,-7.7248
0.0854,3.4792,0.88839,-7.6545
0.0855,3.1911,0.88446,-7.573
0.0856,2.8988,0.87915,-7.4807
0.0857,2.6029,0.87263,-7.378
0.0858,2.3037,0.86511,-7.2654
0.0859,2.0016,0.85677,-7.143
0.086,1.697,0.84777,-7.0114
0.0861,1.3903,0.83825,-6.8706
0.0862,1.0817,0.82827,-6.7211
0.0863,0.77186,0.81787,-6.5631
0.0864,0.46123,0.80704,-6.3969
0.0865,0.15038,0.79568,-6.2227
0.0866,-0.16024,0.78372,-6.0408
0.0867,-0.47022,0.77099,-5.851
0.0868,-0.77924,0.75733,-5.6533
0.0869,-1.0871,0.74256,-5.4474
0.087,-1.3936,0.72653,-5.2333
0.0871,-1.6986,0.70909,-5.0107
0.0872,-2.0019,0.69014,-4.7796
0.0873,-2.303,0.66969,-4.5403
0.0874,-2.6017,0.64776,-4.2932
0.0875,-2.8971,0.62449,-4.039
0.0876,-3.1887,0.60007,-3.7784
0.0877,-3.4758,0.57478,-3.5125
0.0878,-3.7576,0.54887,-3.2421
0.0879,-4.0334,0.52258,-2.9681
0.088,-4.3027,0.49613,-2.6913
0.0881,-4.5652,0.46961,-2.4122
0.0882,-4.8205,0.44305,-2.1311
0.0883,-5.0685,0.4164,-1.8483
0.0884,-5.3089,0.38955,-1.5639
0.0885,-5.5415,0.36234,-1.2779
0.0886,-5.7663,0.33462,-0.99061
0.0887,-5.9828,0.30623,-0.70202
0.0888,-6.1909,0.27704,-0.41236
0.0889,-6.3902,0.24692,-0.12182
0.089,-6.5803,0.21581,0.16935
0.0891,-6.7611,0.18364,0.46092
0.0892,-6.9323,0.15039,0.75265
0.0893,-7.0938,0.11606,1.0443
0.0894,-7.2454,0.080719,1.3356
0.0895,-7.387,0.044502,1.6261
0.0896,-7.5185,0.0075994,1.9153
0.0897,-7.6397,-0.029726,2.2026
0.0898,-7.7504,-0.06717,2.4872
0.0899,-7.8502,-0.10442,2.7683
0.09,-7.9388,-0.14116,3.0449
0.0901,-8.0158,-0.17712,3.3162
0.0902,-8.0808,-0.21208,3.5815
0.0903,-8.1337,-0.2459,3.8401
0.0904,-8.1743,-0.27852,4.0917
0.0905,-8.2027,-0.30997,4.336
0.0906,-8.2189,-0.34031,4.5731
0.0907,-8.2234,-0.3697,4.8031
0.0908,-8.2162,-0.39827,5.0262
0.0909,-8.1976,-0.42621,5.2423
0.091,-8.1679,-0.45367,5.4517
0.0911,-8.127,-0.48078,5.6541
0.0912,-8.075,-0.50762,5.8496
0.0913,-8.0118,-0.53422,6.0377
0.0914,-7.9375,-0.56055,6.218
0.0915,-7.852,-0.58653,6.3903
0.0916,-7.7554,-0.61204,6.554
0.0917,-7.6476,-0.63691,6.7088
0.0918,-7.5288,-0.66096,6.8542
0.0919,-7.3992,-0.68402,6.9898
0.092,-7.259,-0.70588,7.1152
0.0921,-7.1083,-0.72639,7.23
0.0922,-6.9472,-0.74538,7.3338
0.0923,-6.7759,-0.7627,7.4262
0.0924,-6.5946,-0.77828,7.5068
0.0925,-6.4033,-0.79207,7.5755
0.0926,-6.2023,-0.80407,7.6321
0.0927,-5.9919,-0.81437,7.6768
0.0928,-5.7726,-0.82311,7.7096
0.0929,-5.5449,-0.83047,7.731
0.093,-5.3093,-0.8367,7.7414
0.0931,-5.0664,-0.842,7.7413
0.0932,-4.8168,-0.84657,7.7312
0.0933,-4.5608,-0.85053,7.7112
0.0934,-4.299,-0.85393,7.6815
0.0935,-4.0317,-0.85676,7.6422
0.0936,-3.759,-0.85891,7.5929
0.0937,-3.4811,-0.86025,7.5334
0.0938,-3.1982,-0.86059,7.4634
0.0939,-2.9106,-0.85976,7.3825
0.094,-2.6183,-0.85758,7.2906
0.0941,-2.3219,-0.85391,7.1876
0.0942,-2.0215,-0.84864,7.0733
0.0943,-1.7179,-0.8417,6.948
0.0944,-1.4114,-0.83309,6.8118
0.0945,-1.1025,-0.82282,6.665
0.0946,-0.79192,-0.81096,6.5079
0.0947,-0.48,-0.79763,6.3409
0.0948,-0.16726,-0.78298,6.1644
0.0949,0.14581,-0.7672,5.9788
0.095,0.45874,-0.75047,5.7846
0.0951,0.77102,-0.733,5.5824
0.0952,1.0821,-0.71498,5.3728
0.0953,1.3915,-0.69657,5.1563
0.0954,1.6986,-0.67788,4.9335
0.0955,2.0028,-0.65898,4.7048
0.0956,2.3038,-0.63989,4.4707
0.0957,2.6011,-0.62055,4.2312
0.0958,2.8943,-0.60088,3.9866
0.0959,3.1834,-0.58072,3.7368
0.096,3.4679,-0.55989,3.4817
0.0961,3.7479,-0.5382,3.2212
0.0962,4.023,-0.51547,2.9554
0.0963,4.293,-0.49154,2.6842
0.0964,4.5576,-0.46628,2.408
0.0965,4.8163,-0.43965,2.1271
0.0966,5.0687,-0.41164,1.842
0.0967,5.3143,-0.38234,1.5536
0.0968,5.5525,-0.35186,1.2623
0.0969,5.7828,-0.32038,0.96902
0.097,6.0048,-0.28809,0.6744
0.0971,6.2179,-0.25518,0.37909
0.0972,6.4219,-0.22184,0.083684
0.0973,6.6164,-0.18824,-0.21131
0.0974,6.8012,-0.15452,-0.5054
0.0975,6.976,-0.12082,-0.79817
0.0976,7.1406,-0.087208,-1.0892
0.0977,7.2949,-0.053755,-1.3782
0.0978,7.4386,-0.020483,-1.6647
0.0979,7.5716,0.012616,-1.9486
0.098,7.6937,0.045598,-2.2296
0.0981,7.805,0.078535,-2.5074
0.0982,7.9053,0.11152,-2.7821
0.0983,7.9947,0.14463,-3.0536
0.0984,8.0732,0.17795,-3.3216
0.0985,8.1408,0.2115,-3.586
0.0986,8.1976,0.24527,-3.8465
0.0987,8.2434,0.27918,-4.1027
0.0988,8.2781,0.3131,-4.354
0.0989,8.3016,0.34684,-4.5999
0.099,8.3136,0.38019,-4.8396
0.0991,8.3139,0.41291,-5.0725
0.0992,8.3022,0.44479,-5.2977
0.0993,8.2784,0.47562,-5.5148
0.0994,8.2424,0.50524,-5.7231
0.0995,8.1941,0.53353,-5.9224
0.0996,8.1338,0.56045,-6.1123
0.0997,8.0615,0.58598,-6.2928
0.0998,7.9775,0.61018,-6.4637
0.0999,7.882,0.63311,-6.6251
0.1,7.7754,0.6549,-6.777
0.1001,7.6578,0.67567,-6.9194
0.1002,7.5295,0.69555,-7.0523
0.1003,7.3907,0.71465,-7.1756
0.1004,7.2418,0.73308,-7.2894
0.1005,7.0828,0.75088,-7.3936
0.1006,6.9142,0.76807,-7.4881
0.1007,6.7361,0.78462,-7.5728
0.1008,6.5487,0.80048,-7.6475
0.1009,6.3524,0.81553,-7.712
0.101,6.1474,0.82964,-7.7661
0.1011,5.9338,0.84263,-7.8095
0.1012,5.7118,0.85433,-7.8417
0.1013,5.4816,0.86458,-7.8626
0.1014,5.2433,0.87322,-7.8716
0.1015,4.9972,0.88014,-7.8686
0.1016,4.7436,0.88526,-7.8534
0.1017,4.4827,0.88857,-7.826
0.1018,4.215,0.89011,-7.7865
0.1019,3.941,0.89,-7.7352
0.102,3.6613,0.88839,-7.6725
0.1021,3.3764,0.88545,-7.5988
0.1022,3.0869,0.88139,-7.5145
0.1023,2.7935,0.87638,-7.4201
0.1024,2.4966,0.87058,-7.3161
0.1025,2.1967,0.8641,-7.2026
0.1026,1.8942,0.857,-7.0799
0.1027,1.5895,0.84929,-6.9481
0.1028,1.2828,0.84094,-6.8073
0.1029,0.97463,0.8319,-6.6573
0.103,0.66518,0.82206,-6.4984
0.1031,0.35481,0.81133,-6.3304
0.1032,0.043881,0.79957,-6.1534
0.1033,-0.26722,0.78667,-5.9675
0.1034,-0.5781,0.77254,-5.7727
0.1035,-0.88837,0.7571,-5.5692
0.1036,-1.1976,0.74031,-5.3572
0.1037,-1.2236,0.78041,-5.16
0.1038,-1.2441,0.82178,-4.9639
0.1039,-1.2619,0.86246,-4.7657
0.104,-1.2768,0.8998,-4.5624
0.1041,-1.288,0.93173,-4.355
0.1042,-1.2969,0.96168,-4.1444
0.1043,-1.3054,0.99221,-3.9279
0.1044,-1.3117,1.02,-3.7046
0.1045,-1.3149,1.0422,-3.4756
0.1046,-1.317,1.0622,-3.2416
0.1047,-1.3193,1.0826,-3.0036
0.1048,-1.3197,1.1035,-2.7636
0.1049,-1.3185,1.1244,-2.522
0.105,-1.3164,1.1441,-2.2774
0.1051,-1.3128,1.1614,-2.0283
0.1052,-1.307,1.1772,-1.7742
0.1053,-1.3005,1.1937,-1.513
0.1054,-1.293,1.21,-1.2436
0.1055,-1.2828,1.224,-0.96663
0.1056,-1.2703,1.2361,-0.68458
0.1057,-1.256,1.2479,-0.39971
0.1058,-1.2383,1.2594,-0.1145
0.1059,-1.2498,1.248,0.024726
0.106,-1.2809,1.2246,0.078372
0.1061,-1.3104,1.1998,0.13192
0.1062,-1.3368,1.1715,0.18477
0.1063,-1.3597,1.1393,0.23748
0.1064,-1.3792,1.1033,0.29101
0.1065,-1.396,1.063,0.34579
0.1066,-1.4101,1.0201,0.40007
0.1067,-1.4212,0.97586,0.45225
0.1068,-1.4285,0.92992,0.50204
0.1069,-1.4335,0.88274,0.55057
0.107,-1.4384,0.83665,0.5983
0.1071,-1.444,0.79207,0.64534
0.1072,-1.4486,0.74747,0.69151
0.1073,-1.4523,0.70255,0.73728
0.1074,-1.4559,0.6578,0.78312
0.1075,-1.4587,0.61222,0.82924
0.1076,-1.4593,0.56548,0.87468
0.1077,-1.4579,0.51861,0.91863
0.1078,-1.4542,0.47182,0.9608
0.1079,-1.448,0.42455,1.0014
0.108,-1.4399,0.37747,1.0403
0.1081,-1.4305,0.33047,1.0783
0.1082,-1.4185,0.2818,1.1157
0.1083,-1.4026,0.23055,1.1524
0.1084,-1.3836,0.17747,1.1881
0.1085,-1.3618,0.12255,1.2229
0.1086,-1.3358,0.065666,1.2558
0.1087,-1.3056,0.0077682,1.2854
0.1088,-1.2722,-0.050375,1.3121
0.1089,-1.2369,-0.1088,1.3373
0.109,-1.2005,-0.1664,1.3606
0.1091,-1.1638,-0.22206,1.3816
0.1092,-1.1266,-0.27635,1.401
0.1093,-1.0891,-0.33,1.4195
0.1094,-1.0515,-0.38206,1.4365
0.1095,-1.014,-0.43217,1.4516
0.1096,-0.9759,-0.48093,1.4648
0.1097,-0.93718,-0.52808,1.4757
0.1098,-0.89803,-0.57295,1.4838
0.1099,-0.85825,-0.61643,1.4898
0.11,-0.81759,-0.65956,1.4945
0.1101,-0.77613,-0.70244,1.498
0.1102,-0.73308,-0.74554,1.5001
0.1103,-0.68759,-0.78976,1.5007
0.1104,-0.63983,-0.8346,1.4996
0.1105,-0.59016,-0.87919,1.496
0.1106,-0.53793,-0.92363,1.4894
0.1107,-0.48326,-0.96781,1.4798
0.1108,-0.42749,-1.0107,1.4673
0.1109,-0.37146,-1.0521,1.4527
0.111,-0.315,-1.0921,1.4358
0.1111,-0.2585,-1.1304,1.4167
0.1112,-0.20248,-1.1668,1.3959
0.1113,-0.14674,-1.2018,1.3736
0.1114,-0.091303,-1.2349,1.3493
0.1115,-0.036946,-1.2648,1.3228
0.1116,0.016144,-1.2913,1.294
0.1117,0.068196,-1.3148,1.2629
0.1118,0.11883,-1.3348,1.2296
0.1119,0.16762,-1.3518,1.195
0.112,0.21522,-1.3669,1.1596
0.1121,0.26239,-1.3807,1.1235
0.1122,0.30949,-1.3934,1.0863
0.1123,0.35707,-1.4056,1.0481
0.1124,0.40585,-1.4177,1.0087
0.1125,0.45584,-1.4291,0.96761
0.1126,0.50672,-1.4395,0.92476
0.1127,0.55825,-1.4493,0.88059
0.1128,0.60991,-1.4576,0.83508
0.1129,0.6609,-1.4639,0.78831
0.113,0.71096,-1.4684,0.74073
0.1131,0.76002,-1.4711,0.69258
0.1132,0.80774,-1.4713,0.64359
0.1133,0.85378,-1.4688,0.59379
0.1134,0.89802,-1.4634,0.54323
0.1135,0.9401,-1.4546,0.49166
0.1136,0.9797,-1.4417,0.43896
0.1137,1.0168,-1.4254,0.38568
0.1138,1.0513,-1.4061,0.33236
0.1139,1.083,-1.3837,0.27919
0.114,1.1124,-1.3588,0.22618
0.1141,1.1401,-1.332,0.17341
0.1142,1.1664,-1.3035,0.12067
0.1143,1.1914,-1.2733,0.067699
0.1144,1.2159,-1.242,0.014442
0.1145,1.2399,-1.2099,-0.038996
0.1146,1.2631,-1.1768,-0.092484
0.1147,1.2856,-1.143,-0.14579
0.1148,1.3075,-1.109,-0.19873
0.1149,1.3286,-1.0747,-0.25108
0.115,1.3485,-1.04,-0.30268
0.1151,1.3673,-1.005,-0.35358
0.1152,1.3848,-0.96914,-0.40409
0.1153,1.4001,-0.93156,-0.4543
0.1154,1.4128,-0.89178,-0.50417
0.1155,1.4227,-0.84962,-0.55372
0.1156,1.4291,-0.80469,-0.6028
0.1157,1.4318,-0.75719,-0.65076
0.1158,1.4307,-0.70773,-0.69718
0.1159,1.4264,-0.6566,-0.74214
0.116,1.4189,-0.60394,-0.78575
0.1161,1.4088,-0.55042,-0.82789
0.1162,1.3966,-0.49645,-0.86874
0.1163,1.3826,-0.44195,-0.90864
0.1164,1.3668,-0.38714,-0.94747
0.1165,1.3494,-0.33251,-0.98499
0.1166,1.3305,-0.27807,-1.0212
0.1167,1.3101,-0.22395,-1.0561
0.1168,1.2886,-0.17071,-1.0893
0.1169,1.2661,-0.11871,-1.1206
0.117,1.2427,-0.067693,-1.1503
0.1171,1.2185,-0.01756,-1.1785
0.1172,1.1933,0.03184,-1.2052
0.1173,1.1668,0.081109,-1.2307
0.1174,1.1385,0.1308,-1.255
0.1175,1.1081,0.1809,-1.2777
0.1176,1.0753,0.23155,-1.2986
0.1177,1.0396,0.28298,-1.3174
0.1178,1.0011,0.33513,-1.3341
0.1179,0.95996,0.38768,-1.3486
0.118,0.91641,0.44065,-1.361
0.1181,0.87071,0.49383,-1.3715
0.1182,0.82342,0.54674,-1.38
0.1183,0.77486,0.59904,-1.3865
0.1184,0.72518,0.65058,-1.391
0.1185,0.67482,0.70076,-1.3933
0.1186,0.62431,0.74901,-1.3932
0.1187,0.57384,0.79508,-1.3906
0.1188,0.52361,0.83874,-1.3855
0.1189,0.47401,0.87969,-1.3779
0.119,0.42511,0.91824,-1.3682
0.1191,0.3766,0.95485,-1.3565
0.1192,0.32832,0.98979,-1.343
0.1193,0.28008,1.0233,-1.3278
0.1194,0.2314,1.0559,-1.3108
0.1195,0.18186,1.0875,-1.2917
0.1196,0.13136,1.1182,-1.2705
0.1197,0.07982,1.1481,-1.2472
0.1198,0.02712,1.1774,-1.2218
0.1199,-0.026591,1.2058,-1.1944
0.12,-0.081096,1.2334,-1.1651
0.1201,-0.13632,1.2602,-1.1343
0.1202,-0.19217,1.2862,-1.1019
0.1203,-0.24834,1.3111,-1.0678
0.1204,-0.30457,1.3345,-1.0322
0.1205,-0.36051,1.3562,-0.99511
0.1206,-0.41565,1.3755,-0.95629
0.1207,-0.46951,1.3918,-0.9158
0.1208,-0.52172,1.405,-0.87388
0.1209,-0.57191,1.4148,-0.83069
0.121,-0.6199,1.4212,-0.78641
0.1211,-0.66579,1.4245,-0.74128
0.1212,-0.7098,1.425,-0.69543
0.1213,-0.75216,1.4228,-0.64878
0.1214,-0.79328,1.4181,-0.60125
0.1215,-0.83362,1.4116,-0.55284
0.1216,-0.87337,1.4032,-0.50356
0.1217,-0.91265,1.3933,-0.45348
0.1218,-0.95167,1.3821,-0.4027
0.1219,-0.99047,1.3698,-0.35134
0.122,-1.0289,1.3563,-0.29953
0.1221,-1.067,1.3418,-0.24733
0.1222,-1.1047,1.3262,-0.19478
0.1223,-1.1417,1.3093,-0.14189
0.1224,-1.1776,1.2908,-0.088683
0.1225,-1.2123,1.2703,-0.035176
