0.05,-0.097644,0.054944,0.025744
0.0501,-0.096904,0.053698,0.028762
0.0502,-0.096237,0.052426,0.032055
0.0503,-0.09566,0.051134,0.035605
0.0504,-0.095164,0.049821,0.039373
0.0505,-0.094719,0.048481,0.043309
0.0506,-0.094296,0.047111,0.047341
0.0507,-0.093836,0.045699,0.051378
0.0508,-0.093271,0.044216,0.055339
0.0509,-0.092563,0.04266,0.059153
0.051,-0.091684,0.041038,0.062756
0.0511,-0.090615,0.039348,0.066103
0.0512,-0.089361,0.037582,0.069175
0.0513,-0.087949,0.035743,0.071963
0.0514,-0.086398,0.03383,0.074463
0.0515,-0.084746,0.031838,0.076683
0.0516,-0.083038,0.029764,0.078639
0.0517,-0.081319,0.027612,0.080344
0.0518,-0.079636,0.025381,0.081819
0.0519,-0.078038,0.023069,0.083099
0.052,-0.076573,0.020678,0.084214
0.0521,-0.075275,0.018212,0.085192
0.0522,-0.074169,0.015668,0.086061
0.0523,-0.073258,0.013049,0.086835
0.0524,-0.072523,0.010363,0.087504
0.0525,-0.07192,0.0076097,0.088049
0.0526,-0.071394,0.0047921,0.088443
0.0527,-0.070883,0.0019142,0.088648
0.0528,-0.070317,-0.0010221,0.088629
0.0529,-0.069638,-0.004021,0.088365
0.053,-0.068802,-0.007083,0.087848
0.0531,-0.06777,-0.010209,0.087073
0.0532,-0.066522,-0.0134,0.086053
0.0533,-0.065054,-0.016655,0.084814
0.0534,-0.063369,-0.019959,0.083381
0.0535,-0.061474,-0.023301,0.08179
0.0536,-0.059384,-0.026662,0.080086
0.0537,-0.057149,-0.030017,0.078323
0.0538,-0.054825,-0.033338,0.076556
0.0539,-0.052472,-0.036604,0.07485
0.054,-0.050155,-0.039789,0.073268
0.0541,-0.047922,-0.042863,0.071854
0.0542,-0.11942,0.023972,-2.5513
0.0543,-0.14523,0.050539,-3.7606
0.0544,-0.16178,0.066965,-4.663
0.0545,-0.18823,0.093306,-5.6057
0.0546,-0.2171,0.12997,-6.4093
0.0547,-0.23362,0.15546,-7.0178
0.0548,-0.2481,0.17138,-7.7364
0.0549,-0.27822,0.20574,-8.7397
0.055,-0.32328,0.26114,-9.9598
0.0551,-0.36631,0.30901,-11.255
0.0552,-0.40215,0.34393,-12.524
0.0553,-0.43212,0.37527,-13.673
0.0554,-0.46003,0.40477,-14.737
0.0555,-0.48419,0.43214,-15.685
0.0556,-0.50629,0.46168,-16.509
0.0557,-0.52709,0.49323,-17.347
0.0558,-0.55115,0.52387,-18.425
0.0559,-0.58177,0.5606,-19.774
0.056,-0.61981,0.60618,-21.314
0.0561,-0.65738,0.6497,-22.923
0.0562,-0.68861,0.68248,-24.418
0.0563,-0.71266,0.7099,-25.685
0.0564,-0.73311,0.73689,-26.791
0.0565,-0.7503,0.76461,-27.794
0.0566,-0.76324,0.79315,-28.616
0.0567,-0.7695,0.82182,-29.267
0.0568,-0.77341,0.85148,-29.932
0.0569,-0.77996,0.88913,-30.74
0.057,-0.78748,0.93166,-31.655
0.0571,-0.78707,0.96487,-32.624
0.0572,-0.77881,0.98664,-33.628
0.0573,-0.76704,1.0115,-34.622
0.0574,-0.75083,1.041,-35.55
0.0575,-0.72299,1.0644,-36.388
0.0576,-0.69111,1.088,-37.175
0.0577,-0.66674,1.1175,-37.978
0.0578,-0.65885,1.1468,-38.842
0.0579,-0.66485,1.1712,-39.725
0.058,-0.68704,1.1938,-40.564
0.0581,-0.72593,1.214,-41.358
0.0582,-0.77039,1.2245,-42.074
0.0583,-0.81157,1.234,-42.708
0.0584,-0.84924,1.2457,-43.195
0.0585,-0.88364,1.2582,-43.56
0.0586,-0.91512,1.2709,-43.805
0.0587,-0.94739,1.2872,-43.933
0.0588,-0.98563,1.3039,-44.036
0.0589,-1.0269,1.3167,-44.196
0.059,-1.0673,1.3251,-44.383
0.0591,-1.1033,1.3297,-44.555
0.0592,-1.1341,1.33,-44.732
0.0593,-1.1603,1.3313,-44.907
0.0594,-1.1838,1.3375,-45.05
0.0595,-1.2019,1.3438,-45.158
0.0596,-1.2163,1.3492,-45.238
0.0597,-1.2279,1.356,-45.278
0.0598,-1.2369,1.3625,-45.265
0.0599,-1.2406,1.3635,-45.2
0.06,-1.24,1.3591,-45.073
0.0601,-1.2367,1.3534,-44.894
0.0602,-1.2314,1.3461,-44.673
0.0603,-1.2238,1.3385,-44.374
0.0604,-1.2159,1.3348,-43.954
0.0605,-1.2076,1.3361,-43.434
0.0606,-1.1988,1.3391,-42.852
0.0607,-1.1887,1.3437,-42.221
0.0608,-1.1778,1.3493,-41.568
0.0609,-1.165,1.3535,-40.943
0.061,-1.1517,1.3582,-40.346
0.0611,-1.1385,1.3697,-39.752
0.0612,-1.1257,1.39,-39.171
0.0613,-1.1132,1.4211,-38.613
0.0614,-1.1021,1.469,-38.022
0.0615,-1.0904,1.5322,-37.401
0.0616,-1.077,1.6053,-36.724
0.0617,-1.0616,1.6832,-35.985
0.0618,-1.0453,1.7572,-35.184
0.0619,-1.026,1.8138,-34.339
0.062,-1.0044,1.8468,-33.476
0.0621,-0.9821,1.8626,-32.588
0.0622,-0.96007,1.8651,-31.664
0.0623,-0.93669,1.8542,-30.689
0.0624,-0.91186,1.832,-29.642
0.0625,-0.88539,1.7988,-28.524
0.0626,-0.85647,1.7491,-27.361
0.0627,-0.82387,1.6819,-26.167
0.0628,-0.78864,1.5987,-24.944
0.0629,-0.75138,1.4989,-23.716
0.063,-0.71316,1.3839,-22.515
0.0631,-0.67488,1.2624,-21.345
0.0632,-0.63764,1.1428,-20.204
0.0633,-0.6008,1.03,-19.092
0.0634,-0.56424,0.92766,-17.975
0.0635,-0.52756,0.83604,-16.831
0.0636,-0.49032,0.75161,-15.639
0.0637,-0.4517,0.67121,-14.411
0.0638,-0.41279,0.59497,-13.156
0.0639,-0.37407,0.52361,-11.887
0.064,-0.33615,0.45659,-10.625
0.0641,-0.29999,0.39598,-9.3738
0.0642,-0.26691,0.34388,-8.1254
0.0643,-0.23582,0.29867,-6.8832
0.0644,-0.20618,0.2578,-5.6503
0.0645,-0.17719,0.21988,-4.423
0.0646,-0.14883,0.18379,-3.2028
0.0647,-0.11972,0.14685,-1.9985
0.0648,-0.090257,0.10918,-0.81196
0.0649,-0.061082,0.07294,0.34651
0.065,-0.032603,0.037755,1.4402
0.0651,-0.0042453,0.0030326,2.4885
0.0652,0.023249,-0.030196,3.4912
0.0653,0.050248,-0.06198,4.4632
0.0654,0.077166,-0.094258,5.4156
0.0655,0.10435,-0.1273,6.3661
0.0656,0.13146,-0.16096,7.3208
0.0657,0.15887,-0.19585,8.264
0.0658,0.18606,-0.23181,9.186
0.0659,0.21224,-0.26626,10.091
0.066,0.23665,-0.2978,10.975
0.0661,0.25936,-0.32606,11.833
0.0662,0.27971,-0.34991,12.661
0.0663,0.2991,-0.37174,13.466
0.0664,0.31717,-0.39177,14.237
0.0665,0.33435,-0.41088,14.968
0.0666,0.35044,-0.42904,15.664
0.0667,0.36561,-0.44613,16.315
0.0668,0.37962,-0.46222,16.904
0.0669,0.39224,-0.47639,17.42
0.067,0.40329,-0.48849,17.861
0.0671,0.41358,-0.49946,18.235
0.0672,0.42364,-0.51013,18.563
0.0673,0.43381,-0.52058,18.86
0.0674,0.44422,-0.53166,19.133
0.0675,0.45521,-0.54408,19.383
0.0676,0.46633,-0.55747,19.607
0.0677,0.47696,-0.57074,19.8
0.0678,0.48622,-0.58298,19.955
0.0679,0.4935,-0.59269,20.069
0.068,0.49827,-0.59902,20.142
0.0681,0.50076,-0.60244,20.17
0.0682,0.50124,-0.60385,20.154
0.0683,0.5001,-0.60345,20.099
0.0684,0.49745,-0.60172,20.011
0.0685,0.49361,-0.59909,19.885
0.0686,0.4884,-0.59519,19.72
0.0687,0.48165,-0.58929,19.503
0.0688,0.47313,-0.58155,19.22
0.0689,0.46289,-0.57201,18.866
0.069,0.45096,-0.5606,18.449
0.0691,0.43789,-0.54801,17.98
0.0692,0.42416,-0.53544,17.468
0.0693,0.4102,-0.52324,16.923
0.0694,0.39612,-0.51169,16.35
0.0695,0.38227,-0.50114,15.752
0.0696,0.3684,-0.49112,15.13
0.0697,0.35404,-0.48019,14.489
0.0698,0.33872,-0.46759,13.823
0.0699,0.32237,-0.45317,13.129
0.07,0.30467,-0.43682,12.405
0.0701,0.28556,-0.41862,11.649
0.0702,0.26503,-0.39919,10.86
0.0703,0.24315,-0.37858,10.044
0.0704,0.21965,-0.35645,9.2035
0.0705,0.19462,-0.33261,8.3334
0.0706,0.16808,-0.30701,7.4284
0.0707,0.14018,-0.27925,6.4871
0.0708,0.11102,-0.24938,5.5104
0.0709,0.08111,-0.21783,4.5016
0.071,0.050813,-0.18506,3.4692
0.0711,0.020553,-0.15153,2.4193
0.0712,-0.0094328,-0.11811,1.3524
0.0713,-0.038932,-0.085171,0.26886
0.0714,-0.068098,-0.052529,-0.82766
0.0715,-0.097001,-0.019938,-1.9346
0.0716,-0.12586,0.012844,-3.0503
0.0717,-0.1548,0.046416,-4.1718
0.0718,-0.1839,0.080841,-5.2972
0.0719,-0.21292,0.11554,-6.4265
0.072,-0.24177,0.1501,-7.5565
0.0721,-0.27042,0.18457,-8.6826
0.0722,-0.29896,0.21876,-9.8035
0.0723,-0.32744,0.25269,-10.921
0.0724,-0.35621,0.28691,-12.037
0.0725,-0.38543,0.32192,-13.157
0.0726,-0.41514,0.35762,-14.284
0.0727,-0.44514,0.39407,-15.416
0.0728,-0.47528,0.43131,-16.545
0.0729,-0.50502,0.46876,-17.666
0.073,-0.53378,0.50552,-18.774
0.0731,-0.56108,0.54122,-19.866
0.0732,-0.5866,0.57555,-20.94
0.0733,-0.61001,0.60828,-21.996
0.0734,-0.63114,0.63958,-23.033
0.0735,-0.65004,0.66996,-24.049
0.0736,-0.66676,0.69967,-25.046
0.0737,-0.68115,0.72861,-26.023
0.0738,-0.69314,0.75667,-26.979
0.0739,-0.70266,0.7837,-27.91
0.074,-0.70976,0.80955,-28.813
0.0741,-0.71468,0.83432,-29.684
0.0742,-0.71817,0.85829,-30.522
0.0743,-0.72135,0.88173,-31.326
0.0744,-0.72566,0.90486,-32.1
0.0745,-0.73261,0.92788,-32.842
0.0746,-0.74352,0.9508,-33.551
0.0747,-0.75892,0.97337,-34.225
0.0748,-0.7786,0.99526,-34.859
0.0749,-0.80173,1.0161,-35.452
0.075,-0.82715,1.0355,-36.005
0.0751,-0.85359,1.0532,-36.519
0.0752,-0.88017,1.0694,-36.992
0.0753,-0.90624,1.0841,-37.423
0.0754,-0.9313,1.0975,-37.813
0.0755,-0.95487,1.1096,-38.159
0.0756,-0.97653,1.1204,-38.461
0.0757,-0.9958,1.1295,-38.72
0.0758,-1.0124,1.1368,-38.933
0.0759,-1.0261,1.1423,-39.099
0.076,-1.0373,1.1462,-39.22
0.0761,-1.046,1.1488,-39.297
0.0762,-1.0527,1.1506,-39.333
0.0763,-1.0578,1.152,-39.33
0.0764,-1.0614,1.1533,-39.287
0.0765,-1.0638,1.1547,-39.202
0.0766,-1.0649,1.156,-39.07
0.0767,-1.0648,1.1571,-38.89
0.0768,-1.0632,1.1574,-38.661
0.0769,-1.0602,1.157,-38.386
0.077,-1.0559,1.1555,-38.068
0.0771,-1.0503,1.1532,-37.709
0.0772,-1.0434,1.1501,-37.313
0.0773,-1.0354,1.1467,-36.882
0.0774,-1.0263,1.1429,-36.418
0.0775,-1.0159,1.139,-35.921
0.0776,-1.0042,1.1349,-35.389
0.0777,-0.99101,1.131,-34.819
0.0778,-0.97629,1.1278,-34.211
0.0779,-0.96007,1.126,-33.563
0.078,-0.94255,1.1271,-32.877
0.0781,-0.92395,1.1323,-32.159
0.0782,-0.90453,1.1434,-31.41
0.0783,-0.88458,1.1617,-30.633
0.0784,-0.86436,1.1876,-29.83
0.0785,-0.84401,1.219,-29
0.0786,-0.8235,1.2508,-28.142
0.0787,-0.80267,1.2757,-27.256
0.0788,-0.78124,1.2866,-26.339
0.0789,-0.75886,1.2797,-25.388
0.079,-0.73524,1.2548,-24.402
0.0791,-0.71017,1.2148,-23.382
0.0792,-0.68355,1.1638,-22.332
0.0793,-0.65542,1.106,-21.257
0.0794,-0.62585,1.0442,-20.162
0.0795,-0.59488,0.98022,-19.052
0.0796,-0.56257,0.91481,-17.928
0.0797,-0.52901,0.84829,-16.788
0.0798,-0.49429,0.78083,-15.634
0.0799,-0.45852,0.71298,-14.466
0.08,-0.42192,0.64569,-13.283
0.0801,-0.38472,0.57995,-12.088
0.0802,-0.34725,0.51658,-10.885
0.0803,-0.30994,0.45619,-9.6764
0.0804,-0.27326,0.39904,-8.4677
0.0805,-0.2376,0.34502,-7.2627
0.0806,-0.20319,0.29394,-6.0637
0.0807,-0.17012,0.24564,-4.8708
0.0808,-0.13836,0.19997,-3.6823
0.0809,-0.10774,0.1568,-2.4964
0.081,-0.078122,0.11605,-1.3114
0.0811,-0.049362,0.077563,-0.12819
0.0812,-0.021326,0.041007,1.05
0.0813,0.0061485,0.0059329,2.2185
0.0814,0.03322,-0.02817,3.3723
0.0815,0.060094,-0.06185,4.5063
0.0816,0.087,-0.095577,5.6164
0.0817,0.11414,-0.12963,6.7003
0.0818,0.14162,-0.1641,7.7571
0.0819,0.16952,-0.19892,8.7876
0.082,0.19774,-0.23383,9.7938
0.0821,0.22603,-0.26847,10.778
0.0822,0.25401,-0.30248,11.742
0.0823,0.28125,-0.33553,12.684
0.0824,0.30734,-0.36733,13.604
0.0825,0.33199,-0.3977,14.498
0.0826,0.35504,-0.42652,15.364
0.0827,0.3765,-0.45362,16.198
0.0828,0.39643,-0.47887,17.002
0.0829,0.41494,-0.50224,17.772
0.083,0.43215,-0.52373,18.511
0.0831,0.4482,-0.54344,19.216
0.0832,0.46321,-0.56158,19.887
0.0833,0.47733,-0.5784,20.522
0.0834,0.4907,-0.59413,21.117
0.0835,0.50348,-0.60898,21.668
0.0836,0.51584,-0.62315,22.172
0.0837,0.52793,-0.63681,22.624
0.0838,0.53989,-0.64999,23.024
0.0839,0.5518,-0.66274,23.372
0.084,0.56364,-0.67507,23.671
0.0841,0.57529,-0.68692,23.926
0.0842,0.58654,-0.69824,24.139
0.0843,0.5971,-0.70895,24.316
0.0844,0.60668,-0.71885,24.456
0.0845,0.61494,-0.72763,24.562
0.0846,0.62158,-0.73495,24.632
0.0847,0.62634,-0.74047,24.664
0.0848,0.62897,-0.74385,24.658
0.0849,0.62934,-0.74495,24.61
0.085,0.6274,-0.7438,24.52
0.0851,0.62325,-0.74059,24.386
0.0852,0.61707,-0.73563,24.208
0.0853,0.60912,-0.72931,23.984
0.0854,0.59976,-0.72198,23.714
0.0855,0.5893,-0.71393,23.395
0.0856,0.57804,-0.70535,23.026
0.0857,0.56624,-0.69633,22.608
0.0858,0.55406,-0.68689,22.142
0.0859,0.54157,-0.677,21.63
0.086,0.52875,-0.66664,21.077
0.0861,0.51554,-0.6558,20.486
0.0862,0.50183,-0.64444,19.862
0.0863,0.48752,-0.63252,19.207
0.0864,0.4725,-0.61992,18.524
0.0865,0.45666,-0.60641,17.815
0.0866,0.43983,-0.59175,17.079
0.0867,0.42182,-0.57568,16.317
0.0868,0.4024,-0.55797,15.53
0.0869,0.38138,-0.53845,14.715
0.087,0.35862,-0.51709,13.874
0.0871,0.33405,-0.4939,13.006
0.0872,0.30774,-0.46898,12.11
0.0873,0.27987,-0.44245,11.186
0.0874,0.25072,-0.41444,10.231
0.0875,0.22064,-0.38507,9.246
0.0876,0.19,-0.35441,8.2305
0.0877,0.15918,-0.32256,7.1863
0.0878,0.1285,-0.28966,6.1164
0.0879,0.098168,-0.25587,5.0251
0.088,0.068321,-0.22145,3.917
0.0881,0.039001,-0.18664,2.7965
0.0882,0.010174,-0.15165,1.6678
0.0883,-0.018259,-0.11658,0.534
0.0884,-0.04645,-0.081456,-0.60301
0.0885,-0.07458,-0.046195,-1.7421
0.0886,-0.10286,-0.010689,-2.8827
0.0887,-0.13147,0.025142,-4.0247
0.0888,-0.16056,0.06134,-5.1673
0.0889,-0.1902,0.097883,-6.3095
0.089,-0.2204,0.1347,-7.4499
0.0891,-0.2511,0.17168,-8.5876
0.0892,-0.28214,0.20872,-9.7217
0.0893,-0.31336,0.24574,-10.852
0.0894,-0.34452,0.28263,-11.978
0.0895,-0.37537,0.31932,-13.099
0.0896,-0.40561,0.35572,-14.215
0.0897,-0.43499,0.39166,-15.324
0.0898,-0.46321,0.42697,-16.425
0.0899,-0.48997,0.46142,-17.513
0.09,-0.51498,0.4948,-18.586
0.0901,-0.53801,0.52694,-19.64
0.0902,-0.55884,0.55775,-20.672
0.0903,-0.57743,0.58724,-21.678
0.0904,-0.59386,0.61551,-22.658
0.0905,-0.60836,0.64272,-23.61
0.0906,-0.62132,0.66907,-24.533
0.0907,-0.63322,0.69477,-25.425
0.0908,-0.64456,0.71995,-26.287
0.0909,-0.65586,0.74473,-27.118
0.091,-0.66761,0.76917,-27.917
0.0911,-0.68022,0.79323,-28.684
0.0912,-0.69406,0.81684,-29.418
0.0913,-0.70938,0.83989,-30.119
0.0914,-0.72635,0.86224,-30.784
0.0915,-0.74498,0.88371,-31.415
0.0916,-0.76507,0.90413,-32.008
0.0917,-0.78624,0.92336,-32.563
0.0918,-0.80794,0.94122,-33.079
0.0919,-0.82953,0.95758,-33.554
0.092,-0.8504,0.97237,-33.988
0.0921,-0.87,0.98557,-34.379
0.0922,-0.8879,0.9972,-34.726
0.0923,-0.90383,1.0073,-35.029
0.0924,-0.91763,1.016,-35.287
0.0925,-0.92927,1.0233,-35.5
0.0926,-0.93878,1.0293,-35.667
0.0927,-0.94632,1.0341,-35.787
0.0928,-0.95207,1.0379,-35.861
0.0929,-0.95627,1.0408,-35.889
0.093,-0.95915,1.043,-35.873
0.0931,-0.96095,1.0446,-35.812
0.0932,-0.96182,1.0457,-35.709
0.0933,-0.96189,1.0464,-35.564
0.0934,-0.96118,1.0467,-35.378
0.0935,-0.95968,1.0465,-35.151
0.0936,-0.95729,1.0456,-34.884
0.0937,-0.95385,1.044,-34.576
0.0938,-0.94917,1.0414,-34.228
0.0939,-0.94304,1.0377,-33.839
0.094,-0.93528,1.033,-33.411
0.0941,-0.92574,1.0272,-32.942
0.0942,-0.91436,1.0206,-32.435
0.0943,-0.90116,1.0134,-31.89
0.0944,-0.88624,1.006,-31.307
0.0945,-0.86975,0.9989,-30.687
0.0946,-0.85191,0.99256,-30.03
0.0947,-0.83293,0.98754,-29.338
0.0948,-0.81305,0.98443,-28.611
0.0949,-0.79249,0.98372,-27.851
0.095,-0.77142,0.98566,-27.059
0.0951,-0.75,0.99005,-26.237
0.0952,-0.72834,0.99591,-25.386
0.0953,-0.70648,1.0013,-24.508
0.0954,-0.6844,1.0032,-23.603
0.0955,-0.66199,0.99883,-22.672
0.0956,-0.6391,0.98557,-21.715
0.0957,-0.61548,0.96244,-20.73
0.0958,-0.59092,0.92989,-19.718
0.0959,-0.56523,0.88955,-18.681
0.096,-0.53824,0.84346,-17.62
0.0961,-0.50984,0.79358,-16.538
0.0962,-0.47996,0.74142,-15.437
0.0963,-0.44863,0.68797,-14.318
0.0964,-0.4159,0.63386,-13.185
0.0965,-0.3819,0.57946,-12.037
0.0966,-0.34683,0.52506,-10.876
0.0967,-0.31096,0.47096,-9.7028
0.0968,-0.27462,0.41753,-8.5202
0.0969,-0.23817,0.36513,-7.3307
0.097,-0.20201,0.31413,-6.1376
0.0971,-0.16653,0.26483,-4.944
0.0972,-0.13206,0.21744,-3.7529
0.0973,-0.098836,0.17202,-2.566
0.0974,-0.066949,0.12856,-1.3843
0.0975,-0.036367,0.086955,-0.20759
0.0976,-0.0069413,0.04702,0.9644
0.0977,0.021532,0.008566,2.1318
0.0978,0.049275,-0.028599,3.2939
0.0979,0.07649,-0.064667,4.4488
0.098,0.10335,-0.099835,5.5934
0.0981,0.12998,-0.1343,6.7243
0.0982,0.15652,-0.16826,7.8378
0.0983,0.18307,-0.20191,8.9309
0.0984,0.20972,-0.23539,10.001
0.0985,0.23651,-0.2688,11.048
0.0986,0.26344,-0.30213,12.072
0.0987,0.29043,-0.33531,13.071
0.0988,0.31728,-0.36815,14.047
0.0989,0.34374,-0.40042,15
0.099,0.36948,-0.43185,15.927
0.0991,0.39415,-0.46218,16.827
0.0992,0.41747,-0.49117,17.699
0.0993,0.43923,-0.51866,18.541
0.0994,0.45938,-0.54455,19.35
0.0995,0.47797,-0.5688,20.128
0.0996,0.49515,-0.59142,20.871
0.0997,0.51113,-0.61248,21.582
0.0998,0.52613,-0.63206,22.257
0.0999,0.54035,-0.65027,22.898
0.1,0.55398,-0.66726,23.501
0.1001,0.56718,-0.68317,24.064
0.1002,0.5801,-0.69816,24.586
0.1003,0.59282,-0.71239,25.063
0.1004,0.6054,-0.72597,25.493
0.1005,0.61787,-0.73895,25.875
0.1006,0.63019,-0.75133,26.209
0.1007,0.64227,-0.76308,26.496
0.1008,0.65394,-0.77412,26.738
0.1009,0.66499,-0.78433,26.936
0.101,0.67515,-0.79359,27.093
0.1011,0.68415,-0.80176,27.21
0.1012,0.69169,-0.80868,27.288
0.1013,0.69753,-0.81421,27.328
0.1014,0.70144,-0.81821,27.328
0.1015,0.70327,-0.82057,27.289
0.1016,0.7029,-0.82121,27.208
0.1017,0.70033,-0.82012,27.085
0.1018,0.69561,-0.81735,26.918
0.1019,0.6889,-0.81304,26.707
0.102,0.68044,-0.80736,26.452
0.1021,0.67053,-0.80054,26.15
0.1022,0.6595,-0.79282,25.804
0.1023,0.64767,-0.78441,25.412
0.1024,0.63534,-0.77546,24.975
0.1025,0.6227,-0.76606,24.495
0.1026,0.60987,-0.75626,23.972
0.1027,0.59687,-0.746,23.408
0.1028,0.58362,-0.73523,22.806
0.1029,0.56995,-0.72383,22.169
0.103,0.55567,-0.71169,21.498
0.1031,0.54056,-0.69867,20.796
0.1032,0.52442,-0.68464,20.064
0.1033,0.50705,-0.66947,19.305
0.1034,0.48828,-0.65301,18.519
0.1035,0.46798,-0.63515,17.707
0.1036,0.44605,-0.61577,16.868
0.1037,0.42243,-0.59481,16.002
0.1038,0.39715,-0.57222,15.109
0.1039,0.3703,-0.54798,14.189
0.104,0.34209,-0.52209,13.241
0.1041,0.31274,-0.49457,12.265
0.1042,0.28257,-0.46544,11.262
0.1043,0.25187,-0.43473,10.232
0.1044,0.22096,-0.40251,9.1784
0.1045,0.19013,-0.3689,8.1021
0.1046,0.15961,-0.33407,7.0063
0.1047,0.12953,-0.29827,5.8943
0.1048,0.099957,-0.26176,4.7691
0.1049,0.070875,-0.2248,3.634
0.105,0.042187,-0.18762,2.4914
0.1051,0.01374,-0.15038,1.3436
0.1052,-0.014655,-0.11314,0.19214
0.1053,-0.011301,-0.1057,0.13062
0.1054,-0.0098182,-0.09846,0.11783
0.1055,-0.011242,-0.088945,0.10585
0.1056,-0.010874,-0.081796,0.099159
0.1057,-0.0072263,-0.081702,0.097132
0.1058,-0.0047754,-0.083035,0.097786
0.1059,-0.005463,-0.079975,0.098567
0.106,-0.0048253,-0.079082,0.10297
0.1061,0.00098936,-0.086182,0.11173
0.1062,0.0091363,-0.095011,0.12206
0.1063,0.016139,-0.099877,0.12915
0.1064,0.021585,-0.10172,0.13338
0.1065,0.026476,-0.1009,0.13484
0.1066,0.0315,-0.099067,0.13486
0.1067,0.03765,-0.099199,0.13424
0.1068,0.043202,-0.1,0.13354
0.1069,0.04706,-0.098009,0.13121
0.107,0.049301,-0.094105,0.1273
0.1071,0.052541,-0.092151,0.123
0.1072,0.055885,-0.090422,0.11781
0.1073,0.057794,-0.08519,0.10937
0.1074,0.058386,-0.077556,0.099242
0.1075,0.058581,-0.069245,0.088515
0.1076,0.058651,-0.061262,0.077819
0.1077,0.059685,-0.055413,0.067877
0.1078,0.060966,-0.05226,0.060796
0.1079,0.061514,-0.050548,0.056713
0.108,0.062324,-0.052289,0.056795
0.1081,0.064738,-0.059022,0.061199
0.1082,0.066408,-0.066615,0.068038
0.1083,0.065579,-0.070361,0.073898
0.1084,0.063751,-0.072272,0.07908
0.1085,0.062954,-0.074997,0.083925
0.1086,0.062647,-0.077313,0.087412
0.1087,0.062915,-0.07822,0.08813
0.1088,0.063978,-0.078715,0.086797
0.1089,0.065086,-0.077372,0.082678
0.109,0.065586,-0.073393,0.075776
0.1091,0.066577,-0.068938,0.06742
0.1092,0.067396,-0.064531,0.059052
0.1093,0.066342,-0.057337,0.049618
0.1094,0.063446,-0.047892,0.039719
0.1095,0.060492,-0.039311,0.030769
0.1096,0.057531,-0.032011,0.023237
0.1097,0.054992,-0.025684,0.016588
0.1098,0.053667,-0.022073,0.011901
0.1099,0.053397,-0.020994,0.0092096
0.11,0.053244,-0.020634,0.0077759
0.1101,0.053563,-0.020839,0.0071479
0.1102,0.053974,-0.021757,0.0078247
0.1103,0.053429,-0.021847,0.0093124
0.1104,0.052099,-0.021781,0.012069
0.1105,0.051329,-0.0239,0.016848
0.1106,0.050681,-0.027632,0.023321
0.1107,0.049321,-0.030278,0.029491
0.1108,0.047632,-0.031704,0.034717
0.1109,0.04634,-0.032204,0.0385
0.111,0.04493,-0.030308,0.039892
0.1111,0.043444,-0.02527,0.038108
0.1112,0.042117,-0.01804,0.033859
0.1113,0.040592,-0.0082708,0.027156
0.1114,0.038548,0.0039301,0.018476
0.1115,0.036943,0.016032,0.0094496
0.1116,0.03596,0.025946,0.0020503
0.1117,0.034984,0.034098,-0.0034781
0.1118,0.033744,0.040367,-0.0067212
0.1119,0.032357,0.044403,-0.0074367
0.112,0.030149,0.047466,-0.0061837
0.1121,0.027209,0.05058,-0.0040843
0.1122,0.024323,0.052672,-0.00088689
0.1123,0.021768,0.053456,0.0033688
0.1124,0.019291,0.053529,0.008271
0.1125,0.017601,0.052312,0.013594
0.1126,0.016776,0.049406,0.01958
0.1127,0.015854,0.046595,0.025334
0.1128,0.014355,0.044706,0.030434
0.1129,0.012856,0.042872,0.035107
0.113,0.010872,0.04167,0.039208
0.1131,0.007655,0.043017,0.041504
0.1132,0.0035476,0.046658,0.041824
0.1133,-0.00060758,0.05149,0.040403
0.1134,-0.004796,0.057505,0.037235
0.1135,-0.0085755,0.064168,0.032441
0.1136,-0.011396,0.069834,0.027194
0.1137,-0.013583,0.07456,0.021882
0.1138,-0.016013,0.07929,0.016541
0.1139,-0.018678,0.083517,0.011781
0.114,-0.021663,0.08628,0.0087678
0.1141,-0.025285,0.087719,0.0077769
0.1142,-0.029443,0.087329,0.0092793
0.1143,-0.033592,0.084199,0.013698
0.1144,-0.03784,0.078795,0.020709
0.1145,-0.042095,0.072235,0.029075
0.1146,-0.045918,0.064688,0.038139
0.1147,-0.049237,0.056893,0.04706
0.1148,-0.052463,0.050241,0.054825
0.1149,-0.0554,0.045163,0.060772
0.115,-0.058028,0.041564,0.064938
0.1151,-0.060847,0.040317,0.066938
0.1152,-0.064016,0.041385,0.067002
0.1153,-0.066897,0.043265,0.066004
0.1154,-0.06949,0.045231,0.064729
0.1155,-0.072125,0.047731,0.063143
0.1156,-0.074753,0.050425,0.061581
0.1157,-0.077224,0.053049,0.060209
0.1158,-0.07995,0.056431,0.058673
0.1159,-0.082765,0.060583,0.056828
0.116,-0.085085,0.064001,0.055656
0.1161,-0.086718,0.066036,0.055682
0.1162,-0.087868,0.066794,0.057049
0.1163,-0.088246,0.065541,0.06022
0.1164,-0.087884,0.061698,0.065796
0.1165,-0.087245,0.056122,0.073333
0.1166,-0.086594,0.049412,0.082387
0.1167,-0.085847,0.041597,0.092725
0.1168,-0.085442,0.033701,0.10366
0.1169,-0.085599,0.027163,0.11388
0.117,-0.085932,0.022102,0.12283
0.1171,-0.086051,0.018447,0.13019
0.1172,-0.085978,0.016636,0.13557
0.1173,-0.085325,0.016389,0.13892
0.1174,-0.083854,0.016888,0.14086
0.1175,-0.082016,0.018405,0.14157
0.1176,-0.08038,0.021387,0.14117
0.1177,-0.078899,0.025168,0.14027
0.1178,-0.077695,0.028957,0.13967
0.1179,-0.076967,0.032529,0.13964
0.118,-0.076527,0.03508,0.14062
0.1181,-0.075971,0.035694,0.14295
0.1182,-0.075361,0.034435,0.1465
0.1183,-0.074588,0.03159,0.15085
0.1184,-0.073375,0.026903,0.15599
0.1185,-0.071763,0.020662,0.16166
0.1186,-0.070119,0.013677,0.16738
0.1187,-0.068498,0.006288,0.17287
0.1188,-0.06707,-0.0013058,0.17805
0.1189,-0.066113,-0.0084311,0.1825
0.119,-0.065581,-0.01496,0.18612
0.1191,-0.065113,-0.021283,0.18902
0.1192,-0.064752,-0.027134,0.19109
0.1193,-0.064521,-0.031835,0.19184
0.1194,-0.0642,-0.035265,0.19111
0.1195,-0.06371,-0.037116,0.18864
0.1196,-0.063252,-0.03679,0.18407
0.1197,-0.062583,-0.034629,0.17755
0.1198,-0.061386,-0.031788,0.16986
0.1199,-0.059761,-0.028818,0.16161
0.12,-0.057918,-0.026151,0.15338
0.1201,-0.055705,-0.024834,0.14608
0.1202,-0.053234,-0.025526,0.14049
0.1203,-0.05083,-0.027996,0.13677
0.1204,-0.04857,-0.032266,0.13507
0.1205,-0.046358,-0.038446,0.13552
0.1206,-0.044424,-0.045808,0.13769
0.1207,-0.042797,-0.053478,0.14079
0.1208,-0.041168,-0.061367,0.14444
0.1209,-0.039305,-0.069339,0.14828
0.121,-0.037217,-0.076892,0.15183
0.1211,-0.034738,-0.083861,0.15473
0.1212,-0.031884,-0.090185,0.15695
0.1213,-0.028976,-0.095182,0.15814
0.1214,-0.026263,-0.09827,0.15796
0.1215,-0.023688,-0.099481,0.15641
0.1216,-0.021321,-0.098875,0.15362
0.1217,-0.019157,-0.096471,0.14959
0.1218,-0.016938,-0.092821,0.14459
0.1219,-0.014432,-0.08852,0.13896
0.122,-0.011669,-0.083794,0.13291
0.1221,-0.0085218,-0.079073,0.1267
0.1222,-0.0048552,-0.075079,0.1209
0.1223,-0.00082255,-0.072071,0.1159
0.1224,0.0032939,-0.070078,0.11201
0.1225,0.007434,-0.069399,0.10959
