0.05,1.3878,-0.28926,-1.0699
0.0501,1.3691,-0.2359,-1.1058
0.0502,1.3484,-0.18222,-1.1403
0.0503,1.3256,-0.1283,-1.1734
0.0504,1.301,-0.074218,-1.2049
0.0505,1.2745,-0.020061,-1.235
0.0506,1.2462,0.034093,-1.2634
0.0507,1.2162,0.088163,-1.2902
0.0508,1.1845,0.14207,-1.3153
0.0509,1.1511,0.19575,-1.3386
0.051,1.1162,0.24911,-1.3601
0.0511,1.0797,0.30208,-1.3797
0.0512,1.0416,0.35459,-1.3973
0.0513,1.0021,0.4066,-1.4129
0.0514,0.96123,0.45803,-1.4265
0.0515,0.91897,0.50882,-1.4379
0.0516,0.87542,0.55892,-1.4473
0.0517,0.83065,0.60826,-1.4545
0.0518,0.78475,0.65678,-1.4596
0.0519,0.73778,0.70443,-1.4626
0.052,0.68983,0.75116,-1.4634
0.0521,0.641,0.7969,-1.462
0.0522,0.59136,0.84158,-1.4585
0.0523,0.54101,0.88517,-1.4528
0.0524,0.49002,0.92759,-1.445
0.0525,0.43847,0.96877,-1.435
0.0526,0.38642,1.0087,-1.4228
0.0527,0.33394,1.0472,-1.4086
0.0528,-1.3702,1.2657,-1.624
0.0529,-2.3567,1.4045,-1.7358
0.053,-3.2145,1.526,-1.827
0.0531,-4.0196,1.6461,-1.9177
0.0532,-4.736,1.7695,-2.0081
0.0533,-5.3771,1.8799,-2.0811
0.0534,-6.0304,1.9765,-2.1415
0.0535,-6.7329,2.0842,-2.2154
0.0536,-7.4928,2.2112,-2.3099
0.0537,-8.3171,2.337,-2.4057
0.0538,-9.1772,2.4543,-2.4937
0.0539,-10.023,2.5688,-2.5775
0.054,-10.842,2.6777,-2.6553
0.0541,-11.61,2.778,-2.7232
0.0542,-12.312,2.8757,-2.786
0.0543,-12.97,2.9663,-2.8399
0.0544,-13.673,3.0496,-2.8884
0.0545,-14.453,3.1366,-2.9432
0.0546,-15.302,3.2335,-3.0105
0.0547,-16.207,3.332,-3.0825
0.0548,-17.121,3.4246,-3.1507
0.0549,-17.983,3.5119,-3.2137
0.055,-18.79,3.5935,-3.2713
0.0551,-19.539,3.6674,-3.3205
0.0552,-20.176,3.7326,-3.3593
0.0553,-20.673,3.785,-3.3831
0.0554,-21.082,3.8233,-3.3927
0.0555,-21.462,3.8597,-3.4014
0.0556,-21.843,3.901,-3.4172
0.0557,-22.259,3.9367,-3.4314
0.0558,-22.725,3.9626,-3.4402
0.0559,-23.218,3.9907,-3.4539
0.056,-23.717,4.0223,-3.4731
0.0561,-24.211,4.0459,-3.4859
0.0562,-24.677,4.0597,-3.4894
0.0563,-25.097,4.069,-3.4886
0.0564,-25.49,4.0705,-3.4811
0.0565,-25.855,4.0619,-3.4648
0.0566,-26.172,4.0499,-3.446
0.0567,-26.454,4.036,-3.4266
0.0568,-26.728,4.0144,-3.4023
0.0569,-26.986,3.9877,-3.3747
0.057,-27.206,3.9612,-3.3485
0.0571,-27.378,3.9317,-3.3203
0.0572,-27.488,3.8931,-3.2832
0.0573,-27.507,3.8475,-3.2382
0.0574,-27.451,3.7976,-3.1882
0.0575,-27.357,3.7423,-3.1331
0.0576,-27.235,3.6822,-3.0736
0.0577,-27.082,3.6185,-3.0108
0.0578,-26.922,3.5512,-2.9457
0.0579,-26.774,3.4833,-2.8816
0.058,-26.634,3.4178,-2.8212
0.0581,-26.497,3.3508,-2.7605
0.0582,-26.362,3.2772,-2.6948
0.0583,-26.214,3.1997,-2.6259
0.0584,-26.034,3.1197,-2.5548
0.0585,-25.817,3.0334,-2.4776
0.0586,-25.556,2.9404,-2.3938
0.0587,-25.246,2.8438,-2.3063
0.0588,-24.9,2.7434,-2.2157
0.0589,-24.52,2.6385,-2.1213
0.059,-24.09,2.5323,-2.0257
0.0591,-23.606,2.4252,-1.9291
0.0592,-23.081,2.3141,-1.8289
0.0593,-22.513,2.1998,-1.7253
0.0594,-21.906,2.0849,-1.6207
0.0595,-21.28,1.9676,-1.5139
0.0596,-20.645,1.8472,-1.4043
0.0597,-19.993,1.727,-1.2948
0.0598,-19.336,1.6079,-1.187
0.0599,-18.694,1.4884,-1.0807
0.06,-18.067,1.37,-0.97764
0.0601,-17.439,1.2526,-0.87785
0.0602,-16.809,1.1321,-0.77792
0.0603,-16.172,1.0083,-0.67734
0.0604,-15.511,0.88446,-0.57856
0.0605,-14.821,0.75895,-0.47971
0.0606,-14.111,0.62824,-0.3774
0.0607,-13.379,0.49531,-0.27385
0.0608,-12.625,0.36392,-0.17263
0.0609,-11.853,0.2326,-0.072778
0.061,-11.061,0.10065,0.026525
0.0611,-10.241,-0.02935,0.12312
0.0612,-9.403,-0.15759,0.21687
0.0613,-8.5521,-0.2863,0.30997
0.0614,-7.6842,-0.41454,0.40236
0.0615,-6.8013,-0.54069,0.4929
0.0616,-5.9166,-0.66545,0.58203
0.0617,-5.0379,-0.78826,0.66943
0.0618,-4.1735,-0.90716,0.75332
0.0619,-3.3407,-1.022,0.83309
0.062,-2.5468,-1.1334,0.90901
0.0621,-1.7803,-1.241,0.98127
0.0622,-1.0326,-1.3456,1.0511
0.0623,-0.30119,-1.4487,1.1195
0.0624,0.42471,-1.5494,1.1863
0.0625,1.1579,-1.6487,1.2527
0.0626,1.8989,-1.7488,1.3207
0.0627,2.6476,-1.8482,1.3889
0.0628,3.4072,-1.9437,1.4544
0.0629,4.172,-2.0357,1.5175
0.063,4.9302,-2.1255,1.5788
0.0631,5.6752,-2.2107,1.6362
0.0632,6.4013,-2.2896,1.688
0.0633,7.103,-2.3641,1.7358
0.0634,7.7846,-2.4345,1.7801
0.0635,8.4534,-2.4988,1.8194
0.0636,9.105,-2.5577,1.8542
0.0637,9.7327,-2.6128,1.886
0.0638,10.337,-2.663,1.914
0.0639,10.914,-2.7074,1.9372
0.064,11.453,-2.747,1.9565
0.0641,11.953,-2.7819,1.9721
0.0642,12.418,-2.8108,1.9829
0.0643,12.842,-2.8342,1.9892
0.0644,13.225,-2.8531,1.992
0.0645,13.579,-2.8673,1.9914
0.0646,13.917,-2.877,1.988
0.0647,14.242,-2.8831,1.9825
0.0648,14.558,-2.8853,1.975
0.0649,14.871,-2.8831,1.9649
0.065,15.171,-2.8777,1.9529
0.0651,15.451,-2.8686,1.9384
0.0652,15.706,-2.854,1.9196
0.0653,15.929,-2.8335,1.8957
0.0654,16.114,-2.8076,1.8669
0.0655,16.258,-2.7755,1.8326
0.0656,16.358,-2.7366,1.792
0.0657,16.414,-2.6922,1.7466
0.0658,16.43,-2.6433,1.6973
0.0659,16.414,-2.5894,1.6442
0.066,16.367,-2.5316,1.5881
0.0661,16.287,-2.4708,1.5301
0.0662,16.177,-2.4067,1.4696
0.0663,16.034,-2.3389,1.4064
0.0664,15.856,-2.2682,1.3409
0.0665,15.644,-2.1941,1.2726
0.0666,15.408,-2.1157,1.2012
0.0667,15.144,-2.0338,1.1272
0.0668,14.855,-1.9492,1.0513
0.0669,14.546,-1.8613,0.97331
0.067,14.22,-1.7706,0.89369
0.0671,13.876,-1.6781,0.81319
0.0672,13.515,-1.5829,0.73095
0.0673,13.137,-1.4838,0.64592
0.0674,12.735,-1.3818,0.55846
0.0675,12.301,-1.277,0.46847
0.0676,11.835,-1.1681,0.37476
0.0677,11.334,-1.0553,0.27744
0.0678,10.797,-0.94003,0.17786
0.0679,10.229,-0.82243,0.076314
0.068,9.6325,-0.70226,-0.02714
0.0681,9.0087,-0.58086,-0.13125
0.0682,8.3617,-0.45914,-0.23497
0.0683,7.6989,-0.33659,-0.33841
0.0684,7.0237,-0.21322,-0.44144
0.0685,6.337,-0.089683,-0.54344
0.0686,5.6419,0.034204,-0.64441
0.0687,4.9381,0.15872,-0.74456
0.0688,4.2222,0.28338,-0.84355
0.0689,3.4947,0.40808,-0.94134
0.069,2.759,0.53324,-1.0382
0.0691,2.0113,0.65867,-1.1341
0.0692,1.257,0.78432,-1.2294
0.0693,0.49395,0.91036,-1.3243
0.0694,-0.27723,1.0365,-1.4186
0.0695,-1.0576,1.1623,-1.5123
0.0696,-1.8459,1.2879,-1.6055
0.0697,-2.6395,1.4132,-1.6982
0.0698,-3.439,1.5374,-1.7897
0.0699,-4.2457,1.6599,-1.8796
0.07,-5.0589,1.7811,-1.9683
0.0701,-5.8782,1.9007,-2.0556
0.0702,-6.7019,2.0178,-2.1407
0.0703,-7.5255,2.1327,-2.2236
0.0704,-8.3449,2.2457,-2.3045
0.0705,-9.1591,2.3559,-2.3826
0.0706,-9.9656,2.4629,-2.4574
0.0707,-10.76,2.567,-2.529
0.0708,-11.541,2.6679,-2.5973
0.0709,-12.307,2.7652,-2.6617
0.071,-13.056,2.8593,-2.7228
0.0711,-13.789,2.9507,-2.7812
0.0712,-14.51,3.039,-2.8368
0.0713,-15.222,3.1242,-2.8897
0.0714,-15.921,3.2066,-2.9405
0.0715,-16.61,3.2863,-2.9892
0.0716,-17.287,3.3623,-3.0353
0.0717,-17.951,3.4347,-3.0788
0.0718,-18.599,3.503,-3.1195
0.0719,-19.23,3.5664,-3.1567
0.072,-19.842,3.6244,-3.1903
0.0721,-20.432,3.6772,-3.2201
0.0722,-20.998,3.7245,-3.2461
0.0723,-21.54,3.7657,-3.2678
0.0724,-22.058,3.8013,-3.2855
0.0725,-22.552,3.8314,-3.2992
0.0726,-23.023,3.8557,-3.3086
0.0727,-23.469,3.8744,-3.3137
0.0728,-23.886,3.8877,-3.3146
0.0729,-24.275,3.8957,-3.3114
0.073,-24.633,3.8983,-3.3038
0.0731,-24.959,3.8958,-3.2921
0.0732,-25.253,3.8883,-3.2765
0.0733,-25.515,3.8758,-3.2569
0.0734,-25.745,3.8587,-3.2337
0.0735,-25.944,3.8374,-3.2072
0.0736,-26.114,3.8116,-3.1774
0.0737,-26.259,3.7815,-3.1445
0.0738,-26.378,3.7474,-3.1088
0.0739,-26.47,3.7092,-3.0702
0.074,-26.535,3.6666,-3.0284
0.0741,-26.571,3.62,-2.9837
0.0742,-26.574,3.5692,-2.9357
0.0743,-26.545,3.5137,-2.8839
0.0744,-26.483,3.4535,-2.8281
0.0745,-26.386,3.389,-2.7687
0.0746,-26.256,3.3201,-2.7053
0.0747,-26.093,3.2467,-2.6381
0.0748,-25.899,3.1696,-2.5674
0.0749,-25.674,3.089,-2.4938
0.075,-25.423,3.005,-2.4172
0.0751,-25.143,2.9178,-2.3378
0.0752,-24.835,2.8277,-2.2558
0.0753,-24.498,2.7349,-2.1713
0.0754,-24.131,2.639,-2.084
0.0755,-23.735,2.5403,-1.9943
0.0756,-23.311,2.4389,-1.9021
0.0757,-22.859,2.3347,-1.8077
0.0758,-22.383,2.228,-1.7112
0.0759,-21.882,2.119,-1.6131
0.076,-21.358,2.008,-1.5135
0.0761,-20.815,1.8949,-1.4126
0.0762,-20.251,1.7801,-1.3105
0.0763,-19.668,1.6635,-1.2071
0.0764,-19.066,1.5449,-1.1024
0.0765,-18.444,1.4245,-0.99652
0.0766,-17.799,1.3025,-0.88957
0.0767,-17.134,1.1787,-0.78184
0.0768,-16.448,1.0535,-0.67386
0.0769,-15.743,0.92717,-0.56633
0.077,-15.021,0.79993,-0.45975
0.0771,-14.284,0.67195,-0.35457
0.0772,-13.533,0.54371,-0.25128
0.0773,-12.769,0.4154,-0.15009
0.0774,-11.995,0.28694,-0.050838
0.0775,-11.212,0.15853,0.046517
0.0776,-10.419,0.030455,0.142
0.0777,-9.6186,-0.097315,0.23586
0.0778,-8.8095,-0.22471,0.32828
0.0779,-7.9924,-0.35135,0.41921
0.078,-7.1686,-0.47709,0.5087
0.0781,-6.3409,-0.60198,0.59696
0.0782,-5.5106,-0.72572,0.68392
0.0783,-4.6792,-0.84795,0.76945
0.0784,-3.849,-0.9686,0.85356
0.0785,-3.0217,-1.0875,0.93621
0.0786,-2.1984,-1.2042,1.0172
0.0787,-1.3801,-1.3186,1.0963
0.0788,-0.56819,-1.4306,1.1737
0.0789,0.23769,-1.5399,1.2491
0.079,1.0379,-1.6463,1.3225
0.0791,1.8315,-1.7498,1.3938
0.0792,2.6176,-1.8503,1.463
0.0793,3.3949,-1.9476,1.5298
0.0794,4.1617,-2.0416,1.594
0.0795,4.9159,-2.1323,1.6555
0.0796,5.6564,-2.2193,1.7139
0.0797,6.3818,-2.3025,1.7689
0.0798,7.0904,-2.3818,1.8204
0.0799,7.7814,-2.4571,1.8684
0.08,8.4542,-2.5284,1.9127
0.0801,9.1084,-2.5955,1.9534
0.0802,9.7436,-2.6586,1.9907
0.0803,10.36,-2.7173,2.0244
0.0804,10.956,-2.7717,2.0547
0.0805,11.531,-2.8217,2.0815
0.0806,12.083,-2.8669,2.1047
0.0807,12.611,-2.9071,2.1243
0.0808,13.113,-2.9421,2.1402
0.0809,13.589,-2.9719,2.1524
0.081,14.037,-2.9963,2.1607
0.0811,14.458,-3.0152,2.1653
0.0812,14.851,-3.0289,2.1662
0.0813,15.216,-3.0375,2.1636
0.0814,15.554,-3.0408,2.1572
0.0815,15.866,-3.0393,2.1473
0.0816,16.15,-3.0328,2.1337
0.0817,16.406,-3.0214,2.1163
0.0818,16.633,-3.0051,2.095
0.0819,16.83,-2.9842,2.0698
0.082,16.996,-2.9586,2.0407
0.0821,17.13,-2.9282,2.0075
0.0822,17.232,-2.8935,1.9705
0.0823,17.302,-2.8544,1.9297
0.0824,17.34,-2.8109,1.8852
0.0825,17.347,-2.7632,1.8373
0.0826,17.323,-2.7114,1.786
0.0827,17.27,-2.6555,1.7316
0.0828,17.186,-2.5955,1.674
0.0829,17.073,-2.5314,1.6135
0.083,16.93,-2.4634,1.5502
0.0831,16.756,-2.3914,1.484
0.0832,16.552,-2.3154,1.415
0.0833,16.317,-2.2356,1.3432
0.0834,16.053,-2.152,1.2687
0.0835,15.76,-2.0647,1.1915
0.0836,15.438,-1.9739,1.1118
0.0837,15.089,-1.8799,1.0295
0.0838,14.714,-1.7827,0.9449
0.0839,14.314,-1.6827,0.85802
0.084,13.888,-1.58,0.76901
0.0841,13.438,-1.4749,0.67791
0.0842,12.962,-1.3673,0.58484
0.0843,12.462,-1.2576,0.48991
0.0844,11.938,-1.1457,0.39321
0.0845,11.389,-1.0318,0.29489
0.0846,10.818,-0.91603,0.19523
0.0847,10.224,-0.79853,0.094493
0.0848,9.6103,-0.67939,-0.0070508
0.0849,8.9774,-0.55881,-0.10905
0.085,8.3265,-0.43698,-0.21118
0.0851,7.6592,-0.31396,-0.31323
0.0852,6.9764,-0.18984,-0.41501
0.0853,6.2786,-0.06479,-0.51636
0.0854,5.5665,0.061137,-0.61719
0.0855,4.8405,0.18788,-0.7175
0.0856,4.101,0.31523,-0.81716
0.0857,3.3487,0.44297,-0.9161
0.0858,2.5848,0.57092,-1.0143
0.0859,1.8106,0.69884,-1.1116
0.086,1.0275,0.82637,-1.2078
0.0861,0.23683,0.95329,-1.303
0.0862,-0.55987,1.0794,-1.397
0.0863,-1.3615,1.2044,-1.4898
0.0864,-2.167,1.3281,-1.5812
0.0865,-2.975,1.4504,-1.6712
0.0866,-3.7849,1.5713,-1.7597
0.0867,-4.5959,1.6904,-1.8465
0.0868,-5.4072,1.8076,-1.9316
0.0869,-6.2177,1.923,-2.0147
0.087,-7.0261,2.0363,-2.0956
0.0871,-7.8311,2.1473,-2.1743
0.0872,-8.6309,2.2561,-2.2506
0.0873,-9.4242,2.3625,-2.3243
0.0874,-10.21,2.4663,-2.3954
0.0875,-10.986,2.5674,-2.4637
0.0876,-11.753,2.6658,-2.5291
0.0877,-12.508,2.7612,-2.5917
0.0878,-13.252,2.8535,-2.6513
0.0879,-13.983,2.9426,-2.7081
0.088,-14.702,3.0283,-2.7619
0.0881,-15.407,3.1103,-2.8128
0.0882,-16.097,3.1884,-2.8608
0.0883,-16.771,3.2625,-2.9056
0.0884,-17.427,3.3323,-2.9473
0.0885,-18.064,3.3975,-2.9858
0.0886,-18.681,3.4578,-3.0208
0.0887,-19.277,3.5131,-3.0523
0.0888,-19.851,3.563,-3.08
0.0889,-20.402,3.6075,-3.104
0.089,-20.929,3.6466,-3.1241
0.0891,-21.433,3.6802,-3.1403
0.0892,-21.911,3.7084,-3.1525
0.0893,-22.365,3.7313,-3.1609
0.0894,-22.792,3.7489,-3.1652
0.0895,-23.192,3.7613,-3.1655
0.0896,-23.564,3.7685,-3.1619
0.0897,-23.908,3.7707,-3.1542
0.0898,-24.222,3.7678,-3.1424
0.0899,-24.506,3.76,-3.1267
0.09,-24.759,3.7473,-3.1072
0.0901,-24.982,3.7298,-3.084
0.0902,-25.174,3.7075,-3.0571
0.0903,-25.335,3.6807,-3.0268
0.0904,-25.467,3.6493,-2.9931
0.0905,-25.567,3.6133,-2.9561
0.0906,-25.637,3.5729,-2.9158
0.0907,-25.675,3.5281,-2.8722
0.0908,-25.683,3.4789,-2.8252
0.0909,-25.658,3.4253,-2.7748
0.091,-25.601,3.3674,-2.7211
0.0911,-25.512,3.3054,-2.664
0.0912,-25.39,3.2394,-2.6035
0.0913,-25.238,3.1696,-2.5397
0.0914,-25.053,3.096,-2.4726
0.0915,-24.839,3.0188,-2.4023
0.0916,-24.594,2.9382,-2.3288
0.0917,-24.319,2.8542,-2.2524
0.0918,-24.015,2.767,-2.1729
0.0919,-23.681,2.6767,-2.0907
0.092,-23.319,2.5832,-2.0057
0.0921,-22.929,2.4868,-1.9181
0.0922,-22.51,2.3875,-1.828
0.0923,-22.063,2.2854,-1.7357
0.0924,-21.59,2.1805,-1.6412
0.0925,-21.091,2.0731,-1.5446
0.0926,-20.568,1.9632,-1.4461
0.0927,-20.02,1.8511,-1.3459
0.0928,-19.45,1.7368,-1.2441
0.0929,-18.857,1.6205,-1.1408
0.093,-18.243,1.5024,-1.0363
0.0931,-17.608,1.3826,-0.93063
0.0932,-16.954,1.2614,-0.82419
0.0933,-16.279,1.1389,-0.71724
0.0934,-15.586,1.0152,-0.61019
0.0935,-14.875,0.89038,-0.50343
0.0936,-14.147,0.76467,-0.3974
0.0937,-13.403,0.6382,-0.29252
0.0938,-12.645,0.51114,-0.18912
0.0939,-11.873,0.38361,-0.087413
0.094,-11.089,0.25579,0.012503
0.0941,-10.293,0.12783,0.11062
0.0942,-9.4885,-0.00014209,0.20702
0.0943,-8.6746,-0.12799,0.30184
0.0944,-7.8529,-0.25556,0.3952
0.0945,-7.0244,-0.3827,0.4872
0.0946,-6.1904,-0.50925,0.57791
0.0947,-5.3519,-0.63499,0.66734
0.0948,-4.5106,-0.75971,0.75545
0.0949,-3.6677,-0.88316,0.8422
0.095,-2.8251,-1.0051,0.92747
0.0951,-1.9839,-1.1252,1.0112
0.0952,-1.1459,-1.2433,1.0932
0.0953,-0.3122,-1.3592,1.1735
0.0954,0.51595,-1.4725,1.2519
0.0955,1.3375,-1.5832,1.3284
0.0956,2.1514,-1.6912,1.4028
0.0957,2.9568,-1.7962,1.4751
0.0958,3.7529,-1.8981,1.5452
0.0959,4.5385,-1.9969,1.613
0.096,5.3127,-2.0924,1.6782
0.0961,6.0743,-2.1847,1.7408
0.0962,6.8221,-2.2734,1.8005
0.0963,7.5547,-2.3587,1.8573
0.0964,8.2712,-2.4404,1.9109
0.0965,8.9704,-2.5184,1.9613
0.0966,9.6515,-2.5925,2.0082
0.0967,10.314,-2.6627,2.0517
0.0968,10.956,-2.7288,2.0916
0.0969,11.578,-2.7907,2.128
0.097,12.179,-2.8482,2.1607
0.0971,12.758,-2.9011,2.1897
0.0972,13.313,-2.9493,2.2151
0.0973,13.845,-2.9925,2.2368
0.0974,14.352,-3.0306,2.2548
0.0975,14.834,-3.0635,2.2691
0.0976,15.288,-3.0911,2.2797
0.0977,15.716,-3.1133,2.2866
0.0978,16.115,-3.1301,2.2898
0.0979,16.487,-3.1416,2.2893
0.098,16.83,-3.1478,2.2851
0.0981,17.144,-3.1489,2.2772
0.0982,17.43,-3.1449,2.2656
0.0983,17.686,-3.1361,2.2503
0.0984,17.913,-3.1224,2.2312
0.0985,18.11,-3.1041,2.2083
0.0986,18.277,-3.0812,2.1815
0.0987,18.412,-3.0538,2.151
0.0988,18.516,-3.022,2.1166
0.0989,18.59,-2.9857,2.0785
0.099,18.632,-2.9451,2.0366
0.0991,18.643,-2.9003,1.9911
0.0992,18.624,-2.8512,1.9422
0.0993,18.574,-2.7978,1.8899
0.0994,18.494,-2.7404,1.8343
0.0995,18.384,-2.6788,1.7757
0.0996,18.244,-2.613,1.7139
0.0997,18.074,-2.5432,1.6493
0.0998,17.875,-2.4694,1.5817
0.0999,17.645,-2.3915,1.5114
0.1,17.387,-2.3099,1.4383
0.1001,17.099,-2.2245,1.3626
0.1002,16.782,-2.1356,1.2843
0.1003,16.437,-2.0434,1.2035
0.1004,16.065,-1.948,1.1203
0.1005,15.666,-1.8496,1.0347
0.1006,15.242,-1.7484,0.94695
0.1007,14.792,-1.6447,0.85702
0.1008,14.317,-1.5385,0.76504
0.1009,13.817,-1.43,0.67112
0.101,13.295,-1.3194,0.57541
0.1011,12.749,-1.2068,0.47808
0.1012,12.182,-1.0923,0.37932
0.1013,11.593,-0.976,0.27938
0.1014,10.984,-0.85803,0.17847
0.1015,10.356,-0.73849,0.076873
0.1016,9.7102,-0.61745,-0.025194
0.1017,9.0467,-0.49501,-0.12748
0.1018,8.3667,-0.3713,-0.22977
0.1019,7.6709,-0.24644,-0.33185
0.102,6.96,-0.12055,-0.43356
0.1021,6.2348,0.0061743,-0.53473
0.1022,5.4959,0.13357,-0.63525
0.1023,4.7442,0.26144,-0.73501
0.1024,3.9806,0.38956,-0.83391
0.1025,3.2062,0.51769,-0.93189
0.1026,2.4222,0.64559,-1.0289
0.1027,1.6298,0.77304,-1.1248
0.1028,0.92043,0.88977,-1.2067
0.1029,0.85746,0.93364,-1.1955
0.103,0.79435,0.97616,-1.1833
0.1031,0.73148,1.017,-1.1689
0.1032,0.66983,1.0528,-1.148
0.1033,0.60887,1.0799,-1.118
0.1034,0.54804,1.104,-1.0854
0.1035,0.48747,1.1298,-1.0542
0.1036,0.42794,1.1511,-1.0179
0.1037,0.36949,1.1637,-0.97267
0.1038,0.31186,1.1741,-0.92502
0.1039,0.25441,1.1865,-0.87967
0.104,0.19725,1.1987,-0.83484
0.1041,0.14055,1.2105,-0.78994
0.1042,0.084179,1.2211,-0.7445
0.1043,0.028136,1.2284,-0.69682
0.1044,-0.027465,1.2342,-0.64899
0.1045,-0.082752,1.2423,-0.60485
0.1046,-0.13737,1.2514,-0.56318
0.1047,-0.19099,1.2581,-0.52067
0.1048,-0.24343,1.2636,-0.47855
0.1049,-0.2947,1.2696,-0.43849
0.105,-0.34445,1.2744,-0.39858
0.1051,-0.39257,1.2767,-0.35751
0.1052,-0.43908,1.2761,-0.31518
0.1053,-0.48404,1.2709,-0.26961
0.1054,-0.52726,1.2605,-0.22017
0.1055,-0.56874,1.2465,-0.16837
0.1056,-0.60827,1.2269,-0.11254
0.1057,-0.64578,1.1997,-0.050658
0.1058,-0.68134,1.1689,0.012989
0.1059,-0.71516,1.1392,0.074042
0.106,-0.74708,1.1078,0.135
0.1061,-0.77706,1.0725,0.19794
0.1062,-0.80523,1.0365,0.25957
0.1063,-0.83171,1.0015,0.31822
0.1064,-0.85636,0.96619,0.37507
0.1065,-0.87927,0.93195,0.42869
0.1066,-0.90041,0.89999,0.47793
0.1067,-0.91963,0.86727,0.52579
0.1068,-0.93677,0.83253,0.57347
0.1069,-0.9519,0.79868,0.61827
0.107,-0.96493,0.76558,0.66035
0.1071,-0.9757,0.73014,0.70282
0.1072,-0.9841,0.69237,0.74577
0.1073,-0.99018,0.65334,0.78829
0.1074,-0.99376,0.61118,0.83219
0.1075,-0.99478,0.56504,0.87823
0.1076,-0.99323,0.51645,0.92487
0.1077,-0.9892,0.46544,0.97212
0.1078,-0.98267,0.41138,1.0206
0.1079,-0.97382,0.3557,1.0688
0.108,-0.96274,0.29856,1.1168
0.1081,-0.94942,0.23843,1.1659
0.1082,-0.93389,0.17683,1.2146
0.1083,-0.91629,0.11718,1.2596
0.1084,-0.89653,0.059597,1.3007
0.1085,-0.87452,0.0032452,1.3387
0.1086,-0.85027,-0.0506,1.3723
0.1087,-0.82385,-0.10155,1.4011
0.1088,-0.79524,-0.15082,1.4264
0.1089,-0.76456,-0.19784,1.4475
0.109,-0.73196,-0.24225,1.4643
0.1091,-0.69751,-0.2866,1.4794
0.1092,-0.66118,-0.3327,1.4946
0.1093,-0.62307,-0.37968,1.5092
0.1094,-0.58314,-0.42793,1.5236
0.1095,-0.54135,-0.47869,1.539
0.1096,-0.49769,-0.53084,1.5543
0.1097,-0.45229,-0.58327,1.5686
0.1098,-0.40518,-0.63732,1.5831
0.1099,-0.35648,-0.69307,1.598
0.11,-0.30642,-0.74868,1.6116
0.1101,-0.25517,-0.80405,1.6238
0.1102,-0.20285,-0.85951,1.6351
0.1103,-0.1497,-0.91296,1.6434
0.1104,-0.095832,-0.96329,1.6477
0.1105,-0.041216,-1.012,1.6495
0.1106,0.014159,-1.0589,1.6484
0.1107,0.070186,-1.1016,1.6423
0.1108,0.12692,-1.14,1.6308
0.1109,0.18444,-1.1756,1.6152
0.111,0.24272,-1.2079,1.5953
0.1111,0.30167,-1.237,1.5711
0.1112,0.36137,-1.265,1.5446
0.1113,0.42176,-1.2922,1.5163
0.1114,0.48268,-1.3178,1.4858
0.1115,0.54404,-1.3429,1.454
0.1116,0.60581,-1.369,1.4228
0.1117,0.66782,-1.3958,1.3921
0.1118,0.72991,-1.4233,1.3622
0.1119,0.79198,-1.4522,1.3337
0.112,0.8539,-1.4814,1.3059
0.1121,0.91545,-1.5096,1.2775
0.1122,0.97649,-1.5364,1.2483
0.1123,1.0369,-1.5614,1.2179
0.1124,1.0965,-1.5831,1.185
0.1125,1.1553,-1.6016,1.1496
0.1126,1.2131,-1.6168,1.1119
0.1127,1.2699,-1.6275,1.0706
0.1128,1.3256,-1.6333,1.0253
0.1129,1.3803,-1.6356,0.97759
0.113,1.4341,-1.6349,0.92782
0.1131,1.4869,-1.6305,0.8754
0.1132,1.5386,-1.6229,0.82087
0.1133,1.5894,-1.613,0.76508
0.1134,1.6391,-1.6005,0.70773
0.1135,1.6877,-1.5854,0.6492
0.1136,1.7351,-1.5697,0.59127
0.1137,1.7812,-1.5538,0.53467
0.1138,1.8259,-1.5375,0.47922
0.1139,1.869,-1.5211,0.42566
0.114,1.9105,-1.5053,0.37454
0.1141,1.9502,-1.4891,0.32507
0.1142,1.9879,-1.4721,0.27697
0.1143,2.0238,-1.4547,0.23045
0.1144,2.0576,-1.4358,0.18445
0.1145,2.0894,-1.4139,0.13748
0.1146,2.1189,-1.3888,0.089366
0.1147,2.1464,-1.3605,0.039869
0.1148,2.1716,-1.328,-0.011932
0.1149,2.1946,-1.2915,-0.065823
0.115,2.2155,-1.252,-0.12084
0.1151,2.2343,-1.2092,-0.17726
0.1152,2.2508,-1.1629,-0.23538
0.1153,2.2652,-1.1143,-0.29399
0.1154,2.2774,-1.0644,-0.35198
0.1155,2.2874,-1.0137,-0.40913
0.1156,2.295,-0.96265,-0.46467
0.1157,2.3002,-0.9125,-0.51755
0.1158,2.3029,-0.86314,-0.56778
0.1159,2.3029,-0.81434,-0.61557
0.116,2.3002,-0.76668,-0.66033
0.1161,2.2949,-0.72025,-0.70194
0.1162,2.2867,-0.67445,-0.74097
0.1163,2.2758,-0.62909,-0.77759
0.1164,2.262,-0.58394,-0.81201
0.1165,2.2454,-0.53805,-0.84515
0.1166,2.2258,-0.49093,-0.87749
0.1167,2.2035,-0.44274,-0.90893
0.1168,2.1785,-0.39292,-0.94004
0.1169,2.1509,-0.34068,-0.97167
0.117,2.121,-0.28613,-1.0038
0.1171,2.0889,-0.22936,-1.0364
0.1172,2.0548,-0.16996,-1.0701
0.1173,2.0189,-0.10857,-1.1043
0.1174,1.9812,-0.046699,-1.1375
0.1175,1.9418,0.015069,-1.1693
0.1176,1.9007,0.076444,-1.1994
0.1177,1.858,0.13621,-1.2266
0.1178,1.8137,0.19344,-1.25
0.1179,1.7679,0.24822,-1.2696
0.118,1.7206,0.30028,-1.2851
0.1181,1.6719,0.34909,-1.296
0.1182,1.6219,0.39521,-1.3027
0.1183,1.5706,0.43957,-1.3063
0.1184,1.5181,0.48234,-1.3067
0.1185,1.4643,0.52381,-1.3044
0.1186,1.4093,0.5648,-1.3
0.1187,1.353,0.60568,-1.294
0.1188,1.2956,0.64652,-1.2865
0.1189,1.237,0.68796,-1.2782
0.119,1.1774,0.73048,-1.2697
0.1191,1.1171,0.77372,-1.2608
0.1192,1.0561,0.81746,-1.2515
0.1193,0.99469,0.86164,-1.2419
0.1194,0.9331,0.90566,-1.2315
0.1195,0.87148,0.94882,-1.22
0.1196,0.80996,0.99093,-1.2071
0.1197,0.74864,1.0315,-1.1925
0.1198,0.6876,1.0694,-1.1753
0.1199,0.62688,1.1041,-1.1548
0.12,0.56645,1.1355,-1.1309
0.1201,0.50633,1.163,-1.1031
0.1202,0.44652,1.1865,-1.0712
0.1203,0.38698,1.2063,-1.0356
0.1204,0.3277,1.2228,-0.99654
0.1205,0.26874,1.2359,-0.95412
0.1206,0.21009,1.2464,-0.90914
0.1207,0.15178,1.2553,-0.86264
0.1208,0.093876,1.263,-0.81525
0.1209,0.036474,1.2702,-0.76768
0.121,-0.020348,1.2774,-0.72077
0.1211,-0.076452,1.2848,-0.67474
0.1212,-0.13165,1.292,-0.62941
0.1213,-0.18579,1.2988,-0.58496
0.1214,-0.23874,1.3052,-0.54139
0.1215,-0.29033,1.3104,-0.49813
0.1216,-0.34042,1.3138,-0.45477
0.1217,-0.3889,1.3153,-0.41117
0.1218,-0.43571,1.314,-0.36673
0.1219,-0.48078,1.3095,-0.32082
0.122,-0.52411,1.3015,-0.27335
0.1221,-0.56573,1.2901,-0.22425
0.1222,-0.60568,1.2746,-0.17297
0.1223,-0.64396,1.2551,-0.11932
0.1224,-0.68063,1.2318,-0.063526
0.1225,-0.71572,1.2049,-0.0056694
