0.05,2.2078,-1.2277,0.41536
0.0501,2.988,-1.1173,0.2852
0.0502,3.6252,-1.0247,0.17135
0.0503,4.1883,-0.93272,0.059869
0.0504,4.6505,-0.84123,-0.052967
0.0505,5.0263,-0.76454,-0.1536
0.0506,5.3926,-0.69826,-0.24149
0.0507,5.7822,-0.62035,-0.33808
0.0508,6.2005,-0.525,-0.44992
0.0509,6.6507,-0.4292,-0.55941
0.051,7.0944,-0.34263,-0.65857
0.0511,7.5128,-0.25799,-0.75628
0.0512,7.8813,-0.17906,-0.84804
0.0513,8.1842,-0.10883,-0.93153
0.0514,8.4077,-0.045212,-1.01
0.0515,8.5767,0.012879,-1.0838
0.0516,8.7514,0.066003,-1.151
0.0517,8.9641,0.12151,-1.2182
0.0518,9.2155,0.18713,-1.2928
0.0519,9.4935,0.25828,-1.3705
0.052,9.7545,0.32545,-1.4423
0.0521,9.9497,0.38577,-1.5068
0.0522,10.074,0.44088,-1.5656
0.0523,10.128,0.48966,-1.6181
0.0524,10.075,0.52834,-1.6612
0.0525,9.894,0.55304,-1.6916
0.0526,9.6264,0.56645,-1.711
0.0527,9.3276,0.57919,-1.7293
0.0528,9.0257,0.59705,-1.7514
0.0529,8.7447,0.61383,-1.7703
0.053,8.5008,0.62712,-1.783
0.0531,8.2796,0.64386,-1.7971
0.0532,8.0524,0.66378,-1.8126
0.0533,7.8148,0.67887,-1.8225
0.0534,7.5432,0.68551,-1.8236
0.0535,7.227,0.68675,-1.8193
0.0536,6.8783,0.68242,-1.8087
0.0537,6.5005,0.67101,-1.7903
0.0538,6.0808,0.65643,-1.768
0.0539,5.6287,0.64118,-1.7441
0.054,5.1668,0.62272,-1.7146
0.0541,4.6907,0.60106,-1.6799
0.0542,4.1857,0.57934,-1.6436
0.0543,3.6487,0.55541,-1.6038
0.0544,3.0643,0.52478,-1.5563
0.0545,2.409,0.48716,-1.5022
0.0546,1.6952,0.44415,-1.443
0.0547,0.95842,0.39657,-1.3786
0.0548,0.21037,0.34606,-1.3103
0.0549,-0.54955,0.29309,-1.2386
0.055,-1.3037,0.23742,-1.1625
0.0551,-2.0366,0.18216,-1.0848
0.0552,-2.7512,0.13009,-1.0087
0.0553,-3.4496,0.077547,-0.93079
0.0554,-4.1332,0.020598,-0.84704
0.0555,-4.8163,-0.039126,-0.75971
0.0556,-5.5139,-0.10058,-0.67037
0.0557,-6.2316,-0.16688,-0.576
0.0558,-6.9742,-0.23784,-0.47667
0.0559,-7.7438,-0.31171,-0.37424
0.056,-8.5282,-0.38844,-0.26816
0.0561,-9.3219,-0.46765,-0.15851
0.0562,-10.136,-0.54703,-0.048093
0.0563,-10.974,-0.62661,0.062837
0.0564,-11.826,-0.70857,0.17665
0.0565,-12.691,-0.79228,0.29246
0.0566,-13.564,-0.87578,0.40809
0.0567,-14.428,-0.96012,0.52496
0.0568,-15.278,-1.0458,0.64382
0.0569,-16.117,-1.1306,0.76224
0.057,-16.94,-1.214,0.87968
0.0571,-17.727,-1.2964,0.99721
0.0572,-18.48,-1.3766,1.1136
0.0573,-19.208,-1.4546,1.2285
0.0574,-19.913,-1.5332,1.3448
0.0575,-20.601,-1.6132,1.4629
0.0576,-21.287,-1.6929,1.5804
0.0577,-21.97,-1.7736,1.6979
0.0578,-22.643,-1.8581,1.8182
0.0579,-23.309,-1.9455,1.9394
0.058,-23.967,-2.0336,2.0588
0.0581,-24.613,-2.123,2.1769
0.0582,-25.249,-2.2137,2.2939
0.0583,-25.88,-2.3038,2.4078
0.0584,-26.498,-2.3929,2.519
0.0585,-27.096,-2.4819,2.6289
0.0586,-27.677,-2.5704,2.7367
0.0587,-28.241,-2.6573,2.8416
0.0588,-28.779,-2.743,2.9444
0.0589,-29.282,-2.827,3.0446
0.059,-29.746,-2.9078,3.1407
0.0591,-30.157,-2.9849,3.2329
0.0592,-30.511,-3.0587,3.3216
0.0593,-30.818,-3.1286,3.4063
0.0594,-31.088,-3.1955,3.4876
0.0595,-31.325,-3.2606,3.5668
0.0596,-31.539,-3.3239,3.6439
0.0597,-31.739,-3.3859,3.719
0.0598,-31.924,-3.4482,3.7939
0.0599,-32.097,-3.5101,3.8679
0.06,-32.261,-3.5694,3.9383
0.0601,-32.408,-3.6256,4.005
0.0602,-32.529,-3.6792,4.0684
0.0603,-32.618,-3.7284,4.1269
0.0604,-32.673,-3.7722,4.1794
0.0605,-32.688,-3.8118,4.2273
0.0606,-32.669,-3.8477,4.2709
0.0607,-32.622,-3.8789,4.3089
0.0608,-32.545,-3.9064,4.3423
0.0609,-32.433,-3.9313,4.3725
0.061,-32.286,-3.9529,4.3986
0.0611,-32.102,-3.9702,4.4198
0.0612,-31.877,-3.9842,4.4374
0.0613,-31.61,-3.9946,4.4512
0.0614,-31.305,-4.0006,4.4604
0.0615,-30.961,-4.0026,4.4659
0.0616,-30.579,-4.0019,4.4689
0.0617,-30.17,-3.9983,4.4693
0.0618,-29.746,-3.9923,4.467
0.0619,-29.312,-3.9847,4.463
0.062,-28.87,-3.9754,4.4571
0.0621,-28.425,-3.9637,4.4482
0.0622,-27.968,-3.9497,4.437
0.0623,-27.493,-3.9331,4.423
0.0624,-26.998,-3.9124,4.4045
0.0625,-26.476,-3.8869,4.3805
0.0626,-25.924,-3.857,4.3505
0.0627,-25.34,-3.822,4.313
0.0628,-24.724,-3.7818,4.2664
0.0629,-24.075,-3.7372,4.2108
0.063,-23.399,-3.6888,4.1458
0.0631,-22.703,-3.6364,4.0713
0.0632,-21.99,-3.5806,3.9887
0.0633,-21.26,-3.5222,3.8995
0.0634,-20.514,-3.4608,3.804
0.0635,-19.753,-3.3964,3.703
0.0636,-18.974,-3.3296,3.598
0.0637,-18.182,-3.2601,3.4893
0.0638,-17.382,-3.1874,3.3772
0.0639,-16.576,-3.1123,3.2631
0.064,-15.763,-3.0355,3.148
0.0641,-14.949,-2.9566,3.0319
0.0642,-14.139,-2.8762,2.9151
0.0643,-13.331,-2.7951,2.7987
0.0644,-12.528,-2.7131,2.6819
0.0645,-11.731,-2.6293,2.5639
0.0646,-10.933,-2.5443,2.4451
0.0647,-10.128,-2.4583,2.3256
0.0648,-9.3168,-2.3701,2.2042
0.0649,-8.4975,-2.2797,2.0808
0.065,-7.6694,-2.1877,1.9563
0.0651,-6.8363,-2.0944,1.8305
0.0652,-6.0026,-1.9995,1.7035
0.0653,-5.1693,-1.904,1.5763
0.0654,-4.3408,-1.8087,1.4497
0.0655,-3.5247,-1.7133,1.3235
0.0656,-2.7251,-1.6181,1.1979
0.0657,-1.943,-1.5235,1.0734
0.0658,-1.1805,-1.4292,0.94973
0.0659,-0.43753,-1.3349,0.82659
0.066,0.28926,-1.2408,0.70433
0.0661,0.99998,-1.147,0.58293
0.0662,1.692,-1.0531,0.46201
0.0663,2.3658,-0.95942,0.34178
0.0664,3.0222,-0.86627,0.22256
0.0665,3.6599,-0.77354,0.10418
0.0666,4.2784,-0.68145,-0.013159
0.0667,4.8785,-0.5905,-0.12888
0.0668,5.4584,-0.50059,-0.2431
0.0669,6.016,-0.41155,-0.356
0.067,6.5533,-0.32389,-0.46697
0.0671,7.0718,-0.23785,-0.57563
0.0672,7.5709,-0.15312,-0.68222
0.0673,8.0504,-0.069942,-0.7864
0.0674,8.5092,0.011132,-0.88752
0.0675,8.9429,0.090243,-0.98574
0.0676,9.347,0.16748,-1.0812
0.0677,9.7208,0.24218,-1.1732
0.0678,10.062,0.31401,-1.2613
0.0679,10.367,0.38323,-1.3459
0.068,10.635,0.4496,-1.4268
0.0681,10.866,0.51272,-1.5035
0.0682,11.061,0.57297,-1.5765
0.0683,11.222,0.63073,-1.6461
0.0684,11.354,0.68575,-1.7121
0.0685,11.46,0.73811,-1.7746
0.0686,11.54,0.78826,-1.834
0.0687,11.595,0.83601,-1.8902
0.0688,11.626,0.88088,-1.9427
0.0689,11.629,0.92285,-1.9916
0.069,11.604,0.96171,-2.0368
0.0691,11.552,0.99682,-2.0774
0.0692,11.469,1.028,-2.1133
0.0693,11.355,1.0554,-2.1447
0.0694,11.208,1.079,-2.1714
0.0695,11.03,1.0988,-2.1932
0.0696,10.821,1.115,-2.2103
0.0697,10.582,1.1278,-2.223
0.0698,10.314,1.1371,-2.2309
0.0699,10.016,1.143,-2.2341
0.07,9.6874,1.1456,-2.2329
0.0701,9.3275,1.1447,-2.227
0.0702,8.9374,1.14,-2.2164
0.0703,8.5171,1.1319,-2.2012
0.0704,8.0685,1.1203,-2.1815
0.0705,7.594,1.1051,-2.1573
0.0706,7.0948,1.0868,-2.1289
0.0707,6.573,1.0654,-2.0965
0.0708,6.0327,1.0408,-2.0599
0.0709,5.4761,1.0132,-2.0191
0.071,4.9036,0.98257,-1.9744
0.0711,4.3154,0.9488,-1.9255
0.0712,3.7109,0.91157,-1.8722
0.0713,3.0875,0.87104,-1.8145
0.0714,2.4438,0.82718,-1.7525
0.0715,1.7805,0.77966,-1.6858
0.0716,1.0972,0.72863,-1.6144
0.0717,0.39344,0.67449,-1.5389
0.0718,-0.32894,0.61728,-1.459
0.0719,-1.0677,0.55711,-1.375
0.072,-1.8213,0.49452,-1.2875
0.0721,-2.587,0.42984,-1.1967
0.0722,-3.3613,0.36305,-1.1028
0.0723,-4.1432,0.29436,-1.006
0.0724,-4.9327,0.22411,-0.90688
0.0725,-5.7288,0.15222,-0.80547
0.0726,-6.5304,0.07857,-0.70177
0.0727,-7.3373,0.0033353,-0.59609
0.0728,-8.1477,-0.073441,-0.48852
0.0729,-8.9592,-0.15185,-0.37898
0.073,-9.7707,-0.23167,-0.26772
0.0731,-10.581,-0.3126,-0.15506
0.0732,-11.388,-0.39454,-0.041035
0.0733,-12.19,-0.47732,0.074236
0.0734,-12.987,-0.5607,0.1905
0.0735,-13.777,-0.64461,0.30777
0.0736,-14.561,-0.7291,0.4261
0.0737,-15.341,-0.81403,0.54535
0.0738,-16.116,-0.89932,0.66542
0.0739,-16.886,-0.98503,0.78635
0.074,-17.649,-1.071,0.90795
0.0741,-18.403,-1.157,1.0298
0.0742,-19.147,-1.2429,1.1518
0.0743,-19.876,-1.3287,1.2735
0.0744,-20.59,-1.4142,1.3944
0.0745,-21.286,-1.4994,1.5142
0.0746,-21.961,-1.5848,1.6329
0.0747,-22.615,-1.6703,1.7502
0.0748,-23.246,-1.7561,1.8659
0.0749,-23.854,-1.8424,1.9799
0.075,-24.44,-1.9292,2.0922
0.0751,-25.004,-2.0162,2.2025
0.0752,-25.544,-2.1032,2.3108
0.0753,-26.06,-2.1901,2.4171
0.0754,-26.55,-2.2763,2.5212
0.0755,-27.014,-2.3614,2.6228
0.0756,-27.451,-2.4452,2.722
0.0757,-27.86,-2.5273,2.8187
0.0758,-28.24,-2.6074,2.9127
0.0759,-28.592,-2.6851,3.004
0.076,-28.915,-2.7605,3.0926
0.0761,-29.211,-2.8333,3.1785
0.0762,-29.479,-2.9032,3.2614
0.0763,-29.72,-2.9702,3.3413
0.0764,-29.932,-3.0344,3.4182
0.0765,-30.115,-3.0953,3.4917
0.0766,-30.267,-3.1531,3.5618
0.0767,-30.387,-3.2076,3.6283
0.0768,-30.473,-3.2587,3.6911
0.0769,-30.526,-3.3064,3.7498
0.077,-30.545,-3.3508,3.8045
0.0771,-30.529,-3.3919,3.8551
0.0772,-30.481,-3.4297,3.9014
0.0773,-30.401,-3.4643,3.9437
0.0774,-30.289,-3.496,3.9818
0.0775,-30.148,-3.5246,4.0159
0.0776,-29.978,-3.5502,4.0459
0.0777,-29.778,-3.5728,4.0719
0.0778,-29.549,-3.5921,4.0939
0.0779,-29.29,-3.6081,4.1119
0.078,-29.002,-3.6205,4.1259
0.0781,-28.685,-3.6294,4.1362
0.0782,-28.339,-3.6346,4.1425
0.0783,-27.965,-3.636,4.1452
0.0784,-27.564,-3.6339,4.1446
0.0785,-27.136,-3.6283,4.1407
0.0786,-26.684,-3.6191,4.1337
0.0787,-26.208,-3.6066,4.1239
0.0788,-25.708,-3.591,4.1112
0.0789,-25.186,-3.5719,4.0955
0.079,-24.64,-3.5497,4.0766
0.0791,-24.071,-3.5243,4.0537
0.0792,-23.479,-3.4956,4.0258
0.0793,-22.866,-3.4634,3.9916
0.0794,-22.231,-3.428,3.9499
0.0795,-21.575,-3.3891,3.8999
0.0796,-20.902,-3.3466,3.8408
0.0797,-20.21,-3.3007,3.7729
0.0798,-19.502,-3.2512,3.6969
0.0799,-18.78,-3.1982,3.6136
0.08,-18.045,-3.1417,3.524
0.0801,-17.297,-3.0818,3.4292
0.0802,-16.537,-3.0185,3.33
0.0803,-15.766,-2.9519,3.227
0.0804,-14.983,-2.8821,3.1209
0.0805,-14.191,-2.8094,3.0122
0.0806,-13.389,-2.7339,2.9014
0.0807,-12.581,-2.6558,2.7887
0.0808,-11.766,-2.5755,2.6747
0.0809,-10.948,-2.4935,2.5594
0.081,-10.127,-2.41,2.443
0.0811,-9.3064,-2.3255,2.3258
0.0812,-8.4863,-2.2402,2.2077
0.0813,-7.6677,-2.1543,2.0888
0.0814,-6.8507,-2.0677,1.969
0.0815,-6.0352,-1.9805,1.8485
0.0816,-5.2214,-1.8925,1.727
0.0817,-4.4102,-1.8036,1.6046
0.0818,-3.6024,-1.7137,1.4814
0.0819,-2.7999,-1.6229,1.3575
0.082,-2.0048,-1.5311,1.233
0.0821,-1.2191,-1.4386,1.1082
0.0822,-0.44479,-1.3453,0.98336
0.0823,0.31629,-1.2515,0.85858
0.0824,1.0629,-1.1571,0.73406
0.0825,1.7945,-1.0622,0.60999
0.0826,2.5111,-0.96705,0.48643
0.0827,3.2126,-0.87157,0.36343
0.0828,3.8993,-0.77602,0.24113
0.0829,4.571,-0.68066,0.11967
0.083,5.2266,-0.58574,-0.00086068
0.0831,5.8649,-0.49156,-0.12025
0.0832,6.4846,-0.39852,-0.23822
0.0833,7.0842,-0.30687,-0.35457
0.0834,7.6623,-0.21678,-0.46915
0.0835,8.218,-0.12844,-0.58174
0.0836,8.7509,-0.041896,-0.69224
0.0837,9.2604,0.042897,-0.80063
0.0838,9.7465,0.12598,-0.90685
0.0839,10.209,0.20739,-1.0108
0.084,10.648,0.28715,-1.1124
0.0841,11.061,0.3653,-1.2115
0.0842,11.449,0.44175,-1.308
0.0843,11.808,0.51642,-1.4016
0.0844,12.138,0.58922,-1.4921
0.0845,12.437,0.65999,-1.5793
0.0846,12.704,0.72855,-1.663
0.0847,12.941,0.79481,-1.7432
0.0848,13.146,0.85861,-1.8197
0.0849,13.321,0.91981,-1.8924
0.085,13.467,0.9783,-1.9616
0.0851,13.585,1.034,-2.027
0.0852,13.676,1.0866,-2.0887
0.0853,13.74,1.1361,-2.1465
0.0854,13.777,1.1823,-2.2005
0.0855,13.785,1.225,-2.2505
0.0856,13.764,1.264,-2.2964
0.0857,13.713,1.2993,-2.3381
0.0858,13.631,1.3308,-2.3755
0.0859,13.519,1.3586,-2.4086
0.086,13.376,1.3826,-2.4373
0.0861,13.202,1.4032,-2.4617
0.0862,12.998,1.4205,-2.4817
0.0863,12.764,1.4345,-2.4972
0.0864,12.501,1.4454,-2.5084
0.0865,12.208,1.4534,-2.5151
0.0866,11.888,1.4582,-2.5172
0.0867,11.538,1.4599,-2.5148
0.0868,11.161,1.4583,-2.5078
0.0869,10.757,1.4534,-2.4961
0.087,10.327,1.4451,-2.4798
0.0871,9.8722,1.4333,-2.4589
0.0872,9.3938,1.418,-2.4335
0.0873,8.8936,1.3992,-2.4035
0.0874,8.3727,1.3768,-2.3691
0.0875,7.8321,1.3508,-2.3303
0.0876,7.2725,1.3212,-2.2872
0.0877,6.6943,1.2881,-2.2398
0.0878,6.0976,1.2513,-2.1881
0.0879,5.482,1.2109,-2.1321
0.088,4.8476,1.1671,-2.0717
0.0881,4.1943,1.12,-2.007
0.0882,3.5224,1.0697,-1.9381
0.0883,2.8327,1.0165,-1.8648
0.0884,2.1264,0.96058,-1.7875
0.0885,1.4049,0.90221,-1.7062
0.0886,0.66981,0.84157,-1.6212
0.0887,-0.077069,0.77879,-1.5326
0.0888,-0.83409,0.71401,-1.4408
0.0889,-1.5997,0.64732,-1.3459
0.089,-2.3722,0.57875,-1.2481
0.0891,-3.1505,0.50831,-1.1476
0.0892,-3.9333,0.43605,-1.0446
0.0893,-4.7197,0.36195,-0.93934
0.0894,-5.5083,0.28602,-0.83191
0.0895,-6.2979,0.20833,-0.72253
0.0896,-7.0874,0.12897,-0.61139
0.0897,-7.8753,0.048015,-0.49865
0.0898,-8.6606,-0.034356,-0.38448
0.0899,-9.4423,-0.11793,-0.26904
0.09,-10.219,-0.20252,-0.15247
0.0901,-10.991,-0.28788,-0.034862
0.0902,-11.757,-0.3738,0.083664
0.0903,-12.517,-0.46003,0.20301
0.0904,-13.269,-0.54642,0.32311
0.0905,-14.014,-0.63277,0.44384
0.0906,-14.749,-0.71894,0.56504
0.0907,-15.473,-0.80483,0.68659
0.0908,-16.184,-0.89041,0.80831
0.0909,-16.882,-0.97568,0.92997
0.091,-17.562,-1.0607,1.0513
0.0911,-18.225,-1.1457,1.1722
0.0912,-18.867,-1.2309,1.2922
0.0913,-19.488,-1.3164,1.4112
0.0914,-20.085,-1.4023,1.529
0.0915,-20.66,-1.489,1.6453
0.0916,-21.21,-1.5762,1.7599
0.0917,-21.735,-1.6639,1.8726
0.0918,-22.234,-1.7519,1.9834
0.0919,-22.708,-1.8399,2.0921
0.092,-23.155,-1.9275,2.1984
0.0921,-23.575,-2.0144,2.3024
0.0922,-23.967,-2.1001,2.4039
0.0923,-24.331,-2.1842,2.5028
0.0924,-24.667,-2.2663,2.5991
0.0925,-24.973,-2.3463,2.6926
0.0926,-25.251,-2.4237,2.7833
0.0927,-25.499,-2.4984,2.8712
0.0928,-25.718,-2.5702,2.9563
0.0929,-25.907,-2.6391,3.0385
0.093,-26.067,-2.7048,3.1177
0.0931,-26.196,-2.7674,3.1938
0.0932,-26.294,-2.8268,3.2667
0.0933,-26.361,-2.883,3.3362
0.0934,-26.395,-2.9361,3.4021
0.0935,-26.396,-2.986,3.4643
0.0936,-26.365,-3.0327,3.5227
0.0937,-26.302,-3.0765,3.577
0.0938,-26.206,-3.1172,3.6272
0.0939,-26.08,-3.1549,3.6732
0.094,-25.924,-3.1897,3.7149
0.0941,-25.738,-3.2215,3.7524
0.0942,-25.525,-3.2502,3.7856
0.0943,-25.284,-3.2758,3.8145
0.0944,-25.016,-3.2982,3.8392
0.0945,-24.722,-3.3172,3.8597
0.0946,-24.401,-3.3326,3.876
0.0947,-24.056,-3.3444,3.8884
0.0948,-23.685,-3.3525,3.8969
0.0949,-23.289,-3.3567,3.9017
0.095,-22.87,-3.3572,3.903
0.0951,-22.428,-3.354,3.9008
0.0952,-21.964,-3.3471,3.8955
0.0953,-21.478,-3.3367,3.8871
0.0954,-20.972,-3.323,3.8757
0.0955,-20.445,-3.3059,3.8612
0.0956,-19.899,-3.2857,3.8434
0.0957,-19.334,-3.2623,3.8219
0.0958,-18.751,-3.2359,3.796
0.0959,-18.15,-3.2064,3.7647
0.096,-17.532,-3.1737,3.7269
0.0961,-16.899,-3.1379,3.6815
0.0962,-16.251,-3.0987,3.6279
0.0963,-15.589,-3.0562,3.5658
0.0964,-14.915,-3.0101,3.4956
0.0965,-14.229,-2.9605,3.418
0.0966,-13.532,-2.9073,3.3338
0.0967,-12.826,-2.8506,3.2439
0.0968,-12.111,-2.7903,3.1494
0.0969,-11.387,-2.7266,3.0508
0.097,-10.655,-2.6595,2.9489
0.0971,-9.916,-2.5893,2.8442
0.0972,-9.1702,-2.5161,2.737
0.0973,-8.4186,-2.4401,2.6278
0.0974,-7.6625,-2.3618,2.5168
0.0975,-6.9032,-2.2815,2.4043
0.0976,-6.142,-2.1995,2.2904
0.0977,-5.3804,-2.1163,2.1754
0.0978,-4.6193,-2.0321,2.0593
0.0979,-3.8597,-1.9472,1.9421
0.098,-3.1021,-1.8617,1.8239
0.0981,-2.3471,-1.7757,1.7046
0.0982,-1.595,-1.689,1.5843
0.0983,-0.84625,-1.6015,1.463
0.0984,-0.10175,-1.5133,1.3407
0.0985,0.63744,-1.4241,1.2176
0.0986,1.3699,-1.334,1.0937
0.0987,2.0941,-1.243,0.96939
0.0988,2.8083,-1.1511,0.84476
0.0989,3.5112,-1.0584,0.72007
0.099,4.2017,-0.96496,0.59551
0.0991,4.8789,-0.87082,0.47128
0.0992,5.5425,-0.7761,0.34753
0.0993,6.1924,-0.68098,0.22438
0.0994,6.8282,-0.58564,0.10197
0.0995,7.4498,-0.49034,-0.019591
0.0996,8.0566,-0.39538,-0.14016
0.0997,8.6477,-0.30108,-0.2596
0.0998,9.2221,-0.20777,-0.37774
0.0999,9.7785,-0.11573,-0.49443
0.1,10.316,-0.025191,-0.60951
0.1001,10.833,0.063676,-0.72286
0.1002,11.329,0.15078,-0.83437
0.1003,11.803,0.2361,-0.94393
0.1004,12.255,0.31963,-1.0515
0.1005,12.685,0.40143,-1.1569
0.1006,13.093,0.48155,-1.26
0.1007,13.476,0.56002,-1.3608
0.1008,13.834,0.63684,-1.459
0.1009,14.167,0.712,-1.5545
0.101,14.473,0.78542,-1.6471
0.1011,14.75,0.85702,-1.7364
0.1012,14.998,0.92667,-1.8223
0.1013,15.218,0.99422,-1.9047
0.1014,15.408,1.0595,-1.9834
0.1015,15.569,1.1224,-2.0584
0.1016,15.703,1.1827,-2.1296
0.1017,15.809,1.2402,-2.197
0.1018,15.889,1.2947,-2.2607
0.1019,15.942,1.3462,-2.3205
0.102,15.969,1.3942,-2.3765
0.1021,15.968,1.4388,-2.4286
0.1022,15.939,1.4797,-2.4767
0.1023,15.882,1.5168,-2.5207
0.1024,15.796,1.5501,-2.5607
0.1025,15.681,1.5797,-2.5965
0.1026,15.536,1.6055,-2.6281
0.1027,15.361,1.6278,-2.6554
0.1028,15.157,1.6466,-2.6785
0.1029,14.924,1.6622,-2.6972
0.103,14.663,1.6747,-2.7115
0.1031,14.373,1.6842,-2.7213
0.1032,14.055,1.6907,-2.7266
0.1033,13.709,1.6942,-2.7273
0.1034,13.337,1.6945,-2.7232
0.1035,12.938,1.6917,-2.7145
0.1036,12.514,1.6856,-2.701
0.1037,12.066,1.6761,-2.6829
0.1038,11.594,1.6631,-2.6601
0.1039,11.101,1.6466,-2.6328
0.104,10.587,1.6265,-2.6009
0.1041,10.053,1.6027,-2.5647
0.1042,9.5008,1.5753,-2.5241
0.1043,8.9294,1.5441,-2.4792
0.1044,8.3396,1.5092,-2.43
0.1045,7.7315,1.4706,-2.3765
0.1046,7.105,1.4284,-2.3188
0.1047,6.4603,1.3828,-2.2568
0.1048,5.7979,1.3339,-2.1905
0.1049,5.1183,1.2821,-2.12
0.105,4.4226,1.2274,-2.0452
0.1051,3.712,1.1703,-1.9665
0.1052,2.9878,1.1108,-1.8837
0.1053,2.6226,1.1017,-1.8377
0.1054,2.5892,1.1389,-1.8268
0.1055,2.5541,1.1747,-1.8132
0.1056,2.5185,1.2119,-1.7983
0.1057,2.4829,1.2543,-1.7865
0.1058,2.4469,1.3,-1.7771
0.1059,2.4104,1.3432,-1.7642
0.106,2.374,1.3845,-1.7484
0.1061,2.3384,1.4295,-1.7355
0.1062,2.3037,1.4772,-1.7246
0.1063,2.2697,1.5217,-1.7105
0.1064,2.2359,1.5614,-1.6922
0.1065,2.2026,1.5975,-1.6709
0.1066,2.1697,1.6304,-1.6466
0.1067,2.1371,1.6613,-1.6211
0.1068,2.1045,1.6908,-1.5952
0.1069,2.0715,1.7157,-1.5655
0.107,2.0378,1.7343,-1.5301
0.1071,2.0036,1.7492,-1.4917
0.1072,1.9688,1.7623,-1.4521
0.1073,1.9335,1.772,-1.4095
0.1074,1.8976,1.7783,-1.3637
0.1075,1.8614,1.7825,-1.3161
0.1076,1.8249,1.7854,-1.2675
0.1077,1.7884,1.7878,-1.2191
0.1078,1.7519,1.7909,-1.172
0.1079,1.7157,1.7938,-1.1254
0.108,1.6799,1.7967,-1.0794
0.1081,1.645,1.8017,-1.0367
0.1082,1.6112,1.8081,-0.99681
0.1083,1.5782,1.8115,-0.95515
0.1084,1.5463,1.8108,-0.91105
0.1085,1.5158,1.8085,-0.86729
0.1086,1.4864,1.8042,-0.82342
0.1087,1.458,1.7955,-0.77705
0.1088,1.4304,1.7824,-0.7284
0.1089,1.4034,1.765,-0.6774
0.109,1.3767,1.742,-0.62248
0.1091,1.3502,1.7146,-0.56497
0.1092,1.324,1.6858,-0.50759
0.1093,1.298,1.6548,-0.4495
0.1094,1.272,1.6202,-0.38913
0.1095,1.2463,1.5838,-0.3283
0.1096,1.2208,1.5474,-0.26871
0.1097,1.1958,1.5104,-0.20972
0.1098,1.1713,1.4733,-0.15174
0.1099,1.1476,1.4374,-0.096234
0.11,1.1249,1.4022,-0.042831
0.1101,1.1032,1.3671,0.0090227
0.1102,1.0828,1.3324,0.058651
0.1103,1.0639,1.2979,0.10639
0.1104,1.0464,1.2623,0.15301
0.1105,1.0308,1.2267,0.19737
0.1106,1.0171,1.1913,0.23906
0.1107,1.0052,1.1537,0.28051
0.1108,0.99497,1.1122,0.32335
0.1109,0.98649,1.0675,0.3669
0.111,0.97954,1.0197,0.41126
0.1111,0.97389,0.96819,0.4572
0.1112,0.96938,0.91369,0.50405
0.1113,0.96573,0.85685,0.55141
0.1114,0.96265,0.79723,0.59999
0.1115,0.96002,0.73603,0.64874
0.1116,0.95786,0.67571,0.69531
0.1117,0.95616,0.61687,0.73921
0.1118,0.95499,0.55928,0.78073
0.1119,0.95461,0.50384,0.81888
0.112,0.95521,0.45068,0.85344
0.1121,0.95698,0.39866,0.88542
0.1122,0.96017,0.34793,0.91446
0.1123,0.96507,0.29922,0.93958
0.1124,0.97178,0.25164,0.96152
0.1125,0.98043,0.20432,0.98094
0.1126,0.99114,0.15763,0.99732
0.1127,1.0038,0.11085,1.0114
0.1128,1.0184,0.062491,1.0247
0.1129,1.0347,0.013074,1.0367
0.113,1.0527,-0.03641,1.0466
0.1131,1.0721,-0.087096,1.0557
0.1132,1.0926,-0.14003,1.0654
0.1133,1.114,-0.1943,1.0749
0.1134,1.136,-0.24933,1.0839
0.1135,1.1585,-0.30524,1.0927
0.1136,1.1812,-0.36086,1.1004
0.1137,1.2042,-0.4148,1.1057
0.1138,1.2273,-0.46717,1.1089
0.1139,1.2507,-0.51789,1.1101
0.114,1.2745,-0.56562,1.1078
0.1141,1.2989,-0.60961,1.1013
0.1142,1.324,-0.65005,1.0908
0.1143,1.3502,-0.68662,1.0758
0.1144,1.3776,-0.7194,1.0562
0.1145,1.4062,-0.7496,1.0333
0.1146,1.4363,-0.77804,1.0076
0.1147,1.4678,-0.8049,0.97945
0.1148,1.5006,-0.83097,0.9496
0.1149,1.5345,-0.85695,0.91887
0.115,1.5695,-0.88269,0.88728
0.1151,1.6052,-0.90852,0.85543
0.1152,1.6414,-0.93517,0.82437
0.1153,1.6777,-0.96202,0.79374
0.1154,1.7141,-0.98789,0.76264
0.1155,1.7502,-1.0127,0.73134
0.1156,1.7859,-1.0366,0.70004
0.1157,1.8211,-1.0585,0.66805
0.1158,1.8558,-1.0784,0.63521
0.1159,1.8898,-1.0963,0.60178
0.116,1.9233,-1.1113,0.56677
0.1161,1.9563,-1.1221,0.52893
0.1162,1.9888,-1.1288,0.48835
0.1163,2.021,-1.1315,0.44516
0.1164,2.0529,-1.1297,0.39871
0.1165,2.0847,-1.1235,0.3491
0.1166,2.1164,-1.1138,0.29715
0.1167,2.1479,-1.1008,0.24294
0.1168,2.1795,-1.0847,0.18669
0.1169,2.211,-1.0672,0.12977
0.117,2.2424,-1.0491,0.073322
0.1171,2.2735,-1.0309,0.017564
0.1172,2.3042,-1.0129,-0.036935
0.1173,2.3344,-0.99556,-0.089544
0.1174,2.3637,-0.97837,-0.1406
0.1175,2.3922,-0.96082,-0.19039
0.1176,2.4194,-0.94311,-0.23851
0.1177,2.4454,-0.92485,-0.2852
0.1178,2.4698,-0.90492,-0.33149
0.1179,2.4927,-0.88266,-0.37795
0.118,2.5138,-0.85781,-0.42486
0.1181,2.5331,-0.82966,-0.47294
0.1182,2.5504,-0.79796,-0.5225
0.1183,2.5656,-0.76314,-0.57318
0.1184,2.579,-0.72527,-0.62502
0.1185,2.5904,-0.68415,-0.67835
0.1186,2.6,-0.64026,-0.73279
0.1187,2.6078,-0.59427,-0.7878
0.1188,2.614,-0.54647,-0.8432
0.1189,2.6185,-0.49753,-0.89839
0.119,2.6214,-0.44837,-0.9525
0.1191,2.6228,-0.39924,-1.0053
0.1192,2.6227,-0.35024,-1.0566
0.1193,2.6211,-0.3021,-1.1056
0.1194,2.6181,-0.25525,-1.1517
0.1195,2.6135,-0.20957,-1.1949
0.1196,2.6072,-0.16517,-1.2349
0.1197,2.5992,-0.12205,-1.2714
0.1198,2.5893,-0.079284,-1.3053
0.1199,2.5773,-0.035906,-1.3373
0.12,2.5631,0.0083287,-1.3678
0.1201,2.5468,0.053901,-1.3971
0.1202,2.5284,0.10168,-1.4261
0.1203,2.5081,0.15192,-1.4553
0.1204,2.4861,0.20443,-1.4846
0.1205,2.4627,0.25942,-1.5144
0.1206,2.4383,0.31669,-1.5447
0.1207,2.4131,0.37526,-1.5747
0.1208,2.3874,0.43433,-1.6039
0.1209,2.3614,0.49357,-1.6321
0.121,2.3352,0.55234,-1.6587
0.1211,2.3088,0.60989,-1.6831
0.1212,2.2821,0.66597,-1.7051
0.1213,2.2552,0.72026,-1.7241
0.1214,2.2277,0.77216,-1.7396
0.1215,2.1996,0.82153,-1.7511
0.1216,2.1706,0.86865,-1.7588
0.1217,2.1406,0.91363,-1.7627
0.1218,2.1093,0.95662,-1.7627
0.1219,2.0768,0.99811,-1.7592
0.122,2.0429,1.0384,-1.7527
0.1221,2.0076,1.0778,-1.7432
0.1222,1.971,1.1167,-1.7314
0.1223,1.9333,1.156,-1.7184
0.1224,1.8947,1.1957,-1.7043
0.1225,1.8553,1.2361,-1.6898
