0.05,0.1795,-0.26494,0.17856
0.0501,0.1904,-0.26563,0.16831
0.0502,0.20107,-0.26606,0.15754
0.0503,0.21141,-0.26621,0.14633
0.0504,0.22133,-0.26606,0.13475
0.0505,0.23072,-0.26556,0.12289
0.0506,0.23949,-0.26469,0.11082
0.0507,0.24762,-0.26342,0.098609
0.0508,0.25506,-0.26172,0.086316
0.0509,0.26185,-0.25958,0.073972
0.051,0.26802,-0.25702,0.061601
0.0511,0.27366,-0.25406,0.0492
0.0512,0.27885,-0.25071,0.036768
0.0513,0.28369,-0.24703,0.024299
0.0514,0.28826,-0.24307,0.011791
0.0515,0.29266,-0.23887,-0.00076595
0.0516,0.29697,-0.23445,-0.013363
0.0517,0.30121,-0.22985,-0.025993
0.0518,0.30542,-0.22508,-0.038635
0.0519,0.30956,-0.22014,-0.051261
0.052,0.31362,-0.21499,-0.06382
0.0521,0.31753,-0.2096,-0.076252
0.0522,0.32122,-0.20391,-0.088482
0.0523,0.32459,-0.19785,-0.10044
0.0524,0.32756,-0.19133,-0.11203
0.0525,0.33002,-0.18429,-0.12322
0.0526,0.33191,-0.17661,-0.13395
0.0527,0.33317,-0.16825,-0.14422
0.0528,0.33378,-0.15916,-0.15402
0.0529,0.33375,-0.14932,-0.16338
0.053,0.33311,-0.13876,-0.17234
0.0531,0.33193,-0.12753,-0.18094
0.0532,0.33028,-0.1157,-0.18922
0.0533,0.32824,-0.10337,-0.19721
0.0534,0.32591,-0.090636,-0.20496
0.0535,0.32338,-0.077617,-0.21251
0.0536,0.32073,-0.064409,-0.21987
0.0537,0.31804,-0.051111,-0.22707
0.0538,0.31535,-0.037816,-0.2341
0.0539,0.3127,-0.0246,-0.24096
0.054,0.31007,-0.011523,-0.24761
0.0541,0.30743,0.0013622,-0.254
0.0542,0.30471,0.014031,-0.26006
0.0543,0.30183,0.026478,-0.26577
0.0544,0.29866,0.038711,-0.27106
0.0545,0.29511,0.050748,-0.27587
0.0546,0.29106,0.062621,-0.28018
0.0547,0.28644,0.074362,-0.28395
0.0548,0.28119,0.085993,-0.28718
0.0549,0.27526,0.097533,-0.28986
0.055,0.26862,0.10899,-0.29204
0.0551,0.26127,0.12037,-0.29373
0.0552,0.25324,0.13165,-0.29498
0.0553,0.24457,0.1428,-0.29585
0.0554,0.2353,0.1538,-0.29639
0.0555,0.22552,0.16461,-0.29667
0.0556,0.24784,-0.033152,-4.6002
0.0557,0.24599,-0.078719,-5.8139
0.0558,0.23636,-0.094827,-6.3444
0.0559,0.23406,-0.13159,-7.156
0.056,0.23903,-0.14538,-7.4836
0.0561,0.23364,-0.13719,-7.4398
0.0562,0.21996,-0.1594,-8.0152
0.0563,0.22127,-0.21254,-9.1832
0.0564,0.23369,-0.27304,-10.479
0.0565,0.23259,-0.32961,-11.713
0.0566,0.22386,-0.37712,-12.776
0.0567,0.21599,-0.39999,-13.348
0.0568,0.20161,-0.40894,-13.605
0.0569,0.18618,-0.40942,-13.677
0.057,0.17662,-0.40563,-13.627
0.0571,0.16937,-0.41552,-13.894
0.0572,0.15588,-0.45378,-14.791
0.0573,0.1456,-0.50937,-16.083
0.0574,0.14158,-0.56939,-17.457
0.0575,0.13304,-0.61728,-18.589
0.0576,0.11473,-0.63263,-19.002
0.0577,0.096647,-0.61578,-18.713
0.0578,0.081656,-0.59624,-18.34
0.0579,0.068336,-0.57978,-18.034
0.058,0.055723,-0.55391,-17.482
0.0581,0.044741,-0.52612,-16.882
0.0582,0.03454,-0.51604,-16.651
0.0583,0.028726,-0.51414,-16.605
0.0584,0.021703,-0.50611,-16.433
0.0585,0.0060834,-0.49168,-16.192
0.0586,-0.014183,-0.47393,-15.883
0.0587,-0.027306,-0.4463,-15.335
0.0588,-0.038282,-0.41276,-14.643
0.0589,-0.052518,-0.38246,-14.059
0.059,-0.064526,-0.36368,-13.701
0.0591,-0.071042,-0.35666,-13.595
0.0592,-0.083054,-0.35469,-13.612
0.0593,-0.10085,-0.34164,-13.411
0.0594,-0.11764,-0.31368,-12.847
0.0595,-0.13393,-0.27449,-12.049
0.0596,-0.15507,-0.22419,-11.021
0.0597,-0.17357,-0.16174,-9.7312
0.0598,-0.18547,-0.10029,-8.4196
0.0599,-0.19528,-0.04399,-7.215
0.06,-0.20598,0.016494,-5.8949
0.0601,-0.21476,0.072479,-4.6648
0.0602,-0.22339,0.11647,-3.6809
0.0603,-0.23554,0.1559,-2.8135
0.0604,-0.2508,0.20192,-1.7801
0.0605,-0.26538,0.25363,-0.6156
0.0606,-0.27892,0.30327,0.53687
0.0607,-0.28799,0.35311,1.7159
0.0608,-0.2943,0.40155,2.8945
0.0609,-0.30263,0.4408,3.857
0.061,-0.31149,0.47862,4.808
0.0611,-0.32118,0.51805,5.7941
0.0612,-0.33502,0.56286,6.903
0.0613,-0.35248,0.61446,8.1427
0.0614,-0.36999,0.67142,9.5181
0.0615,-0.38469,0.73295,11.002
0.0616,-0.39897,0.79735,12.564
0.0617,-0.41092,0.86528,14.215
0.0618,-0.41864,0.93298,15.893
0.0619,-0.42457,0.99663,17.474
0.062,-0.43303,1.0561,18.949
0.0621,-0.44248,1.1136,20.355
0.0622,-0.45307,1.1663,21.647
0.0623,-0.46609,1.2159,22.848
0.0624,-0.48043,1.2667,24.079
0.0625,-0.4925,1.3186,25.339
0.0626,-0.5044,1.3662,26.518
0.0627,-0.51933,1.4119,27.648
0.0628,-0.54011,1.4596,28.836
0.0629,-0.57151,1.5089,30.05
0.063,-0.62338,1.5589,31.266
0.0631,-0.70364,1.612,32.536
0.0632,-0.82794,1.6704,33.909
0.0633,-1.0041,1.7314,35.3
0.0634,-1.2038,1.7933,36.699
0.0635,-1.3736,1.8571,38.14
0.0636,-1.4925,1.9196,39.573
0.0637,-1.5697,1.9789,40.931
0.0638,-1.6231,2.0332,42.192
0.0639,-1.6743,2.083,43.35
0.064,-1.7399,2.1279,44.392
0.0641,-1.8209,2.1711,45.375
0.0642,-1.9117,2.2134,46.33
0.0643,-2.0055,2.2537,47.236
0.0644,-2.0885,2.2916,48.095
0.0645,-2.1421,2.3263,48.893
0.0646,-2.1519,2.3554,49.59
0.0647,-2.1123,2.3788,50.183
0.0648,-2.0288,2.3979,50.72
0.0649,-1.9232,2.414,51.22
0.065,-1.8224,2.4268,51.674
0.0651,-1.7366,2.4399,52.134
0.0652,-1.6622,2.4553,52.635
0.0653,-1.5895,2.4712,53.13
0.0654,-1.5003,2.4851,53.568
0.0655,-1.3779,2.4962,53.936
0.0656,-1.2234,2.501,54.172
0.0657,-1.0486,2.4965,54.198
0.0658,-0.86737,2.4839,54.042
0.0659,-0.7028,2.4667,53.775
0.066,-0.57524,2.4468,53.428
0.0661,-0.48396,2.4269,53.051
0.0662,-0.41759,2.4096,52.712
0.0663,-0.36657,2.3943,52.405
0.0664,-0.32548,2.3783,52.076
0.0665,-0.28973,2.3599,51.702
0.0666,-0.25699,2.3361,51.257
0.0667,-0.22778,2.3044,50.709
0.0668,-0.20288,2.2636,50.071
0.0669,-0.1809,2.2122,49.376
0.067,-0.16143,2.1443,48.625
0.0671,-0.14484,2.0505,47.84
0.0672,-0.13036,1.914,47.065
0.0673,-0.11629,1.7188,46.291
0.0674,-0.10266,1.4714,45.477
0.0675,-0.089771,1.2091,44.6
0.0676,-0.077432,0.97185,43.622
0.0677,-0.065511,0.77697,42.47
0.0678,-0.054372,0.62459,41.133
0.0679,-0.043371,0.5051,39.67
0.068,-0.031992,0.39826,38.128
0.0681,-0.019994,0.28635,36.552
0.0682,-0.0072594,0.16243,35.006
0.0683,0.0062915,0.025905,33.52
0.0684,0.019853,-0.11932,32.063
0.0685,0.03334,-0.25892,30.603
0.0686,0.047033,-0.37491,29.117
0.0687,0.060814,-0.45358,27.553
0.0688,0.074523,-0.48763,25.875
0.0689,0.089265,-0.48127,24.102
0.069,0.10527,-0.45509,22.276
0.0691,0.12162,-0.43173,20.456
0.0692,0.13787,-0.42322,18.714
0.0693,0.1544,-0.43126,17.087
0.0694,0.17022,-0.44743,15.543
0.0695,0.18448,-0.45016,14.034
0.0696,0.19773,-0.41852,12.517
0.0697,0.21089,-0.3436,10.933
0.0698,0.22392,-0.22365,9.2561
0.0699,0.2374,-0.06516,7.5332
0.07,0.25202,0.10403,5.8309
0.0701,0.2674,0.24669,4.2055
0.0702,0.28255,0.34177,2.7286
0.0703,0.29734,0.39026,1.4513
0.0704,0.3114,0.40415,0.34366
0.0705,0.32424,0.39599,-0.67176
0.0706,0.33591,0.3739,-1.6653
0.0707,0.34699,0.34178,-2.7039
0.0708,0.35739,0.30109,-3.8302
0.0709,0.36699,0.25476,-5.0134
0.071,0.37573,0.20619,-6.1783
0.0711,0.38343,0.15742,-7.2693
0.0712,0.38982,0.1091,-8.2544
0.0713,0.39518,0.061714,-9.1232
0.0714,0.39945,0.014232,-9.9109
0.0715,0.40255,-0.034783,-10.678
0.0716,0.4048,-0.085939,-11.471
0.0717,0.40681,-0.13902,-12.322
0.0718,0.40858,-0.19388,-13.245
0.0719,0.41023,-0.24888,-14.205
0.072,0.41198,-0.30179,-15.136
0.0721,0.41374,-0.35118,-15.989
0.0722,0.41515,-0.39663,-16.738
0.0723,0.41642,-0.43771,-17.367
0.0724,0.41756,-0.47547,-17.907
0.0725,0.41822,-0.51171,-18.418
0.0726,0.41827,-0.5471,-18.938
0.0727,0.41794,-0.5809,-19.478
0.0728,0.41681,-0.61293,-20.043
0.0729,0.41454,-0.64298,-20.614
0.073,0.41118,-0.67067,-21.155
0.0731,0.40671,-0.69636,-21.648
0.0732,0.40054,-0.72141,-22.099
0.0733,0.39255,-0.74626,-22.51
0.0734,0.38293,-0.77097,-22.888
0.0735,0.37147,-0.79565,-23.256
0.0736,0.35882,-0.81966,-23.618
0.0737,0.34526,-0.84147,-23.953
0.0738,0.33128,-0.86013,-24.241
0.0739,0.31716,-0.87483,-24.463
0.074,0.30311,-0.88519,-24.596
0.0741,0.2895,-0.89125,-24.633
0.0742,0.27616,-0.89405,-24.593
0.0743,0.26303,-0.89439,-24.502
0.0744,0.25004,-0.89289,-24.382
0.0745,0.23722,-0.88955,-24.25
0.0746,0.2243,-0.884,-24.108
0.0747,0.21133,-0.87526,-23.937
0.0748,0.19835,-0.86309,-23.718
0.0749,0.18554,-0.84793,-23.443
0.075,0.1729,-0.83064,-23.11
0.0751,0.16041,-0.81168,-22.722
0.0752,0.14765,-0.79192,-22.301
0.0753,0.13441,-0.77169,-21.864
0.0754,0.12048,-0.75084,-21.417
0.0755,0.10566,-0.72863,-20.96
0.0756,0.089758,-0.70453,-20.48
0.0757,0.073131,-0.67758,-19.947
0.0758,0.056176,-0.64718,-19.334
0.0759,0.039258,-0.61313,-18.629
0.076,0.022744,-0.57574,-17.829
0.0761,0.0072106,-0.53528,-16.942
0.0762,-0.0073122,-0.49247,-15.996
0.0763,-0.020993,-0.44778,-15.019
0.0764,-0.034,-0.40146,-14.029
0.0765,-0.046458,-0.35351,-13.033
0.0766,-0.058835,-0.3044,-12.035
0.0767,-0.071255,-0.25442,-11.026
0.0768,-0.083608,-0.20399,-9.9935
0.0769,-0.095811,-0.15356,-8.9343
0.077,-0.10804,-0.10356,-7.8472
0.0771,-0.1202,-0.053775,-6.7309
0.0772,-0.13234,-0.0040393,-5.5908
0.0773,-0.14458,0.04584,-4.4348
0.0774,-0.15716,0.096083,-3.2628
0.0775,-0.17002,0.14711,-2.07
0.0776,-0.18321,0.19886,-0.85288
0.0777,-0.19661,0.25125,0.39464
0.0778,-0.21007,0.30411,1.679
0.0779,-0.22335,0.35727,2.9982
0.078,-0.23635,0.41046,4.3442
0.0781,-0.24889,0.46383,5.71
0.0782,-0.26098,0.51764,7.087
0.0783,-0.27258,0.57223,8.4663
0.0784,-0.28371,0.62781,9.8443
0.0785,-0.29422,0.68444,11.22
0.0786,-0.30418,0.74163,12.59
0.0787,-0.31354,0.79884,13.948
0.0788,-0.32219,0.85541,15.293
0.0789,-0.33079,0.91147,16.619
0.079,-0.33953,0.96665,17.918
0.0791,-0.34882,1.0214,19.191
0.0792,-0.35917,1.076,20.439
0.0793,-0.37114,1.1307,21.667
0.0794,-0.38524,1.1856,22.882
0.0795,-0.40198,1.2405,24.088
0.0796,-0.42244,1.2949,25.291
0.0797,-0.44857,1.3485,26.491
0.0798,-0.4838,1.4011,27.683
0.0799,-0.53403,1.4528,28.857
0.08,-0.60869,1.5039,30.004
0.0801,-0.71779,1.5553,31.123
0.0802,-0.85943,1.6077,32.213
0.0803,-1.0082,1.6614,33.267
0.0804,-1.1325,1.715,34.267
0.0805,-1.219,1.7668,35.193
0.0806,-1.2747,1.816,36.035
0.0807,-1.315,1.8621,36.789
0.0808,-1.3544,1.9053,37.462
0.0809,-1.3999,1.9468,38.067
0.081,-1.4498,1.9879,38.611
0.0811,-1.4955,2.0287,39.085
0.0812,-1.5251,2.0678,39.466
0.0813,-1.5261,2.1037,39.725
0.0814,-1.49,2.1347,39.837
0.0815,-1.4172,2.1595,39.787
0.0816,-1.3176,2.1775,39.578
0.0817,-1.2072,2.1895,39.232
0.0818,-1.1035,2.1972,38.783
0.0819,-1.0174,2.2031,38.266
0.082,-0.94954,2.2092,37.705
0.0821,-0.89064,2.2162,37.097
0.0822,-0.82787,2.223,36.417
0.0823,-0.7504,2.2276,35.63
0.0824,-0.6557,2.2275,34.71
0.0825,-0.55191,2.2217,33.655
0.0826,-0.45288,2.2108,32.49
0.0827,-0.36855,2.1967,31.261
0.0828,-0.30188,2.1819,30.02
0.0829,-0.25101,2.1686,28.81
0.083,-0.21255,2.1576,27.647
0.0831,-0.18263,2.1477,26.524
0.0832,-0.158,2.1362,25.415
0.0833,-0.13616,2.12,24.291
0.0834,-0.11576,2.0963,23.135
0.0835,-0.095871,2.0627,21.947
0.0836,-0.076204,2.0178,20.752
0.0837,-0.056918,1.9598,19.584
0.0838,-0.038603,1.8849,18.48
0.0839,-0.021641,1.7831,17.463
0.084,-0.0063857,1.6386,16.539
0.0841,0.0073135,1.4418,15.699
0.0842,0.019901,1.207,14.923
0.0843,0.032149,0.97039,14.177
0.0844,0.044621,0.76811,13.427
0.0845,0.057752,0.61488,12.648
0.0846,0.071468,0.50447,11.833
0.0847,0.085486,0.42003,10.995
0.0848,0.09913,0.34092,10.168
0.0849,0.11187,0.24964,9.3875
0.085,0.12345,0.13735,8.6711
0.0851,0.13422,0.0042857,8.0103
0.0852,0.14458,-0.14162,7.3775
0.0853,0.15503,-0.28379,6.7373
0.0854,0.16596,-0.39981,6.056
0.0855,0.17794,-0.46997,5.3104
0.0856,0.19124,-0.48592,4.4967
0.0857,0.20585,-0.45509,3.6341
0.0858,0.2213,-0.39936,2.7599
0.0859,0.23715,-0.34421,1.9177
0.086,0.25286,-0.30533,1.1425
0.0861,0.26828,-0.28379,0.44359
0.0862,0.28346,-0.26952,-0.20374
0.0863,0.2988,-0.24621,-0.84909
0.0864,0.31448,-0.19837,-1.5479
0.0865,0.33053,-0.11931,-2.3413
0.0866,0.34661,-0.015266,-3.2383
0.0867,0.36225,0.094786,-4.2066
0.0868,0.37684,0.18461,-5.1825
0.0869,0.39005,0.23612,-6.0996
0.087,0.40192,0.25104,-6.917
0.0871,0.41272,0.24203,-7.6299
0.0872,0.4226,0.21899,-8.2664
0.0873,0.43189,0.18678,-8.8789
0.0874,0.44082,0.14747,-9.525
0.0875,0.44941,0.10258,-10.242
0.0876,0.45719,0.053748,-11.028
0.0877,0.46375,0.0030108,-11.851
0.0878,0.46889,-0.047656,-12.666
0.0879,0.47293,-0.097146,-13.43
0.088,0.47635,-0.14563,-14.12
0.0881,0.47984,-0.19393,-14.738
0.0882,0.48386,-0.24303,-15.315
0.0883,0.48866,-0.29369,-15.894
0.0884,0.494,-0.346,-16.517
0.0885,0.49942,-0.39912,-17.204
0.0886,0.50427,-0.4519,-17.949
0.0887,0.50819,-0.50314,-18.725
0.0888,0.511,-0.5517,-19.49
0.0889,0.51288,-0.59682,-20.21
0.089,0.51411,-0.63856,-20.866
0.0891,0.51491,-0.67744,-21.457
0.0892,0.51521,-0.71409,-21.997
0.0893,0.51484,-0.74905,-22.509
0.0894,0.51338,-0.78239,-23.013
0.0895,0.51042,-0.81348,-23.512
0.0896,0.50565,-0.84171,-24
0.0897,0.4992,-0.86715,-24.464
0.0898,0.49137,-0.89043,-24.896
0.0899,0.48256,-0.91251,-25.29
0.09,0.47297,-0.93451,-25.645
0.0901,0.46273,-0.95705,-25.971
0.0902,0.45171,-0.97992,-26.277
0.0903,0.43974,-1.0022,-26.568
0.0904,0.42669,-1.0229,-26.84
0.0905,0.41266,-1.0408,-27.081
0.0906,0.39797,-1.0551,-27.275
0.0907,0.38312,-1.0657,-27.409
0.0908,0.36855,-1.0725,-27.477
0.0909,0.35458,-1.076,-27.481
0.091,0.34118,-1.0766,-27.432
0.0911,0.32815,-1.0748,-27.344
0.0912,0.31503,-1.0707,-27.226
0.0913,0.30136,-1.0635,-27.078
0.0914,0.28672,-1.053,-26.898
0.0915,0.27104,-1.0387,-26.672
0.0916,0.25454,-1.0208,-26.389
0.0917,0.23776,-1.0003,-26.045
0.0918,0.22131,-0.97824,-25.643
0.0919,0.20569,-0.95562,-25.19
0.092,0.19095,-0.93274,-24.698
0.0921,0.17692,-0.9095,-24.179
0.0922,0.16307,-0.88533,-23.641
0.0923,0.14893,-0.85934,-23.08
0.0924,0.13413,-0.8309,-22.487
0.0925,0.11876,-0.79971,-21.85
0.0926,0.1031,-0.76559,-21.154
0.0927,0.087625,-0.72854,-20.392
0.0928,0.072742,-0.68871,-19.56
0.0929,0.058722,-0.64625,-18.667
0.093,0.045511,-0.60125,-17.723
0.0931,0.032852,-0.55381,-16.74
0.0932,0.020287,-0.50404,-15.731
0.0933,0.0073838,-0.45223,-14.703
0.0934,-0.0061703,-0.39907,-13.66
0.0935,-0.020354,-0.34547,-12.601
0.0936,-0.034954,-0.29222,-11.524
0.0937,-0.049619,-0.23989,-10.424
0.0938,-0.064017,-0.18867,-9.299
0.0939,-0.077941,-0.13822,-8.1453
0.094,-0.091454,-0.087904,-6.9618
0.0941,-0.10471,-0.037276,-5.7496
0.0942,-0.11785,0.013884,-4.5106
0.0943,-0.13092,0.06561,-3.2465
0.0944,-0.14383,0.11761,-1.9594
0.0945,-0.15637,0.16943,-0.6516
0.0946,-0.16831,0.22079,0.67464
0.0947,-0.17955,0.27178,2.0174
0.0948,-0.19015,0.32266,3.3743
0.0949,-0.20026,0.37395,4.7431
0.095,-0.21018,0.42638,6.1214
0.0951,-0.22018,0.48051,7.5063
0.0952,-0.23045,0.53652,8.8938
0.0953,-0.24096,0.59411,10.279
0.0954,-0.25158,0.6526,11.656
0.0955,-0.26203,0.71106,13.02
0.0956,-0.27215,0.76873,14.367
0.0957,-0.28189,0.82532,15.694
0.0958,-0.29152,0.88093,17.001
0.0959,-0.30141,0.93594,18.29
0.096,-0.31205,0.99074,19.563
0.0961,-0.32386,1.0455,20.824
0.0962,-0.3372,1.1,22.073
0.0963,-0.35245,1.1538,23.313
0.0964,-0.37034,1.2066,24.544
0.0965,-0.39227,1.2578,25.762
0.0966,-0.42097,1.3074,26.966
0.0967,-0.46131,1.3559,28.149
0.0968,-0.52126,1.4039,29.311
0.0969,-0.61036,1.4526,30.451
0.097,-0.73039,1.5028,31.571
0.0971,-0.86035,1.5547,32.661
0.0972,-0.96498,1.6067,33.7
0.0973,-1.0245,1.6569,34.663
0.0974,-1.0436,1.7038,35.531
0.0975,-1.039,1.7468,36.304
0.0976,-1.0282,1.7861,36.995
0.0977,-1.0233,1.8233,37.624
0.0978,-1.0281,1.86,38.212
0.0979,-1.0387,1.8967,38.76
0.098,-1.0471,1.9323,39.248
0.0981,-1.0431,1.965,39.645
0.0982,-1.016,1.9929,39.917
0.0983,-0.96079,2.0143,40.043
0.0984,-0.88183,2.0285,40.015
0.0985,-0.79117,2.0363,39.852
0.0986,-0.70304,2.0395,39.588
0.0987,-0.62715,2.0409,39.265
0.0988,-0.56529,2.043,38.909
0.0989,-0.5132,2.0472,38.524
0.099,-0.46465,2.0526,38.082
0.0991,-0.41457,2.0569,37.54
0.0992,-0.36114,2.0578,36.861
0.0993,-0.30625,2.0536,36.031
0.0994,-0.25369,2.0441,35.059
0.0995,-0.20666,2.0306,33.979
0.0996,-0.16689,2.0153,32.84
0.0997,-0.13468,2.0005,31.689
0.0998,-0.10921,1.9873,30.556
0.0999,-0.08878,1.9752,29.445
0.1,-0.071397,1.9616,28.341
0.1001,-0.05536,1.9435,27.218
0.1002,-0.03946,1.9175,26.049
0.1003,-0.022816,1.8808,24.826
0.1004,-0.0050883,1.8309,23.563
0.1005,0.013387,1.766,22.289
0.1006,0.031896,1.6823,21.042
0.1007,0.049726,1.5732,19.851
0.1008,0.066242,1.4307,18.73
0.1009,0.081176,1.2539,17.68
0.101,0.094805,1.0527,16.688
0.1011,0.1077,0.84625,15.733
0.1012,0.12035,0.65695,14.789
0.1013,0.13313,0.50022,13.835
0.1014,0.14613,0.37936,12.86
0.1015,0.15912,0.28771,11.87
0.1016,0.17161,0.2125,10.883
0.1017,0.18324,0.14013,9.9263
0.1018,0.19398,0.060769,9.0146
0.1019,0.204,-0.030387,8.1468
0.102,0.21362,-0.13255,7.31
0.1021,0.2233,-0.23742,6.4845
0.1022,0.23352,-0.32966,5.6496
0.1023,0.2448,-0.39219,4.7897
0.1024,0.25754,-0.41268,3.8988
0.1025,0.27183,-0.38913,2.9801
0.1026,0.28745,-0.33213,2.0473
0.1027,0.30401,-0.25984,1.122
0.1028,0.32109,-0.18837,0.22644
0.1029,0.33834,-0.12625,-0.62675
0.103,0.35558,-0.074703,-1.4427
0.1031,0.3727,-0.030113,-2.2444
0.1032,0.38951,0.012388,-3.0628
0.1033,0.40566,0.054778,-3.9226
0.1034,0.42074,0.09421,-4.8304
0.1035,0.43435,0.12383,-5.7709
0.1036,0.44619,0.13688,-6.713
0.1037,0.45629,0.13196,-7.6237
0.1038,0.46495,0.11269,-8.4805
0.1039,0.47252,0.083679,-9.2756
0.104,0.47936,0.048182,-10.017
0.1041,0.48582,0.0077916,-10.727
0.1042,0.49213,-0.036714,-11.435
0.1043,0.49828,-0.084536,-12.164
0.1044,0.50412,-0.1347,-12.925
0.1045,0.50953,-0.18609,-13.713
0.1046,0.51446,-0.23763,-14.511
0.1047,0.51908,-0.2887,-15.296
0.1048,0.52371,-0.33949,-16.051
0.1049,0.52873,-0.39052,-16.772
0.105,0.5343,-0.44208,-17.466
0.1051,0.54036,-0.49416,-18.151
0.1052,0.5466,-0.54626,-18.844
0.1053,0.55255,-0.5974,-19.555
0.1054,0.55771,-0.64657,-20.285
0.1055,0.56183,-0.6931,-21.025
0.1056,0.56483,-0.73658,-21.759
0.1057,0.56683,-0.77683,-22.47
0.1058,0.568,-0.81417,-23.144
0.1059,0.56849,-0.84921,-23.774
0.106,0.56817,-0.88255,-24.361
0.1061,0.56663,-0.91458,-24.913
0.1062,0.56329,-0.94536,-25.437
0.1063,0.55769,-0.9745,-25.935
0.1064,0.54978,-1.0015,-26.406
0.1065,0.53997,-1.0262,-26.847
0.1066,0.52887,-1.049,-27.255
0.1067,0.51705,-1.0705,-27.628
0.1068,0.5049,-1.0914,-27.967
0.1069,0.49252,-1.1121,-28.278
0.107,0.47978,-1.1321,-28.561
0.1071,0.46648,-1.1507,-28.817
0.1072,0.45244,-1.167,-29.043
0.1073,0.43768,-1.1804,-29.232
0.1074,0.42239,-1.1902,-29.375
0.1075,0.40692,-1.1962,-29.465
0.1076,0.39159,-1.1986,-29.498
0.1077,0.37655,-1.1976,-29.475
0.1078,0.36177,-1.1937,-29.4
0.1079,0.34706,-1.1873,-29.282
0.108,0.33209,-1.1786,-29.127
0.1081,0.31649,-1.1672,-28.938
0.1082,0.30002,-1.1529,-28.71
0.1083,0.2827,-1.1355,-28.437
0.1084,0.26478,-1.1153,-28.112
0.1085,0.24676,-1.0928,-27.729
0.1086,0.22925,-1.0688,-27.287
0.1087,0.21278,-1.0441,-26.79
0.1088,0.19753,-1.0188,-26.243
0.1089,0.18341,-0.99248,-25.653
0.109,0.17005,-0.9647,-25.028
0.1091,0.15698,-0.93473,-24.371
0.1092,0.14377,-0.90206,-23.683
0.1093,0.13021,-0.86644,-22.958
0.1094,0.11628,-0.82778,-22.192
0.1095,0.10208,-0.78614,-21.379
0.1096,0.087796,-0.74178,-20.516
0.1097,0.073595,-0.69499,-19.605
0.1098,0.059541,-0.64595,-18.65
0.1099,0.045584,-0.59483,-17.657
0.11,0.031579,-0.54185,-16.633
0.1101,0.01734,-0.48737,-15.581
0.1102,0.0027446,-0.43212,-14.507
0.1103,-0.012191,-0.37709,-13.41
0.1104,-0.027341,-0.3231,-12.29
0.1105,-0.042459,-0.27059,-11.145
0.1106,-0.057269,-0.21956,-9.9714
0.1107,-0.071583,-0.16959,-8.767
0.1108,-0.085338,-0.12003,-7.5311
0.1109,-0.098547,-0.070345,-6.2651
0.111,-0.11122,-0.020226,-4.9719
0.1111,-0.12336,0.03041,-3.6552
0.1112,-0.13491,0.08143,-2.3189
0.1113,-0.14582,0.13253,-0.96738
0.1114,-0.15241,0.16066,-0.067678
0.1115,-0.15172,0.14619,-0.049772
0.1116,-0.15142,0.1325,-0.031924
0.1117,-0.15164,0.11867,-0.01634
0.1118,-0.1503,0.10392,-0.0054567
0.1119,-0.14658,0.089339,0.0022188
0.112,-0.14399,0.076328,0.0082495
0.1121,-0.14333,0.064493,0.012753
0.1122,-0.14037,0.052163,0.012577
0.1123,-0.13404,0.03857,0.0084286
0.1124,-0.12794,0.024341,0.003813
0.1125,-0.12325,0.010177,0.0017213
0.1126,-0.11883,-0.0039725,0.0012442
0.1127,-0.11468,-0.018483,0.0020982
0.1128,-0.11007,-0.033305,0.0035634
0.1129,-0.10416,-0.048066,0.0052653
0.113,-0.098463,-0.062084,0.0073752
0.1131,-0.094464,-0.075324,0.011199
0.1132,-0.090412,-0.08817,0.015578
0.1133,-0.084919,-0.10088,0.019875
0.1134,-0.079369,-0.11328,0.024967
0.1135,-0.074965,-0.12543,0.031878
0.1136,-0.070636,-0.13706,0.038824
0.1137,-0.065541,-0.14785,0.044728
0.1138,-0.059294,-0.15778,0.049365
0.1139,-0.051622,-0.1672,0.052748
0.114,-0.04275,-0.17581,0.054051
0.1141,-0.032689,-0.18385,0.052978
0.1142,-0.019958,-0.1921,0.048586
0.1143,-0.0048661,-0.20091,0.041537
0.1144,0.0098137,-0.2095,0.033862
0.1145,0.022959,-0.2177,0.026844
0.1146,0.036586,-0.22582,0.01914
0.1147,0.051211,-0.2339,0.010722
0.1148,0.06556,-0.2415,0.0028295
0.1149,0.079395,-0.24878,-0.0038367
0.115,0.093135,-0.25576,-0.0095666
0.1151,0.1059,-0.26257,-0.013399
0.1152,0.11773,-0.2695,-0.015314
0.1153,0.12955,-0.27684,-0.016271
0.1154,0.14097,-0.28402,-0.016711
0.1155,0.15085,-0.29057,-0.01609
0.1156,0.16013,-0.29628,-0.015581
0.1157,0.16992,-0.301,-0.016444
0.1158,0.17997,-0.30449,-0.01878
0.1159,0.19021,-0.30714,-0.022291
0.116,0.20156,-0.30922,-0.027788
0.1161,0.2139,-0.31084,-0.035187
0.1162,0.22669,-0.31219,-0.043884
0.1163,0.23967,-0.31366,-0.053409
0.1164,0.25238,-0.31492,-0.063697
0.1165,0.26432,-0.31572,-0.074467
0.1166,0.27642,-0.31617,-0.086389
0.1167,0.28924,-0.31641,-0.099644
0.1168,0.30168,-0.31606,-0.11322
0.1169,0.31286,-0.31524,-0.12594
0.117,0.32348,-0.31432,-0.13798
0.1171,0.33356,-0.3136,-0.14904
0.1172,0.34243,-0.31304,-0.15848
0.1173,0.35011,-0.3127,-0.1663
0.1174,0.35686,-0.31227,-0.17312
0.1175,0.3621,-0.31142,-0.17878
0.1176,0.3661,-0.31006,-0.18372
0.1177,0.36995,-0.30828,-0.18902
0.1178,0.37399,-0.30587,-0.19527
0.1179,0.378,-0.3029,-0.20223
0.118,0.38255,-0.29955,-0.21036
0.1181,0.38779,-0.29577,-0.21988
0.1182,0.39314,-0.29137,-0.23038
0.1183,0.39849,-0.28652,-0.24163
0.1184,0.40439,-0.28122,-0.25416
0.1185,0.41054,-0.27533,-0.26779
0.1186,0.41666,-0.26887,-0.28211
0.1187,0.42284,-0.26225,-0.29674
0.1188,0.42862,-0.25547,-0.31106
0.1189,0.43308,-0.24861,-0.324
0.119,0.4366,-0.24193,-0.33551
0.1191,0.43971,-0.23556,-0.34583
0.1192,0.44179,-0.22905,-0.35462
0.1193,0.44226,-0.22202,-0.36151
0.1194,0.44172,-0.21415,-0.3672
0.1195,0.44038,-0.20522,-0.37203
0.1196,0.43806,-0.19506,-0.37599
0.1197,0.4352,-0.18395,-0.37941
0.1198,0.43237,-0.17213,-0.38291
0.1199,0.42922,-0.15979,-0.38626
0.12,0.42563,-0.14712,-0.38942
0.1201,0.4221,-0.13425,-0.39294
0.1202,0.41889,-0.12104,-0.39733
0.1203,0.41598,-0.10742,-0.4027
0.1204,0.41388,-0.093383,-0.40948
0.1205,0.41272,-0.078893,-0.41781
0.1206,0.412,-0.063952,-0.42711
0.1207,0.41142,-0.048907,-0.43666
0.1208,0.41091,-0.034064,-0.44604
0.1209,0.40996,-0.019609,-0.45456
0.121,0.40826,-0.0057308,-0.46171
0.1211,0.40585,0.0073686,-0.46739
0.1212,0.40239,0.019851,-0.47142
0.1213,0.39732,0.0319,-0.47347
0.1214,0.39101,0.043535,-0.47392
0.1215,0.38395,0.054758,-0.47335
0.1216,0.37599,0.065764,-0.47187
0.1217,0.36699,0.076593,-0.46949
0.1218,0.35734,0.087271,-0.46672
0.1219,0.34695,0.09793,-0.46374
0.122,0.33565,0.10871,-0.46055
0.1221,0.32395,0.11954,-0.45764
0.1222,0.31248,0.13049,-0.45571
0.1223,0.30121,0.14162,-0.45482
0.1224,0.29022,0.15284,-0.45491
0.1225,0.27982,0.16395,-0.45607
