0.05,0.84826,-1.3753,0.50436
0.0501,0.88934,-1.3658,0.45614
0.0502,0.92917,-1.3543,0.40744
0.0503,0.96767,-1.341,0.35833
0.0504,1.0048,-1.3258,0.30888
0.0505,1.0404,-1.3087,0.25914
0.0506,1.0746,-1.2898,0.20914
0.0507,1.1073,-1.2691,0.15891
0.0508,1.1384,-1.2466,0.10847
0.0509,1.1679,-1.2224,0.057812
0.051,1.1958,-1.1964,0.006962
0.0511,1.2221,-1.1688,-0.044038
0.0512,1.2468,-1.1395,-0.095148
0.0513,1.2698,-1.1087,-0.14632
0.0514,1.291,-1.0763,-0.19747
0.0515,1.3105,-1.0425,-0.24853
0.0516,1.3281,-1.0073,-0.2994
0.0517,1.3438,-0.97079,-0.34999
0.0518,1.3576,-0.93304,-0.40016
0.0519,1.3693,-0.8941,-0.44982
0.052,1.3788,-0.85405,-0.49886
0.0521,1.3862,-0.81294,-0.54715
0.0522,1.3914,-0.77082,-0.59462
0.0523,1.3943,-0.72773,-0.64116
0.0524,1.3949,-0.68373,-0.68671
0.0525,1.3932,-0.63886,-0.73121
0.0526,1.3892,-0.59315,-0.77461
0.0527,1.3831,-0.54664,-0.81688
0.0528,1.3747,-0.49938,-0.858
0.0529,1.3643,-0.45141,-0.89795
0.053,1.3518,-0.40278,-0.93673
0.0531,1.3374,-0.35355,-0.97433
0.0532,1.3211,-0.30379,-1.0107
0.0533,1.303,-0.25355,-1.0459
0.0534,1.2831,-0.20292,-1.0798
0.0535,1.2617,-0.15198,-1.1125
0.0536,1.2386,-0.1008,-1.1437
0.0537,1.2139,-0.049442,-1.1736
0.0538,1.1878,0.002012,-1.2019
0.0539,1.1601,0.053474,-1.2286
0.054,1.1309,0.10486,-1.2536
0.0541,1.1002,0.1561,-1.2768
0.0542,1.0681,0.2071,-1.2981
0.0543,1.0344,0.2578,-1.3174
0.0544,0.99935,0.30814,-1.3346
0.0545,0.96284,0.35804,-1.3496
0.0546,0.92493,0.40746,-1.3624
0.0547,0.88567,0.45633,-1.373
0.0548,0.84513,0.5046,-1.3813
0.0549,0.80338,0.55222,-1.3874
0.055,0.76048,0.59913,-1.3913
0.0551,0.71654,0.64529,-1.3929
0.0552,0.67166,0.69062,-1.3925
0.0553,0.62592,0.73508,-1.39
0.0554,0.57942,0.77861,-1.3855
0.0555,0.53226,0.82112,-1.379
0.0556,0.4845,0.86258,-1.3706
0.0557,0.43621,0.9029,-1.3603
0.0558,0.38747,0.94202,-1.3482
0.0559,0.3383,0.97988,-1.3343
0.056,0.28876,1.0164,-1.3185
0.0561,0.23887,1.0516,-1.3009
0.0562,0.18866,1.0853,-1.2814
0.0563,0.13816,1.1175,-1.2602
0.0564,0.087392,1.1481,-1.2371
0.0565,0.036368,1.1771,-1.2122
0.0566,-0.014865,1.2045,-1.1855
0.0567,-0.066246,1.2301,-1.1571
0.0568,-0.1177,1.254,-1.127
0.0569,-0.16915,1.2762,-1.0953
0.057,-0.2205,1.2964,-1.062
0.0571,-0.27164,1.3148,-1.0273
0.0572,-0.32246,1.3313,-0.99127
0.0573,-0.37286,1.3457,-0.95396
0.0574,-0.42272,1.3582,-0.91548
0.0575,-0.47195,1.3686,-0.8759
0.0576,-0.52045,1.3769,-0.83531
0.0577,-0.56814,1.3831,-0.79374
0.0578,-0.61496,1.3872,-0.75127
0.0579,-0.66083,1.389,-0.70791
0.058,-0.70572,1.3888,-0.66369
0.0581,-0.74959,1.3863,-0.61865
0.0582,-0.79241,1.3818,-0.5728
0.0583,-0.83417,1.3751,-0.52614
0.0584,-0.87484,1.3663,-0.47872
0.0585,-0.9144,1.3554,-0.43055
0.0586,-0.95283,1.3425,-0.38168
0.0587,-0.9901,1.3277,-0.33215
0.0588,-1.0262,1.311,-0.28204
0.0589,-1.061,1.2924,-0.23143
0.059,-1.0945,1.2721,-0.18039
0.0591,-1.1266,1.25,-0.12904
0.0592,-1.1572,1.2262,-0.077466
0.0593,-1.1863,1.2008,-0.025756
0.0594,-1.2137,1.1738,0.025978
0.0595,-1.2394,1.1453,0.077627
0.0596,-1.2633,1.1153,0.12909
0.0597,-1.2852,1.0839,0.1803
0.0598,-1.3052,1.051,0.23115
0.0599,-1.3231,1.0166,0.2816
0.06,-1.3389,0.98096,0.33158
0.0601,-1.3526,0.94394,0.38106
0.0602,-1.3642,0.90561,0.42999
0.0603,-1.3736,0.86603,0.47835
0.0604,-1.3808,0.82525,0.5261
0.0605,-1.3859,0.7833,0.57322
0.0606,-1.3889,0.74027,0.61967
0.0607,-1.3899,0.69621,0.66541
0.0608,-1.3887,0.65119,0.71039
0.0609,-1.3856,0.60529,0.75455
0.061,-1.3805,0.5586,0.79781
0.0611,-1.2728,0.28163,0.96897
0.0612,-1.2054,0.10758,1.0778
0.0613,-1.1421,-0.043838,1.1682
0.0614,-1.0781,-0.17866,1.2415
0.0615,-1.0124,-0.30013,1.2997
0.0616,-0.94957,-0.40799,1.3474
0.0617,-0.89063,-0.50325,1.3864
0.0618,-0.82917,-0.5924,1.4168
0.0619,-0.76292,-0.67809,1.4389
0.062,-0.6974,-0.75775,1.4558
0.0621,-0.63466,-0.83069,1.4686
0.0622,-0.57377,-0.89896,1.4786
0.0623,-0.51404,-0.96241,1.4849
0.0624,-0.45413,-1.0206,1.4855
0.0625,-0.39287,-1.0741,1.48
0.0626,-0.33251,-1.1228,1.4703
0.0627,-0.2748,-1.1659,1.4574
0.0628,-0.21717,-1.206,1.4414
0.0629,-0.15713,-1.2456,1.4223
0.063,-0.096562,-1.2842,1.4013
0.0631,-0.037619,-1.3204,1.3792
0.0632,0.020463,-1.355,1.3562
0.0633,0.079154,-1.3886,1.3312
0.0634,0.13873,-1.4201,1.3029
0.0635,0.19887,-1.4477,1.2697
0.0636,0.25819,-1.4701,1.2318
0.0637,0.31612,-1.4869,1.1893
0.0638,0.37449,-1.5003,1.1427
0.0639,0.43396,-1.5123,1.0933
0.064,0.49158,-1.5226,1.0437
0.0641,0.54603,-1.5309,0.9952
0.0642,0.59988,-1.54,0.94792
0.0643,0.65453,-1.5504,0.90111
0.0644,0.70844,-1.56,0.8541
0.0645,0.76115,-1.5674,0.80607
0.0646,0.81287,-1.5729,0.75707
0.0647,0.86247,-1.5749,0.70655
0.0648,0.90961,-1.572,0.65369
0.0649,0.95562,-1.5654,0.59827
0.065,0.99996,-1.556,0.54176
0.0651,1.041,-1.5428,0.48494
0.0652,1.0799,-1.5272,0.42797
0.0653,1.1187,-1.511,0.37076
0.0654,1.1572,-1.4942,0.31335
0.0655,1.1948,-1.4752,0.25492
0.0656,1.2318,-1.4543,0.19543
0.0657,1.2681,-1.4317,0.13527
0.0658,1.3029,-1.4069,0.074717
0.0659,1.3358,-1.3792,0.013478
0.066,1.3663,-1.3486,-0.047778
0.0661,1.3935,-1.3148,-0.10876
0.0662,1.4185,-1.2782,-0.16975
0.0663,1.4425,-1.2401,-0.23092
0.0664,1.4647,-1.2007,-0.29118
0.0665,1.484,-1.1598,-0.34989
0.0666,1.5013,-1.1183,-0.40682
0.0667,1.5169,-1.0769,-0.4619
0.0668,1.53,-1.0348,-0.51494
0.0669,1.5405,-0.99154,-0.56629
0.067,1.5486,-0.94733,-0.61611
0.0671,1.5537,-0.90104,-0.66492
0.0672,1.5559,-0.85173,-0.7136
0.0673,1.5563,-0.79965,-0.76326
0.0674,1.5553,-0.74508,-0.81392
0.0675,1.5522,-0.68764,-0.86522
0.0676,1.547,-0.62843,-0.9163
0.0677,1.5405,-0.5692,-0.96613
0.0678,1.5322,-0.51047,-1.0137
0.0679,1.5216,-0.45214,-1.0587
0.068,1.5094,-0.39482,-1.1013
0.0681,1.4956,-0.33832,-1.1417
0.0682,1.4797,-0.28168,-1.1804
0.0683,1.4621,-0.2245,-1.2181
0.0684,1.4424,-0.16671,-1.2546
0.0685,1.4195,-0.10744,-1.2898
0.0686,1.3936,-0.046778,-1.3236
0.0687,1.3654,0.013945,-1.3555
0.0688,1.3345,0.074017,-1.3846
0.0689,1.3005,0.13358,-1.4103
0.069,1.264,0.19185,-1.4327
0.0691,1.226,0.24825,-1.4519
0.0692,1.1862,0.30357,-1.4687
0.0693,1.1449,0.35872,-1.4841
0.0694,1.1027,0.41358,-1.4985
0.0695,1.0591,0.4686,-1.5119
0.0696,1.0133,0.52449,-1.5243
0.0697,0.96586,0.58097,-1.5358
0.0698,0.91712,0.63727,-1.546
0.0699,0.86691,0.69327,-1.5545
0.07,0.81554,0.74847,-1.5613
0.0701,0.76373,0.80186,-1.5659
0.0702,0.71142,0.85294,-1.5677
0.0703,0.65842,0.90182,-1.5667
0.0704,0.60491,0.94836,-1.5627
0.0705,0.5507,0.99271,-1.5558
0.0706,0.49531,1.0354,-1.5458
0.0707,0.43885,1.0765,-1.5331
0.0708,0.38133,1.1162,-1.5178
0.0709,0.32232,1.1552,-1.5
0.071,0.2621,1.1936,-1.4802
0.0711,0.20167,1.231,-1.4589
0.0712,0.14119,1.267,-1.4359
0.0713,0.080476,1.3018,-1.4112
0.0714,0.019982,1.3346,-1.3843
0.0715,-0.039962,1.3647,-1.355
0.0716,-0.09977,1.3924,-1.323
0.0717,-0.15928,1.418,-1.2889
0.0718,-0.21788,1.4413,-1.253
0.0719,-0.27566,1.4627,-1.2157
0.072,-0.33301,1.483,-1.1775
0.0721,-0.38959,1.5021,-1.1386
0.0722,-0.44523,1.5197,-1.0988
0.0723,-0.50035,1.5358,-1.0579
0.0724,-0.55498,1.5501,-1.0154
0.0725,-0.60873,1.5616,-0.97085
0.0726,-0.66179,1.5697,-0.9234
0.0727,-0.71436,1.5746,-0.87302
0.0728,-0.76609,1.576,-0.81997
0.0729,-0.81675,1.5743,-0.76474
0.073,-0.86651,1.5702,-0.70803
0.0731,-0.91517,1.5645,-0.65077
0.0732,-0.96256,1.5573,-0.59339
0.0733,-1.009,1.549,-0.53597
0.0734,-1.0547,1.5398,-0.47853
0.0735,-1.0992,1.5293,-0.42115
0.0736,-1.1422,1.517,-0.36361
0.0737,-1.1836,1.5027,-0.30581
0.0738,-1.2229,1.4858,-0.24779
0.0739,-1.2598,1.4661,-0.18957
0.074,-1.2943,1.4435,-0.13113
0.0741,-1.3265,1.4184,-0.072734
0.0742,-1.3564,1.3909,-0.014601
0.0743,-1.3841,1.3612,0.043236
0.0744,-1.4102,1.3297,0.10087
0.0745,-1.4345,1.2964,0.15832
0.0746,-1.4573,1.2612,0.21577
0.0747,-1.4786,1.2242,0.27327
0.0748,-1.4983,1.1852,0.33075
0.0749,-1.516,1.1441,0.3881
0.075,-1.5317,1.1008,0.44538
0.0751,-1.5454,1.0554,0.50256
0.0752,-1.5571,1.0079,0.55957
0.0753,-1.5668,0.95846,0.61631
0.0754,-1.5748,0.90772,0.67248
0.0755,-1.5808,0.85608,0.72751
0.0756,-1.5846,0.8037,0.78097
0.0757,-1.5862,0.75102,0.83252
0.0758,-1.5857,0.69841,0.88186
0.0759,-1.5827,0.64563,0.92888
0.076,-1.577,0.59239,0.97379
0.0761,-1.5688,0.53865,1.0168
0.0762,-1.558,0.48404,1.0582
0.0763,-1.5446,0.428,1.0985
0.0764,-1.5287,0.37046,1.1381
0.0765,-1.5107,0.3117,1.1769
0.0766,-1.4904,0.25185,1.2147
0.0767,-1.4678,0.19123,1.2514
0.0768,-1.4433,0.13053,1.2864
0.0769,-1.4169,0.070145,1.3195
0.077,-1.3886,0.010135,1.3506
0.0771,-1.3587,-0.049361,1.3799
0.0772,-1.3274,-0.10831,1.4076
0.0773,-1.2943,-0.16697,1.4336
0.0774,-1.2595,-0.22556,1.4581
0.0775,-1.2229,-0.28403,1.481
0.0776,-1.1843,-0.34238,1.502
0.0777,-1.1436,-0.40046,1.521
0.0778,-1.101,-0.45783,1.5376
0.0779,-1.0565,-0.51413,1.5514
0.078,-1.01,-0.56915,1.5622
0.0781,-0.96177,-0.6227,1.57
0.0782,-0.9122,-0.67466,1.5749
0.0783,-0.86126,-0.72531,1.5773
0.0784,-0.80905,-0.77493,1.5774
0.0785,-0.75577,-0.8236,1.5755
0.0786,-0.70139,-0.87157,1.5718
0.0787,-0.64578,-0.91912,1.5665
0.0788,-0.58923,-0.96613,1.5595
0.0789,-0.53201,-1.0124,1.5511
0.079,-0.47423,-1.0577,1.5411
0.0791,-0.41612,-1.1019,1.5295
0.0792,-0.35803,-1.1443,1.516
0.0793,-0.29998,-1.1848,1.5004
0.0794,-0.24189,-1.2232,1.4825
0.0795,-0.18386,-1.2594,1.4622
0.0796,-0.1259,-1.2933,1.4393
0.0797,-0.067753,-1.325,1.4138
0.0798,-0.0093804,-1.3548,1.3858
0.0799,0.049149,-1.3826,1.3553
0.08,0.10788,-1.4087,1.3226
0.0801,0.1668,-1.4332,1.2877
0.0802,0.22563,-1.456,1.2508
0.0803,0.28422,-1.4768,1.2119
0.0804,0.34256,-1.4956,1.1709
0.0805,0.40051,-1.5122,1.1279
0.0806,0.45782,-1.5265,1.0829
0.0807,0.51444,-1.5384,1.0361
0.0808,0.57024,-1.5483,0.98773
0.0809,0.62497,-1.5561,0.93834
0.081,0.67847,-1.5622,0.88822
0.0811,0.7308,-1.5666,0.83761
0.0812,0.78182,-1.5695,0.78667
0.0813,0.83146,-1.5707,0.73537
0.0814,0.87977,-1.57,0.68351
0.0815,0.92675,-1.5671,0.63085
0.0816,0.97226,-1.5617,0.57714
0.0817,1.0163,-1.5534,0.52212
0.0818,1.059,-1.5423,0.46571
0.0819,1.1002,-1.5282,0.40801
0.082,1.1399,-1.5113,0.34924
0.0821,1.1782,-1.492,0.28967
0.0822,1.215,-1.4706,0.2296
0.0823,1.2505,-1.4471,0.16924
0.0824,1.2846,-1.4218,0.10874
0.0825,1.3174,-1.3949,0.048224
0.0826,1.3487,-1.3663,-0.01216
0.0827,1.3783,-1.3358,-0.07232
0.0828,1.406,-1.3034,-0.13214
0.0829,1.4316,-1.2691,-0.19147
0.083,1.4549,-1.2327,-0.25021
0.0831,1.4758,-1.1942,-0.30826
0.0832,1.4943,-1.154,-0.36546
0.0833,1.5105,-1.1121,-0.42172
0.0834,1.5242,-1.0685,-0.47699
0.0835,1.5357,-1.0234,-0.53128
0.0836,1.5451,-0.97704,-0.58457
0.0837,1.5522,-0.92922,-0.63692
0.0838,1.5572,-0.88001,-0.68841
0.0839,1.5601,-0.82944,-0.73907
0.084,1.5609,-0.7774,-0.78895
0.0841,1.5596,-0.72386,-0.83818
0.0842,1.5562,-0.6689,-0.88683
0.0843,1.5509,-0.61265,-0.93487
0.0844,1.5437,-0.55525,-0.98219
0.0845,1.5346,-0.49703,-1.0286
0.0846,1.5237,-0.43832,-1.0737
0.0847,1.5107,-0.37939,-1.1171
0.0848,1.4956,-0.3205,-1.1587
0.0849,1.4784,-0.26185,-1.1982
0.085,1.459,-0.20348,-1.2354
0.0851,1.4372,-0.14532,-1.2703
0.0852,1.4131,-0.087274,-1.3031
0.0853,1.3865,-0.029217,-1.3337
0.0854,1.3574,0.029027,-1.3625
0.0855,1.3259,0.087477,-1.3893
0.0856,1.2921,0.14606,-1.4144
0.0857,1.256,0.20466,-1.4375
0.0858,1.2177,0.2631,-1.4587
0.0859,1.1775,0.32114,-1.4779
0.086,1.1356,0.37862,-1.495
0.0861,1.092,0.43547,-1.5102
0.0862,1.047,0.49163,-1.5235
0.0863,1.0009,0.54705,-1.5352
0.0864,0.95347,0.60183,-1.5451
0.0865,0.90492,0.65594,-1.5533
0.0866,0.85527,0.70929,-1.5599
0.0867,0.8045,0.76176,-1.5645
0.0868,0.7526,0.81323,-1.567
0.0869,0.69967,0.86342,-1.5673
0.087,0.64575,0.91211,-1.5651
0.0871,0.59087,0.95917,-1.5603
0.0872,0.53511,1.0045,-1.5527
0.0873,0.47857,1.048,-1.5425
0.0874,0.42129,1.0897,-1.5295
0.0875,0.36328,1.1298,-1.514
0.0876,0.30462,1.1684,-1.4961
0.0877,0.24539,1.2055,-1.4759
0.0878,0.18563,1.2413,-1.4536
0.0879,0.12551,1.2758,-1.4294
0.088,0.065247,1.309,-1.4033
0.0881,0.0050134,1.3407,-1.3755
0.0882,-0.055017,1.3708,-1.346
0.0883,-0.11464,1.3991,-1.3147
0.0884,-0.17373,1.4254,-1.2817
0.0885,-0.23223,1.4497,-1.2468
0.0886,-0.29006,1.4718,-1.2101
0.0887,-0.34719,1.4916,-1.1715
0.0888,-0.40364,1.5092,-1.1311
0.0889,-0.45942,1.5245,-1.0889
0.089,-0.51453,1.5378,-1.045
0.0891,-0.56896,1.5488,-0.99934
0.0892,-0.62272,1.5578,-0.9521
0.0893,-0.67575,1.5646,-0.90326
0.0894,-0.72801,1.5691,-0.85282
0.0895,-0.77947,1.5713,-0.80079
0.0896,-0.83005,1.5712,-0.74723
0.0897,-0.87965,1.5687,-0.69228
0.0898,-0.92819,1.5639,-0.63613
0.0899,-0.97558,1.557,-0.57907
0.09,-1.0217,1.548,-0.5214
0.0901,-1.0663,1.5372,-0.46339
0.0902,-1.1094,1.5246,-0.40528
0.0903,-1.1509,1.5102,-0.3472
0.0904,-1.1907,1.494,-0.28923
0.0905,-1.2287,1.4759,-0.23135
0.0906,-1.2648,1.4557,-0.17351
0.0907,-1.2989,1.4332,-0.11562
0.0908,-1.331,1.4082,-0.057604
0.0909,-1.3611,1.3808,0.00057625
0.091,-1.3891,1.3509,0.058895
0.0911,-1.4152,1.3185,0.11731
0.0912,-1.4393,1.2838,0.17575
0.0913,-1.4615,1.247,0.23412
0.0914,-1.4819,1.2082,0.29235
0.0915,-1.5006,1.1676,0.35036
0.0916,-1.5176,1.1252,0.40805
0.0917,-1.5327,1.0813,0.46529
0.0918,-1.546,1.0359,0.52197
0.0919,-1.5574,0.98903,0.57796
0.092,-1.5667,0.9408,0.63311
0.0921,-1.5739,0.89128,0.68726
0.0922,-1.5788,0.84057,0.74028
0.0923,-1.5815,0.78882,0.79202
0.0924,-1.5819,0.73614,0.84233
0.0925,-1.5799,0.68263,0.89111
0.0926,-1.5755,0.62838,0.9383
0.0927,-1.5688,0.57347,0.98387
0.0928,-1.5597,0.5179,1.0278
0.0929,-1.5482,0.46169,1.0701
0.093,-1.5343,0.40481,1.1109
0.0931,-1.5182,0.34723,1.1503
0.0932,-1.4998,0.28894,1.1883
0.0933,-1.4792,0.22997,1.225
0.0934,-1.4565,0.17042,1.2605
0.0935,-1.4318,0.1104,1.2947
0.0936,-1.4051,0.050133,1.3276
0.0937,-1.3766,-0.010164,1.3589
0.0938,-1.3462,-0.070276,1.3884
0.0939,-1.314,-0.13001,1.4161
0.094,-1.2799,-0.18919,1.4417
0.0941,-1.244,-0.24773,1.4652
0.0942,-1.2063,-0.30559,1.4864
0.0943,-1.1667,-0.36276,1.5054
0.0944,-1.1253,-0.41923,1.5221
0.0945,-1.082,-0.47504,1.5366
0.0946,-1.0369,-0.53016,1.5487
0.0947,-0.99011,-0.58454,1.5586
0.0948,-0.94161,-0.63809,1.5661
0.0949,-0.89155,-0.69075,1.5713
0.095,-0.84008,-0.74241,1.5741
0.0951,-0.78735,-0.79302,1.5747
0.0952,-0.73351,-0.84254,1.5732
0.0953,-0.67874,-0.89098,1.5696
0.0954,-0.62319,-0.93832,1.5641
0.0955,-0.56695,-0.98455,1.5567
0.0956,-0.51014,-1.0297,1.5475
0.0957,-0.45285,-1.0735,1.5366
0.0958,-0.39517,-1.1161,1.5237
0.0959,-0.33717,-1.1572,1.5089
0.096,-0.27893,-1.1967,1.492
0.0961,-0.22052,-1.2344,1.4729
0.0962,-0.16197,-1.2701,1.4516
0.0963,-0.10334,-1.3038,1.4278
0.0964,-0.044669,-1.3354,1.4015
0.0965,0.014039,-1.3649,1.3727
0.0966,0.072767,-1.3923,1.3415
0.0967,0.13148,-1.4177,1.308
0.0968,0.19015,-1.4411,1.2721
0.0969,0.2487,-1.4627,1.2342
0.097,0.30703,-1.4823,1.1943
0.0971,0.36501,-1.5002,1.1526
0.0972,0.42251,-1.5162,1.1094
0.0973,0.47937,-1.5303,1.0646
0.0974,0.53546,-1.5425,1.0185
0.0975,0.59063,-1.5527,0.97106
0.0976,0.64477,-1.5608,0.92246
0.0977,0.69779,-1.5668,0.87276
0.0978,0.74957,-1.5706,0.82204
0.0979,0.80007,-1.5723,0.77036
0.098,0.84926,-1.5717,0.7178
0.0981,0.89712,-1.569,0.66438
0.0982,0.94362,-1.5641,0.61013
0.0983,0.98878,-1.5569,0.55505
0.0984,1.0326,-1.5474,0.49913
0.0985,1.075,-1.5356,0.44234
0.0986,1.116,-1.5213,0.38469
0.0987,1.1556,-1.5046,0.32622
0.0988,1.1938,-1.4855,0.26702
0.0989,1.2305,-1.4641,0.20723
0.099,1.2657,-1.4404,0.14703
0.0991,1.2993,-1.4146,0.086652
0.0992,1.3312,-1.3869,0.026286
0.0993,1.3614,-1.3572,-0.033871
0.0994,1.3897,-1.3258,-0.093653
0.0995,1.4161,-1.2925,-0.15293
0.0996,1.4405,-1.2575,-0.21161
0.0997,1.4628,-1.2208,-0.26964
0.0998,1.4829,-1.1822,-0.32697
0.0999,1.5007,-1.1417,-0.38358
0.1,1.5163,-1.0995,-0.43947
0.1001,1.5295,-1.0554,-0.4946
0.1002,1.5404,-1.0096,-0.54897
0.1003,1.5491,-0.96221,-0.60257
0.1004,1.5556,-0.91324,-0.65537
0.1005,1.56,-0.86283,-0.70737
0.1006,1.5623,-0.81109,-0.75853
0.1007,1.5626,-0.75814,-0.80883
0.1008,1.5609,-0.70409,-0.85821
0.1009,1.5573,-0.64903,-0.90663
0.101,1.5516,-0.59308,-0.95402
0.1011,1.5439,-0.53635,-1.0003
0.1012,1.5342,-0.47895,-1.0452
0.1013,1.5224,-0.42102,-1.0888
0.1014,1.5085,-0.36269,-1.1308
0.1015,1.4924,-0.30409,-1.1712
0.1016,1.4741,-0.24535,-1.2097
0.1017,1.4536,-0.18656,-1.2462
0.1018,1.4307,-0.1278,-1.2807
0.1019,1.4054,-0.069115,-1.3132
0.102,1.3779,-0.010524,-1.3435
0.1021,1.348,0.047967,-1.3717
0.1022,1.3158,0.10637,-1.398
0.1023,1.2814,0.16469,-1.4223
0.1024,1.2448,0.22292,-1.4448
0.1025,1.2063,0.28098,-1.4654
0.1026,1.1659,0.33881,-1.4843
0.1027,1.1238,0.39629,-1.5013
0.1028,1.08,0.45328,-1.5166
0.1029,1.0348,0.50964,-1.5299
0.103,0.98818,0.56522,-1.5414
0.1031,0.94033,0.61991,-1.5508
0.1032,0.89129,0.67359,-1.5582
0.1033,0.84112,0.72618,-1.5635
0.1034,0.78987,0.77761,-1.5666
0.1035,0.73757,0.82782,-1.5675
0.1036,0.68425,0.87676,-1.5662
0.1037,0.62993,0.9244,-1.5625
0.1038,0.57467,0.97067,-1.5565
0.1039,0.51851,1.0155,-1.548
0.104,0.46151,1.0589,-1.537
0.1041,0.40377,1.1007,-1.5236
0.1042,0.34539,1.141,-1.5079
0.1043,0.28648,1.1797,-1.4898
0.1044,0.22716,1.2168,-1.4695
0.1045,0.16755,1.2524,-1.447
0.1046,0.10777,1.2864,-1.4226
0.1047,0.047952,1.3188,-1.3961
0.1048,-0.01179,1.3496,-1.3678
0.1049,-0.071334,1.3787,-1.3376
0.105,-0.13057,1.4061,-1.3057
0.1051,-0.1894,1.4315,-1.2719
0.1052,-0.24772,1.455,-1.2363
0.1053,-0.30547,1.4763,-1.1989
0.1054,-0.3626,1.4955,-1.1596
0.1055,-0.41906,1.5125,-1.1184
0.1056,-0.47483,1.5272,-1.0754
0.1057,-0.52991,1.5395,-1.0306
0.1058,-0.58428,1.5497,-0.984
0.1059,-0.6379,1.5575,-0.93576
0.106,-0.69077,1.5632,-0.88595
0.1061,-0.74281,1.5668,-0.83471
0.1062,-0.79397,1.5682,-0.78217
0.1063,-0.84416,1.5675,-0.72846
0.1064,-0.89329,1.5648,-0.67372
0.1065,-0.94129,1.56,-0.61809
0.1066,-0.98803,1.5531,-0.5617
0.1067,-1.0334,1.5441,-0.5047
0.1068,-1.0774,1.533,-0.44721
0.1069,-1.1197,1.5199,-0.38937
0.107,-1.1604,1.5046,-0.33129
0.1071,-1.1994,1.4873,-0.27306
0.1072,-1.2365,1.4678,-0.21474
0.1073,-1.2718,1.4462,-0.15638
0.1074,-1.3052,1.4224,-0.097992
0.1075,-1.3367,1.3964,-0.039577
0.1076,-1.3663,1.368,0.018874
0.1077,-1.394,1.3374,0.077366
0.1078,-1.4198,1.3046,0.13588
0.1079,-1.4436,1.2695,0.19438
0.108,-1.4656,1.2323,0.25279
0.1081,-1.4857,1.193,0.31101
0.1082,-1.5039,1.1519,0.36892
0.1083,-1.5202,1.1091,0.4264
0.1084,-1.5346,1.0647,0.48329
0.1085,-1.5471,1.0188,0.53946
0.1086,-1.5575,0.97164,0.59478
0.1087,-1.5659,0.92321,0.64913
0.1088,-1.5721,0.87363,0.70239
0.1089,-1.5761,0.82294,0.75446
0.109,-1.5779,0.77119,0.80526
0.1091,-1.5773,0.71844,0.85473
0.1092,-1.5745,0.66473,0.90283
0.1093,-1.5692,0.61012,0.94952
0.1094,-1.5616,0.55466,0.99479
0.1095,-1.5517,0.49842,1.0386
0.1096,-1.5395,0.44146,1.081
0.1097,-1.525,0.38385,1.1219
0.1098,-1.5083,0.32567,1.1614
0.1099,-1.4895,0.26699,1.1995
0.11,-1.4685,0.2079,1.2361
0.1101,-1.4455,0.14848,1.2711
0.1102,-1.4204,0.088845,1.3047
0.1103,-1.3933,0.029107,1.3367
0.1104,-1.3643,-0.030608,1.367
0.1105,-1.3333,-0.09017,1.3955
0.1106,-1.3004,-0.14944,1.4221
0.1107,-1.2656,-0.20831,1.4468
0.1108,-1.2288,-0.26665,1.4693
0.1109,-1.1903,-0.32437,1.4897
0.111,-1.1498,-0.38141,1.5078
0.1111,-1.1076,-0.43772,1.5236
0.1112,-1.0636,-0.49327,1.5371
0.1113,-1.0178,-0.54804,1.5483
0.1114,-0.97044,-0.60202,1.5573
0.1115,-0.92153,-0.6552,1.564
0.1116,-0.87118,-0.70753,1.5686
0.1117,-0.81951,-0.75897,1.5711
0.1118,-0.76666,-0.80947,1.5714
0.1119,-0.71275,-0.85893,1.5698
0.112,-0.65793,-0.90731,1.5661
0.1121,-0.60232,-0.95451,1.5604
0.1122,-0.54673,-1.0004,1.5533
0.1123,-0.49662,-1.046,1.5513
0.1124,-0.44999,-1.0911,1.5522
0.1125,-0.40642,-1.1352,1.5549
0.1126,-0.36444,-1.1781,1.5579
0.1127,-0.32327,-1.2197,1.5601
0.1128,-0.2824,-1.2596,1.5607
0.1129,-0.24153,-1.2978,1.5593
0.113,-0.20055,-1.3343,1.5558
0.1131,-0.15945,-1.3691,1.5501
0.1132,-0.11826,-1.402,1.5421
0.1133,-0.077052,-1.4329,1.5318
0.1134,-0.035895,-1.4619,1.5191
0.1135,0.0052552,-1.4887,1.5041
0.1136,0.046406,-1.5134,1.4866
0.1137,0.087517,-1.536,1.4668
0.1138,0.12855,-1.5567,1.4448
0.1139,0.1695,-1.5752,1.4205
0.114,0.21024,-1.5917,1.3941
0.1141,0.25065,-1.6061,1.3658
0.1142,0.29056,-1.6184,1.3357
0.1143,0.32982,-1.6284,1.3039
0.1144,0.36833,-1.6362,1.2704
0.1145,0.40612,-1.6415,1.2352
0.1146,0.44319,-1.6446,1.1983
0.1147,0.47953,-1.6453,1.1598
0.1148,0.51525,-1.6436,1.1196
0.1149,0.54763,-1.6456,1.0864
0.115,0.57767,-1.6537,1.0617
0.1151,0.60839,-1.6613,1.036
0.1152,0.63994,-1.6679,1.0086
0.1153,0.67205,-1.6734,0.97966
0.1154,0.70421,-1.6774,0.9495
0.1155,0.736,-1.6794,0.91787
0.1156,0.76739,-1.6792,0.8847
0.1157,0.79842,-1.677,0.85022
0.1158,0.82895,-1.6726,0.81442
0.1159,0.85869,-1.6657,0.77726
0.116,0.88734,-1.6563,0.73907
0.1161,0.91476,-1.6446,0.70008
0.1162,0.94098,-1.6303,0.66012
0.1163,0.96609,-1.6135,0.61915
0.1164,0.98989,-1.5943,0.5774
0.1165,1.0122,-1.5725,0.53481
0.1166,1.033,-1.5479,0.49126
0.1167,1.0524,-1.5209,0.44697
0.1168,1.0703,-1.4916,0.40212
0.1169,1.0866,-1.4601,0.35679
0.117,1.1013,-1.4265,0.3112
0.1171,1.1142,-1.3909,0.26546
0.1172,1.1257,-1.3533,0.2194
0.1173,1.1359,-1.3141,0.17296
0.1174,1.1448,-1.2732,0.1263
0.1175,1.1524,-1.2308,0.079407
0.1176,1.1665,-1.1933,0.030764
0.1177,1.1944,-1.1672,-0.02008
0.1178,1.2212,-1.1405,-0.070757
0.1179,1.2464,-1.1122,-0.12146
0.118,1.27,-1.0822,-0.17234
0.1181,1.2918,-1.0508,-0.2232
0.1182,1.3115,-1.0177,-0.2738
0.1183,1.329,-0.98289,-0.32423
0.1184,1.3443,-0.94628,-0.37467
0.1185,1.3576,-0.9079,-0.4251
0.1186,1.3684,-0.86789,-0.47517
0.1187,1.377,-0.82679,-0.52445
0.1188,1.3834,-0.78496,-0.57257
0.1189,1.3872,-0.74214,-0.61961
0.119,1.3886,-0.69812,-0.66577
0.1191,1.3878,-0.65317,-0.71096
0.1192,1.3846,-0.60744,-0.75496
0.1193,1.3792,-0.56082,-0.79786
0.1194,1.3717,-0.51348,-0.83975
0.1195,1.3623,-0.46569,-0.88055
0.1196,1.3513,-0.41755,-0.92016
0.1197,1.3386,-0.36928,-0.95851
0.1198,1.3244,-0.32103,-0.99543
0.1199,1.3084,-0.27254,-1.0309
0.12,1.2906,-0.22354,-1.0651
0.1201,1.2711,-0.17415,-1.0982
0.1202,1.2499,-0.12438,-1.13
0.1203,1.2269,-0.073975,-1.1607
0.1204,1.2023,-0.022951,-1.1903
0.1205,1.1762,0.028425,-1.2186
0.1206,1.1484,0.079985,-1.2453
0.1207,1.1187,0.13156,-1.27
0.1208,1.0875,0.18297,-1.2928
0.1209,1.0545,0.23431,-1.3136
0.121,1.0197,0.28569,-1.3323
0.1211,0.98332,0.33686,-1.3489
0.1212,0.94553,0.38752,-1.3633
0.1213,0.90636,0.43769,-1.3755
0.1214,0.86601,0.4872,-1.3854
0.1215,0.82486,0.53567,-1.3932
0.1216,0.78293,0.58298,-1.3987
0.1217,0.74008,0.62923,-1.4019
0.1218,0.69643,0.67433,-1.4027
0.1219,0.65202,0.71826,-1.4012
0.122,0.60679,0.7613,-1.3978
0.1221,0.56082,0.80351,-1.3924
0.1222,0.5143,0.84472,-1.3852
0.1223,0.46719,0.88496,-1.3762
0.1224,0.41946,0.92434,-1.3655
0.1225,0.37121,0.96263,-1.353
