0.05,0.41371,0.11177,-0.45577
0.0501,0.40075,0.13134,-0.46288
0.0502,0.38698,0.15075,-0.46946
0.0503,0.37247,0.16988,-0.47545
0.0504,0.35729,0.18863,-0.48082
0.0505,0.34153,0.20687,-0.48549
0.0506,0.32528,0.2245,-0.48941
0.0507,0.30861,0.24147,-0.49257
0.0508,0.29156,0.25774,-0.49492
0.0509,0.27418,0.27331,-0.49647
0.051,0.2565,0.28824,-0.49722
0.0511,0.23852,0.30259,-0.49722
0.0512,0.22025,0.31644,-0.49652
0.0513,0.20171,0.3299,-0.49518
0.0514,0.18292,0.34306,-0.49328
0.0515,0.16389,0.35601,-0.49087
0.0516,0.14466,0.36878,-0.48798
0.0517,0.12523,0.3814,-0.48462
0.0518,0.10565,0.39385,-0.4808
0.0519,0.085936,0.4061,-0.47648
0.052,0.066145,0.41811,-0.47162
0.0521,0.046329,0.42979,-0.46617
0.0522,0.026554,0.44107,-0.46006
0.0523,0.0068914,0.45184,-0.45318
0.0524,-0.012587,0.46198,-0.44547
0.0525,-0.031831,0.47141,-0.43683
0.0526,-0.050798,0.48002,-0.42719
0.0527,-0.069471,0.48776,-0.41647
0.0528,-0.087846,0.49461,-0.40466
0.0529,-0.10594,0.50057,-0.39175
0.053,-0.12376,0.50567,-0.37779
0.0531,-0.14133,0.50997,-0.36285
0.0532,-0.15865,0.51356,-0.34704
0.0533,-0.17573,0.5165,-0.33049
0.0534,-0.19257,0.5189,-0.31332
0.0535,-0.20917,0.52083,-0.29567
0.0536,-0.22554,0.52236,-0.27765
0.0537,-0.24166,0.52355,-0.25936
0.0538,-0.25752,0.52444,-0.2409
0.0539,-0.2731,0.52505,-0.22234
0.054,-0.28836,0.52535,-0.20373
0.0541,-0.30323,0.52531,-0.18513
0.0542,-0.31769,0.52484,-0.16653
0.0543,-0.33168,0.52384,-0.14794
0.0544,-0.34515,0.52219,-0.12932
0.0545,-0.35803,0.51978,-0.11064
0.0546,-0.37031,0.51649,-0.091865
0.0547,-0.38196,0.51224,-0.072945
0.0548,-0.39297,0.50696,-0.053863
0.0549,-0.40336,0.50062,-0.034606
0.055,-0.41313,0.49319,-0.015189
0.0551,-0.42228,0.4847,0.0043582
0.0552,-0.43086,0.47517,0.023984
0.0553,-0.43887,0.46465,0.043638
0.0554,-0.44635,0.45321,0.06325
0.0555,-0.45332,0.44095,0.082748
0.0556,-0.45982,0.42795,0.10206
0.0557,-0.46586,0.4143,0.1211
0.0558,-0.47145,0.40011,0.1398
0.0559,-0.47659,0.38546,0.15809
0.056,-0.48126,0.3704,0.17591
0.0561,-0.48541,0.35499,0.19324
0.0562,-0.48902,0.33922,0.21006
0.0563,-0.49204,0.32311,0.22639
0.0564,-0.49444,0.30662,0.24225
0.0565,-0.49618,0.28974,0.2577
0.0566,-0.49723,0.27242,0.27276
0.0567,-0.49759,0.25464,0.2875
0.0568,-0.49722,0.23639,0.30194
0.0569,-0.49613,0.21766,0.31609
0.057,-0.4943,0.19848,0.32998
0.0571,-0.49174,0.17888,0.34361
0.0572,-0.48846,0.15892,0.35696
0.0573,-0.48448,0.13869,0.36998
0.0574,-0.47981,0.11829,0.38263
0.0575,-0.47449,0.097838,0.39485
0.0576,-0.46852,0.07745,0.40656
0.0577,-0.46189,0.057244,0.4177
0.0578,-0.4546,0.037315,0.42821
0.0579,-0.4466,0.01774,0.43802
0.058,-0.43785,-0.0014366,0.4471
0.0581,-0.42832,-0.020203,0.45543
0.0582,-0.41797,-0.038573,0.463
0.0583,-0.40677,-0.05658,0.46983
0.0584,-0.39473,-0.074277,0.47597
0.0585,-0.38183,-0.091728,0.48144
0.0586,-0.36811,-0.10899,0.48631
0.0587,-0.35359,-0.12614,0.49063
0.0588,-0.33831,-0.14321,0.49443
0.0589,-0.32232,-0.16024,0.49776
0.059,-0.30566,-0.17725,0.50066
0.0591,-0.2884,-0.19422,0.50314
0.0592,-0.27063,-0.21113,0.5052
0.0593,-0.25242,-0.22791,0.50686
0.0594,-0.23386,-0.24446,0.50806
0.0595,-0.21504,-0.26069,0.50878
0.0596,-0.19604,-0.27648,0.50894
0.0597,-0.17693,-0.29171,0.5085
0.0598,-0.15777,-0.30634,0.50736
0.0599,-0.1386,-0.32027,0.50547
0.06,-0.11945,-0.33345,0.50276
0.0601,-0.10035,-0.34586,0.49918
0.0602,-0.081301,-0.35749,0.49471
0.0603,-0.062305,-0.36837,0.48933
0.0604,-0.043354,-0.37855,0.48304
0.0605,-0.024433,-0.38807,0.47584
0.0606,-0.005521,-0.39702,0.46775
0.0607,0.013398,-0.40548,0.45879
0.0608,0.032339,-0.41352,0.44901
0.0609,0.051302,-0.4212,0.43846
0.061,0.070276,-0.42858,0.42718
0.0611,0.089229,-0.43567,0.41522
0.0612,0.10812,-0.44248,0.40262
0.0613,0.12689,-0.44899,0.38943
0.0614,0.14547,-0.45512,0.37566
0.0615,0.16381,-0.46083,0.36134
0.0616,0.18183,-0.46601,0.34645
0.0617,0.19949,-0.4706,0.33102
0.0618,0.21674,-0.4745,0.31503
0.0619,0.23353,-0.47764,0.29849
0.062,0.24985,-0.47997,0.28141
0.0621,0.26565,-0.48144,0.26381
0.0622,0.28094,-0.48203,0.24571
0.0623,0.29572,-0.48175,0.22715
0.0624,0.30998,-0.48061,0.20818
0.0625,0.32377,-0.47866,0.18884
0.0626,0.33713,-0.47597,0.16922
0.0627,0.35009,-0.4726,0.14939
0.0628,0.36266,-0.46862,0.12942
0.0629,0.37486,-0.46409,0.10942
0.063,0.38668,-0.45908,0.089469
0.0631,0.39812,-0.45359,0.069632
0.0632,0.40916,-0.44761,0.049975
0.0633,0.41977,-0.44114,0.030539
0.0634,0.42991,-0.43408,0.011346
0.0635,0.43954,-0.42637,-0.0075991
0.0636,0.44864,-0.41792,-0.026307
0.0637,0.45715,-0.40867,-0.044798
0.0638,0.55032,-0.40308,-0.14383
0.0639,0.59932,-0.39145,-0.20426
0.064,0.63555,-0.37614,-0.25519
0.0641,0.66274,-0.35841,-0.29906
0.0642,0.68309,-0.33891,-0.33748
0.0643,0.69745,-0.31716,-0.3718
0.0644,0.7067,-0.29331,-0.40278
0.0645,0.71305,-0.26856,-0.43145
0.0646,0.71736,-0.24334,-0.45829
0.0647,0.71905,-0.2169,-0.48351
0.0648,0.71794,-0.18915,-0.50702
0.0649,0.71485,-0.16056,-0.5292
0.065,0.70986,-0.13139,-0.54992
0.0651,0.70314,-0.10198,-0.56904
0.0652,0.69494,-0.072695,-0.58647
0.0653,0.68536,-0.043313,-0.60262
0.0654,0.67417,-0.01367,-0.61747
0.0655,0.66202,0.015765,-0.63124
0.0656,0.64937,0.044647,-0.64406
0.0657,0.63568,0.073378,-0.65585
0.0658,0.62127,0.10196,-0.66696
0.0659,0.60608,0.13025,-0.67722
0.066,0.59005,0.15819,-0.68656
0.0661,0.57322,0.18574,-0.69501
0.0662,0.55546,0.21278,-0.70235
0.0663,0.53659,0.23945,-0.70858
0.0664,0.51641,0.2658,-0.71364
0.0665,0.49551,0.29154,-0.7178
0.0666,0.47406,0.31668,-0.72129
0.0667,0.45166,0.34177,-0.72423
0.0668,0.42814,0.36683,-0.72646
0.0669,0.40409,0.39141,-0.72809
0.067,0.37956,0.41539,-0.72905
0.0671,0.35422,0.43894,-0.72913
0.0672,0.32796,0.4619,-0.72805
0.0673,0.30099,0.48419,-0.72592
0.0674,0.27311,0.50586,-0.72258
0.0675,0.2444,0.52675,-0.71786
0.0676,0.21513,0.54659,-0.71177
0.0677,0.1855,0.56555,-0.7046
0.0678,0.15545,0.58376,-0.69638
0.0679,0.12537,0.60097,-0.68722
0.068,0.095603,0.61705,-0.67726
0.0681,0.066143,0.6322,-0.66667
0.0682,0.036932,0.6464,-0.65531
0.0683,0.0081774,0.65954,-0.64325
0.0684,-0.020221,0.6718,-0.63054
0.0685,-0.048382,0.68333,-0.61718
0.0686,-0.076351,0.69405,-0.60303
0.0687,-0.10418,0.70403,-0.58805
0.0688,-0.13207,0.71336,-0.57208
0.0689,-0.15977,0.72181,-0.55509
0.069,-0.18707,0.7292,-0.53706
0.0691,-0.21401,0.73574,-0.51812
0.0692,-0.24071,0.74153,-0.49822
0.0693,-0.26692,0.74638,-0.47744
0.0694,-0.29256,0.75026,-0.45578
0.0695,-0.31774,0.75325,-0.43325
0.0696,-0.3425,0.75528,-0.40973
0.0697,-0.36677,0.75631,-0.38526
0.0698,-0.39068,0.7564,-0.3598
0.0699,-0.41416,0.75545,-0.33332
0.07,-0.43707,0.75326,-0.30584
0.0701,-0.45932,0.74993,-0.27756
0.0702,-0.48088,0.74554,-0.24863
0.0703,-0.50145,0.74007,-0.21936
0.0704,-0.52095,0.73362,-0.19002
0.0705,-0.53944,0.72642,-0.16081
0.0706,-0.5569,0.71843,-0.13174
0.0707,-0.57321,0.70957,-0.10291
0.0708,-0.58858,0.69995,-0.074237
0.0709,-0.60315,0.68959,-0.045658
0.071,-0.6169,0.67837,-0.017106
0.0711,-0.62991,0.66636,0.011382
0.0712,-0.64243,0.65368,0.039919
0.0713,-0.65434,0.64017,0.0685
0.0714,-0.66541,0.6257,0.097015
0.0715,-0.67566,0.61038,0.12531
0.0716,-0.68516,0.59424,0.15342
0.0717,-0.69369,0.5771,0.18125
0.0718,-0.70115,0.55891,0.20872
0.0719,-0.70761,0.53969,0.23584
0.072,-0.71308,0.51935,0.26271
0.0721,-0.71747,0.49786,0.28922
0.0722,-0.72087,0.47536,0.3153
0.0723,-0.72336,0.45195,0.34094
0.0724,-0.72489,0.4276,0.36612
0.0725,-0.72543,0.4024,0.39073
0.0726,-0.725,0.37645,0.41469
0.0727,-0.72349,0.34978,0.43792
0.0728,-0.72085,0.32246,0.46032
0.0729,-0.71711,0.29471,0.48176
0.073,-0.71233,0.26662,0.50224
0.0731,-0.70649,0.23826,0.52174
0.0732,-0.69976,0.20976,0.54033
0.0733,-0.69225,0.18121,0.55808
0.0734,-0.68396,0.15256,0.57507
0.0735,-0.67498,0.12388,0.59136
0.0736,-0.66548,0.095234,0.60706
0.0737,-0.65536,0.066537,0.62223
0.0738,-0.64447,0.037706,0.63683
0.0739,-0.6328,0.0088305,0.65077
0.074,-0.62028,-0.020038,0.66398
0.0741,-0.60671,-0.048894,0.67627
0.0742,-0.59205,-0.077623,0.68752
0.0743,-0.57633,-0.10611,0.6977
0.0744,-0.5595,-0.13438,0.70683
0.0745,-0.5415,-0.16242,0.71487
0.0746,-0.52246,-0.19011,0.72189
0.0747,-0.50244,-0.2174,0.72792
0.0748,-0.48143,-0.24429,0.73298
0.0749,-0.4595,-0.27065,0.73703
0.075,-0.43676,-0.29639,0.74009
0.0751,-0.41317,-0.32153,0.74214
0.0752,-0.38872,-0.34604,0.74312
0.0753,-0.3635,-0.36982,0.74299
0.0754,-0.3376,-0.39286,0.74183
0.0755,-0.31103,-0.41524,0.73966
0.0756,-0.28392,-0.43692,0.73656
0.0757,-0.25642,-0.45791,0.73263
0.0758,-0.22861,-0.47828,0.72798
0.0759,-0.20053,-0.49801,0.7226
0.076,-0.17235,-0.51701,0.71652
0.0761,-0.14409,-0.53527,0.70974
0.0762,-0.11571,-0.55285,0.70224
0.0763,-0.087202,-0.56968,0.69392
0.0764,-0.058562,-0.58576,0.68474
0.0765,-0.029721,-0.60111,0.67461
0.0766,-0.00068307,-0.61567,0.66343
0.0767,0.028477,-0.62934,0.65113
0.0768,0.057692,-0.64208,0.63772
0.0769,0.086881,-0.65385,0.62319
0.077,0.11588,-0.66459,0.60761
0.0771,0.1446,-0.67426,0.591
0.0772,0.17294,-0.68289,0.57343
0.0773,0.2008,-0.69045,0.55495
0.0774,0.2281,-0.69695,0.53561
0.0775,0.25489,-0.70248,0.51543
0.0776,0.28116,-0.70706,0.49441
0.0777,0.3069,-0.71067,0.47254
0.0778,0.33212,-0.71335,0.44983
0.0779,0.35688,-0.71511,0.42624
0.078,0.38108,-0.71593,0.40182
0.0781,0.40467,-0.71581,0.37669
0.0782,0.42766,-0.71486,0.35093
0.0783,0.45004,-0.71308,0.32463
0.0784,0.47171,-0.71046,0.29789
0.0785,0.49267,-0.70701,0.27078
0.0786,0.51297,-0.70275,0.24331
0.0787,0.53258,-0.69762,0.21546
0.0788,0.55148,-0.69157,0.18725
0.0789,0.56974,-0.68462,0.15868
0.079,0.58734,-0.67673,0.12971
0.0791,0.60423,-0.66783,0.10039
0.0792,0.62034,-0.65794,0.070817
0.0793,0.63567,-0.64707,0.041098
0.0794,0.65008,-0.63522,0.011362
0.0795,0.66349,-0.62239,-0.018246
0.0796,0.67586,-0.60864,-0.047599
0.0797,0.68713,-0.59394,-0.076632
0.0798,0.69727,-0.57828,-0.10528
0.0799,0.70631,-0.56169,-0.13349
0.08,0.7143,-0.5442,-0.16125
0.0801,0.7213,-0.52581,-0.18856
0.0802,0.72737,-0.50654,-0.21542
0.0803,0.73259,-0.48643,-0.24185
0.0804,0.73696,-0.46545,-0.26786
0.0805,0.74049,-0.4436,-0.29343
0.0806,0.74319,-0.42093,-0.31854
0.0807,0.74504,-0.39744,-0.34318
0.0808,0.746,-0.37314,-0.36731
0.0809,0.74605,-0.34807,-0.39091
0.081,0.7452,-0.32229,-0.41396
0.0811,0.74344,-0.29581,-0.43646
0.0812,0.74074,-0.26871,-0.45838
0.0813,0.73717,-0.24106,-0.4797
0.0814,0.73271,-0.21292,-0.50041
0.0815,0.72735,-0.18433,-0.52048
0.0816,0.72108,-0.15536,-0.53985
0.0817,0.71388,-0.1261,-0.55846
0.0818,0.7057,-0.096598,-0.57622
0.0819,0.69648,-0.066964,-0.59303
0.082,0.68626,-0.037333,-0.60882
0.0821,0.67502,-0.0077815,-0.62355
0.0822,0.66275,0.021623,-0.63719
0.0823,0.6495,0.05079,-0.64975
0.0824,0.63534,0.079666,-0.66127
0.0825,0.62031,0.10824,-0.67182
0.0826,0.60444,0.13649,-0.68146
0.0827,0.58782,0.16437,-0.69026
0.0828,0.57043,0.19191,-0.69827
0.0829,0.55225,0.21912,-0.70551
0.083,0.53325,0.24596,-0.71194
0.0831,0.5134,0.27244,-0.71756
0.0832,0.49263,0.29854,-0.72232
0.0833,0.4709,0.32426,-0.72617
0.0834,0.44822,0.34956,-0.7291
0.0835,0.42456,0.37444,-0.7311
0.0836,0.39997,0.39888,-0.73214
0.0837,0.3745,0.42281,-0.73223
0.0838,0.34825,0.44617,-0.73135
0.0839,0.32129,0.46893,-0.72951
0.084,0.29372,0.491,-0.72669
0.0841,0.26565,0.51232,-0.72287
0.0842,0.23713,0.53286,-0.71805
0.0843,0.20823,0.55257,-0.71221
0.0844,0.17904,0.5714,-0.70534
0.0845,0.14964,0.58933,-0.69746
0.0846,0.12008,0.60634,-0.68859
0.0847,0.090477,0.62242,-0.67877
0.0848,0.06093,0.63757,-0.66805
0.0849,0.031504,0.65184,-0.65649
0.085,0.0022882,0.6652,-0.64414
0.0851,-0.026636,0.67765,-0.63103
0.0852,-0.055241,0.68923,-0.61719
0.0853,-0.083531,0.69998,-0.60263
0.0854,-0.1115,0.70987,-0.58731
0.0855,-0.13916,0.71894,-0.57118
0.0856,-0.16656,0.72718,-0.55416
0.0857,-0.19371,0.73456,-0.53617
0.0858,-0.2206,0.74105,-0.51713
0.0859,-0.24722,0.74661,-0.497
0.086,-0.27354,0.75125,-0.47578
0.0861,-0.29949,0.7549,-0.45347
0.0862,-0.325,0.75756,-0.43014
0.0863,-0.35001,0.75923,-0.40585
0.0864,-0.37445,0.75988,-0.38068
0.0865,-0.39826,0.75951,-0.35472
0.0866,-0.42139,0.75813,-0.32806
0.0867,-0.44383,0.75574,-0.30076
0.0868,-0.46553,0.75234,-0.27291
0.0869,-0.48646,0.74794,-0.24458
0.087,-0.50662,0.74258,-0.21586
0.0871,-0.52596,0.73627,-0.18685
0.0872,-0.54445,0.72905,-0.15764
0.0873,-0.56206,0.72097,-0.12835
0.0874,-0.57878,0.71205,-0.099068
0.0875,-0.59457,0.7023,-0.069861
0.0876,-0.60947,0.69174,-0.040785
0.0877,-0.62348,0.68038,-0.011864
0.0878,-0.63663,0.66819,0.016896
0.0879,-0.64893,0.65516,0.045499
0.088,-0.66042,0.64129,0.073962
0.0881,-0.67112,0.62654,0.1023
0.0882,-0.68102,0.61087,0.13052
0.0883,-0.69011,0.59426,0.1586
0.0884,-0.69837,0.57666,0.1865
0.0885,-0.70573,0.55806,0.21418
0.0886,-0.71216,0.53842,0.24157
0.0887,-0.71759,0.51776,0.26859
0.0888,-0.72199,0.49606,0.29517
0.0889,-0.72531,0.47335,0.32124
0.089,-0.72754,0.44969,0.34673
0.0891,-0.72871,0.42516,0.3716
0.0892,-0.72882,0.39981,0.3958
0.0893,-0.7279,0.37374,0.41931
0.0894,-0.72601,0.34704,0.44211
0.0895,-0.72317,0.31979,0.46419
0.0896,-0.7194,0.29207,0.48552
0.0897,-0.71472,0.26399,0.5061
0.0898,-0.70916,0.2356,0.52589
0.0899,-0.70272,0.20699,0.54488
0.09,-0.6954,0.17821,0.56306
0.0901,-0.68724,0.14933,0.58042
0.0902,-0.67824,0.12036,0.59696
0.0903,-0.6684,0.091348,0.61271
0.0904,-0.65774,0.062325,0.62769
0.0905,-0.64627,0.033311,0.64193
0.0906,-0.63396,0.0043212,0.65542
0.0907,-0.6208,-0.024611,0.66813
0.0908,-0.60676,-0.053448,0.68003
0.0909,-0.5918,-0.082151,0.69106
0.091,-0.57585,-0.11066,0.70115
0.0911,-0.55889,-0.13892,0.71026
0.0912,-0.54088,-0.16687,0.71831
0.0913,-0.52178,-0.19446,0.72529
0.0914,-0.50162,-0.22163,0.73117
0.0915,-0.48041,-0.24833,0.73597
0.0916,-0.4582,-0.27452,0.7397
0.0917,-0.43508,-0.30015,0.74239
0.0918,-0.41112,-0.32519,0.74409
0.0919,-0.38641,-0.34961,0.74483
0.092,-0.36103,-0.37339,0.74465
0.0921,-0.33506,-0.39652,0.74357
0.0922,-0.30855,-0.41899,0.74161
0.0923,-0.28155,-0.44079,0.73878
0.0924,-0.25412,-0.46192,0.73507
0.0925,-0.2263,-0.48237,0.73051
0.0926,-0.19814,-0.50213,0.72509
0.0927,-0.16969,-0.52118,0.7188
0.0928,-0.141,-0.53949,0.71165
0.0929,-0.11213,-0.55704,0.70364
0.093,-0.083129,-0.57379,0.69475
0.0931,-0.054051,-0.58973,0.68497
0.0932,-0.024942,-0.60484,0.67429
0.0933,0.0041627,-0.6191,0.66268
0.0934,0.033231,-0.63247,0.65011
0.0935,0.062219,-0.64492,0.63656
0.0936,0.091086,-0.65641,0.622
0.0937,0.11979,-0.66693,0.60641
0.0938,0.14827,-0.67645,0.58979
0.0939,0.17645,-0.68496,0.57216
0.094,0.20429,-0.69245,0.55354
0.0941,0.23171,-0.69893,0.53396
0.0942,0.25864,-0.70442,0.51346
0.0943,0.28505,-0.70893,0.49211
0.0944,0.31089,-0.71249,0.46994
0.0945,0.33616,-0.71511,0.44699
0.0946,0.36083,-0.71681,0.42329
0.0947,0.38492,-0.71761,0.39888
0.0948,0.40843,-0.71752,0.37376
0.0949,0.43135,-0.71653,0.34798
0.095,0.45369,-0.71465,0.32157
0.0951,0.47542,-0.71189,0.29458
0.0952,0.49654,-0.70823,0.26707
0.0953,0.51699,-0.70368,0.2391
0.0954,0.53675,-0.69822,0.21075
0.0955,0.55577,-0.69184,0.18206
0.0956,0.57401,-0.68454,0.15311
0.0957,0.59144,-0.67629,0.12396
0.0958,0.60804,-0.66711,0.094648
0.0959,0.62378,-0.65698,0.065244
0.096,0.63866,-0.6459,0.0358
0.0961,0.65266,-0.63387,0.006376
0.0962,0.66573,-0.6209,-0.022962
0.0963,0.67786,-0.607,-0.05214
0.0964,0.68901,-0.59218,-0.081089
0.0965,0.69917,-0.57643,-0.10974
0.0966,0.70832,-0.55975,-0.13804
0.0967,0.71645,-0.54216,-0.16592
0.0968,0.72358,-0.52364,-0.19336
0.0969,0.72972,-0.50421,-0.22033
0.097,0.7349,-0.48387,-0.24683
0.0971,0.73915,-0.46263,-0.27284
0.0972,0.7425,-0.44052,-0.29839
0.0973,0.74499,-0.41754,-0.32348
0.0974,0.74661,-0.39373,-0.34812
0.0975,0.74739,-0.36912,-0.37229
0.0976,0.7473,-0.34375,-0.39598
0.0977,0.74634,-0.31766,-0.41915
0.0978,0.74447,-0.2909,-0.44177
0.0979,0.74168,-0.26354,-0.46378
0.098,0.73794,-0.23565,-0.48513
0.0981,0.73324,-0.20729,-0.50577
0.0982,0.72756,-0.17854,-0.52563
0.0983,0.7209,-0.14949,-0.54469
0.0984,0.71328,-0.12021,-0.56289
0.0985,0.70471,-0.090781,-0.58021
0.0986,0.69519,-0.061273,-0.59662
0.0987,0.68474,-0.031763,-0.61212
0.0988,0.67338,-0.0023233,-0.62669
0.0989,0.66111,0.026985,-0.64031
0.099,0.64793,0.056106,-0.65297
0.0991,0.63385,0.084992,-0.66466
0.0992,0.61888,0.11361,-0.67539
0.0993,0.60302,0.14192,-0.68518
0.0994,0.58626,0.16992,-0.69404
0.0995,0.56861,0.19758,-0.70201
0.0996,0.55008,0.22489,-0.7091
0.0997,0.53066,0.25185,-0.71534
0.0998,0.51034,0.27843,-0.72073
0.0999,0.48913,0.30463,-0.72527
0.1,0.467,0.33041,-0.72894
0.1001,0.44398,0.35576,-0.73171
0.1002,0.42005,0.38064,-0.73356
0.1003,0.39526,0.40501,-0.73446
0.1004,0.36962,0.42883,-0.73437
0.1005,0.3432,0.45205,-0.73327
0.1006,0.31606,0.47463,-0.73115
0.1007,0.28831,0.49652,-0.72801
0.1008,0.26003,0.51766,-0.72385
0.1009,0.23132,0.53801,-0.7187
0.101,0.2023,0.55754,-0.71257
0.1011,0.17306,0.57622,-0.70549
0.1012,0.14368,0.59401,-0.69749
0.1013,0.11424,0.61092,-0.6886
0.1014,0.0848,0.62693,-0.67882
0.1015,0.055415,0.64206,-0.66819
0.1016,0.026134,0.65632,-0.65671
0.1017,-0.003004,0.6697,-0.64439
0.1018,-0.031961,0.6822,-0.63123
0.1019,-0.060702,0.69383,-0.61723
0.102,-0.089196,0.70457,-0.60238
0.1021,-0.11742,0.71443,-0.58667
0.1022,-0.14534,0.7234,-0.57006
0.1023,-0.17295,0.73148,-0.55255
0.1024,-0.20024,0.73866,-0.53408
0.1025,-0.22717,0.74493,-0.51463
0.1026,-0.25375,0.75026,-0.49416
0.1027,-0.27995,0.75464,-0.47267
0.1028,-0.30573,0.75805,-0.45015
0.1029,-0.33108,0.76048,-0.42663
0.103,-0.35593,0.76191,-0.40216
0.1031,-0.38025,0.76234,-0.37679
0.1032,-0.40398,0.76176,-0.35062
0.1033,-0.42707,0.76018,-0.32374
0.1034,-0.44945,0.75761,-0.29626
0.1035,-0.47108,0.75407,-0.26827
0.1036,-0.49193,0.74957,-0.23989
0.1037,-0.51196,0.74412,-0.21119
0.1038,-0.53115,0.73776,-0.18226
0.1039,-0.54949,0.73049,-0.15317
0.104,-0.56697,0.72235,-0.12398
0.1041,-0.58359,0.71334,-0.094736
0.1042,-0.59935,0.70348,-0.065491
0.1043,-0.61427,0.69277,-0.036285
0.1044,-0.62835,0.68121,-0.0071565
0.1045,-0.64159,0.66879,0.021865
0.1046,-0.65397,0.6555,0.050749
0.1047,-0.66548,0.64132,0.079471
0.1048,-0.67612,0.62623,0.10801
0.1049,-0.68588,0.61021,0.13634
0.105,-0.69474,0.59324,0.16444
0.1051,-0.70269,0.57529,0.19229
0.1052,-0.70972,0.55635,0.21985
0.1053,-0.7158,0.53641,0.24708
0.1054,-0.72093,0.51545,0.27393
0.1055,-0.72507,0.49352,0.30036
0.1056,-0.72821,0.47062,0.32631
0.1057,-0.73032,0.4468,0.35171
0.1058,-0.73141,0.42213,0.37652
0.1059,-0.73147,0.39666,0.40068
0.106,-0.7305,0.37049,0.42415
0.1061,-0.72853,0.34369,0.44689
0.1062,-0.72558,0.31635,0.4689
0.1063,-0.72169,0.28856,0.49015
0.1064,-0.71687,0.26039,0.51065
0.1065,-0.71116,0.23191,0.53038
0.1066,-0.70459,0.2032,0.54935
0.1067,-0.69716,0.17429,0.56755
0.1068,-0.68889,0.14525,0.58497
0.1069,-0.67978,0.11612,0.6016
0.107,-0.66982,0.086937,0.61744
0.1071,-0.65901,0.057739,0.63248
0.1072,-0.64731,0.028567,0.6467
0.1073,-0.63473,-0.00054532,0.66008
0.1074,-0.62122,-0.029558,0.67259
0.1075,-0.60679,-0.058429,0.68421
0.1076,-0.59141,-0.087115,0.6949
0.1077,-0.57506,-0.11557,0.70466
0.1078,-0.55773,-0.14375,0.71344
0.1079,-0.53941,-0.17161,0.72123
0.108,-0.52009,-0.19909,0.728
0.1081,-0.49976,-0.22615,0.73376
0.1082,-0.47845,-0.25275,0.73849
0.1083,-0.45618,-0.27885,0.74219
0.1084,-0.433,-0.30442,0.74487
0.1085,-0.40897,-0.32942,0.74655
0.1086,-0.38415,-0.35383,0.74725
0.1087,-0.35861,-0.37763,0.747
0.1088,-0.33244,-0.40079,0.74583
0.1089,-0.30571,-0.42331,0.74375
0.109,-0.27849,-0.44516,0.7408
0.1091,-0.25086,-0.46634,0.73697
0.1092,-0.22286,-0.48682,0.73228
0.1093,-0.19454,-0.50658,0.72672
0.1094,-0.16596,-0.5256,0.72029
0.1095,-0.13716,-0.54385,0.71297
0.1096,-0.10817,-0.56131,0.70475
0.1097,-0.079047,-0.57794,0.69561
0.1098,-0.049836,-0.59375,0.68553
0.1099,-0.02059,-0.6087,0.67452
0.11,0.0086406,-0.62278,0.66255
0.1101,0.0378,-0.63595,0.64962
0.1102,0.066836,-0.64819,0.63574
0.1103,0.095693,-0.65949,0.6209
0.1104,0.12433,-0.66982,0.6051
0.1105,0.15269,-0.67918,0.58833
0.1106,0.18073,-0.68756,0.57061
0.1107,0.20841,-0.69495,0.55193
0.1108,0.2357,-0.70138,0.5323
0.1109,0.26255,-0.70682,0.51174
0.111,0.28893,-0.7113,0.49027
0.1111,0.31481,-0.71483,0.46792
0.1112,0.34015,-0.71741,0.44474
0.1113,0.36493,-0.71905,0.42077
0.1114,0.38913,-0.71977,0.39606
0.1115,0.41273,-0.71957,0.37065
0.1116,0.43572,-0.71846,0.34459
0.1117,0.45807,-0.71643,0.31794
0.1118,0.47978,-0.71349,0.29074
0.1119,0.50083,-0.70963,0.26305
0.112,0.5212,-0.70485,0.23492
0.1121,0.54085,-0.69915,0.2064
0.1122,0.55977,-0.69252,0.17757
0.1123,0.57791,-0.68497,0.14847
0.1124,0.59524,-0.67648,0.11918
0.1125,0.61172,-0.66706,0.089768
0.1126,0.62735,-0.65671,0.060299
0.1127,0.64209,-0.64543,0.030843
0.1128,0.65592,-0.63323,0.0014613
0.1129,0.66882,-0.6201,-0.027786
0.113,0.68075,-0.60605,-0.056843
0.1131,0.69173,-0.59108,-0.085661
0.1132,0.70173,-0.57519,-0.1142
0.1133,0.71077,-0.55837,-0.14241
0.1134,0.71884,-0.54062,-0.17026
0.1135,0.72594,-0.52193,-0.19773
0.1136,0.73209,-0.50231,-0.22478
0.1137,0.7373,-0.48174,-0.2514
0.1138,0.74156,-0.46026,-0.27757
0.1139,0.7449,-0.43787,-0.30326
0.114,0.74732,-0.4146,-0.32848
0.1141,0.74883,-0.39049,-0.35319
0.1142,0.74943,-0.36559,-0.3774
0.1143,0.74913,-0.33993,-0.40107
0.1144,0.74867,-0.31534,-0.42317
0.1145,0.74876,-0.29247,-0.44379
0.1146,0.74879,-0.27076,-0.46293
0.1147,0.74819,-0.24921,-0.48103
0.1148,0.74681,-0.22755,-0.49827
0.1149,0.74455,-0.20564,-0.51469
0.115,0.7413,-0.18348,-0.53026
0.1151,0.73707,-0.16113,-0.54493
0.1152,0.73188,-0.13866,-0.55868
0.1153,0.72573,-0.11614,-0.57152
0.1154,0.71863,-0.093612,-0.58344
0.1155,0.71062,-0.071129,-0.59447
0.1156,0.70164,-0.04867,-0.60463
0.1157,0.69169,-0.026247,-0.61392
0.1158,0.68078,-0.0039055,-0.62235
0.1159,0.66891,0.018354,-0.62994
0.116,0.65603,0.040546,-0.63671
0.1161,0.64214,0.062642,-0.64267
0.1162,0.62723,0.08462,-0.64783
0.1163,0.6113,0.10647,-0.6522
0.1164,0.59434,0.12817,-0.65577
0.1165,0.57636,0.14968,-0.65857
0.1166,0.5573,0.17102,-0.66056
0.1167,0.53717,0.19218,-0.66173
0.1168,0.51603,0.21307,-0.66207
0.1169,0.49392,0.23366,-0.66158
0.117,0.47081,0.25396,-0.66022
0.1171,0.45002,0.27096,-0.65825
0.1172,0.43124,0.28586,-0.65655
0.1173,0.41207,0.30069,-0.65472
0.1174,0.39241,0.31526,-0.65241
0.1175,0.37236,0.32943,-0.64956
0.1176,0.3519,0.34318,-0.64604
0.1177,0.33095,0.35647,-0.64175
0.1178,0.30961,0.36925,-0.63666
0.1179,0.28794,0.38147,-0.63078
0.118,0.26595,0.39319,-0.62411
0.1181,0.2437,0.40445,-0.61671
0.1182,0.22128,0.41525,-0.60862
0.1183,0.19867,0.4256,-0.59981
0.1184,0.17586,0.43549,-0.59022
0.1185,0.15294,0.44489,-0.57988
0.1186,0.12993,0.45379,-0.56877
0.1187,0.10682,0.46218,-0.55682
0.1188,0.083647,0.47005,-0.54403
0.1189,0.060489,0.47732,-0.53036
0.119,0.037352,0.48401,-0.51576
0.1191,0.014266,0.49011,-0.50024
0.1192,-0.008707,0.49559,-0.4838
0.1193,-0.031566,0.50042,-0.46638
0.1194,-0.054338,0.50461,-0.44794
0.1195,-0.076968,0.50815,-0.42855
0.1196,-0.09942,0.51104,-0.40824
0.1197,-0.12172,0.51327,-0.387
0.1198,-0.1428,0.5158,-0.36686
0.1199,-0.16115,0.52042,-0.35118
0.12,-0.1793,0.52459,-0.3349
0.1201,-0.19713,0.52807,-0.31795
0.1202,-0.21456,0.53094,-0.30053
0.1203,-0.23161,0.53328,-0.28274
0.1204,-0.24833,0.53504,-0.26454
0.1205,-0.26465,0.53622,-0.24601
0.1206,-0.28049,0.53686,-0.22732
0.1207,-0.29588,0.53692,-0.20845
0.1208,-0.31084,0.53641,-0.1894
0.1209,-0.32533,0.53535,-0.17028
0.121,-0.33938,0.53369,-0.15107
0.1211,-0.35298,0.53132,-0.1317
0.1212,-0.36609,0.52821,-0.11222
0.1213,-0.37865,0.52434,-0.092673
0.1214,-0.39075,0.51967,-0.072988
0.1215,-0.40238,0.51416,-0.053157
0.1216,-0.41348,0.5078,-0.033272
0.1217,-0.42403,0.50055,-0.013346
0.1218,-0.43408,0.49242,0.0066215
0.1219,-0.44361,0.48345,0.026542
0.122,-0.45257,0.4736,0.046368
0.1221,-0.46096,0.46281,0.06614
0.1222,-0.46878,0.45114,0.085801
0.1223,-0.476,0.43865,0.10525
0.1224,-0.48262,0.42535,0.12449
0.1225,-0.48863,0.41125,0.14349
