0.05,0.4137,0.11177,-0.45577
0.0501,0.40074,0.13134,-0.46287
0.0502,0.38698,0.15076,-0.46945
0.0503,0.37246,0.16989,-0.47545
0.0504,0.35729,0.18863,-0.48082
0.0505,0.34153,0.20687,-0.48548
0.0506,0.32528,0.22451,-0.48941
0.0507,0.3086,0.24148,-0.49257
0.0508,0.29156,0.25775,-0.49492
0.0509,0.27418,0.27332,-0.49646
0.051,0.2565,0.28824,-0.49722
0.0511,0.23851,0.30259,-0.49722
0.0512,0.22024,0.31645,-0.49651
0.0513,0.20171,0.32991,-0.49518
0.0514,0.18292,0.34307,-0.49328
0.0515,0.16389,0.35602,-0.49087
0.0516,0.14465,0.36879,-0.48798
0.0517,0.12523,0.38141,-0.48462
0.0518,0.10565,0.39386,-0.4808
0.0519,0.085932,0.40611,-0.47648
0.052,0.066142,0.41811,-0.47162
0.0521,0.046326,0.4298,-0.46617
0.0522,0.026551,0.44108,-0.46005
0.0523,0.0068884,0.45185,-0.45318
0.0524,-0.01259,0.46199,-0.44547
0.0525,-0.031834,0.47141,-0.43683
0.0526,-0.050801,0.48003,-0.42718
0.0527,-0.069474,0.48777,-0.41647
0.0528,-0.087849,0.49462,-0.40466
0.0529,-0.10594,0.50058,-0.39175
0.053,-0.12376,0.50568,-0.37778
0.0531,-0.14133,0.50998,-0.36285
0.0532,-0.15865,0.51356,-0.34704
0.0533,-0.17573,0.51651,-0.33049
0.0534,-0.19257,0.51891,-0.31332
0.0535,-0.20917,0.52083,-0.29567
0.0536,-0.22554,0.52236,-0.27764
0.0537,-0.24166,0.52355,-0.25935
0.0538,-0.25752,0.52445,-0.24089
0.0539,-0.2731,0.52505,-0.22233
0.054,-0.28836,0.52536,-0.20373
0.0541,-0.30324,0.52532,-0.18512
0.0542,-0.3177,0.52485,-0.16653
0.0543,-0.33169,0.52385,-0.14793
0.0544,-0.34515,0.5222,-0.12932
0.0545,-0.35804,0.51979,-0.11064
0.0546,-0.37031,0.5165,-0.091861
0.0547,-0.38196,0.51225,-0.072941
0.0548,-0.39298,0.50697,-0.053859
0.0549,-0.40336,0.50063,-0.034602
0.055,-0.41313,0.4932,-0.015184
0.0551,-0.42229,0.48471,0.0043626
0.0552,-0.43086,0.47518,0.023989
0.0553,-0.43887,0.46466,0.043642
0.0554,-0.44635,0.45323,0.063254
0.0555,-0.45332,0.44096,0.082753
0.0556,-0.56099,0.40366,0.22754
0.0557,-0.60874,0.37962,0.29872
0.0558,-0.63882,0.35917,0.34824
0.0559,-0.65938,0.34128,0.38525
0.056,-0.67416,0.32512,0.41436
0.0561,-0.68408,0.30902,0.4382
0.0562,-0.69033,0.29253,0.45846
0.0563,-0.69584,0.27643,0.4773
0.0564,-0.7012,0.26079,0.49533
0.0565,-0.70475,0.24439,0.51212
0.0566,-0.70585,0.22703,0.52728
0.0567,-0.70555,0.20904,0.54157
0.0568,-0.70395,0.19058,0.55496
0.0569,-0.70112,0.17194,0.56727
0.057,-0.69724,0.15342,0.57843
0.0571,-0.692,0.13438,0.58883
0.0572,-0.68538,0.11468,0.5986
0.0573,-0.6782,0.094844,0.60805
0.0574,-0.67069,0.075185,0.61712
0.0575,-0.66223,0.055384,0.62555
0.0576,-0.65227,0.035547,0.63269
0.0577,-0.64125,0.015989,0.63876
0.0578,-0.62942,-0.0030912,0.64384
0.0579,-0.61666,-0.021514,0.6477
0.058,-0.60265,-0.038947,0.64971
0.0581,-0.58713,-0.055682,0.64999
0.0582,-0.5702,-0.071953,0.6489
0.0583,-0.55288,-0.087585,0.64728
0.0584,-0.53539,-0.1027,0.64544
0.0585,-0.51687,-0.11818,0.64338
0.0586,-0.49707,-0.13419,0.64094
0.0587,-0.47701,-0.15021,0.63859
0.0588,-0.45685,-0.16603,0.63623
0.0589,-0.43574,-0.18198,0.63331
0.059,-0.41334,-0.19791,0.62932
0.0591,-0.39001,-0.21372,0.62449
0.0592,-0.36552,-0.22945,0.61861
0.0593,-0.33985,-0.24491,0.61145
0.0594,-0.31336,-0.25975,0.60299
0.0595,-0.28628,-0.27419,0.59365
0.0596,-0.25853,-0.28834,0.58344
0.0597,-0.23073,-0.3019,0.57262
0.0598,-0.20336,-0.31459,0.56133
0.0599,-0.17622,-0.32654,0.54949
0.06,-0.14906,-0.33762,0.53665
0.0601,-0.12211,-0.34768,0.52289
0.0602,-0.095322,-0.35692,0.50829
0.0603,-0.068545,-0.36552,0.49287
0.0604,-0.041703,-0.37338,0.4764
0.0605,-0.014707,-0.38071,0.45895
0.0606,0.012552,-0.38767,0.44051
0.0607,0.039574,-0.39414,0.42144
0.0608,0.066012,-0.40004,0.40199
0.0609,0.092174,-0.40585,0.38232
0.061,0.11835,-0.41175,0.36232
0.0611,0.14418,-0.41755,0.34219
0.0612,0.16966,-0.42317,0.32186
0.0613,0.19515,-0.42869,0.30103
0.0614,0.22076,-0.43384,0.27937
0.0615,0.24628,-0.43851,0.25692
0.0616,0.27184,-0.44263,0.23353
0.0617,0.29735,-0.44596,0.20907
0.0618,0.32247,-0.44816,0.18356
0.0619,0.34705,-0.44934,0.15726
0.062,0.37108,-0.44962,0.13039
0.0621,0.39416,-0.44899,0.10335
0.0622,0.4161,-0.44755,0.076518
0.0623,0.43705,-0.44558,0.050039
0.0624,0.45708,-0.44298,0.023789
0.0625,0.47609,-0.43964,-0.002187
0.0626,0.49429,-0.43566,-0.027963
0.0627,0.51189,-0.43116,-0.053589
0.0628,0.52884,-0.42603,-0.079109
0.0629,0.54526,-0.42043,-0.10444
0.063,0.56148,-0.41458,-0.12965
0.0631,0.57728,-0.40841,-0.15457
0.0632,0.5923,-0.40176,-0.17892
0.0633,0.60659,-0.39484,-0.20252
0.0634,0.6203,-0.38763,-0.22546
0.0635,0.63311,-0.3799,-0.24764
0.0636,0.64492,-0.37145,-0.26912
0.0637,0.65596,-0.3622,-0.29017
0.0638,0.66628,-0.3519,-0.31111
0.0639,0.67575,-0.34045,-0.33188
0.064,0.68449,-0.32793,-0.35253
0.0641,0.69254,-0.31437,-0.37309
0.0642,0.69975,-0.29968,-0.39352
0.0643,0.70596,-0.28398,-0.41359
0.0644,0.71115,-0.26739,-0.43318
0.0645,0.71511,-0.24997,-0.45205
0.0646,0.71772,-0.2319,-0.46995
0.0647,0.71911,-0.21354,-0.48669
0.0648,0.71939,-0.195,-0.50231
0.0649,0.7186,-0.17637,-0.5168
0.065,0.71702,-0.15784,-0.53027
0.0651,0.71478,-0.13951,-0.5428
0.0652,0.71186,-0.1213,-0.55448
0.0653,0.70831,-0.10327,-0.56534
0.0654,0.70433,-0.085503,-0.57556
0.0655,0.69974,-0.067853,-0.58514
0.0656,0.69426,-0.050162,-0.594
0.0657,0.68789,-0.032527,-0.60207
0.0658,0.68062,-0.014959,-0.60937
0.0659,0.67218,0.002628,-0.61575
0.066,0.66249,0.020244,-0.62119
0.0661,0.65168,0.037874,-0.62583
0.0662,0.6397,0.05572,-0.62987
0.0663,0.62644,0.073886,-0.6333
0.0664,0.61202,0.092299,-0.63621
0.0665,0.59652,0.11089,-0.63862
0.0666,0.57986,0.12965,-0.64045
0.0667,0.56207,0.14834,-0.64151
0.0668,0.54327,0.16676,-0.64172
0.0669,0.52336,0.18482,-0.64089
0.067,0.50228,0.20238,-0.63883
0.0671,0.48018,0.21922,-0.63544
0.0672,0.45719,0.23529,-0.63077
0.0673,0.43334,0.25067,-0.62492
0.0674,0.40889,0.26534,-0.61806
0.0675,0.38407,0.27936,-0.61043
0.0676,0.35897,0.29289,-0.60221
0.0677,0.33367,0.30594,-0.59346
0.0678,0.30834,0.3185,-0.58428
0.0679,0.28295,0.33067,-0.57471
0.068,0.25733,0.34257,-0.56468
0.0681,0.23143,0.35426,-0.55413
0.0682,0.2052,0.36578,-0.54303
0.0683,0.17848,0.37719,-0.53125
0.0684,0.15125,0.38845,-0.51869
0.0685,0.12366,0.39942,-0.50534
0.0686,0.095788,0.41011,-0.49126
0.0687,0.067723,0.42046,-0.47641
0.0688,0.039657,0.43033,-0.46083
0.0689,0.011711,0.43965,-0.44449
0.069,-0.016096,0.44838,-0.42733
0.0691,-0.043666,0.45639,-0.40929
0.0692,-0.070903,0.46358,-0.39032
0.0693,-0.097866,0.47,-0.37036
0.0694,-0.12458,0.47561,-0.34937
0.0695,-0.15094,0.48031,-0.32731
0.0696,-0.17693,0.48414,-0.30426
0.0697,-0.20258,0.48717,-0.28027
0.0698,-0.22778,0.48944,-0.25555
0.0699,-0.2524,0.49107,-0.23037
0.07,-0.27652,0.49228,-0.20493
0.0701,-0.30016,0.49319,-0.1794
0.0702,-0.32323,0.49384,-0.15395
0.0703,-0.34579,0.49428,-0.12862
0.0704,-0.36795,0.49456,-0.10337
0.0705,-0.38971,0.49458,-0.078152
0.0706,-0.41105,0.49428,-0.052932
0.0707,-0.43206,0.49361,-0.027611
0.0708,-0.45274,0.49245,-0.0021035
0.0709,-0.47297,0.49067,0.023572
0.071,-0.49267,0.48822,0.049325
0.0711,-0.51176,0.48506,0.075079
0.0712,-0.53006,0.48109,0.10071
0.0713,-0.54742,0.47627,0.12609
0.0714,-0.56381,0.47057,0.15115
0.0715,-0.57917,0.46391,0.17591
0.0716,-0.59346,0.45623,0.20034
0.0717,-0.60673,0.44756,0.22444
0.0718,-0.61908,0.43794,0.24821
0.0719,-0.63053,0.4274,0.27162
0.072,-0.64117,0.41605,0.29463
0.0721,-0.65107,0.40398,0.31719
0.0722,-0.66019,0.39124,0.33919
0.0723,-0.66848,0.37791,0.36051
0.0724,-0.67597,0.36411,0.38104
0.0725,-0.68264,0.34991,0.40073
0.0726,-0.68845,0.33533,0.41953
0.0727,-0.69342,0.32041,0.43747
0.0728,-0.69763,0.30519,0.45462
0.0729,-0.70106,0.28959,0.47106
0.073,-0.70369,0.27361,0.48687
0.0731,-0.70559,0.25724,0.50212
0.0732,-0.70673,0.24042,0.5169
0.0733,-0.70699,0.22309,0.53121
0.0734,-0.70634,0.20523,0.54503
0.0735,-0.70471,0.18688,0.55831
0.0736,-0.70198,0.16806,0.57093
0.0737,-0.69808,0.14886,0.58278
0.0738,-0.69304,0.12944,0.59377
0.0739,-0.68685,0.10989,0.60384
0.074,-0.6795,0.090284,0.61291
0.0741,-0.67106,0.070754,0.62099
0.0742,-0.66163,0.051387,0.6281
0.0743,-0.65122,0.032226,0.63426
0.0744,-0.63987,0.013351,0.63948
0.0745,-0.62766,-0.0051641,0.64379
0.0746,-0.61458,-0.023301,0.64723
0.0747,-0.60057,-0.041054,0.64976
0.0748,-0.58561,-0.05838,0.65135
0.0749,-0.56969,-0.075293,0.65202
0.075,-0.55274,-0.091848,0.65175
0.0751,-0.53475,-0.1081,0.6506
0.0752,-0.51577,-0.12414,0.64864
0.0753,-0.49581,-0.14006,0.64599
0.0754,-0.4749,-0.15595,0.64271
0.0755,-0.45313,-0.17183,0.63887
0.0756,-0.43057,-0.18771,0.63449
0.0757,-0.40724,-0.20356,0.62958
0.0758,-0.38322,-0.2193,0.62406
0.0759,-0.35855,-0.23487,0.61788
0.076,-0.33322,-0.25017,0.61093
0.0761,-0.30727,-0.26509,0.60311
0.0762,-0.28079,-0.27949,0.59433
0.0763,-0.25385,-0.29328,0.58456
0.0764,-0.22654,-0.30641,0.57379
0.0765,-0.19902,-0.31881,0.56205
0.0766,-0.17143,-0.33045,0.5494
0.0767,-0.14386,-0.34135,0.53591
0.0768,-0.1164,-0.35149,0.52164
0.0769,-0.089153,-0.36091,0.50666
0.077,-0.062107,-0.36968,0.49101
0.0771,-0.035219,-0.37789,0.47472
0.0772,-0.0084764,-0.38561,0.45778
0.0773,0.018169,-0.3929,0.4402
0.0774,0.044791,-0.39982,0.42192
0.0775,0.071418,-0.4064,0.40293
0.0776,0.098019,-0.41265,0.38323
0.0777,0.12459,-0.41859,0.36284
0.0778,0.15112,-0.42424,0.34179
0.0779,0.17752,-0.42955,0.32011
0.078,0.20373,-0.43451,0.29786
0.0781,0.2297,-0.43906,0.27505
0.0782,0.25536,-0.44312,0.2517
0.0783,0.28062,-0.4466,0.22781
0.0784,0.30544,-0.44942,0.2034
0.0785,0.32978,-0.45151,0.17846
0.0786,0.35357,-0.45278,0.15299
0.0787,0.37677,-0.45318,0.12706
0.0788,0.39933,-0.45273,0.10074
0.0789,0.42119,-0.45143,0.074146
0.079,0.44229,-0.44935,0.047431
0.0791,0.46262,-0.44658,0.020739
0.0792,0.48216,-0.44319,-0.0057949
0.0793,0.50092,-0.43924,-0.032057
0.0794,0.51892,-0.43481,-0.057964
0.0795,0.53619,-0.42994,-0.083482
0.0796,0.55276,-0.42464,-0.10859
0.0797,0.5687,-0.41895,-0.13328
0.0798,0.58404,-0.41283,-0.15759
0.0799,0.5988,-0.40625,-0.18152
0.08,0.61297,-0.39914,-0.2051
0.0801,0.62651,-0.39141,-0.22829
0.0802,0.63937,-0.38298,-0.2511
0.0803,0.65146,-0.37377,-0.27349
0.0804,0.66271,-0.3637,-0.29544
0.0805,0.67305,-0.35271,-0.31695
0.0806,0.68244,-0.34074,-0.338
0.0807,0.69081,-0.32777,-0.3586
0.0808,0.69819,-0.31383,-0.37873
0.0809,0.70457,-0.29897,-0.3984
0.081,0.70995,-0.28324,-0.41759
0.0811,0.71436,-0.26673,-0.43625
0.0812,0.71783,-0.24956,-0.45435
0.0813,0.72037,-0.23183,-0.47182
0.0814,0.72196,-0.21368,-0.48854
0.0815,0.72263,-0.19526,-0.50443
0.0816,0.72242,-0.17671,-0.51941
0.0817,0.72131,-0.15814,-0.53341
0.0818,0.71934,-0.13964,-0.54637
0.0819,0.71655,-0.12128,-0.55833
0.082,0.71293,-0.10308,-0.56932
0.0821,0.7085,-0.085044,-0.5794
0.0822,0.70327,-0.067138,-0.58864
0.0823,0.6972,-0.049308,-0.59711
0.0824,0.69026,-0.031486,-0.60488
0.0825,0.6824,-0.013623,-0.61197
0.0826,0.67356,0.0043281,-0.61841
0.0827,0.66364,0.022401,-0.62417
0.0828,0.65259,0.040599,-0.62922
0.0829,0.64034,0.058909,-0.63354
0.083,0.62687,0.077318,-0.63708
0.0831,0.61212,0.095789,-0.63982
0.0832,0.59613,0.11426,-0.64173
0.0833,0.57894,0.13267,-0.6428
0.0834,0.56059,0.15092,-0.64302
0.0835,0.54118,0.16894,-0.64237
0.0836,0.52079,0.18661,-0.64083
0.0837,0.4995,0.20385,-0.6384
0.0838,0.47741,0.22059,-0.63504
0.0839,0.45458,0.23676,-0.63075
0.084,0.43111,0.25233,-0.62551
0.0841,0.40704,0.2673,-0.61935
0.0842,0.38244,0.28166,-0.61229
0.0843,0.35739,0.29547,-0.6044
0.0844,0.33194,0.30877,-0.59573
0.0845,0.30613,0.32163,-0.58637
0.0846,0.28003,0.33411,-0.57638
0.0847,0.25366,0.34625,-0.56582
0.0848,0.22704,0.35814,-0.55472
0.0849,0.20019,0.36981,-0.5431
0.085,0.17311,0.38125,-0.53094
0.0851,0.1458,0.39246,-0.51818
0.0852,0.11828,0.4034,-0.50479
0.0853,0.090569,0.41398,-0.49067
0.0854,0.06272,0.42413,-0.47576
0.0855,0.034791,0.43378,-0.45998
0.0856,0.0068639,0.44284,-0.44329
0.0857,-0.020967,0.45124,-0.42565
0.0858,-0.048624,0.45894,-0.40705
0.0859,-0.076019,0.46589,-0.38751
0.086,-0.10308,0.47207,-0.36705
0.0861,-0.12975,0.47749,-0.34572
0.0862,-0.15601,0.48217,-0.32358
0.0863,-0.18185,0.48614,-0.30069
0.0864,-0.20726,0.48943,-0.27712
0.0865,-0.23226,0.49211,-0.25293
0.0866,-0.25687,0.49421,-0.22822
0.0867,-0.2811,0.49581,-0.20307
0.0868,-0.30494,0.49697,-0.17758
0.0869,-0.32841,0.49773,-0.15185
0.087,-0.35146,0.49814,-0.12599
0.0871,-0.37408,0.49822,-0.10007
0.0872,-0.39623,0.49797,-0.074163
0.0873,-0.41786,0.49734,-0.048316
0.0874,-0.43894,0.4963,-0.022552
0.0875,-0.45942,0.49478,0.003122
0.0876,-0.4793,0.49269,0.028715
0.0877,-0.49852,0.48995,0.054231
0.0878,-0.51706,0.48648,0.079672
0.0879,-0.53484,0.48221,0.10503
0.088,-0.55184,0.47708,0.13026
0.0881,-0.56798,0.47105,0.15533
0.0882,-0.58323,0.4641,0.18017
0.0883,-0.59756,0.45623,0.20473
0.0884,-0.61095,0.44746,0.22893
0.0885,-0.6234,0.4378,0.25271
0.0886,-0.63492,0.4273,0.27602
0.0887,-0.64555,0.41603,0.29881
0.0888,-0.65532,0.40403,0.32104
0.0889,-0.66428,0.39137,0.34267
0.089,-0.67246,0.37811,0.36369
0.0891,-0.67987,0.36429,0.38406
0.0892,-0.68653,0.34996,0.40378
0.0893,-0.69242,0.33516,0.42281
0.0894,-0.69753,0.31991,0.44113
0.0895,-0.70182,0.30423,0.45874
0.0896,-0.70526,0.28816,0.47563
0.0897,-0.70781,0.27168,0.4918
0.0898,-0.70944,0.2548,0.50726
0.0899,-0.71012,0.23752,0.52202
0.09,-0.70983,0.21984,0.5361
0.0901,-0.70855,0.20176,0.54952
0.0902,-0.70628,0.18331,0.56227
0.0903,-0.703,0.16452,0.57434
0.0904,-0.69871,0.14543,0.58575
0.0905,-0.6934,0.12611,0.59643
0.0906,-0.68707,0.10666,0.60634
0.0907,-0.67973,0.08716,0.61539
0.0908,-0.67136,0.067718,0.62355
0.0909,-0.66199,0.048421,0.63074
0.091,-0.65161,0.029348,0.63695
0.0911,-0.64022,0.010557,0.64216
0.0912,-0.62783,-0.0079094,0.64638
0.0913,-0.61446,-0.02603,0.64964
0.0914,-0.6001,-0.043806,0.65198
0.0915,-0.58475,-0.061255,0.65344
0.0916,-0.56842,-0.078403,0.65406
0.0917,-0.55111,-0.095287,0.65388
0.0918,-0.53282,-0.11195,0.65292
0.0919,-0.51355,-0.12843,0.65121
0.092,-0.49332,-0.14476,0.64876
0.0921,-0.47214,-0.16097,0.64558
0.0922,-0.45005,-0.17707,0.64167
0.0923,-0.42709,-0.19304,0.63705
0.0924,-0.40333,-0.20886,0.63172
0.0925,-0.37885,-0.22449,0.62566
0.0926,-0.35372,-0.23987,0.61887
0.0927,-0.32804,-0.25491,0.61133
0.0928,-0.30188,-0.26954,0.60304
0.0929,-0.27535,-0.28368,0.59395
0.093,-0.2485,-0.29726,0.58404
0.0931,-0.22143,-0.31022,0.5733
0.0932,-0.19419,-0.32254,0.5617
0.0933,-0.16684,-0.33419,0.54924
0.0934,-0.13945,-0.34514,0.53592
0.0935,-0.11205,-0.3554,0.52176
0.0936,-0.084694,-0.36501,0.50679
0.0937,-0.057401,-0.374,0.49105
0.0938,-0.030193,-0.38243,0.47456
0.0939,-0.0030761,-0.39036,0.45738
0.094,0.023946,-0.39784,0.4395
0.0941,0.05088,-0.40492,0.42096
0.0942,0.077732,-0.41164,0.40176
0.0943,0.1045,-0.418,0.3819
0.0944,0.13118,-0.42401,0.36136
0.0945,0.15775,-0.42964,0.34014
0.0946,0.18418,-0.43487,0.31825
0.0947,0.21041,-0.43965,0.29569
0.0948,0.23639,-0.44392,0.2725
0.0949,0.26204,-0.44765,0.2487
0.095,0.2873,-0.45076,0.22436
0.0951,0.31207,-0.45321,0.19954
0.0952,0.3363,-0.45496,0.1743
0.0953,0.35993,-0.45599,0.1487
0.0954,0.38291,-0.45626,0.12282
0.0955,0.40522,-0.45578,0.096716
0.0956,0.42682,-0.45456,0.070455
0.0957,0.44772,-0.45262,0.044103
0.0958,0.46792,-0.45001,0.017734
0.0959,0.48745,-0.44677,-0.0085784
0.096,0.50631,-0.44296,-0.034754
0.0961,0.5245,-0.43862,-0.060719
0.0962,0.54203,-0.43378,-0.086401
0.0963,0.55889,-0.42845,-0.11174
0.0964,0.57506,-0.42266,-0.13669
0.0965,0.59055,-0.41637,-0.16122
0.0966,0.60533,-0.40955,-0.18532
0.0967,0.61939,-0.40213,-0.20896
0.0968,0.63272,-0.39404,-0.23217
0.0969,0.64527,-0.3852,-0.25496
0.097,0.65703,-0.37555,-0.27731
0.0971,0.66794,-0.36503,-0.29926
0.0972,0.67798,-0.35358,-0.32078
0.0973,0.68709,-0.34119,-0.34187
0.0974,0.69526,-0.32787,-0.36251
0.0975,0.70245,-0.31363,-0.38266
0.0976,0.70866,-0.29853,-0.40229
0.0977,0.71387,-0.28266,-0.42137
0.0978,0.7181,-0.2661,-0.43984
0.0979,0.72137,-0.24895,-0.45767
0.098,0.72371,-0.23132,-0.4748
0.0981,0.72516,-0.21333,-0.49119
0.0982,0.72572,-0.19507,-0.50681
0.0983,0.72544,-0.17665,-0.52159
0.0984,0.72432,-0.15815,-0.53552
0.0985,0.72238,-0.13964,-0.54854
0.0986,0.7196,-0.12118,-0.56066
0.0987,0.71597,-0.10279,-0.57188
0.0988,0.71148,-0.084484,-0.5822
0.0989,0.70608,-0.06626,-0.59165
0.099,0.69974,-0.048093,-0.60025
0.0991,0.69243,-0.029952,-0.60802
0.0992,0.6841,-0.011798,-0.61501
0.0993,0.67473,0.0064036,-0.62125
0.0994,0.66427,0.024677,-0.62675
0.0995,0.65268,0.043034,-0.63154
0.0996,0.63995,0.061468,-0.63561
0.0997,0.62607,0.079953,-0.63894
0.0998,0.611,0.098445,-0.64151
0.0999,0.59476,0.11689,-0.64328
0.1,0.57736,0.13521,-0.64421
0.1001,0.55886,0.15334,-0.64428
0.1002,0.5393,0.17119,-0.64346
0.1003,0.51876,0.1887,-0.64173
0.1004,0.49731,0.2058,-0.6391
0.1005,0.47504,0.22243,-0.63555
0.1006,0.45204,0.23856,-0.63111
0.1007,0.4284,0.25416,-0.6258
0.1008,0.40419,0.26922,-0.61964
0.1009,0.37947,0.28377,-0.61266
0.101,0.35431,0.29782,-0.60489
0.1011,0.32873,0.3114,-0.59637
0.1012,0.30278,0.32454,-0.58712
0.1013,0.27647,0.33728,-0.57718
0.1014,0.24984,0.34967,-0.56656
0.1015,0.22291,0.36174,-0.5553
0.1016,0.19572,0.37352,-0.54341
0.1017,0.1683,0.38499,-0.53087
0.1018,0.14069,0.39614,-0.51769
0.1019,0.11294,0.40694,-0.50385
0.102,0.085102,0.41734,-0.48932
0.1021,0.057221,0.42728,-0.47405
0.1022,0.029355,0.43671,-0.45799
0.1023,0.0015612,0.44557,-0.44108
0.1024,-0.026105,0.4538,-0.42328
0.1025,-0.053588,0.46136,-0.40457
0.1026,-0.080838,0.46822,-0.38493
0.1027,-0.10781,0.47435,-0.36437
0.1028,-0.13446,0.47976,-0.34293
0.1029,-0.16077,0.48448,-0.32067
0.103,-0.1867,0.48851,-0.29764
0.1031,-0.21225,0.49192,-0.27395
0.1032,-0.23741,0.49473,-0.24968
0.1033,-0.26217,0.497,-0.22492
0.1034,-0.28654,0.49876,-0.19975
0.1035,-0.31051,0.50007,-0.17426
0.1036,-0.33407,0.50094,-0.14852
0.1037,-0.3572,0.50139,-0.1226
0.1038,-0.37988,0.50143,-0.096579
0.1039,-0.40208,0.50105,-0.070503
0.104,-0.42374,0.50022,-0.044429
0.1041,-0.44482,0.4989,-0.018405
0.1042,-0.46526,0.49705,0.0075316
0.1043,-0.48505,0.49461,0.033345
0.1044,-0.50413,0.49152,0.059012
0.1045,-0.52246,0.48773,0.08451
0.1046,-0.53999,0.48316,0.10982
0.1047,-0.5567,0.47778,0.13493
0.1048,-0.57256,0.47157,0.15982
0.1049,-0.58757,0.46448,0.18446
0.105,-0.60171,0.45651,0.20882
0.1051,-0.61499,0.44768,0.23285
0.1052,-0.6274,0.43799,0.25651
0.1053,-0.63895,0.42747,0.27975
0.1054,-0.64966,0.41616,0.30252
0.1055,-0.65953,0.40412,0.32476
0.1056,-0.66857,0.39139,0.34642
0.1057,-0.67678,0.37802,0.36746
0.1058,-0.68419,0.36406,0.38786
0.1059,-0.69077,0.34955,0.40758
0.106,-0.69654,0.33453,0.4266
0.1061,-0.70147,0.31902,0.44494
0.1062,-0.70555,0.30307,0.46256
0.1063,-0.70875,0.28668,0.47948
0.1064,-0.71105,0.26987,0.4957
0.1065,-0.71242,0.25266,0.51121
0.1066,-0.71283,0.23507,0.52601
0.1067,-0.71227,0.21711,0.54009
0.1068,-0.7107,0.19882,0.55345
0.1069,-0.70813,0.18021,0.56607
0.107,-0.70456,0.16134,0.57796
0.1071,-0.69998,0.14225,0.58912
0.1072,-0.6944,0.123,0.59952
0.1073,-0.68783,0.10366,0.60914
0.1074,-0.68027,0.084298,0.61794
0.1075,-0.67174,0.064988,0.62589
0.1076,-0.66223,0.045798,0.63295
0.1077,-0.65174,0.026788,0.6391
0.1078,-0.64025,0.008011,0.64432
0.1079,-0.62775,-0.010498,0.6486
0.108,-0.61423,-0.028718,0.65194
0.1081,-0.59967,-0.046642,0.65435
0.1082,-0.58406,-0.064279,0.65586
0.1083,-0.5674,-0.081648,0.65648
0.1084,-0.54971,-0.098774,0.65626
0.1085,-0.531,-0.11569,0.65523
0.1086,-0.5113,-0.13241,0.65342
0.1087,-0.49065,-0.14897,0.65085
0.1088,-0.46908,-0.16537,0.64754
0.1089,-0.44665,-0.1816,0.64349
0.109,-0.42341,-0.19766,0.63872
0.1091,-0.39942,-0.21351,0.63321
0.1092,-0.37474,-0.22911,0.62696
0.1093,-0.34946,-0.24439,0.61996
0.1094,-0.32366,-0.2593,0.61219
0.1095,-0.29741,-0.27377,0.60364
0.1096,-0.2708,-0.28774,0.5943
0.1097,-0.24391,-0.30116,0.58417
0.1098,-0.2168,-0.314,0.57324
0.1099,-0.18955,-0.32625,0.5615
0.11,-0.16221,-0.33787,0.54896
0.1101,-0.13481,-0.34886,0.53561
0.1102,-0.1074,-0.35923,0.52145
0.1103,-0.079998,-0.36899,0.50651
0.1104,-0.052616,-0.37817,0.49078
0.1105,-0.031168,-0.38809,0.48146
0.1106,-0.011593,-0.39816,0.47387
0.1107,0.0080719,-0.4077,0.46531
0.1108,0.027746,-0.41671,0.45585
0.1109,0.04735,-0.42525,0.44559
0.111,0.066904,-0.43337,0.43456
0.1111,0.086415,-0.44104,0.4227
0.1112,0.10577,-0.44825,0.41012
0.1113,0.12487,-0.45495,0.39688
0.1114,0.1437,-0.46113,0.38298
0.1115,0.16225,-0.46679,0.36848
0.1116,0.18048,-0.47194,0.35344
0.1117,0.19835,-0.47649,0.33784
0.1118,0.21583,-0.48034,0.32165
0.1119,0.23286,-0.48347,0.30496
0.112,0.24944,-0.48587,0.28778
0.1121,0.26561,-0.48751,0.27008
0.1122,0.28136,-0.4884,0.2519
0.1123,0.29668,-0.48853,0.23332
0.1124,0.31157,-0.48792,0.21434
0.1125,0.32609,-0.48663,0.19504
0.1126,0.34025,-0.48471,0.1755
0.1127,0.35407,-0.48215,0.15571
0.1128,0.36752,-0.47892,0.13571
0.1129,0.38057,-0.47506,0.11561
0.113,0.3932,-0.47061,0.095496
0.1131,0.40539,-0.46552,0.075369
0.1132,0.41707,-0.45977,0.055321
0.1133,0.42819,-0.45335,0.035454
0.1134,0.43873,-0.4462,0.015771
0.1135,0.44872,-0.43831,-0.0037293
0.1136,0.45808,-0.42963,-0.022987
0.1137,0.46679,-0.42008,-0.042024
0.1138,0.47485,-0.40958,-0.060912
0.1139,0.48225,-0.39814,-0.079639
0.114,0.48899,-0.38577,-0.098184
0.1141,0.49509,-0.37245,-0.11662
0.1142,0.50058,-0.3582,-0.13498
0.1143,0.50544,-0.34312,-0.15317
0.1144,0.50969,-0.32725,-0.17121
0.1145,0.51339,-0.31066,-0.18912
0.1146,0.51656,-0.29345,-0.20684
0.1147,0.51917,-0.27571,-0.22432
0.1148,0.52127,-0.25752,-0.24154
0.1149,0.52284,-0.23896,-0.25845
0.115,0.52388,-0.22015,-0.27493
0.1151,0.52435,-0.20116,-0.29093
0.1152,0.52426,-0.18203,-0.30644
0.1153,0.52356,-0.16283,-0.3214
0.1154,0.52222,-0.14363,-0.33576
0.1155,0.52021,-0.12441,-0.34953
0.1156,0.51747,-0.10516,-0.36272
0.1157,0.51394,-0.085878,-0.37531
0.1158,0.50959,-0.06654,-0.3873
0.1159,0.50441,-0.047136,-0.39875
0.116,0.49837,-0.027675,-0.40965
0.1161,0.49144,-0.0081434,-0.42003
0.1162,0.48364,0.011463,-0.42993
0.1163,0.47494,0.031124,-0.43937
0.1164,0.46535,0.050809,-0.44833
0.1165,0.4549,0.070514,-0.45688
0.1166,0.44363,0.090194,-0.46501
0.1167,0.43153,0.10979,-0.47267
0.1168,0.41865,0.12926,-0.47986
0.1169,0.40501,0.14854,-0.48655
0.117,0.39067,0.16755,-0.49267
0.1171,0.37565,0.18621,-0.49815
0.1172,0.36002,0.20449,-0.50301
0.1173,0.34381,0.22235,-0.50718
0.1174,0.32707,0.23973,-0.51061
0.1175,0.30982,0.25664,-0.51332
0.1176,0.29212,0.27311,-0.51531
0.1177,0.27399,0.28912,-0.51657
0.1178,0.25545,0.30468,-0.51709
0.1179,0.23657,0.31983,-0.51692
0.118,0.21738,0.33456,-0.51608
0.1181,0.1979,0.34891,-0.51456
0.1182,0.17819,0.3629,-0.5124
0.1183,0.15831,0.37656,-0.50965
0.1184,0.13831,0.38986,-0.50631
0.1185,0.11823,0.40279,-0.50237
0.1186,0.09814,0.41533,-0.49785
0.1187,0.078081,0.42745,-0.49272
0.1188,0.058089,0.43909,-0.48691
0.1189,0.038208,0.45021,-0.48038
0.119,0.01848,0.46076,-0.47307
0.1191,-0.0010861,0.47069,-0.4649
0.1192,-0.020475,0.47996,-0.45582
0.1193,-0.039683,0.48857,-0.4458
0.1194,-0.058714,0.49648,-0.4348
0.1195,-0.077584,0.5037,-0.4228
0.1196,-0.096287,0.51023,-0.40984
0.1197,-0.11483,0.51608,-0.39593
0.1198,-0.13321,0.52126,-0.3811
0.1199,-0.15142,0.52581,-0.36544
0.12,-0.16943,0.52974,-0.34904
0.1201,-0.18724,0.5331,-0.33197
0.1202,-0.20482,0.5359,-0.31434
0.1203,-0.22211,0.53819,-0.29627
0.1204,-0.23907,0.53997,-0.27785
0.1205,-0.25568,0.54126,-0.25915
0.1206,-0.27188,0.54205,-0.24026
0.1207,-0.28762,0.54232,-0.22124
0.1208,-0.30286,0.54202,-0.2021
0.1209,-0.31759,0.5411,-0.18289
0.121,-0.33178,0.53954,-0.16362
0.1211,-0.34541,0.53726,-0.14431
0.1212,-0.35847,0.53422,-0.12492
0.1213,-0.37096,0.53037,-0.10548
0.1214,-0.38288,0.5257,-0.085974
0.1215,-0.39426,0.52015,-0.066378
0.1216,-0.40509,0.5137,-0.046684
0.1217,-0.4154,0.50635,-0.026912
0.1218,-0.42521,0.49808,-0.0070579
0.1219,-0.43453,0.48888,0.012867
0.122,-0.44337,0.47878,0.032808
0.1221,-0.45171,0.46782,0.052708
0.1222,-0.45955,0.45602,0.072525
0.1223,-0.46689,0.44344,0.09219
0.1224,-0.47369,0.43011,0.11163
0.1225,-0.47993,0.4161,0.13078
