0.05,0.59019,-1.0347,0.42683
0.0501,0.62295,-1.0296,0.39173
0.0502,0.65471,-1.023,0.35622
0.0503,0.68538,-1.0148,0.32038
0.0504,0.71491,-1.005,0.28426
0.0505,0.74326,-0.99369,0.24788
0.0506,0.77039,-0.98088,0.21125
0.0507,0.79631,-0.96659,0.17439
0.0508,0.82105,-0.95087,0.13724
0.0509,0.84464,-0.93377,0.099825
0.051,0.8671,-0.91538,0.062137
0.0511,0.88849,-0.89578,0.0242
0.0512,0.90881,-0.87507,-0.013956
0.0513,0.92808,-0.85332,-0.05228
0.0514,0.94626,-0.83059,-0.090711
0.0515,0.9633,-0.80696,-0.12918
0.0516,0.97912,-0.78245,-0.16762
0.0517,0.9936,-0.75707,-0.20594
0.0518,1.0066,-0.73083,-0.24406
0.0519,1.0181,-0.70373,-0.28189
0.052,1.028,-0.67577,-0.31933
0.0521,1.036,-0.64694,-0.35629
0.0522,1.0423,-0.61724,-0.39269
0.0523,1.0466,-0.58667,-0.42846
0.0524,1.0489,-0.55523,-0.46354
0.0525,1.0493,-0.52292,-0.49789
0.0526,1.0477,-0.48975,-0.53148
0.0527,1.0443,-0.45577,-0.5643
0.0528,1.039,-0.42102,-0.59636
0.0529,1.0321,-0.38558,-0.62766
0.053,1.0236,-0.34953,-0.6582
0.0531,1.0137,-0.31297,-0.68797
0.0532,1.0025,-0.27602,-0.71696
0.0533,0.99017,-0.23877,-0.74515
0.0534,0.9767,-0.20131,-0.77251
0.0535,0.9622,-0.1637,-0.79901
0.0536,0.9467,-0.12597,-0.8246
0.0537,0.93021,-0.088168,-0.84921
0.0538,0.91273,-0.050326,-0.87276
0.0539,0.89421,-0.01248,-0.89516
0.054,0.87462,0.025353,-0.91631
0.0541,0.8539,0.063154,-0.93612
0.0542,0.832,0.10091,-0.95445
0.0543,0.80885,0.13862,-0.97123
0.0544,0.78444,0.17627,-0.98637
0.0545,0.75873,0.21385,-0.99979
0.0546,0.73175,0.25133,-1.0114
0.0547,0.70353,0.28867,-1.0213
0.0548,0.67416,0.3258,-1.0294
0.0549,0.64372,0.36266,-1.0358
0.055,0.61234,0.39914,-1.0404
0.0551,0.58013,0.43516,-1.0433
0.0552,0.54722,0.47063,-1.0446
0.0553,0.51373,0.50545,-1.0443
0.0554,0.47977,0.53955,-1.0425
0.0555,0.44542,0.57286,-1.0392
0.0556,0.41075,0.60532,-1.0346
0.0557,0.37582,0.63688,-1.0286
0.0558,0.34064,0.66749,-1.0212
0.0559,0.30522,0.69712,-1.0125
0.056,0.26953,0.72576,-1.0024
0.0561,0.23354,0.75339,-0.99093
0.0562,0.1972,0.78001,-0.97805
0.0563,0.16048,0.80563,-0.96375
0.0564,0.12331,0.83025,-0.94805
0.0565,0.085671,0.85386,-0.93096
0.0566,0.047592,0.87644,-0.9125
0.0567,0.0091168,0.89794,-0.89271
0.0568,-0.029685,0.9183,-0.87164
0.0569,-0.068716,0.93746,-0.84935
0.057,-0.10786,0.95533,-0.82591
0.0571,-0.14698,0.97182,-0.80139
0.0572,-0.18596,0.98684,-0.77586
0.0573,-0.22464,1.0003,-0.7494
0.0574,-0.26291,1.0122,-0.72208
0.0575,-0.30064,1.0223,-0.69396
0.0576,-0.33775,1.0307,-0.66509
0.0577,-0.37415,1.0373,-0.6355
0.0578,-0.40979,1.0421,-0.60521
0.0579,-0.44467,1.0451,-0.57422
0.058,-0.47877,1.0463,-0.54254
0.0581,-0.51212,1.0457,-0.51016
0.0582,-0.54477,1.0434,-0.47708
0.0583,-0.57674,1.0395,-0.4433
0.0584,-0.6081,1.034,-0.40883
0.0585,-0.63885,1.0271,-0.3737
0.0586,-0.66902,1.0188,-0.33793
0.0587,-0.69858,1.0092,-0.30157
0.0588,-0.72752,0.99825,-0.26468
0.0589,-0.75578,0.98611,-0.22732
0.059,-0.78327,0.97278,-0.18956
0.0591,-0.80989,0.95827,-0.15149
0.0592,-0.83553,0.94259,-0.11316
0.0593,-0.86007,0.92573,-0.074682
0.0594,-0.88336,0.90768,-0.036136
0.0595,-0.90527,0.88842,0.0023913
0.0596,-0.92568,0.86793,0.04083
0.0597,-0.9445,0.84619,0.079121
0.0598,-0.96163,0.82321,0.11722
0.0599,-0.97703,0.79899,0.15508
0.06,-0.99067,0.77357,0.19268
0.0601,-1.0025,0.74699,0.23
0.0602,-1.0127,0.71931,0.26702
0.0603,-1.0211,0.69062,0.30373
0.0604,-1.0279,0.66099,0.3401
0.0605,-1.0331,0.63051,0.37612
0.0606,-1.0368,0.59925,0.41177
0.0607,-1.0391,0.5673,0.44702
0.0608,-1.0399,0.53472,0.48182
0.0609,-1.0394,0.50158,0.51613
0.061,-1.0376,0.46793,0.54989
0.0611,-1.1275,0.38217,0.72786
0.0612,-1.1631,0.3271,0.82096
0.0613,-1.1797,0.28125,0.88614
0.0614,-1.1824,0.23949,0.93335
0.0615,-1.174,0.20023,0.96712
0.0616,-1.158,0.16546,0.98891
0.0617,-1.1365,0.1345,1.0015
0.0618,-1.1107,0.10286,1.0103
0.0619,-1.0811,0.069454,1.0172
0.062,-1.0491,0.0378,1.0198
0.0621,-1.0146,0.0091311,1.0168
0.0622,-0.97774,-0.017807,1.0097
0.0623,-0.93844,-0.044106,0.9994
0.0624,-0.89611,-0.07013,0.9856
0.0625,-0.85042,-0.0961,0.96818
0.0626,-0.803,-0.12128,0.94798
0.0627,-0.75506,-0.14537,0.92587
0.0628,-0.70686,-0.16979,0.90354
0.0629,-0.65841,-0.1953,0.88175
0.063,-0.61029,-0.22058,0.85973
0.0631,-0.5621,-0.24454,0.83601
0.0632,-0.51345,-0.2677,0.81068
0.0633,-0.46407,-0.29086,0.78424
0.0634,-0.41346,-0.3142,0.75637
0.0635,-0.36033,-0.33741,0.72547
0.0636,-0.30463,-0.35965,0.69064
0.0637,-0.24718,-0.38096,0.65273
0.0638,-0.18898,-0.40275,0.61422
0.0639,-0.13089,-0.42529,0.57628
0.064,-0.074238,-0.44666,0.53836
0.0641,-0.019375,-0.46632,0.50035
0.0642,0.033987,-0.48609,0.46383
0.0643,0.086374,-0.50663,0.42896
0.0644,0.13816,-0.52654,0.39398
0.0645,0.19014,-0.54528,0.35759
0.0646,0.24242,-0.56315,0.32001
0.0647,0.29501,-0.57972,0.28084
0.0648,0.34815,-0.59469,0.23958
0.0649,0.40204,-0.60858,0.19658
0.065,0.45557,-0.62125,0.15282
0.0651,0.5079,-0.63229,0.10878
0.0652,0.55884,-0.64248,0.065463
0.0653,0.60844,-0.65281,0.023847
0.0654,0.65652,-0.66293,-0.016217
0.0655,0.70372,-0.67231,-0.055841
0.0656,0.75047,-0.68102,-0.095367
0.0657,0.79659,-0.68888,-0.13477
0.0658,0.84173,-0.69536,-0.17419
0.0659,0.88632,-0.70035,-0.21414
0.066,0.93036,-0.70357,-0.2549
0.0661,0.97354,-0.7049,-0.29628
0.0662,1.0156,-0.70517,-0.33721
0.0663,1.0564,-0.70515,-0.37674
0.0664,1.0951,-0.70424,-0.41467
0.0665,1.1311,-0.70189,-0.45115
0.0666,1.1647,-0.69862,-0.48569
0.0667,1.1958,-0.69463,-0.51833
0.0668,1.2247,-0.68921,-0.54995
0.0669,1.2518,-0.68218,-0.58132
0.067,1.2775,-0.67381,-0.61243
0.0671,1.3017,-0.66376,-0.64364
0.0672,1.3253,-0.65288,-0.67499
0.0673,1.3484,-0.6412,-0.70657
0.0674,1.3706,-0.62888,-0.73786
0.0675,1.3913,-0.61586,-0.76845
0.0676,1.4099,-0.60237,-0.79743
0.0677,1.4259,-0.58854,-0.82416
0.0678,1.4387,-0.57406,-0.84852
0.0679,1.4486,-0.55893,-0.87088
0.068,1.4562,-0.54345,-0.89136
0.0681,1.4617,-0.52754,-0.91048
0.0682,1.4654,-0.51101,-0.92866
0.0683,1.4676,-0.49395,-0.94617
0.0684,1.4681,-0.47614,-0.96312
0.0685,1.4668,-0.4571,-0.97983
0.0686,1.4634,-0.43703,-0.99578
0.0687,1.4575,-0.41651,-1.0102
0.0688,1.4485,-0.39533,-1.0225
0.0689,1.4364,-0.37321,-1.033
0.069,1.421,-0.35072,-1.0411
0.0691,1.403,-0.32833,-1.0467
0.0692,1.3826,-0.3057,-1.0507
0.0693,1.3607,-0.28263,-1.0539
0.0694,1.3375,-0.25928,-1.0563
0.0695,1.3131,-0.23549,-1.058
0.0696,1.2871,-0.21098,-1.0593
0.0697,1.2599,-0.18593,-1.0599
0.0698,1.2311,-0.16068,-1.0594
0.0699,1.2007,-0.13536,-1.0573
0.07,1.1683,-0.11026,-1.0533
0.0701,1.134,-0.085633,-1.0468
0.0702,1.0974,-0.061338,-1.0378
0.0703,1.0587,-0.037151,-1.0266
0.0704,1.0182,-0.012955,-1.0134
0.0705,0.97612,0.011482,-0.99893
0.0706,0.93273,0.036377,-0.98341
0.0707,0.88828,0.061639,-0.96703
0.0708,0.84286,0.087246,-0.94983
0.0709,0.79665,0.11325,-0.93199
0.071,0.7497,0.13935,-0.91324
0.0711,0.7021,0.16506,-0.89315
0.0712,0.65365,0.1904,-0.8715
0.0713,0.6042,0.21552,-0.84827
0.0714,0.55355,0.24028,-0.82308
0.0715,0.5017,0.26458,-0.7958
0.0716,0.44883,0.28864,-0.76685
0.0717,0.39549,0.3124,-0.73671
0.0718,0.34204,0.3356,-0.7055
0.0719,0.28871,0.35825,-0.67351
0.072,0.23561,0.38043,-0.64095
0.0721,0.18283,0.40197,-0.60778
0.0722,0.13009,0.42289,-0.57376
0.0723,0.077159,0.44333,-0.53886
0.0724,0.023833,0.46323,-0.50281
0.0725,-0.03005,0.48244,-0.46533
0.0726,-0.084743,0.50107,-0.42633
0.0727,-0.1401,0.5192,-0.38603
0.0728,-0.19574,0.53667,-0.34468
0.0729,-0.25118,0.55345,-0.30281
0.073,-0.30608,0.56972,-0.26095
0.0731,-0.36008,0.58541,-0.21948
0.0732,-0.41308,0.60049,-0.17847
0.0733,-0.46518,0.61511,-0.13804
0.0734,-0.51651,0.62925,-0.098051
0.0735,-0.56708,0.64256,-0.058185
0.0736,-0.61696,0.6548,-0.018158
0.0737,-0.66617,0.66587,0.0221
0.0738,-0.71469,0.67556,0.062763
0.0739,-0.76242,0.68368,0.10387
0.074,-0.80925,0.69038,0.14518
0.0741,-0.85493,0.69577,0.18628
0.0742,-0.89925,0.69991,0.22691
0.0743,-0.94208,0.70292,0.26681
0.0744,-0.98342,0.70493,0.30585
0.0745,-1.0233,0.70591,0.34409
0.0746,-1.0618,0.70582,0.38167
0.0747,-1.0989,0.70465,0.41867
0.0748,-1.1347,0.70229,0.45524
0.0749,-1.1692,0.69867,0.49149
0.075,-1.2025,0.69391,0.52738
0.0751,-1.2345,0.68816,0.56281
0.0752,-1.2652,0.68146,0.59769
0.0753,-1.2944,0.67397,0.6317
0.0754,-1.3219,0.66584,0.66449
0.0755,-1.3473,0.65695,0.69585
0.0756,-1.3704,0.64718,0.72577
0.0757,-1.3912,0.63659,0.75416
0.0758,-1.4097,0.62516,0.78113
0.0759,-1.4259,0.61271,0.80698
0.076,-1.4402,0.59925,0.83193
0.0761,-1.4526,0.58492,0.85602
0.0762,-1.4632,0.56968,0.87939
0.0763,-1.4721,0.55351,0.90215
0.0764,-1.4793,0.53658,0.92419
0.0765,-1.4845,0.51898,0.94522
0.0766,-1.4876,0.50069,0.965
0.0767,-1.4883,0.48177,0.9833
0.0768,-1.4864,0.46235,0.99985
0.0769,-1.482,0.44249,1.0146
0.077,-1.4751,0.42221,1.0277
0.0771,-1.466,0.40163,1.0391
0.0772,-1.4548,0.38075,1.0492
0.0773,-1.4417,0.35946,1.058
0.0774,-1.4266,0.33772,1.0657
0.0775,-1.4095,0.31552,1.0722
0.0776,-1.3904,0.29278,1.0775
0.0777,-1.3692,0.26955,1.0814
0.0778,-1.3457,0.24596,1.0837
0.0779,-1.32,0.22204,1.0843
0.078,-1.292,0.19783,1.0831
0.0781,-1.2619,0.17342,1.0802
0.0782,-1.2299,0.14885,1.0756
0.0783,-1.1962,0.12404,1.0696
0.0784,-1.161,0.098962,1.0625
0.0785,-1.1244,0.073621,1.0543
0.0786,-1.0865,0.047956,1.0451
0.0787,-1.0473,0.021987,1.0349
0.0788,-1.007,-0.0040944,1.0235
0.0789,-0.96547,-0.030137,1.0107
0.079,-0.92275,-0.056041,0.9965
0.0791,-0.8788,-0.081675,0.98061
0.0792,-0.83358,-0.10695,0.96289
0.0793,-0.78704,-0.13194,0.94333
0.0794,-0.73929,-0.1567,0.92205
0.0795,-0.69045,-0.18122,0.89913
0.0796,-0.64068,-0.20554,0.87474
0.0797,-0.59009,-0.22975,0.84907
0.0798,-0.53888,-0.25378,0.82223
0.0799,-0.48712,-0.27758,0.79421
0.08,-0.43489,-0.30114,0.76511
0.0801,-0.38223,-0.32443,0.73493
0.0802,-0.32917,-0.34733,0.70359
0.0803,-0.27563,-0.36983,0.67104
0.0804,-0.22158,-0.39198,0.63729
0.0805,-0.16705,-0.41371,0.60236
0.0806,-0.11215,-0.43497,0.56633
0.0807,-0.057052,-0.45574,0.5294
0.0808,-0.0019974,-0.47597,0.49178
0.0809,0.052805,-0.49556,0.45363
0.081,0.10722,-0.51448,0.41507
0.0811,0.16121,-0.53272,0.37619
0.0812,0.21475,-0.55025,0.33699
0.0813,0.26791,-0.56702,0.29741
0.0814,0.32076,-0.58301,0.25741
0.0815,0.37335,-0.59816,0.21691
0.0816,0.42566,-0.6124,0.17586
0.0817,0.47768,-0.6257,0.1343
0.0818,0.52927,-0.63805,0.092375
0.0819,0.58026,-0.64941,0.050251
0.082,0.63045,-0.65979,0.0081778
0.0821,0.67968,-0.66923,-0.033605
0.0822,0.72783,-0.67772,-0.074955
0.0823,0.77485,-0.68525,-0.1158
0.0824,0.82072,-0.69182,-0.15609
0.0825,0.86542,-0.69738,-0.19585
0.0826,0.90892,-0.70176,-0.23517
0.0827,0.95118,-0.70491,-0.27409
0.0828,0.99219,-0.70678,-0.31263
0.0829,1.0319,-0.7073,-0.35081
0.083,1.0702,-0.70648,-0.38859
0.0831,1.1071,-0.70442,-0.42586
0.0832,1.1425,-0.70119,-0.46245
0.0833,1.1763,-0.69681,-0.49828
0.0834,1.2083,-0.69136,-0.53326
0.0835,1.2387,-0.68491,-0.56732
0.0836,1.2673,-0.67745,-0.60048
0.0837,1.2941,-0.66899,-0.63277
0.0838,1.3192,-0.65958,-0.6642
0.0839,1.3426,-0.64924,-0.69476
0.084,1.3643,-0.63799,-0.72447
0.0841,1.3842,-0.62591,-0.75331
0.0842,1.4024,-0.61309,-0.78121
0.0843,1.4189,-0.59958,-0.80807
0.0844,1.4333,-0.5854,-0.83376
0.0845,1.4457,-0.5706,-0.85813
0.0846,1.4559,-0.55518,-0.88107
0.0847,1.4638,-0.5391,-0.90255
0.0848,1.4693,-0.52237,-0.92257
0.0849,1.4725,-0.505,-0.94118
0.085,1.4734,-0.48696,-0.95847
0.0851,1.472,-0.46827,-0.97452
0.0852,1.4684,-0.44893,-0.98941
0.0853,1.4627,-0.42894,-1.0032
0.0854,1.4549,-0.40831,-1.0158
0.0855,1.4448,-0.3871,-1.0273
0.0856,1.4326,-0.36533,-1.0375
0.0857,1.418,-0.34304,-1.0463
0.0858,1.4012,-0.32031,-1.0536
0.0859,1.3821,-0.29723,-1.0593
0.086,1.3608,-0.27382,-1.0635
0.0861,1.3375,-0.25015,-1.0661
0.0862,1.3122,-0.22627,-1.0672
0.0863,1.285,-0.20219,-1.0668
0.0864,1.2561,-0.17787,-1.0651
0.0865,1.2254,-0.15335,-1.0619
0.0866,1.193,-0.12865,-1.0574
0.0867,1.1589,-0.10377,-1.0514
0.0868,1.1232,-0.078758,-1.0439
0.0869,1.0858,-0.053662,-1.0349
0.087,1.0468,-0.028496,-1.0244
0.0871,1.0063,-0.0032686,-1.0122
0.0872,0.96439,0.021994,-0.99862
0.0873,0.92113,0.047277,-0.98356
0.0874,0.87666,0.072613,-0.96717
0.0875,0.8311,0.097999,-0.94953
0.0876,0.78456,0.1234,-0.93066
0.0877,0.7371,0.14878,-0.91058
0.0878,0.6888,0.17408,-0.88927
0.0879,0.63974,0.19922,-0.86667
0.088,0.58994,0.2241,-0.8427
0.0881,0.53943,0.24865,-0.81731
0.0882,0.48822,0.27283,-0.79043
0.0883,0.43632,0.29658,-0.76204
0.0884,0.38377,0.3199,-0.73215
0.0885,0.33064,0.34277,-0.70085
0.0886,0.27703,0.36517,-0.66824
0.0887,0.22305,0.38708,-0.63443
0.0888,0.1688,0.4085,-0.59956
0.0889,0.11437,0.42941,-0.56375
0.089,0.059865,0.44978,-0.52708
0.0891,0.0053287,0.46962,-0.48966
0.0892,-0.04919,0.4889,-0.45155
0.0893,-0.10365,0.50762,-0.4128
0.0894,-0.15804,0.52576,-0.37345
0.0895,-0.21228,0.5433,-0.33358
0.0896,-0.26632,0.56022,-0.29325
0.0897,-0.32006,0.57646,-0.25257
0.0898,-0.37339,0.592,-0.21166
0.0899,-0.42618,0.60678,-0.17062
0.09,-0.4783,0.62074,-0.12955
0.0901,-0.5297,0.63382,-0.08852
0.0902,-0.5803,0.64601,-0.047566
0.0903,-0.63008,0.65721,-0.00669
0.0904,-0.67901,0.66736,0.034118
0.0905,-0.72706,0.6764,0.074862
0.0906,-0.77421,0.68428,0.11555
0.0907,-0.8204,0.69092,0.15616
0.0908,-0.86556,0.6963,0.19664
0.0909,-0.90962,0.70043,0.2369
0.091,-0.95248,0.70332,0.27682
0.0911,-0.99402,0.705,0.31629
0.0912,-1.0342,0.70552,0.35517
0.0913,-1.0729,0.70491,0.39338
0.0914,-1.1101,0.70322,0.43084
0.0915,-1.1458,0.70048,0.46753
0.0916,-1.1798,0.69671,0.5034
0.0917,-1.2123,0.6919,0.53846
0.0918,-1.2431,0.68608,0.5727
0.0919,-1.2723,0.67926,0.60611
0.092,-1.2998,0.67146,0.63866
0.0921,-1.3255,0.66273,0.67031
0.0922,-1.3495,0.65309,0.70103
0.0923,-1.3717,0.64259,0.73074
0.0924,-1.3919,0.63123,0.75942
0.0925,-1.4103,0.61903,0.78706
0.0926,-1.4267,0.60601,0.81363
0.0927,-1.4411,0.59217,0.83913
0.0928,-1.4535,0.57753,0.86357
0.0929,-1.4638,0.56211,0.88691
0.093,-1.4721,0.54593,0.90916
0.0931,-1.4783,0.52904,0.93028
0.0932,-1.4825,0.51147,0.95022
0.0933,-1.4845,0.49328,0.96891
0.0934,-1.4843,0.47449,0.98629
0.0935,-1.4818,0.45514,1.0023
0.0936,-1.477,0.43527,1.0168
0.0937,-1.4698,0.4149,1.0297
0.0938,-1.4603,0.39405,1.0412
0.0939,-1.4484,0.37275,1.051
0.094,-1.4341,0.35101,1.0594
0.0941,-1.4177,0.32885,1.0662
0.0942,-1.3991,0.30628,1.0717
0.0943,-1.3785,0.28332,1.0757
0.0944,-1.3558,0.25997,1.0785
0.0945,-1.3313,0.23624,1.0799
0.0946,-1.3048,0.21217,1.0799
0.0947,-1.2765,0.1878,1.0787
0.0948,-1.2464,0.16315,1.076
0.0949,-1.2146,0.13827,1.0719
0.095,-1.1811,0.11322,1.0665
0.0951,-1.146,0.08803,1.0595
0.0952,-1.1093,0.062714,1.0512
0.0953,-1.0711,0.03729,1.0415
0.0954,-1.0316,0.01179,1.0303
0.0955,-0.99059,-0.013764,1.0177
0.0956,-0.94829,-0.039334,1.0037
0.0957,-0.9047,-0.064877,0.98817
0.0958,-0.85989,-0.090349,0.97119
0.0959,-0.81389,-0.1157,0.95269
0.096,-0.76678,-0.14089,0.93265
0.0961,-0.71861,-0.16589,0.91108
0.0962,-0.66947,-0.19067,0.88801
0.0963,-0.61945,-0.21522,0.86347
0.0964,-0.56864,-0.23951,0.83753
0.0965,-0.51715,-0.26354,0.81028
0.0966,-0.46507,-0.2873,0.78177
0.0967,-0.4125,-0.31076,0.75209
0.0968,-0.35951,-0.33389,0.72128
0.0969,-0.30618,-0.35665,0.68942
0.097,-0.25257,-0.379,0.65653
0.0971,-0.19872,-0.4009,0.62264
0.0972,-0.14466,-0.42232,0.5878
0.0973,-0.090436,-0.44321,0.55202
0.0974,-0.036074,-0.46355,0.51535
0.0975,0.018373,-0.48332,0.47784
0.0976,0.072838,-0.50248,0.43957
0.0977,0.12724,-0.521,0.40061
0.0978,0.1815,-0.53884,0.36105
0.0979,0.23552,-0.55598,0.32097
0.098,0.28926,-0.5724,0.28047
0.0981,0.34264,-0.58805,0.23961
0.0982,0.39558,-0.60291,0.19847
0.0983,0.44802,-0.61694,0.15714
0.0984,0.49988,-0.63012,0.11566
0.0985,0.55108,-0.64239,0.074116
0.0986,0.60154,-0.65373,0.032582
0.0987,0.65116,-0.66408,-0.0088598
0.0988,0.69986,-0.6734,-0.050126
0.0989,0.74753,-0.68164,-0.09113
0.099,0.7941,-0.68877,-0.13179
0.0991,0.83949,-0.69476,-0.17206
0.0992,0.88365,-0.69958,-0.21188
0.0993,0.92655,-0.7032,-0.25123
0.0994,0.96815,-0.70561,-0.29009
0.0995,1.0084,-0.70679,-0.32847
0.0996,1.0474,-0.70674,-0.36634
0.0997,1.0849,-0.70547,-0.40371
0.0998,1.1211,-0.70298,-0.44056
0.0999,1.1559,-0.69934,-0.47683
0.1,1.1891,-0.69456,-0.51248
0.1001,1.2208,-0.68872,-0.54744
0.1002,1.2509,-0.68186,-0.58163
0.1003,1.2793,-0.67403,-0.61497
0.1004,1.306,-0.66528,-0.64739
0.1005,1.331,-0.65565,-0.67883
0.1006,1.3541,-0.64518,-0.70922
0.1007,1.3753,-0.63388,-0.73853
0.1008,1.3946,-0.62177,-0.76673
0.1009,1.4119,-0.60889,-0.7938
0.101,1.4272,-0.59524,-0.81972
0.1011,1.4404,-0.58085,-0.84444
0.1012,1.4516,-0.56574,-0.86794
0.1013,1.4606,-0.54993,-0.89021
0.1014,1.4675,-0.53343,-0.91122
0.1015,1.4722,-0.51626,-0.93096
0.1016,1.4747,-0.49843,-0.94943
0.1017,1.4749,-0.47996,-0.96664
0.1018,1.4729,-0.46087,-0.98258
0.1019,1.4687,-0.44118,-0.99727
0.102,1.4622,-0.42091,-1.0107
0.1021,1.4536,-0.4001,-1.0229
0.1022,1.4427,-0.37877,-1.0337
0.1023,1.4297,-0.35697,-1.0433
0.1024,1.4145,-0.33473,-1.0515
0.1025,1.3971,-0.31208,-1.0583
0.1026,1.3776,-0.28906,-1.0636
0.1027,1.3559,-0.26571,-1.0674
0.1028,1.3321,-0.24206,-1.0696
0.1029,1.3063,-0.21813,-1.0703
0.103,1.2785,-0.19397,-1.0694
0.1031,1.2487,-0.16958,-1.067
0.1032,1.2171,-0.145,-1.063
0.1033,1.1837,-0.12024,-1.0575
0.1034,1.1486,-0.095325,-1.0506
0.1035,1.112,-0.070265,-1.0423
0.1036,1.0738,-0.045058,-1.0326
0.1037,1.0342,-0.019729,-1.0215
0.1038,0.99323,0.0056862,-1.0091
0.1039,0.95099,0.031152,-0.99528
0.104,0.90754,0.056631,-0.98017
0.1041,0.86297,0.082083,-0.96372
0.1042,0.81734,0.10747,-0.94593
0.1043,0.77072,0.13276,-0.92679
0.1044,0.72317,0.15792,-0.90629
0.1045,0.67474,0.1829,-0.88441
0.1046,0.62547,0.20767,-0.86112
0.1047,0.57541,0.23219,-0.83642
0.1048,0.5246,0.25642,-0.81028
0.1049,0.47308,0.28032,-0.78269
0.105,0.42091,0.30385,-0.75367
0.1051,0.36814,0.32698,-0.72325
0.1052,0.31482,0.34969,-0.69148
0.1053,0.26104,0.37195,-0.65844
0.1054,0.20687,0.39374,-0.62422
0.1055,0.1524,0.41504,-0.58893
0.1056,0.097736,0.43584,-0.55268
0.1057,0.042965,0.45613,-0.51559
0.1058,-0.011813,0.47587,-0.47778
0.1059,-0.066508,0.49505,-0.43933
0.106,-0.12103,0.51364,-0.40035
0.1061,-0.17531,0.53161,-0.36092
0.1062,-0.22928,0.54893,-0.32109
0.1063,-0.28288,0.56557,-0.28094
0.1064,-0.33608,0.5815,-0.2405
0.1065,-0.38884,0.59666,-0.19983
0.1066,-0.44109,0.61102,-0.15897
0.1067,-0.49277,0.62453,-0.11795
0.1068,-0.54383,0.63714,-0.076841
0.1069,-0.59419,0.6488,-0.035673
0.107,-0.6438,0.65945,0.0055002
0.1071,-0.6926,0.66906,0.046632
0.1072,-0.74051,0.67756,0.08767
0.1073,-0.78748,0.68495,0.12856
0.1074,-0.83344,0.69117,0.16924
0.1075,-0.87831,0.69621,0.20966
0.1076,-0.92201,0.70006,0.24973
0.1077,-0.96447,0.7027,0.28939
0.1078,-1.0056,0.70416,0.32855
0.1079,-1.0453,0.70443,0.36713
0.108,-1.0836,0.70354,0.40506
0.1081,-1.1203,0.70151,0.44226
0.1082,-1.1554,0.69839,0.47869
0.1083,-1.1889,0.6942,0.51429
0.1084,-1.2207,0.68896,0.54904
0.1085,-1.2508,0.68272,0.58291
0.1086,-1.2792,0.67549,0.6159
0.1087,-1.3058,0.66729,0.64799
0.1088,-1.3307,0.65817,0.67917
0.1089,-1.3539,0.64813,0.70944
0.109,-1.3752,0.63722,0.73877
0.1091,-1.3948,0.62545,0.76715
0.1092,-1.4125,0.61286,0.79457
0.1093,-1.4283,0.59948,0.82099
0.1094,-1.4422,0.58532,0.84636
0.1095,-1.4542,0.57043,0.87065
0.1096,-1.4641,0.55482,0.89379
0.1097,-1.4719,0.5385,0.91573
0.1098,-1.4775,0.52152,0.93643
0.1099,-1.481,0.50389,0.95583
0.11,-1.4822,0.48563,0.97388
0.1101,-1.4811,0.46677,0.99055
0.1102,-1.4777,0.44734,1.0058
0.1103,-1.472,0.42735,1.0196
0.1104,-1.4639,0.40683,1.0319
0.1105,-1.4534,0.38581,1.0427
0.1106,-1.4407,0.3643,1.0521
0.1107,-1.4257,0.34232,1.06
0.1108,-1.4085,0.31992,1.0664
0.1109,-1.3891,0.2971,1.0715
0.111,-1.3677,0.2739,1.0751
0.1111,-1.3443,0.25035,1.0774
0.1112,-1.3191,0.22648,1.0783
0.1113,-1.292,0.20231,1.0779
0.1114,-1.2631,0.17788,1.0761
0.1115,-1.2325,0.15323,1.073
0.1116,-1.2003,0.12839,1.0685
0.1117,-1.1665,0.1034,1.0626
0.1118,-1.131,0.078273,1.0553
0.1119,-1.094,0.053028,1.0466
0.112,-1.0555,0.027688,1.0364
0.1121,-1.0154,0.0022865,1.0246
0.1122,-0.974,-0.023146,1.0114
0.1123,-0.93118,-0.048581,0.99669
0.1124,-0.88705,-0.07399,0.98045
0.1125,-0.84168,-0.099341,0.96272
0.1126,-0.79941,-0.12713,0.9503
0.1127,-0.77417,-0.16475,0.96448
0.1128,-0.74861,-0.20204,0.97768
0.1129,-0.72214,-0.23903,0.98935
0.113,-0.69457,-0.27609,0.99961
0.1131,-0.66601,-0.31329,1.0086
0.1132,-0.63672,-0.35009,1.0161
0.1133,-0.60664,-0.38627,1.0218
0.1134,-0.57565,-0.42228,1.0261
0.1135,-0.54365,-0.45827,1.0289
0.1136,-0.5109,-0.4937,1.0301
0.1137,-0.47772,-0.5282,1.0297
0.1138,-0.44426,-0.56179,1.0277
0.1139,-0.41031,-0.59446,1.0242
0.114,-0.37567,-0.62631,1.0189
0.1141,-0.34037,-0.65746,1.012
0.1142,-0.30453,-0.68767,1.0035
0.1143,-0.26814,-0.71671,0.99316
0.1144,-0.23122,-0.7447,0.98115
0.1145,-0.19378,-0.77181,0.96769
0.1146,-0.15601,-0.79789,0.95283
0.1147,-0.11815,-0.82271,0.93667
0.1148,-0.080357,-0.84631,0.91942
0.1149,-0.042455,-0.86875,0.90099
0.115,-0.0043195,-0.89008,0.88135
0.1151,0.03396,-0.91038,0.86067
0.1152,0.072256,-0.92954,0.83903
0.1153,0.11062,-0.94748,0.8163
0.1154,0.14902,-0.96432,0.79271
0.1155,0.18728,-0.98005,0.76842
0.1156,0.2252,-0.99424,0.74326
0.1157,0.26263,-1.0066,0.71713
0.1158,0.29951,-1.0173,0.69023
0.1159,0.336,-1.0263,0.66248
0.116,0.37219,-1.0336,0.63361
0.1161,0.40801,-1.0389,0.60367
0.1162,0.44337,-1.0425,0.57276
0.1163,0.47832,-1.0441,0.54074
0.1164,0.51282,-1.0439,0.50766
0.1165,0.54672,-1.042,0.47388
0.1166,0.57985,-1.0385,0.4395
0.1167,0.61221,-1.0332,0.40441
0.1168,0.64373,-1.0264,0.36875
0.1169,0.67444,-1.0181,0.3327
0.117,0.7044,-1.0085,0.29619
0.1171,0.7336,-0.99758,0.25926
0.1172,0.76188,-0.98551,0.22217
0.1173,0.78919,-0.9723,0.18496
0.1174,0.8155,-0.95791,0.14759
0.1175,0.84069,-0.94239,0.11015
0.1176,0.86459,-0.9257,0.072761
0.1177,0.88722,-0.90776,0.035313
0.1178,0.90861,-0.88866,-0.0021874
0.1179,0.92881,-0.86855,-0.039676
0.118,0.94778,-0.8473,-0.07725
0.1181,0.96543,-0.82478,-0.11502
0.1182,0.98167,-0.80105,-0.15285
0.1183,0.9964,-0.77616,-0.19068
0.1184,1.0095,-0.75004,-0.22849
0.1185,1.021,-0.72275,-0.26617
0.1186,1.0306,-0.69436,-0.30359
0.1187,1.0386,-0.66488,-0.34081
0.1188,1.0448,-0.63441,-0.37779
0.1189,1.0494,-0.6032,-0.41431
0.119,1.0525,-0.57137,-0.45029
0.1191,1.0541,-0.53895,-0.48569
0.1192,1.054,-0.50602,-0.52032
0.1193,1.0522,-0.47264,-0.55403
0.1194,1.0488,-0.43875,-0.58688
0.1195,1.0437,-0.40435,-0.61881
0.1196,1.037,-0.36953,-0.64969
0.1197,1.0287,-0.3343,-0.67958
0.1198,1.0189,-0.29863,-0.70864
0.1199,1.0079,-0.26262,-0.73681
0.12,0.99546,-0.22628,-0.76406
0.1201,0.98177,-0.1895,-0.7905
0.1202,0.96681,-0.15232,-0.8161
0.1203,0.95055,-0.11482,-0.84066
0.1204,0.933,-0.076989,-0.86419
0.1205,0.9142,-0.038754,-0.88676
0.1206,0.89417,-0.00022318,-0.90825
0.1207,0.87299,0.038471,-0.92857
0.1208,0.85077,0.077273,-0.94775
0.1209,0.82758,0.11605,-0.96568
0.121,0.80342,0.15463,-0.98213
0.1211,0.77827,0.19295,-0.99704
0.1212,0.75215,0.23101,-1.0103
0.1213,0.72502,0.26867,-1.0218
0.1214,0.69689,0.30583,-1.0315
0.1215,0.66782,0.34245,-1.0392
0.1216,0.63786,0.37846,-1.0451
0.1217,0.60707,0.41377,-1.049
0.1218,0.57552,0.44844,-1.0512
0.1219,0.54325,0.48246,-1.0516
0.122,0.51027,0.51584,-1.0504
0.1221,0.47658,0.5486,-1.0475
0.1222,0.44223,0.58079,-1.0431
0.1223,0.40723,0.61238,-1.0372
0.1224,0.37164,0.64335,-1.0299
0.1225,0.33556,0.67372,-1.0214
