0.05,1.338,-0.22548,-1.0904
0.0501,1.3173,-0.17281,-1.1238
0.0502,1.2947,-0.11991,-1.1558
0.0503,1.2703,-0.066873,-1.1863
0.0504,1.2439,-0.013771,-1.2152
0.0505,1.2159,0.039314,-1.2426
0.0506,1.1861,0.092306,-1.2685
0.0507,1.1547,0.14512,-1.2926
0.0508,1.1217,0.19769,-1.315
0.0509,1.0872,0.24994,-1.3357
0.051,1.0511,0.3018,-1.3546
0.0511,1.0136,0.3532,-1.3715
0.0512,0.97471,0.40408,-1.3865
0.0513,0.93444,0.45438,-1.3995
0.0514,-0.82931,0.29048,-1.5568
0.0515,-1.5203,0.25467,-1.619
0.0516,-2.0169,0.24068,-1.663
0.0517,-2.6422,0.22011,-1.7233
0.0518,-3.1318,0.22767,-1.7772
0.0519,-3.5215,0.2389,-1.8142
0.052,-4.1526,0.20777,-1.8628
0.0521,-5.0137,0.15864,-1.9359
0.0522,-5.9614,0.11119,-2.0225
0.0523,-6.9499,0.047563,-2.1047
0.0524,-7.9113,-0.02402,-2.1773
0.0525,-8.7266,-0.077965,-2.236
0.0526,-9.4883,-0.12612,-2.2889
0.0527,-10.257,-0.17413,-2.3406
0.0528,-10.974,-0.21019,-2.3907
0.0529,-11.806,-0.2606,-2.4477
0.053,-12.929,-0.35665,-2.5215
0.0531,-14.258,-0.48049,-2.6092
0.0532,-15.639,-0.60867,-2.7021
0.0533,-16.977,-0.73891,-2.7857
0.0534,-18.156,-0.85211,-2.8554
0.0535,-19.133,-0.93869,-2.9091
0.0536,-20.056,-1.0155,-2.9578
0.0537,-20.998,-1.0932,-3.0058
0.0538,-21.929,-1.1623,-3.0559
0.0539,-22.863,-1.2244,-3.1079
0.054,-23.871,-1.2935,-3.1631
0.0541,-24.956,-1.3622,-3.2248
0.0542,-26.072,-1.4158,-3.2919
0.0543,-27.201,-1.4473,-3.3558
0.0544,-28.33,-1.4347,-3.4173
0.0545,-29.459,-1.3597,-3.4867
0.0546,-30.634,-1.2612,-3.5676
0.0547,-31.923,-1.1957,-3.6546
0.0548,-33.243,-1.1651,-3.7457
0.0549,-34.602,-1.18,-3.8399
0.055,-35.967,-1.2384,-3.9283
0.0551,-37.242,-1.3042,-4.0024
0.0552,-38.374,-1.3457,-4.0646
0.0553,-39.419,-1.3709,-4.1184
0.0554,-40.428,-1.3899,-4.1647
0.0555,-41.393,-1.392,-4.2074
0.0556,-42.335,-1.3863,-4.2523
0.0557,-43.273,-1.398,-4.296
0.0558,-44.158,-1.432,-4.3317
0.0559,-44.949,-1.4878,-4.3576
0.056,-45.679,-1.58,-4.3725
0.0561,-46.359,-1.6993,-4.3722
0.0562,-46.971,-1.8152,-4.3598
0.0563,-47.553,-1.9225,-4.3433
0.0564,-48.17,-2.0379,-4.3294
0.0565,-48.825,-2.1651,-4.3221
0.0566,-49.499,-2.3113,-4.3238
0.0567,-50.166,-2.4947,-4.3267
0.0568,-50.755,-2.7122,-4.3198
0.0569,-51.185,-2.9439,-4.2982
0.057,-51.443,-3.1908,-4.2615
0.0571,-51.545,-3.4547,-4.2073
0.0572,-51.507,-3.7173,-4.1394
0.0573,-51.395,-3.9647,-4.0674
0.0574,-51.295,-4.1947,-3.9971
0.0575,-51.223,-4.396,-3.9298
0.0576,-51.16,-4.5653,-3.8682
0.0577,-51.113,-4.7187,-3.8104
0.0578,-51.062,-4.8663,-3.7484
0.0579,-50.957,-5.0007,-3.6771
0.058,-50.797,-5.1197,-3.5974
0.0581,-50.623,-5.2253,-3.5091
0.0582,-50.447,-5.3135,-3.4138
0.0583,-50.277,-5.383,-3.315
0.0584,-50.161,-5.4446,-3.2071
0.0585,-50.114,-5.5045,-3.0636
0.0586,-50.102,-5.5574,-2.8396
0.0587,-50.106,-5.6013,-2.5176
0.0588,-50.108,-5.6399,-2.162
0.0589,-50.033,-5.6659,-1.8473
0.059,-49.814,-5.6701,-1.6035
0.0591,-49.456,-5.6548,-1.4215
0.0592,-48.984,-5.6273,-1.2746
0.0593,-48.422,-5.5908,-1.138
0.0594,-47.839,-5.553,-0.99512
0.0595,-47.308,-5.5229,-0.83417
0.0596,-46.836,-5.5017,-0.65268
0.0597,-46.4,-5.487,-0.45738
0.0598,-45.98,-5.4784,-0.26021
0.0599,-45.522,-5.4696,-0.078547
0.06,-44.953,-5.4504,0.06405
0.0601,-44.245,-5.4172,0.15276
0.0602,-43.407,-5.3733,0.19405
0.0603,-42.462,-5.3219,0.21215
0.0604,-41.477,-5.2705,0.23623
0.0605,-40.545,-5.228,0.29005
0.0606,-39.696,-5.1939,0.37874
0.0607,-38.894,-5.1591,0.48514
0.0608,-38.084,-5.1162,0.58038
0.0609,-37.197,-5.0578,0.63682
0.061,-36.156,-4.9759,0.63173
0.0611,-34.926,-4.869,0.55295
0.0612,-33.527,-4.7435,0.40299
0.0613,-32.008,-4.6059,0.19947
0.0614,-30.454,-4.4655,-0.023718
0.0615,-28.976,-4.3365,-0.22019
0.0616,-27.653,-4.2289,-0.35929
0.0617,-26.492,-4.142,-0.44344
0.0618,-25.448,-4.0688,-0.48967
0.0619,-24.435,-3.998,-0.51279
0.062,-23.346,-3.9157,-0.52758
0.0621,-22.119,-3.8155,-0.54727
0.0622,-20.777,-3.7024,-0.57574
0.0623,-19.388,-3.5837,-0.60289
0.0624,-18.029,-3.4647,-0.61027
0.0625,-16.773,-3.3512,-0.59344
0.0626,-15.651,-3.2464,-0.56368
0.0627,-14.641,-3.1463,-0.53032
0.0628,-13.69,-3.045,-0.49773
0.0629,-12.742,-2.9371,-0.46449
0.063,-11.727,-2.8149,-0.4277
0.0631,-10.597,-2.6715,-0.38761
0.0632,-9.3647,-2.5093,-0.3464
0.0633,-8.0902,-2.3368,-0.3059
0.0634,-6.8453,-2.1646,-0.26898
0.0635,-5.6981,-2.0037,-0.23733
0.0636,-4.6875,-1.8617,-0.20893
0.0637,-3.8,-1.7377,-0.1805
0.0638,-2.9921,-1.6275,-0.15108
0.0639,-2.2235,-1.5281,-0.12038
0.064,-1.4618,-1.4367,-0.088789
0.0641,-0.68956,-1.3495,-0.058892
0.0642,0.085108,-1.2646,-0.033574
0.0643,0.84832,-1.1794,-0.012628
0.0644,1.6004,-1.0894,0.0052081
0.0645,2.3392,-0.9922,0.020567
0.0646,3.0538,-0.88962,0.034576
0.0647,3.748,-0.78168,0.048812
0.0648,4.4401,-0.66684,0.06295
0.0649,5.136,-0.54574,0.075522
0.065,5.8265,-0.42045,0.084539
0.0651,6.4947,-0.29279,0.086692
0.0652,7.1073,-0.16776,0.078404
0.0653,7.6295,-0.05141,0.060097
0.0654,8.053,0.054395,0.034741
0.0655,8.3946,0.15201,0.005681
0.0656,8.6766,0.24327,-0.023088
0.0657,8.9205,0.32871,-0.047889
0.0658,9.143,0.4087,-0.068954
0.0659,9.3414,0.48176,-0.088989
0.066,9.4953,0.54426,-0.11013
0.0661,9.5915,0.59505,-0.13396
0.0662,9.6291,0.63606,-0.16193
0.0663,9.6074,0.66887,-0.19357
0.0664,9.5334,0.6951,-0.22705
0.0665,9.431,0.71876,-0.2613
0.0666,9.3268,0.74462,-0.29592
0.0667,9.2397,0.77679,-0.32991
0.0668,9.1828,0.81826,-0.36362
0.0669,9.1489,0.86939,-0.3999
0.067,9.102,0.92616,-0.44197
0.0671,8.9999,0.9823,-0.49129
0.0672,8.8129,1.032,-0.54821
0.0673,8.5226,1.071,-0.61162
0.0674,8.1257,1.0972,-0.67875
0.0675,7.64,1.111,-0.74693
0.0676,7.0881,1.1127,-0.81521
0.0677,6.4862,1.1032,-0.88349
0.0678,5.8501,1.0843,-0.95203
0.0679,5.1961,1.0588,-1.0213
0.068,4.5311,1.0284,-1.0909
0.0681,3.8549,0.99465,-1.1594
0.0682,3.1667,0.95867,-1.2257
0.0683,2.4623,0.91948,-1.289
0.0684,1.7369,0.87563,-1.3482
0.0685,0.99296,0.82786,-1.4037
0.0686,0.23602,0.77765,-1.4572
0.0687,-0.53404,0.72568,-1.5109
0.0688,-1.3203,0.67282,-1.5673
0.0689,-2.1267,0.62028,-1.6289
0.069,-2.9603,0.56786,-1.6973
0.0691,-3.8258,0.51498,-1.7709
0.0692,-4.7193,0.46224,-1.8472
0.0693,-5.6369,0.40982,-1.9242
0.0694,-6.5817,0.35566,-1.9999
0.0695,-7.5571,0.29712,-2.0732
0.0696,-8.5645,0.23213,-2.1449
0.0697,-9.6079,0.15868,-2.2167
0.0698,-10.688,0.075664,-2.2887
0.0699,-11.797,-0.015899,-2.3607
0.07,-12.922,-0.11408,-2.432
0.0701,-14.053,-0.21732,-2.5012
0.0702,-15.177,-0.32385,-2.5661
0.0703,-16.281,-0.43131,-2.6256
0.0704,-17.356,-0.5376,-2.6796
0.0705,-18.404,-0.641,-2.7288
0.0706,-19.429,-0.74017,-2.7749
0.0707,-20.446,-0.83423,-2.8209
0.0708,-21.472,-0.92198,-2.8694
0.0709,-22.523,-0.99941,-2.9219
0.071,-23.608,-1.0566,-2.9798
0.0711,-24.739,-1.0737,-3.0446
0.0712,-25.931,-1.0276,-3.1184
0.0713,-27.19,-0.93052,-3.2026
0.0714,-28.494,-0.84006,-3.2939
0.0715,-29.784,-0.80526,-3.3847
0.0716,-31.001,-0.83497,-3.4688
0.0717,-32.113,-0.90912,-3.543
0.0718,-33.128,-0.99758,-3.6051
0.0719,-34.082,-1.0702,-3.656
0.072,-35.03,-1.1103,-3.702
0.0721,-36.029,-1.1193,-3.7489
0.0722,-37.1,-1.1058,-3.7982
0.0723,-38.222,-1.0817,-3.8492
0.0724,-39.349,-1.0702,-3.8994
0.0725,-40.417,-1.0976,-3.9431
0.0726,-41.361,-1.1765,-3.9739
0.0727,-42.136,-1.3033,-3.9882
0.0728,-42.748,-1.4631,-3.9848
0.0729,-43.244,-1.6298,-3.9656
0.073,-43.703,-1.779,-3.9391
0.0731,-44.206,-1.9055,-3.9168
0.0732,-44.797,-2.0202,-3.9051
0.0733,-45.455,-2.1369,-3.904
0.0734,-46.112,-2.2713,-3.9084
0.0735,-46.682,-2.438,-3.9089
0.0736,-47.087,-2.6417,-3.8953
0.0737,-47.281,-2.8783,-3.8618
0.0738,-47.274,-3.1404,-3.8083
0.0739,-47.126,-3.4086,-3.7383
0.074,-46.928,-3.6539,-3.6607
0.0741,-46.783,-3.8638,-3.5869
0.0742,-46.758,-4.0476,-3.5232
0.0743,-46.86,-4.2162,-3.4695
0.0744,-47.032,-4.3744,-3.423
0.0745,-47.192,-4.5218,-3.377
0.0746,-47.265,-4.6534,-3.322
0.0747,-47.202,-4.7631,-3.2515
0.0748,-47.008,-4.8482,-3.1665
0.0749,-46.734,-4.9108,-3.0702
0.075,-46.441,-4.9572,-2.9652
0.0751,-46.178,-4.9957,-2.8481
0.0752,-45.98,-5.0336,-2.6959
0.0753,-45.867,-5.0731,-2.4595
0.0754,-45.82,-5.1121,-2.1266
0.0755,-45.786,-5.1458,-1.7744
0.0756,-45.688,-5.1664,-1.4828
0.0757,-45.451,-5.1645,-1.2759
0.0758,-45.037,-5.1365,-1.1378
0.0759,-44.474,-5.0897,-1.0379
0.076,-43.831,-5.0386,-0.94391
0.0761,-43.193,-4.9961,-0.82989
0.0762,-42.634,-4.9708,-0.68114
0.0763,-42.187,-4.9664,-0.4928
0.0764,-41.824,-4.9785,-0.26893
0.0765,-41.478,-4.9957,-0.026562
0.0766,-41.079,-5.0054,0.20345
0.0767,-40.552,-4.9972,0.38729
0.0768,-39.834,-4.965,0.50342
0.0769,-38.92,-4.9108,0.55287
0.077,-37.861,-4.8453,0.56071
0.0771,-36.748,-4.7809,0.56427
0.0772,-35.679,-4.7266,0.59264
0.0773,-34.724,-4.685,0.65399
0.0774,-33.874,-4.6496,0.73651
0.0775,-33.05,-4.6067,0.81469
0.0776,-32.155,-4.5435,0.85703
0.0777,-31.105,-4.4531,0.83649
0.0778,-29.846,-4.3343,0.7385
0.0779,-28.38,-4.1931,0.56489
0.078,-26.786,-4.0436,0.34061
0.0781,-25.186,-3.9022,0.11632
0.0782,-23.704,-3.7823,-0.059852
0.0783,-22.423,-3.6923,-0.17782
0.0784,-21.352,-3.6308,-0.2493
0.0785,-20.413,-3.5832,-0.28446
0.0786,-19.482,-3.5297,-0.29226
0.0787,-18.438,-3.4566,-0.28442
0.0788,-17.214,-3.3593,-0.27496
0.0789,-15.824,-3.2409,-0.27485
0.079,-14.361,-3.1119,-0.28114
0.0791,-12.94,-2.9846,-0.27583
0.0792,-11.646,-2.8659,-0.25424
0.0793,-10.514,-2.7566,-0.2275
0.0794,-9.5296,-2.6538,-0.20178
0.0795,-8.6212,-2.5495,-0.17647
0.0796,-7.6945,-2.4334,-0.14847
0.0797,-6.673,-2.2987,-0.11503
0.0798,-5.5204,-2.1447,-0.075686
0.0799,-4.2551,-1.9754,-0.033482
0.08,-2.9546,-1.8012,0.0065393
0.0801,-1.7203,-1.636,0.040448
0.0802,-0.62237,-1.4896,0.067604
0.0803,0.31863,-1.3644,0.090688
0.0804,1.1227,-1.2579,0.11417
0.0805,1.8443,-1.1647,0.14204
0.0806,2.5525,-1.0774,0.17586
0.0807,3.293,-0.99155,0.21394
0.0808,4.0728,-0.90641,0.25194
0.0809,4.8756,-0.82092,0.2849
0.081,5.6762,-0.73286,0.30988
0.0811,6.4492,-0.64102,0.32689
0.0812,7.182,-0.54378,0.33795
0.0813,7.879,-0.43812,0.34587
0.0814,8.5545,-0.32229,0.35365
0.0815,9.2283,-0.19658,0.36317
0.0816,9.915,-0.06203,0.37367
0.0817,10.604,0.077538,0.38163
0.0818,11.256,0.21439,0.38235
0.0819,11.831,0.34099,0.372
0.082,12.296,0.4532,0.34949
0.0821,12.641,0.54959,0.3173
0.0822,12.882,0.63217,0.28083
0.0823,13.062,0.70669,0.24611
0.0824,13.22,0.77813,0.2175
0.0825,13.375,0.84725,0.19617
0.0826,13.531,0.91261,0.18009
0.0827,13.675,0.97208,0.16531
0.0828,13.778,1.0223,0.14778
0.0829,13.815,1.0612,0.12473
0.083,13.779,1.0903,0.09563
0.0831,13.682,1.1137,0.061997
0.0832,13.548,1.1359,0.026225
0.0833,13.413,1.1632,-0.0097385
0.0834,13.308,1.2013,-0.045004
0.0835,13.241,1.2519,-0.080326
0.0836,13.197,1.3126,-0.11845
0.0837,13.138,1.3778,-0.16311
0.0838,13.013,1.4398,-0.2169
0.0839,12.781,1.4908,-0.28009
0.084,12.422,1.5261,-0.35072
0.0841,11.943,1.5447,-0.42528
0.0842,11.363,1.5474,-0.49982
0.0843,10.719,1.5369,-0.57159
0.0844,10.046,1.5169,-0.63983
0.0845,9.365,1.4897,-0.70539
0.0846,8.6874,1.457,-0.76976
0.0847,8.0149,1.4206,-0.83415
0.0848,7.3396,1.3816,-0.89878
0.0849,6.6486,1.3397,-0.96278
0.085,5.9352,1.2953,-1.0246
0.0851,5.2006,1.2492,-1.083
0.0852,4.4469,1.202,-1.1376
0.0853,3.678,1.1543,-1.1895
0.0854,2.898,1.1072,-1.2414
0.0855,2.1037,1.0609,-1.2967
0.0856,1.2853,1.0139,-1.3585
0.0857,0.43391,0.96533,-1.4284
0.0858,-0.45526,0.91481,-1.5061
0.0859,-1.3837,0.8618,-1.5886
0.086,-2.3475,0.80584,-1.6723
0.0861,-3.3403,0.74685,-1.754
0.0862,-4.3588,0.68371,-1.8317
0.0863,-5.4025,0.61411,-1.9052
0.0864,-6.4708,0.53624,-1.9756
0.0865,-7.5637,0.44917,-2.0447
0.0866,-8.681,0.35246,-2.1132
0.0867,-9.8156,0.24706,-2.181
0.0868,-10.955,0.13556,-2.247
0.0869,-12.088,0.020968,-2.3094
0.087,-13.199,-0.093745,-2.3664
0.0871,-14.277,-0.2053,-2.4176
0.0872,-15.319,-0.31124,-2.4637
0.0873,-16.334,-0.41086,-2.507
0.0874,-17.336,-0.50442,-2.5504
0.0875,-18.343,-0.59211,-2.5969
0.0876,-19.375,-0.67337,-2.6485
0.0877,-20.444,-0.7445,-2.706
0.0878,-21.556,-0.79495,-2.7694
0.0879,-22.715,-0.80587,-2.8393
0.088,-23.927,-0.76145,-2.9166
0.0881,-25.184,-0.68312,-3.0012
0.0882,-26.449,-0.62924,-3.088
0.0883,-27.664,-0.63914,-3.1701
0.0884,-28.784,-0.70904,-3.2433
0.0885,-29.802,-0.81095,-3.3056
0.0886,-30.743,-0.9119,-3.3564
0.0887,-31.656,-0.98579,-3.3983
0.0888,-32.6,-1.021,-3.4378
0.0889,-33.616,-1.0194,-3.4797
0.089,-34.705,-0.99199,-3.5244
0.0891,-35.828,-0.96043,-3.5705
0.0892,-36.921,-0.95595,-3.6144
0.0893,-37.911,-1.006,-3.6499
0.0894,-38.734,-1.1207,-3.6713
0.0895,-39.363,-1.2906,-3.6751
0.0896,-39.824,-1.49,-3.6608
0.0897,-40.188,-1.6864,-3.6328
0.0898,-40.551,-1.8569,-3.6015
0.0899,-40.989,-1.999,-3.577
0.09,-41.528,-2.123,-3.5641
0.0901,-42.127,-2.2445,-3.5612
0.0902,-42.702,-2.3812,-3.5612
0.0903,-43.161,-2.5473,-3.5538
0.0904,-43.433,-2.7464,-3.5299
0.0905,-43.491,-2.9714,-3.4856
0.0906,-43.373,-3.2044,-3.4222
0.0907,-43.166,-3.4228,-3.3471
0.0908,-42.98,-3.6186,-3.2713
0.0909,-42.904,-3.7977,-3.2043
0.091,-42.972,-3.9657,-3.1495
0.0911,-43.147,-4.1235,-3.1053
0.0912,-43.345,-4.2692,-3.0666
0.0913,-43.473,-4.397,-3.0239
0.0914,-43.457,-4.4999,-2.9681
0.0915,-43.274,-4.5738,-2.8953
0.0916,-42.956,-4.6206,-2.8068
0.0917,-42.57,-4.6473,-2.7051
0.0918,-42.185,-4.6639,-2.5898
0.0919,-41.854,-4.6795,-2.4478
0.092,-41.609,-4.6993,-2.2457
0.0921,-41.448,-4.7243,-1.9663
0.0922,-41.328,-4.7511,-1.6447
0.0923,-41.186,-4.7722,-1.3396
0.0924,-40.955,-4.7794,-1.0912
0.0925,-40.586,-4.7672,-0.90717
0.0926,-40.073,-4.7365,-0.77226
0.0927,-39.459,-4.6959,-0.66228
0.0928,-38.81,-4.6576,-0.55246
0.0929,-38.189,-4.631,-0.42205
0.093,-37.636,-4.6207,-0.25783
0.0931,-37.153,-4.6255,-0.056966
0.0932,-36.704,-4.6379,0.17168
0.0933,-36.229,-4.6464,0.40614
0.0934,-35.664,-4.6401,0.61371
0.0935,-34.952,-4.6116,0.76262
0.0936,-34.059,-4.5594,0.83779
0.0937,-33.002,-4.4889,0.84777
0.0938,-31.84,-4.4112,0.81962
0.0939,-30.653,-4.337,0.78689
0.094,-29.52,-4.2732,0.77525
0.0941,-28.481,-4.2196,0.79238
0.0942,-27.518,-4.1693,0.82849
0.0943,-26.565,-4.1113,0.86302
0.0944,-25.549,-4.0365,0.87058
0.0945,-24.404,-3.9401,0.82729
0.0946,-23.096,-3.8231,0.72106
0.0947,-21.646,-3.6928,0.56136
0.0948,-20.131,-3.5612,0.38165
0.0949,-18.652,-3.4415,0.22183
0.095,-17.296,-3.3433,0.097629
0.0951,-16.11,-3.2692,0.0048067
0.0952,-15.069,-3.2117,-0.060332
0.0953,-14.091,-3.1554,-0.099023
0.0954,-13.075,-3.0855,-0.11449
0.0955,-11.939,-2.9935,-0.11326
0.0956,-10.659,-2.8785,-0.10171
0.0957,-9.2734,-2.7463,-0.080977
0.0958,-7.8688,-2.6076,-0.049923
0.0959,-6.5314,-2.4728,-0.013248
0.096,-5.319,-2.3469,0.022031
0.0961,-4.2492,-2.2302,0.052832
0.0962,-3.2932,-2.1188,0.080614
0.0963,-2.385,-2.0057,0.10864
0.0964,-1.4515,-1.8837,0.13991
0.0965,-0.44168,-1.7493,0.17591
0.0966,0.65763,-1.6036,0.21553
0.0967,1.8137,-1.4521,0.25521
0.0968,2.9592,-1.3031,0.29128
0.0969,4.0265,-1.165,0.32208
0.097,4.978,-1.0418,0.34853
0.0971,5.8121,-0.93263,0.37372
0.0972,6.559,-0.83343,0.40148
0.0973,7.2699,-0.73853,0.4341
0.0974,7.9914,-0.6434,0.47101
0.0975,8.7438,-0.54638,0.50889
0.0976,9.5204,-0.44772,0.54294
0.0977,10.3,-0.34791,0.56889
0.0978,11.054,-0.24718,0.58506
0.0979,11.761,-0.14502,0.59253
0.098,12.415,-0.039434,0.59402
0.0981,13.025,0.071924,0.59303
0.0982,13.609,0.19023,0.59285
0.0983,14.185,0.31514,0.59476
0.0984,14.756,0.44421,0.59716
0.0985,15.305,0.57207,0.59666
0.0986,15.8,0.69209,0.58967
0.0987,16.214,0.79924,0.57364
0.0988,16.528,0.89122,0.54852
0.0989,16.744,0.96882,0.51741
0.099,16.887,1.0362,0.48509
0.0991,16.994,1.0991,0.45585
0.0992,17.093,1.1615,0.43216
0.0993,17.2,1.2246,0.4139
0.0994,17.311,1.2872,0.3983
0.0995,17.406,1.3466,0.38133
0.0996,17.455,1.3991,0.35957
0.0997,17.438,1.4426,0.33124
0.0998,17.348,1.4779,0.29642
0.0999,17.196,1.508,0.25685
0.1,17.005,1.537,0.21482
0.1001,16.805,1.5697,0.17195
0.1002,16.617,1.6094,0.12861
0.1003,16.443,1.6561,0.083746
0.1004,16.265,1.7069,0.03506
0.1005,16.052,1.7566,-0.01977
0.1006,15.77,1.7992,-0.081622
0.1007,15.392,1.8296,-0.14955
0.1008,14.91,1.8452,-0.22112
0.1009,14.335,1.8462,-0.29306
0.101,13.69,1.8343,-0.36243
0.1011,13.005,1.8129,-0.42791
0.1012,12.305,1.7848,-0.49002
0.1013,11.607,1.7522,-0.55038
0.1014,10.912,1.7165,-0.61093
0.1015,10.218,1.6784,-0.67314
0.1016,9.5104,1.638,-0.73714
0.1017,8.7804,1.5955,-0.80182
0.1018,8.0238,1.5512,-0.86565
0.1019,7.2413,1.5059,-0.92743
0.102,6.4352,1.4598,-0.98684
0.1021,5.6096,1.4132,-1.0451
0.1022,4.7663,1.366,-1.1045
0.1023,3.9014,1.3172,-1.1677
0.1024,3.0087,1.2653,-1.2366
0.1025,2.0839,1.2097,-1.3119
0.1026,1.3248,1.1741,-1.375
0.1027,1.2511,1.2232,-1.3783
0.1028,1.1743,1.2742,-1.38
0.1029,1.0941,1.3253,-1.3762
0.103,1.0142,1.3698,-1.3614
0.1031,0.93458,1.4035,-1.335
0.1032,0.85585,1.4325,-1.3034
0.1033,0.77939,1.4596,-1.2703
0.1034,0.70945,1.4771,-1.2312
0.1035,0.64678,1.4814,-1.1841
0.1036,0.58826,1.4806,-1.1341
0.1037,0.52886,1.481,-1.0847
0.1038,0.46731,1.4829,-1.0354
0.1039,0.40304,1.487,-0.98555
0.104,0.33848,1.4914,-0.93556
0.1041,0.27382,1.4952,-0.88543
0.1042,0.21013,1.5013,-0.83862
0.1043,0.14693,1.5128,-0.79758
0.1044,0.085152,1.5272,-0.76079
0.1045,0.025337,1.5409,-0.72554
0.1046,-0.033746,1.5546,-0.69131
0.1047,-0.095009,1.5705,-0.65734
0.1048,-0.15819,1.5875,-0.62242
0.1049,-0.22106,1.6022,-0.58584
0.105,-0.28123,1.6118,-0.5472
0.1051,-0.3379,1.614,-0.50527
0.1052,-0.38998,1.609,-0.46069
0.1053,-0.43691,1.5971,-0.4139
0.1054,-0.47838,1.5759,-0.36212
0.1055,-0.51605,1.5447,-0.30274
0.1056,-0.55266,1.5087,-0.23843
0.1057,-0.59045,1.4727,-0.17188
0.1058,-0.62859,1.4346,-0.10226
0.1059,-0.66534,1.3928,-0.029971
0.106,-0.69938,1.3497,0.040713
0.1061,-0.73008,1.3073,0.10676
0.1062,-0.7565,1.2659,0.16676
0.1063,-0.77915,1.2275,0.21936
0.1064,-0.79935,1.1929,0.26512
0.1065,-0.81859,1.1607,0.30754
0.1066,-0.83822,1.1309,0.34826
0.1067,-0.86,1.1057,0.38702
0.1068,-0.88367,1.0838,0.42492
0.1069,-0.90695,1.0608,0.46383
0.107,-0.92731,1.0348,0.50332
0.1071,-0.94371,1.0048,0.54318
0.1072,-0.95504,0.96887,0.58446
0.1073,-0.96075,0.92601,0.62766
0.1074,-0.96135,0.87704,0.67259
0.1075,-0.95856,0.82262,0.72049
0.1076,-0.95371,0.76387,0.77166
0.1077,-0.94758,0.70281,0.82489
0.1078,-0.93974,0.6395,0.87962
0.1079,-0.92931,0.57291,0.93589
0.108,-0.91571,0.50483,0.99107
0.1081,-0.89921,0.43848,1.0419
0.1082,-0.87979,0.37453,1.0877
0.1083,-0.85781,0.313,1.1286
0.1084,-0.83426,0.25547,1.164
0.1085,-0.81037,0.2031,1.194
0.1086,-0.78639,0.15581,1.2191
0.1087,-0.76228,0.11401,1.2389
0.1088,-0.73745,0.077018,1.2535
0.1089,-0.71072,0.041814,1.2649
0.109,-0.68088,0.0058324,1.2742
0.1091,-0.64805,-0.031628,1.2825
0.1092,-0.61278,-0.07182,1.2914
0.1093,-0.57554,-0.11616,1.3027
0.1094,-0.53674,-0.16443,1.3168
0.1095,-0.49707,-0.21624,1.334
0.1096,-0.45624,-0.27234,1.3547
0.1097,-0.41332,-0.33234,1.3777
0.1098,-0.36722,-0.39488,1.4006
0.1099,-0.3174,-0.45939,1.4224
0.11,-0.26379,-0.52478,1.4417
0.1101,-0.20743,-0.58812,1.4567
0.1102,-0.14975,-0.64769,1.4667
0.1103,-0.092213,-0.70361,1.4732
0.1104,-0.036132,-0.75462,1.476
0.1105,0.017369,-0.79849,1.4736
0.1106,0.068547,-0.83538,1.4657
0.1107,0.1187,-0.86681,1.4524
0.1108,0.16931,-0.89348,1.4331
0.1109,0.2215,-0.9165,1.4077
0.111,0.27623,-0.938,1.3776
0.1111,0.33341,-0.95877,1.3441
0.1112,0.39204,-0.97865,1.3079
0.1113,0.45106,-0.9987,1.2716
0.1114,0.50996,-1.0205,1.237
0.1115,0.56828,-1.0444,1.2052
0.1116,0.62608,-1.0711,1.1768
0.1117,0.68414,-1.1014,1.1517
0.1118,0.74338,-1.1348,1.1288
0.1119,0.80407,-1.1703,1.1065
0.112,0.86609,-1.2068,1.0842
0.1121,0.92886,-1.2428,1.0608
0.1122,0.99141,-1.2762,1.0351
0.1123,1.0526,-1.3054,1.0067
0.1124,1.1116,-1.3292,0.97501
0.1125,1.168,-1.3459,0.93871
0.1126,1.222,-1.355,0.89712
0.1127,1.274,-1.3577,0.8508
0.1128,1.3249,-1.3549,0.79996
0.1129,1.3746,-1.3468,0.7447
0.113,1.4231,-1.3342,0.68613
0.1131,1.4702,-1.3183,0.62568
0.1132,1.5156,-1.2995,0.56414
0.1133,1.5592,-1.2789,0.50278
0.1134,1.6013,-1.2586,0.44321
0.1135,1.6428,-1.2397,0.38594
0.1136,1.6841,-1.2226,0.33074
0.1137,1.7257,-1.208,0.27802
0.1138,1.7678,-1.1966,0.22802
0.1139,1.81,-1.1874,0.18042
0.114,1.8513,-1.1796,0.13529
0.1141,1.8906,-1.1725,0.092977
0.1142,1.9272,-1.1644,0.052631
0.1143,1.9605,-1.1533,0.012811
0.1144,1.9903,-1.1382,-0.027568
0.1145,2.0174,-1.1186,-0.069792
0.1146,2.0425,-1.0935,-0.11555
0.1147,2.0661,-1.0628,-0.16557
0.1148,2.0888,-1.0268,-0.21977
0.1149,2.1101,-0.98525,-0.27805
0.115,2.1296,-0.93804,-0.33981
0.1151,2.1468,-0.88624,-0.40325
0.1152,2.1614,-0.8313,-0.46653
0.1153,2.1734,-0.77442,-0.52836
0.1154,2.183,-0.71731,-0.58729
0.1155,2.191,-0.66177,-0.64271
0.1156,2.1977,-0.60897,-0.69443
0.1157,2.2027,-0.55954,-0.74221
0.1158,2.2059,-0.5142,-0.78586
0.1159,2.2066,-0.47282,-0.82548
0.116,2.2038,-0.43448,-0.86136
0.1161,2.1968,-0.39825,-0.89369
0.1162,2.1854,-0.36297,-0.92317
0.1163,2.1693,-0.32691,-0.95104
0.1164,2.1487,-0.28903,-0.97826
0.1165,2.1243,-0.24892,-1.0054
0.1166,2.0964,-0.20573,-1.0336
0.1167,2.0655,-0.1584,-1.0636
0.1168,2.0319,-0.10673,-1.0958
0.1169,1.9959,-0.050626,-1.1303
0.117,1.9574,0.010142,-1.1668
0.1171,1.9163,0.074876,-1.2045
0.1172,1.8731,0.14198,-1.2424
0.1173,1.8281,0.21031,-1.2798
0.1174,1.7813,0.27869,-1.3157
0.1175,1.7333,0.34528,-1.349
0.1176,1.6847,0.40842,-1.3787
0.1177,1.6352,0.46736,-1.4036
0.1178,1.5844,0.52138,-1.4228
0.1179,1.5327,0.5699,-1.4354
0.118,1.48,0.61333,-1.4418
0.1181,1.4261,0.65267,-1.4424
0.1182,1.3715,0.68857,-1.4382
0.1183,1.3167,0.72188,-1.4303
0.1184,1.262,0.75395,-1.4206
0.1185,1.2071,0.78596,-1.4099
0.1186,1.1521,0.8189,-1.3994
0.1187,1.0964,0.85416,-1.3899
0.1188,1.0392,0.8928,-1.3819
0.1189,0.98001,0.935,-1.3751
0.119,0.9185,0.98057,-1.369
0.1191,0.85477,1.0291,-1.3635
0.1192,0.78947,1.0796,-1.358
0.1193,0.72356,1.1307,-1.3522
0.1194,0.6579,1.181,-1.3456
0.1195,0.59324,1.2294,-1.3377
0.1196,0.53016,1.2743,-1.3274
0.1197,0.46865,1.3147,-1.3137
0.1198,0.40829,1.35,-1.2957
0.1199,0.34877,1.3798,-1.2724
0.12,0.2899,1.4039,-1.2435
0.1201,0.23132,1.4225,-1.2089
0.1202,0.17302,1.436,-1.169
0.1203,0.11534,1.4447,-1.1244
0.1204,0.058488,1.4496,-1.0763
0.1205,0.0023389,1.4521,-1.0262
0.1206,-0.053155,1.4534,-0.97511
0.1207,-0.10814,1.4549,-0.92439
0.1208,-0.16305,1.458,-0.87507
0.1209,-0.21816,1.4632,-0.82763
0.121,-0.27337,1.4707,-0.78238
0.1211,-0.32853,1.4805,-0.73964
0.1212,-0.38337,1.4922,-0.69939
0.1213,-0.43738,1.5048,-0.66108
0.1214,-0.49007,1.517,-0.62402
0.1215,-0.5413,1.5279,-0.58731
0.1216,-0.59093,1.5362,-0.54977
0.1217,-0.63876,1.5407,-0.5103
0.1218,-0.68474,1.5405,-0.46813
0.1219,-0.72886,1.5351,-0.42267
0.122,-0.77077,1.5237,-0.37351
0.1221,-0.81014,1.5057,-0.3206
0.1222,-0.84688,1.4815,-0.26422
0.1223,-0.88098,1.4514,-0.20477
0.1224,-0.9125,1.4162,-0.14288
0.1225,-0.94189,1.3772,-0.079416
