0.05,0.17858,0.17949,-0.26493
0.0501,0.16833,0.19039,-0.26561
0.0502,0.15756,0.20105,-0.26604
0.0503,0.14635,0.2114,-0.2662
0.0504,0.13477,0.22131,-0.26604
0.0505,0.12291,0.2307,-0.26555
0.0506,0.11084,0.23948,-0.26467
0.0507,0.098628,0.2476,-0.2634
0.0508,0.086335,0.25505,-0.2617
0.0509,0.073991,0.26183,-0.25957
0.051,0.061619,0.268,-0.257
0.0511,0.049218,0.27364,-0.25404
0.0512,0.036786,0.27883,-0.25069
0.0513,0.024316,0.28367,-0.24701
0.0514,0.011807,0.28824,-0.24305
0.0515,-0.0007499,0.29264,-0.23884
0.0516,-0.013348,0.29695,-0.23443
0.0517,-0.025978,0.30119,-0.22983
0.0518,-0.038621,0.3054,-0.22506
0.0519,-0.051248,0.30954,-0.22012
0.052,-0.063807,0.3136,-0.21496
0.0521,-0.07624,0.31751,-0.20957
0.0522,-0.088471,0.3212,-0.20388
0.0523,-0.10042,0.32457,-0.19782
0.0524,-0.11202,0.32753,-0.19131
0.0525,-0.12321,0.33,-0.18426
0.0526,-0.13394,0.33188,-0.17659
0.0527,-0.14421,0.33314,-0.16822
0.0528,-4.8192,0.21116,-0.22119
0.0529,-6.1951,0.17412,-0.22595
0.053,-6.9734,0.14889,-0.22478
0.0531,-8.2279,0.11642,-0.23592
0.0532,-8.9245,0.10991,-0.23861
0.0533,-9.2437,0.10516,-0.23199
0.0534,-10.365,0.066753,-0.23714
0.0535,-12.135,0.024177,-0.25257
0.0536,-14.011,-0.0097403,-0.27004
0.0537,-15.862,-0.056327,-0.28663
0.0538,-17.576,-0.10438,-0.30047
0.0539,-18.763,-0.1323,-0.30583
0.054,-19.681,-0.15651,-0.30917
0.0541,-20.482,-0.17498,-0.31138
0.0542,-21.172,-0.18,-0.31377
0.0543,-22.298,-0.19323,-0.32072
0.0544,-24.188,-0.2347,-0.3361
0.0545,-26.515,-0.28314,-0.3553
0.0546,-28.964,-0.32425,-0.3763
0.0547,-31.22,-0.35338,-0.39429
0.0548,-32.742,-0.3422,-0.40507
0.0549,-33.616,-0.25938,-0.40943
0.055,-34.61,-0.10925,-0.41764
0.0551,-35.836,0.10318,-0.42986
0.0552,-36.862,0.34514,-0.44318
0.0553,-37.876,0.51405,-0.457
0.0554,-39.223,0.56242,-0.47437
0.0555,-40.576,0.5574,-0.49011
0.0556,-41.65,0.53723,-0.50161
0.0557,-42.613,0.49902,-0.50717
0.0558,-43.537,0.48715,-0.5113
0.0559,-44.306,0.54441,-0.5157
0.056,-45.065,0.62619,-0.52196
0.0561,-46.048,0.68302,-0.52848
0.0562,-47.296,0.70783,-0.53916
0.0563,-48.713,0.67521,-0.55119
0.0564,-50.093,0.57238,-0.56119
0.0565,-51.023,0.4453,-0.56315
0.0566,-51.593,0.3205,-0.56197
0.0567,-51.895,0.19846,-0.55622
0.0568,-52.083,0.098281,-0.54774
0.0569,-52.198,0.048926,-0.53937
0.057,-52.443,0.021132,-0.53662
0.0571,-52.878,-0.025857,-0.53769
0.0572,-53.11,-0.095983,-0.53759
0.0573,-53.143,-0.21912,-0.53533
0.0574,-53.206,-0.42462,-0.53184
0.0575,-53.181,-0.66242,-0.52324
0.0576,-52.845,-0.86717,-0.50991
0.0577,-52.39,-1.0235,-0.49526
0.0578,-52.095,-1.1339,-0.48289
0.0579,-51.938,-1.2031,-0.47283
0.058,-51.924,-1.2493,-0.4666
0.0581,-52.141,-1.2908,-0.46218
0.0582,-52.404,-1.329,-0.45672
0.0583,-52.402,-1.3553,-0.44687
0.0584,-52.094,-1.3735,-0.43132
0.0585,-51.563,-1.3868,-0.40728
0.0586,-50.867,-1.3921,-0.37601
0.0587,-50.147,-1.3912,-0.33718
0.0588,-49.497,-1.3904,-0.28573
0.0589,-48.846,-1.3849,-0.2082
0.059,-48.187,-1.3718,-0.084757
0.0591,-47.595,-1.3579,0.10501
0.0592,-46.973,-1.3468,0.34873
0.0593,-46.309,-1.3345,0.59018
0.0594,-45.596,-1.3213,0.77798
0.0595,-44.826,-1.3086,0.90637
0.0596,-43.854,-1.2882,0.98767
0.0597,-42.875,-1.2646,1.0258
0.0598,-42.005,-1.2412,1.0375
0.0599,-41.236,-1.2207,1.061
0.06,-40.458,-1.2005,1.117
0.0601,-39.645,-1.1813,1.205
0.0602,-38.762,-1.1645,1.3185
0.0603,-37.722,-1.1451,1.4396
0.0604,-36.528,-1.1219,1.5278
0.0605,-35.251,-1.0973,1.555
0.0606,-33.87,-1.0702,1.5235
0.0607,-32.361,-1.0368,1.4502
0.0608,-30.788,-0.99972,1.3582
0.0609,-29.214,-0.96187,1.2778
0.061,-27.675,-0.9241,1.2235
0.0611,-26.234,-0.8887,1.1886
0.0612,-24.889,-0.85817,1.1598
0.0613,-23.536,-0.82805,1.1187
0.0614,-22.121,-0.79453,1.0329
0.0615,-20.641,-0.75712,0.88367
0.0616,-19.045,-0.71487,0.68329
0.0617,-17.344,-0.66691,0.4684
0.0618,-15.661,-0.6186,0.28639
0.0619,-14.048,-0.57379,0.16697
0.062,-12.459,-0.53179,0.10061
0.0621,-10.931,-0.4928,0.065964
0.0622,-9.5168,-0.45905,0.048744
0.0623,-8.1336,-0.42699,0.042831
0.0624,-6.6843,-0.39234,0.042772
0.0625,-5.1816,-0.35485,0.04474
0.0626,-3.6291,-0.31436,0.046804
0.0627,-2.0047,-0.26844,0.049011
0.0628,-0.38387,-0.22034,0.050364
0.0629,1.1257,-0.1756,0.052112
0.063,2.5102,-0.13557,0.055939
0.0631,3.7889,-0.098814,0.06281
0.0632,4.9725,-0.065732,0.071709
0.0633,6.1291,-0.033456,0.082408
0.0634,7.3334,0.0023586,0.092951
0.0635,8.5813,0.042365,0.10146
0.0636,9.8556,0.084206,0.10726
0.0637,11.161,0.12764,0.11192
0.0638,12.455,0.17083,0.11573
0.0639,13.677,0.21058,0.11995
0.064,14.829,0.24586,0.12596
0.0641,15.908,0.27793,0.13433
0.0642,16.881,0.30653,0.14342
0.0643,17.786,0.33341,0.15274
0.0644,18.695,0.36184,0.1613
0.0645,19.602,0.39288,0.16779
0.0646,20.471,0.42478,0.17122
0.0647,21.31,0.45715,0.17307
0.0648,22.103,0.48846,0.17424
0.0649,22.798,0.51647,0.1758
0.065,23.408,0.54159,0.17869
0.0651,23.985,0.56692,0.18366
0.0652,24.537,0.59319,0.18912
0.0653,25.057,0.62078,0.19391
0.0654,25.559,0.6506,0.19702
0.0655,26.021,0.68162,0.19767
0.0656,26.443,0.71147,0.19706
0.0657,26.796,0.73867,0.19555
0.0658,27.083,0.76289,0.19394
0.0659,27.279,0.7828,0.19272
0.066,27.379,0.7976,0.19174
0.0661,27.413,0.8098,0.19113
0.0662,27.394,0.82066,0.18971
0.0663,27.327,0.83054,0.18677
0.0664,27.238,0.84023,0.18222
0.0665,27.122,0.85004,0.17634
0.0666,26.929,0.85714,0.16905
0.0667,26.651,0.86014,0.16167
0.0668,26.314,0.85955,0.1552
0.0669,25.916,0.85603,0.14977
0.067,25.466,0.85015,0.14457
0.0671,25.003,0.84467,0.13917
0.0672,24.541,0.84103,0.13219
0.0673,24.053,0.83882,0.12271
0.0674,23.536,0.83729,0.11087
0.0675,22.994,0.8361,0.097766
0.0676,22.393,0.83298,0.083702
0.0677,21.705,0.82625,0.069289
0.0678,20.931,0.81535,0.054921
0.0679,20.067,0.80031,0.040513
0.068,19.117,0.78122,0.025199
0.0681,18.117,0.76013,0.0089356
0.0682,17.097,0.73855,-0.0084151
0.0683,16.06,0.71675,-0.026603
0.0684,15.008,0.69445,-0.044857
0.0685,13.943,0.67161,-0.061675
0.0686,12.844,0.64676,-0.076458
0.0687,11.706,0.61937,-0.088663
0.0688,10.546,0.59024,-0.098315
0.0689,9.366,0.56029,-0.10608
0.069,8.1563,0.52954,-0.11326
0.0691,6.9314,0.49917,-0.12029
0.0692,5.7041,0.46993,-0.1275
0.0693,4.4556,0.44109,-0.13511
0.0694,3.2002,0.41219,-0.14218
0.0695,1.9311,0.38302,-0.1484
0.0696,0.63299,0.35262,-0.15391
0.0697,-0.71455,0.32008,-0.15879
0.0698,-2.1062,0.28551,-0.16341
0.0699,-3.5266,0.25012,-0.16817
0.07,-4.9692,0.21412,-0.17395
0.0701,-6.4213,0.17803,-0.18094
0.0702,-7.8664,0.14221,-0.1891
0.0703,-9.3065,0.10638,-0.198
0.0704,-10.748,0.06938,-0.20714
0.0705,-12.183,0.03123,-0.21557
0.0706,-13.606,-0.0078238,-0.22297
0.0707,-15.018,-0.04727,-0.22946
0.0708,-16.412,-0.086273,-0.23569
0.0709,-17.781,-0.1233,-0.24222
0.071,-19.128,-0.15769,-0.24983
0.0711,-20.452,-0.18887,-0.25861
0.0712,-21.749,-0.21635,-0.26812
0.0713,-23.028,-0.23971,-0.27758
0.0714,-24.306,-0.25859,-0.28664
0.0715,-25.591,-0.27077,-0.29494
0.0716,-26.885,-0.27224,-0.30258
0.0717,-28.195,-0.25644,-0.31009
0.0718,-29.514,-0.21538,-0.31842
0.0719,-30.826,-0.14653,-0.32817
0.072,-32.12,-0.064707,-0.33966
0.0721,-33.384,0.004207,-0.35238
0.0722,-34.592,0.043886,-0.36533
0.0723,-35.732,0.056323,-0.37728
0.0724,-36.814,0.054449,-0.38758
0.0725,-37.849,0.053973,-0.39584
0.0726,-38.853,0.065851,-0.40261
0.0727,-39.844,0.092043,-0.40885
0.0728,-40.822,0.12552,-0.41548
0.0729,-41.76,0.15419,-0.42248
0.073,-42.623,0.16285,-0.4294
0.0731,-43.383,0.13774,-0.4353
0.0732,-44.018,0.072396,-0.43912
0.0733,-44.53,-0.029091,-0.44005
0.0734,-44.95,-0.15416,-0.43812
0.0735,-45.318,-0.2846,-0.43382
0.0736,-45.668,-0.40416,-0.42825
0.0737,-46.025,-0.50604,-0.42277
0.0738,-46.392,-0.59363,-0.41853
0.0739,-46.733,-0.67429,-0.4155
0.074,-47.003,-0.75518,-0.41306
0.0741,-47.172,-0.83923,-0.41012
0.0742,-47.224,-0.923,-0.40562
0.0743,-47.166,-0.99926,-0.39895
0.0744,-47.037,-1.0633,-0.39062
0.0745,-46.882,-1.1142,-0.38166
0.0746,-46.732,-1.1535,-0.37322
0.0747,-46.6,-1.1833,-0.36607
0.0748,-46.474,-1.2056,-0.3603
0.0749,-46.319,-1.2219,-0.35487
0.075,-46.094,-1.233,-0.34826
0.0751,-45.775,-1.2396,-0.33892
0.0752,-45.354,-1.2427,-0.32557
0.0753,-44.844,-1.243,-0.30724
0.0754,-44.276,-1.2415,-0.28361
0.0755,-43.682,-1.2386,-0.25437
0.0756,-43.078,-1.2344,-0.21821
0.0757,-42.465,-1.2282,-0.1714
0.0758,-41.837,-1.22,-0.1061
0.0759,-41.181,-1.2098,-0.0087627
0.076,-40.49,-1.1982,0.13388
0.0761,-39.766,-1.1856,0.31773
0.0762,-39.01,-1.1727,0.51212
0.0763,-38.212,-1.1588,0.67692
0.0764,-37.36,-1.1433,0.78906
0.0765,-36.447,-1.1257,0.85142
0.0766,-35.473,-1.1057,0.88257
0.0767,-34.442,-1.0833,0.90415
0.0768,-33.37,-1.0589,0.93387
0.0769,-32.274,-1.0331,0.98173
0.077,-31.16,-1.0062,1.0465
0.0771,-30.027,-0.97847,1.1163
0.0772,-28.863,-0.95017,1.1722
0.0773,-27.647,-0.92084,1.1937
0.0774,-26.352,-0.88981,1.1649
0.0775,-24.961,-0.85656,1.0841
0.0776,-23.479,-0.82119,0.96627
0.0777,-21.937,-0.78449,0.83668
0.0778,-20.385,-0.74791,0.71878
0.0779,-18.873,-0.71275,0.62504
0.078,-17.42,-0.67956,0.55451
0.0781,-16.016,-0.64777,0.49737
0.0782,-14.624,-0.6161,0.44168
0.0783,-13.201,-0.58303,0.37952
0.0784,-11.716,-0.54743,0.31088
0.0785,-10.162,-0.50881,0.2438
0.0786,-8.5571,-0.4675,0.18784
0.0787,-6.937,-0.42448,0.14753
0.0788,-5.3462,-0.38126,0.12198
0.0789,-3.8189,-0.33909,0.10817
0.079,-2.3662,-0.2987,0.10291
0.0791,-0.97494,-0.2599,0.10343
0.0792,0.38755,-0.22178,0.10744
0.0793,1.7617,-0.18287,0.11322
0.0794,3.1747,-0.14216,0.1193
0.0795,4.6248,-0.099571,0.12461
0.0796,6.0855,-0.056067,0.12883
0.0797,7.5214,-0.013023,0.13263
0.0798,8.9025,0.028127,0.13706
0.0799,10.215,0.066534,0.14313
0.08,11.465,0.10205,0.15126
0.0801,12.668,0.13524,0.16103
0.0802,13.842,0.1669,0.17118
0.0803,15.005,0.198,0.1805
0.0804,16.168,0.22939,0.18823
0.0805,17.331,0.26155,0.19419
0.0806,18.482,0.29432,0.19878
0.0807,19.606,0.32716,0.20292
0.0808,20.684,0.35937,0.20749
0.0809,21.706,0.39067,0.21305
0.081,22.679,0.42139,0.2198
0.0811,23.612,0.45237,0.22749
0.0812,24.512,0.48431,0.23533
0.0813,25.376,0.51737,0.24229
0.0814,26.191,0.55089,0.24758
0.0815,26.941,0.58391,0.25093
0.0816,27.617,0.61554,0.25265
0.0817,28.22,0.64542,0.25363
0.0818,28.76,0.67362,0.25475
0.0819,29.249,0.70056,0.25643
0.082,29.694,0.72668,0.25843
0.0821,30.102,0.7524,0.26023
0.0822,30.472,0.77783,0.26119
0.0823,30.802,0.8028,0.261
0.0824,31.085,0.82679,0.25976
0.0825,31.312,0.84905,0.25786
0.0826,31.474,0.86881,0.2557
0.0827,31.57,0.88577,0.25365
0.0828,31.607,0.90012,0.25184
0.0829,31.598,0.91254,0.25009
0.083,31.554,0.92382,0.24792
0.0831,31.479,0.93461,0.24476
0.0832,31.361,0.94494,0.24003
0.0833,31.189,0.95441,0.23349
0.0834,30.947,0.96235,0.22542
0.0835,30.631,0.96805,0.21651
0.0836,30.239,0.97088,0.20748
0.0837,29.776,0.97053,0.19876
0.0838,29.252,0.96698,0.19025
0.0839,28.673,0.96064,0.18129
0.084,28.049,0.95214,0.17099
0.0841,27.389,0.94228,0.15882
0.0842,26.699,0.93165,0.14468
0.0843,25.98,0.92049,0.1289
0.0844,25.227,0.90856,0.11202
0.0845,24.435,0.89546,0.094698
0.0846,23.602,0.88072,0.077263
0.0847,22.726,0.86416,0.059699
0.0848,21.813,0.84579,0.041678
0.0849,20.862,0.82586,0.022689
0.085,19.874,0.8046,0.0022955
0.0851,18.845,0.78228,-0.019274
0.0852,17.775,0.75904,-0.0409
0.0853,16.665,0.73499,-0.060818
0.0854,15.517,0.71012,-0.077418
0.0855,14.337,0.68438,-0.089961
0.0856,13.124,0.6575,-0.098822
0.0857,11.881,0.62934,-0.10504
0.0858,10.608,0.59983,-0.10974
0.0859,9.3076,0.56907,-0.1138
0.086,7.9818,0.53716,-0.11766
0.0861,6.6343,0.50427,-0.12133
0.0862,5.2681,0.47042,-0.12458
0.0863,3.8854,0.43555,-0.12718
0.0864,2.49,0.39969,-0.12909
0.0865,1.0881,0.36302,-0.13047
0.0866,-0.31392,0.32586,-0.13175
0.0867,-1.7123,0.28859,-0.13352
0.0868,-3.1064,0.25152,-0.13635
0.0869,-4.4994,0.21483,-0.14062
0.087,-5.8959,0.17847,-0.14647
0.0871,-7.2995,0.14229,-0.15368
0.0872,-8.7104,0.10611,-0.16166
0.0873,-10.126,0.069738,-0.16971
0.0874,-11.544,0.033062,-0.17734
0.0875,-12.959,-0.0038254,-0.18436
0.0876,-14.368,-0.040641,-0.19105
0.0877,-15.764,-0.076876,-0.19795
0.0878,-17.143,-0.11196,-0.20564
0.0879,-18.502,-0.14535,-0.21435
0.088,-19.838,-0.17668,-0.22396
0.0881,-21.154,-0.20565,-0.23405
0.0882,-22.45,-0.2318,-0.24402
0.0883,-23.73,-0.25417,-0.25332
0.0884,-24.993,-0.2708,-0.26171
0.0885,-26.238,-0.27813,-0.26927
0.0886,-27.466,-0.27061,-0.27642
0.0887,-28.68,-0.24113,-0.28385
0.0888,-29.884,-0.1859,-0.29232
0.0889,-31.075,-0.1149,-0.30214
0.089,-32.241,-0.053556,-0.31286
0.0891,-33.355,-0.024666,-0.32348
0.0892,-34.4,-0.032911,-0.33304
0.0893,-35.366,-0.067477,-0.34086
0.0894,-36.265,-0.11263,-0.34677
0.0895,-37.116,-0.15548,-0.3512
0.0896,-37.938,-0.18958,-0.35509
0.0897,-38.743,-0.21511,-0.35915
0.0898,-39.524,-0.23728,-0.36349
0.0899,-40.256,-0.2646,-0.36771
0.09,-40.911,-0.3072,-0.37115
0.0901,-41.466,-0.37254,-0.37303
0.0902,-41.908,-0.46017,-0.37277
0.0903,-42.245,-0.56041,-0.37023
0.0904,-42.506,-0.65949,-0.3658
0.0905,-42.73,-0.74726,-0.36032
0.0906,-42.95,-0.82075,-0.35488
0.0907,-43.18,-0.8819,-0.35045
0.0908,-43.408,-0.93386,-0.34729
0.0909,-43.599,-0.97901,-0.34487
0.091,-43.716,-1.0187,-0.34214
0.0911,-43.733,-1.0533,-0.33814
0.0912,-43.647,-1.0828,-0.33238
0.0913,-43.47,-1.1071,-0.32499
0.0914,-43.232,-1.1264,-0.31665
0.0915,-42.965,-1.141,-0.30823
0.0916,-42.691,-1.1515,-0.3004
0.0917,-42.415,-1.1586,-0.29316
0.0918,-42.125,-1.1631,-0.28573
0.0919,-41.797,-1.1652,-0.27679
0.092,-41.403,-1.1652,-0.2649
0.0921,-40.926,-1.1633,-0.24861
0.0922,-40.363,-1.1598,-0.22673
0.0923,-39.73,-1.155,-0.19836
0.0924,-39.049,-1.1493,-0.16247
0.0925,-38.343,-1.1426,-0.11681
0.0926,-37.622,-1.1347,-0.056618
0.0927,-36.887,-1.1252,0.02676
0.0928,-36.135,-1.114,0.1443
0.0929,-35.361,-1.1011,0.29967
0.093,-34.559,-1.0865,0.47624
0.0931,-33.716,-1.0702,0.63937
0.0932,-32.814,-1.0518,0.75754
0.0933,-31.839,-1.0308,0.81945
0.0934,-30.785,-1.0071,0.83344
0.0935,-29.664,-0.98109,0.81824
0.0936,-28.495,-0.95321,0.79438
0.0937,-27.301,-0.92407,0.77817
0.0938,-26.096,-0.89415,0.77834
0.0939,-24.883,-0.86377,0.79561
0.094,-23.654,-0.833,0.82305
0.0941,-22.395,-0.80179,0.84633
0.0942,-21.089,-0.77,0.84691
0.0943,-19.722,-0.73735,0.81003
0.0944,-18.286,-0.70371,0.73322
0.0945,-16.796,-0.66936,0.62885
0.0946,-15.28,-0.63498,0.51822
0.0947,-13.776,-0.60131,0.42019
0.0948,-12.31,-0.56878,0.34341
0.0949,-10.886,-0.53712,0.2871
0.095,-9.4841,-0.50534,0.2463
0.0951,-8.0701,-0.47209,0.21594
0.0952,-6.6156,-0.43628,0.19238
0.0953,-5.106,-0.39725,0.17364
0.0954,-3.5457,-0.35502,0.15896
0.0955,-1.9588,-0.31036,0.1482
0.0956,-0.3801,-0.26463,0.14139
0.0957,1.1576,-0.21927,0.1384
0.0958,2.6319,-0.1755,0.13887
0.0959,4.0363,-0.13401,0.14222
0.096,5.384,-0.094689,0.1477
0.0961,6.7034,-0.056751,0.15452
0.0962,8.0236,-0.019258,0.16176
0.0963,9.3606,0.018401,0.1685
0.0964,10.712,0.056291,0.17414
0.0965,12.06,0.093908,0.17874
0.0966,13.383,0.13045,0.18301
0.0967,14.665,0.16529,0.18797
0.0968,15.901,0.19826,0.19453
0.0969,17.095,0.22959,0.20296
0.097,18.255,0.2599,0.21276
0.0971,19.395,0.28994,0.22296
0.0972,20.521,0.32037,0.23255
0.0973,21.639,0.35151,0.24081
0.0974,22.745,0.38329,0.2475
0.0975,23.827,0.41517,0.25285
0.0976,24.87,0.44632,0.25735
0.0977,25.859,0.47604,0.26158
0.0978,26.789,0.50427,0.26609
0.0979,27.659,0.53178,0.27117
0.098,28.473,0.55993,0.27666
0.0981,29.232,0.59001,0.282
0.0982,29.931,0.62225,0.28647
0.0983,30.564,0.65573,0.28943
0.0984,31.128,0.68899,0.29075
0.0985,31.627,0.72085,0.29088
0.0986,32.072,0.75076,0.29061
0.0987,32.474,0.77876,0.29055
0.0988,32.844,0.80525,0.29094
0.0989,33.184,0.8307,0.29159
0.099,33.495,0.8555,0.29206
0.0991,33.772,0.87979,0.29193
0.0992,34.006,0.90338,0.291
0.0993,34.188,0.92567,0.28932
0.0994,34.305,0.94592,0.28705
0.0995,34.351,0.96355,0.28439
0.0996,34.327,0.97838,0.28151
0.0997,34.24,0.99062,0.2784
0.0998,34.101,1.0008,0.27488
0.0999,33.915,1.0095,0.27053
0.1,33.682,1.017,0.2648
0.1001,33.395,1.0231,0.25722
0.1002,33.045,1.0277,0.2477
0.1003,32.628,1.0303,0.2366
0.1004,32.145,1.0303,0.22456
0.1005,31.599,1.0275,0.21225
0.1006,30.998,1.0217,0.20002
0.1007,30.35,1.0129,0.18771
0.1008,29.664,1.0017,0.17479
0.1009,28.947,0.98878,0.16067
0.101,28.207,0.97493,0.14498
0.1011,27.443,0.96062,0.12765
0.1012,26.651,0.94602,0.10889
0.1013,25.825,0.93093,0.088998
0.1014,24.956,0.91502,0.068185
0.1015,24.042,0.89794,0.046448
0.1016,23.082,0.87944,0.02353
0.1017,22.076,0.85936,-0.0010292
0.1018,21.026,0.83764,-0.027575
0.1019,19.932,0.81433,-0.055722
0.102,18.795,0.78954,-0.083603
0.1021,17.618,0.76342,-0.10795
0.1022,16.404,0.73618,-0.12533
0.1023,15.159,0.70788,-0.1341
0.1024,13.885,0.6785,-0.13527
0.1025,12.587,0.64801,-0.13158
0.1026,11.267,0.61645,-0.12591
0.1027,9.9306,0.58388,-0.12034
0.1028,8.579,0.55043,-0.11604
0.1029,7.2138,0.51617,-0.11337
0.103,5.834,0.48108,-0.11218
0.1031,4.4382,0.44509,-0.11203
0.1032,3.0272,0.4082,-0.11251
0.1033,1.6054,0.37056,-0.11331
0.1034,0.17907,0.33248,-0.11433
0.1035,-0.14186,0.32304,-0.10042
0.1036,-0.16128,0.32187,-0.084661
0.1037,-0.18121,0.32228,-0.070588
0.1038,-0.19627,0.32294,-0.056205
0.1039,-0.20693,0.32055,-0.041637
0.104,-0.21517,0.31702,-0.028029
0.1041,-0.22332,0.31575,-0.014964
0.1042,-0.22794,0.31347,-0.0011514
0.1043,-0.22738,0.30624,0.014455
0.1044,-0.22347,0.29689,0.031403
0.1045,-0.22088,0.28862,0.048292
0.1046,-0.21958,0.28096,0.063859
0.1047,-0.21928,0.274,0.078344
0.1048,-0.21915,0.26749,0.091989
0.1049,-0.21916,0.25985,0.105
0.105,-0.21895,0.25144,0.11705
0.1051,-0.22072,0.2447,0.12847
0.1052,-0.22409,0.23909,0.13951
0.1053,-0.22792,0.2324,0.15061
0.1054,-0.23198,0.22489,0.16148
0.1055,-0.23825,0.21862,0.1722
0.1056,-0.24563,0.21336,0.18227
0.1057,-0.25256,0.20804,0.1914
0.1058,-0.2581,0.20168,0.19943
0.1059,-0.26277,0.19368,0.20726
0.106,-0.266,0.18401,0.21508
0.1061,-0.26786,0.1734,0.22314
0.1062,-0.26685,0.16057,0.23177
0.1063,-0.26238,0.14457,0.2415
0.1064,-0.25572,0.12758,0.25135
0.1065,-0.24931,0.11237,0.26058
0.1066,-0.24215,0.097693,0.26895
0.1067,-0.23333,0.0819,0.27678
0.1068,-0.22368,0.065678,0.28372
0.1069,-0.21476,0.049991,0.28997
0.107,-0.20625,0.034388,0.29549
0.1071,-0.19947,0.020017,0.3004
0.1072,-0.19404,0.0067974,0.30497
0.1073,-0.19032,-0.005243,0.3095
0.1074,-0.18708,-0.016411,0.31358
0.1075,-0.18502,-0.025707,0.31705
0.1076,-0.18362,-0.033363,0.31963
0.1077,-0.1818,-0.040761,0.32159
0.1078,-0.17858,-0.048703,0.32291
0.1079,-0.17467,-0.057103,0.32428
0.108,-0.16929,-0.066739,0.32592
0.1081,-0.16211,-0.077886,0.32789
0.1082,-0.15302,-0.09007,0.32972
0.1083,-0.14272,-0.10268,0.3316
0.1084,-0.13105,-0.11527,0.33311
0.1085,-0.11869,-0.12691,0.33396
0.1086,-0.10508,-0.13817,0.33403
0.1087,-0.089759,-0.15027,0.33389
0.1088,-0.073039,-0.16299,0.33337
0.1089,-0.056723,-0.17482,0.33246
0.109,-0.040856,-0.18588,0.33116
0.1091,-0.025459,-0.19659,0.32982
0.1092,-0.010971,-0.20625,0.32813
0.1093,0.0017957,-0.21402,0.32606
0.1094,0.013535,-0.22019,0.32323
0.1095,0.02407,-0.2245,0.31959
0.1096,0.033344,-0.22681,0.31512
0.1097,0.041732,-0.22797,0.31039
0.1098,0.050336,-0.22915,0.30553
0.1099,0.058951,-0.23045,0.30088
0.11,0.067972,-0.23226,0.29644
0.1101,0.077872,-0.23502,0.2922
0.1102,0.088971,-0.23848,0.28762
0.1103,0.10078,-0.24214,0.28264
0.1104,0.11387,-0.24644,0.27716
0.1105,0.12836,-0.25149,0.27115
0.1106,0.14415,-0.25705,0.26444
0.1107,0.16071,-0.26302,0.25741
0.1108,0.17775,-0.26925,0.25009
0.1109,0.19402,-0.27458,0.24252
0.111,0.20909,-0.27865,0.23456
0.1111,0.22311,-0.28191,0.22639
0.1112,0.23613,-0.28424,0.21761
0.1113,0.2473,-0.28467,0.20791
0.1114,0.25692,-0.28341,0.19701
0.1115,0.26535,-0.28103,0.18505
0.1116,0.27264,-0.27761,0.17214
0.1117,0.27857,-0.27323,0.15875
0.1118,0.28391,-0.26866,0.14514
0.1119,0.28874,-0.26387,0.13156
0.112,0.293,-0.25855,0.11795
0.1121,0.29688,-0.25285,0.10442
0.1122,0.30124,-0.2473,0.090779
0.1123,0.30619,-0.24205,0.077073
0.1124,0.31225,-0.23762,0.06336
0.1125,0.31979,-0.23453,0.049818
0.1126,0.32877,-0.23267,0.036352
0.1127,0.33842,-0.2315,0.023174
0.1128,0.34849,-0.23088,0.010385
0.1129,0.35842,-0.2303,-0.0020074
0.113,0.36773,-0.22906,-0.01423
0.1131,0.37604,-0.22691,-0.026242
0.1132,0.38332,-0.22369,-0.038223
0.1133,0.3889,-0.21869,-0.050277
0.1134,0.39264,-0.21179,-0.0624
0.1135,0.39486,-0.20359,-0.074263
0.1136,0.39584,-0.19436,-0.085795
0.1137,0.39532,-0.18376,-0.09691
0.1138,0.39369,-0.17201,-0.10766
0.1139,0.39133,-0.15935,-0.11809
0.114,0.38839,-0.14566,-0.12838
0.1141,0.385,-0.13118,-0.13847
0.1142,0.38203,-0.11676,-0.14836
0.1143,0.37982,-0.10286,-0.15798
0.1144,0.37846,-0.089628,-0.16728
0.1145,0.37798,-0.077325,-0.17608
0.1146,0.37852,-0.066075,-0.18443
0.1147,0.37962,-0.055458,-0.19232
0.1148,0.38109,-0.045347,-0.19977
0.1149,0.38287,-0.035718,-0.20682
0.115,0.38476,-0.026274,-0.21364
0.1151,0.38615,-0.016377,-0.22036
0.1152,0.38703,-0.0061447,-0.2269
0.1153,0.38704,0.0045825,-0.23305
0.1154,0.38588,0.016119,-0.23881
0.1155,0.38343,0.028475,-0.24402
0.1156,0.37992,0.041421,-0.24864
0.1157,0.37517,0.055309,-0.25274
0.1158,0.36923,0.070326,-0.25652
0.1159,0.36242,0.086233,-0.26002
0.116,0.35522,0.10251,-0.26332
0.1161,0.34772,0.11877,-0.26636
0.1162,0.34019,0.13431,-0.26902
0.1163,0.33258,0.14865,-0.27123
0.1164,0.32471,0.16162,-0.27298
0.1165,0.31635,0.1732,-0.27418
0.1166,0.30769,0.18317,-0.2748
0.1167,0.29864,0.19178,-0.27494
0.1168,0.28918,0.19937,-0.27479
0.1169,0.27933,0.20614,-0.27441
0.117,0.26907,0.2123,-0.27388
0.1171,0.25807,0.2184,-0.27328
0.1172,0.2463,0.2245,-0.2725
0.1173,0.23372,0.23056,-0.27133
0.1174,0.22023,0.23678,-0.2697
0.1175,0.20568,0.2435,-0.26763
0.1176,0.19026,0.2507,-0.26516
0.1177,0.17393,0.25859,-0.26236
0.1178,0.15666,0.26738,-0.25938
0.1179,0.13869,0.27687,-0.25627
0.118,0.1205,0.28647,-0.25302
0.1181,0.10222,0.29598,-0.24958
0.1182,0.084042,0.30514,-0.24591
0.1183,0.066296,0.31351,-0.24189
0.1184,0.049301,0.32076,-0.23747
0.1185,0.033135,0.32683,-0.23257
0.1186,0.018154,0.33141,-0.22713
0.1187,0.004642,0.33435,-0.22113
0.1188,-0.0073803,0.33582,-0.2147
0.1189,-0.018109,0.33609,-0.20782
0.119,-0.027635,0.3352,-0.20045
0.1191,-0.036332,0.33348,-0.19254
0.1192,-0.044667,0.33132,-0.18406
0.1193,-0.053045,0.32897,-0.17489
0.1194,-0.061772,0.32673,-0.16505
0.1195,-0.071285,0.32514,-0.15468
0.1196,-0.08175,0.32444,-0.14389
0.1197,-0.093113,0.32461,-0.13275
0.1198,-0.10522,0.32557,-0.12135
0.1199,-0.11787,0.32716,-0.10974
0.12,-0.13069,0.32897,-0.097908
0.1201,-0.14343,0.33074,-0.08584
0.1202,-0.15595,0.33235,-0.073559
0.1203,-0.16804,0.33357,-0.061051
0.1204,-0.17936,0.33409,-0.048332
0.1205,-0.1897,0.33373,-0.035428
0.1206,-0.19887,0.33238,-0.022423
0.1207,-0.20662,0.32986,-0.0093952
0.1208,-0.21284,0.32606,0.0035981
0.1209,-0.21763,0.32108,0.016542
0.121,-0.22105,0.31485,0.0295
0.1211,-0.22318,0.30743,0.042477
0.1212,-0.22436,0.29916,0.055419
0.1213,-0.22504,0.29045,0.068323
0.1214,-0.22559,0.2816,0.081148
0.1215,-0.22635,0.27305,0.093752
0.1216,-0.22772,0.26513,0.10607
0.1217,-0.22981,0.25781,0.11814
0.1218,-0.2326,0.25092,0.12998
0.1219,-0.23605,0.24442,0.14152
0.122,-0.24011,0.23822,0.15276
0.1221,-0.24456,0.23201,0.16378
0.1222,-0.24909,0.22563,0.17453
0.1223,-0.25346,0.21893,0.18495
0.1224,-0.25729,0.21163,0.19507
0.1225,-0.26017,0.20339,0.20483
