0.05,-0.72215,0.36832,0.34792
0.0501,-0.72063,0.39305,0.32475
0.0502,-0.71785,0.41703,0.30122
0.0503,-0.7138,0.4402,0.27736
0.0504,-0.70847,0.46252,0.25317
0.0505,-0.70189,0.48395,0.22866
0.0506,-0.69408,0.50452,0.20384
0.0507,-0.68512,0.52427,0.17866
0.0508,-0.67511,0.54325,0.15313
0.0509,-0.66415,0.56154,0.12726
0.051,-0.65237,0.5792,0.10109
0.0511,-0.63989,0.59628,0.074648
0.0512,-0.62683,0.6128,0.04799
0.0513,-0.61325,0.62873,0.021174
0.0514,-0.5992,0.64404,-0.0057584
0.0515,-0.5847,0.65866,-0.032756
0.0516,-0.56973,0.67248,-0.059769
0.0517,-0.55426,0.68537,-0.086748
0.0518,-0.53824,0.69723,-0.11365
0.0519,-0.52162,0.7079,-0.14043
0.052,-0.50433,0.71726,-0.16701
0.0521,-0.48631,0.7252,-0.19337
0.0522,-0.46751,0.73162,-0.21945
0.0523,-0.44787,0.73645,-0.24521
0.0524,-0.42736,0.73968,-0.27064
0.0525,-0.40597,0.74131,-0.29573
0.0526,-0.38373,0.74141,-0.32046
0.0527,-0.36069,0.74006,-0.34484
0.0528,-0.30823,0.73447,-0.39463
0.0529,-0.27736,0.7303,-0.42446
0.053,-0.25137,0.72548,-0.44893
0.0531,-0.2262,0.71957,-0.47159
0.0532,-0.20108,0.71275,-0.4934
0.0533,-0.17616,0.70556,-0.51468
0.0534,-0.15151,0.69801,-0.53539
0.0535,-0.1266,0.68964,-0.55551
0.0536,-0.10151,0.68045,-0.57494
0.0537,-0.076738,0.67094,-0.59365
0.0538,-0.052362,0.66119,-0.61163
0.0539,-0.027997,0.65087,-0.62889
0.054,-0.0036109,0.63971,-0.64515
0.0541,0.020836,0.62756,-0.66023
0.0542,0.045451,0.6143,-0.67412
0.0543,0.070218,0.60011,-0.68688
0.0544,0.095018,0.585,-0.69838
0.0545,0.12009,0.56877,-0.70861
0.0546,0.14554,0.55131,-0.71755
0.0547,0.17114,0.53289,-0.72522
0.0548,0.19666,0.51375,-0.73161
0.0549,0.22222,0.49386,-0.73681
0.055,0.24776,0.47315,-0.74072
0.0551,0.27308,0.45172,-0.7433
0.0552,0.29802,0.42978,-0.74459
0.0553,0.32249,0.40753,-0.74477
0.0554,0.34638,0.38506,-0.74384
0.0555,0.36977,0.3623,-0.74189
0.0556,0.3926,0.33937,-0.73899
0.0557,0.41458,0.31655,-0.73518
0.0558,0.43562,0.29383,-0.73041
0.0559,0.45607,0.27089,-0.7247
0.056,0.47594,0.24755,-0.71793
0.0561,0.49506,0.22388,-0.71001
0.0562,0.51346,0.19985,-0.70098
0.0563,0.53137,0.17531,-0.69097
0.0564,0.54871,0.15024,-0.67992
0.0565,0.5655,0.1246,-0.66786
0.0566,0.58188,0.098343,-0.65491
0.0567,0.59782,0.071591,-0.64121
0.0568,0.61309,0.044491,-0.62671
0.0569,0.62769,0.017052,-0.61147
0.057,0.64163,-0.010723,-0.59554
0.0571,0.65469,-0.038636,-0.57892
0.0572,0.66665,-0.0665,-0.56159
0.0573,0.67749,-0.09418,-0.54369
0.0574,0.68709,-0.12154,-0.52528
0.0575,0.69531,-0.14843,-0.50632
0.0576,0.70205,-0.17481,-0.4868
0.0577,0.7073,-0.20058,-0.46677
0.0578,0.71102,-0.22577,-0.44619
0.0579,0.71332,-0.25049,-0.425
0.058,0.71432,-0.27487,-0.40318
0.0581,0.71398,-0.29881,-0.38079
0.0582,0.71231,-0.3223,-0.3578
0.0583,0.70955,-0.34548,-0.33427
0.0584,0.70585,-0.36847,-0.31022
0.0585,0.70122,-0.39121,-0.28566
0.0586,0.69577,-0.41376,-0.26064
0.0587,0.68966,-0.43615,-0.23523
0.0588,0.68286,-0.45836,-0.20941
0.0589,0.6754,-0.48032,-0.18324
0.059,0.66739,-0.50203,-0.15678
0.0591,0.65881,-0.52334,-0.13011
0.0592,0.64953,-0.54403,-0.1033
0.0593,0.63954,-0.56392,-0.076454
0.0594,0.62882,-0.58288,-0.049664
0.0595,0.61721,-0.60072,-0.022923
0.0596,0.60461,-0.61735,0.0038033
0.0597,0.59106,-0.63271,0.030465
0.0598,0.57652,-0.64676,0.057094
0.0599,0.56092,-0.65946,0.083737
0.06,0.54435,-0.67085,0.11038
0.0601,0.52688,-0.68088,0.13694
0.0602,0.5085,-0.68956,0.16344
0.0603,0.48937,-0.697,0.18983
0.0604,0.46971,-0.70332,0.21605
0.0605,0.44955,-0.70855,0.24206
0.0606,0.42892,-0.71273,0.26786
0.0607,0.40798,-0.716,0.29342
0.0608,0.38683,-0.71845,0.3187
0.0609,0.36546,-0.72007,0.34369
0.061,0.34387,-0.72087,0.36833
0.0611,0.32215,-0.72085,0.39252
0.0612,0.30022,-0.71989,0.4162
0.0613,0.27799,-0.7179,0.43932
0.0614,0.25545,-0.71485,0.46184
0.0615,0.23259,-0.71071,0.48369
0.0616,0.20931,-0.70539,0.50487
0.0617,0.18558,-0.69889,0.52537
0.0618,0.16138,-0.6912,0.54513
0.0619,0.13665,-0.68227,0.56413
0.062,0.11139,-0.67214,0.58237
0.0621,0.085684,-0.66086,0.59978
0.0622,0.059591,-0.64853,0.61635
0.0623,0.033189,-0.63522,0.63206
0.0624,0.0066291,-0.62109,0.64688
0.0625,-0.019967,-0.60627,0.66078
0.0626,-0.046529,-0.59085,0.67376
0.0627,-0.072909,-0.57494,0.68577
0.0628,-0.098935,-0.55867,0.69673
0.0629,-0.12457,-0.54202,0.70659
0.063,-0.14979,-0.52497,0.71528
0.0631,-0.17455,-0.5075,0.7227
0.0632,-0.19884,-0.48955,0.7288
0.0633,-0.22275,-0.47104,0.73358
0.0634,-0.24632,-0.45195,0.73704
0.0635,-0.26954,-0.43224,0.73917
0.0636,-0.29251,-0.41184,0.74002
0.0637,-0.31531,-0.39069,0.73963
0.0638,-0.33794,-0.36878,0.73801
0.0639,-0.3604,-0.34607,0.73518
0.064,-0.38273,-0.32258,0.73121
0.0641,-0.40488,-0.29835,0.72615
0.0642,-0.42675,-0.27349,0.72002
0.0643,-0.44831,-0.24806,0.71291
0.0644,-0.46948,-0.2222,0.70492
0.0645,-0.49014,-0.19605,0.69609
0.0646,-0.51016,-0.16973,0.68647
0.0647,-0.52947,-0.14331,0.67611
0.0648,-0.54791,-0.11694,0.66503
0.0649,-0.56538,-0.090671,0.65317
0.065,-0.58182,-0.064495,0.64054
0.0651,-0.59717,-0.038435,0.6271
0.0652,-0.61133,-0.012527,0.61284
0.0653,-0.6243,0.013263,0.59774
0.0654,-0.63608,0.038982,0.58181
0.0655,-0.64665,0.064664,0.56504
0.0656,-0.65604,0.090362,0.54743
0.0657,-0.66432,0.11616,0.52902
0.0658,-0.67153,0.1421,0.50983
0.0659,-0.67767,0.16817,0.4899
0.066,-0.68279,0.19439,0.46927
0.0661,-0.68695,0.22071,0.44802
0.0662,-0.69012,0.24706,0.4262
0.0663,-0.69234,0.27334,0.40388
0.0664,-0.69359,0.29945,0.38113
0.0665,-0.69386,0.32527,0.35801
0.0666,-0.69308,0.35066,0.33452
0.0667,-0.69123,0.37555,0.31071
0.0668,-0.6883,0.39986,0.28659
0.0669,-0.68422,0.42349,0.26215
0.067,-0.679,0.4464,0.2374
0.0671,-0.67265,0.46855,0.21238
0.0672,-0.66514,0.48987,0.18708
0.0673,-0.6565,0.51035,0.1615
0.0674,-0.64679,0.53003,0.13563
0.0675,-0.63609,0.54893,0.10946
0.0676,-0.62444,0.56709,0.082999
0.0677,-0.61194,0.58455,0.05625
0.0678,-0.59871,0.60135,0.029252
0.0679,-0.58481,0.61751,0.0020381
0.068,-0.57032,0.63298,-0.025346
0.0681,-0.55535,0.64778,-0.052815
0.0682,-0.53994,0.66181,-0.080276
0.0683,-0.52411,0.67497,-0.10765
0.0684,-0.50787,0.68716,-0.13486
0.0685,-0.4912,0.69827,-0.16184
0.0686,-0.47406,0.70818,-0.18853
0.0687,-0.45638,0.7168,-0.21491
0.0688,-0.43812,0.72404,-0.24095
0.0689,-0.41922,0.72983,-0.26663
0.069,-0.39961,0.73411,-0.29194
0.0691,-0.37927,0.73688,-0.31685
0.0692,-0.35818,0.73815,-0.34137
0.0693,-0.33636,0.73797,-0.36548
0.0694,-0.31384,0.73641,-0.3892
0.0695,-0.2907,0.73361,-0.41251
0.0696,-0.26702,0.72965,-0.43541
0.0697,-0.24288,0.72467,-0.4579
0.0698,-0.21839,0.71879,-0.47994
0.0699,-0.19367,0.71212,-0.50152
0.07,-0.16879,0.70474,-0.52259
0.0701,-0.14384,0.6967,-0.5431
0.0702,-0.11888,0.68806,-0.56297
0.0703,-0.093925,0.6788,-0.58215
0.0704,-0.069005,0.66893,-0.60059
0.0705,-0.044153,0.65842,-0.6182
0.0706,-0.019358,0.64722,-0.6349
0.0707,0.0054115,0.63527,-0.65062
0.0708,0.03018,0.6225,-0.66528
0.0709,0.054974,0.60883,-0.6788
0.071,0.079853,0.5942,-0.6911
0.0711,0.10485,0.57856,-0.70213
0.0712,0.12996,0.56192,-0.71185
0.0713,0.15518,0.54429,-0.72024
0.0714,0.18051,0.52571,-0.72733
0.0715,0.20588,0.50628,-0.73313
0.0716,0.23122,0.48608,-0.73767
0.0717,0.25646,0.46522,-0.741
0.0718,0.28149,0.44381,-0.74317
0.0719,0.30618,0.42196,-0.7442
0.072,0.33044,0.39975,-0.74413
0.0721,0.35419,0.37725,-0.74298
0.0722,0.37734,0.35452,-0.74076
0.0723,0.39983,0.3316,-0.73749
0.0724,0.42164,0.30849,-0.73319
0.0725,0.44274,0.2852,-0.72787
0.0726,0.46314,0.2617,-0.72152
0.0727,0.48285,0.23795,-0.71416
0.0728,0.50191,0.21388,-0.70578
0.0729,0.52035,0.18942,-0.69638
0.073,0.53819,0.16452,-0.68598
0.0731,0.55546,0.13912,-0.67459
0.0732,0.57216,0.11323,-0.66226
0.0733,0.58827,0.086868,-0.64902
0.0734,0.60376,0.06008,-0.63493
0.0735,0.61858,0.032934,-0.62004
0.0736,0.63266,0.0055245,-0.60441
0.0737,0.64592,-0.022044,-0.58811
0.0738,0.65826,-0.049663,-0.57117
0.0739,0.66957,-0.077207,-0.55363
0.074,0.67974,-0.10457,-0.53552
0.0741,0.68869,-0.13164,-0.51685
0.0742,0.69633,-0.15835,-0.49765
0.0743,0.70258,-0.1846,-0.47789
0.0744,0.70741,-0.21037,-0.45759
0.0745,0.71081,-0.23564,-0.43672
0.0746,0.7128,-0.26043,-0.41527
0.0747,0.7134,-0.28476,-0.39322
0.0748,0.71272,-0.30871,-0.37057
0.0749,0.71082,-0.33231,-0.34732
0.075,0.70782,-0.35561,-0.3235
0.0751,0.7038,-0.37866,-0.29914
0.0752,0.69889,-0.40148,-0.27429
0.0753,0.69317,-0.42405,-0.249
0.0754,0.6867,-0.44638,-0.22334
0.0755,0.67956,-0.4684,-0.19736
0.0756,0.67175,-0.49007,-0.17113
0.0757,0.6633,-0.51129,-0.14469
0.0758,0.65417,-0.53197,-0.11807
0.0759,0.64436,-0.55199,-0.091318
0.076,0.63381,-0.57123,-0.06449
0.0761,0.62247,-0.58957,-0.037629
0.0762,0.6103,-0.60688,-0.010778
0.0763,0.59725,-0.62305,0.016036
0.0764,0.58328,-0.63798,0.042793
0.0765,0.56838,-0.65164,0.069486
0.0766,0.55255,-0.66397,0.096109
0.0767,0.53581,-0.67498,0.12267
0.0768,0.51821,-0.68468,0.14915
0.0769,0.4998,-0.69311,0.17556
0.077,0.48067,-0.70033,0.20186
0.0771,0.4609,-0.70638,0.22805
0.0772,0.44059,-0.71135,0.25407
0.0773,0.41985,-0.71529,0.27988
0.0774,0.39874,-0.71826,0.30543
0.0775,0.37734,-0.72031,0.33067
0.0776,0.35571,-0.72145,0.35553
0.0777,0.33386,-0.72169,0.37996
0.0778,0.3118,-0.72102,0.40391
0.0779,0.28952,-0.71939,0.42732
0.078,0.26699,-0.71677,0.45015
0.0781,0.24416,-0.7131,0.47235
0.0782,0.22098,-0.70832,0.4939
0.0783,0.19744,-0.70242,0.51476
0.0784,0.17347,-0.69535,0.53492
0.0785,0.14903,-0.68712,0.55435
0.0786,0.12415,-0.67776,0.57302
0.0787,0.098826,-0.6673,0.59093
0.0788,0.073122,-0.65578,0.60805
0.0789,0.047103,-0.6433,0.62434
0.079,0.020858,-0.62992,0.63976
0.0791,-0.0055249,-0.61574,0.65427
0.0792,-0.031939,-0.60086,0.66786
0.0793,-0.058282,-0.58535,0.68045
0.0794,-0.084459,-0.5693,0.69201
0.0795,-0.11039,-0.55275,0.70249
0.0796,-0.13599,-0.53576,0.71183
0.0797,-0.16122,-0.51832,0.71999
0.0798,-0.18605,-0.50042,0.72691
0.0799,-0.21046,-0.48204,0.73255
0.08,-0.23447,-0.46311,0.73686
0.0801,-0.25811,-0.44359,0.73984
0.0802,-0.28141,-0.42343,0.74148
0.0803,-0.30442,-0.40257,0.7418
0.0804,-0.32716,-0.381,0.74084
0.0805,-0.34968,-0.3587,0.73865
0.0806,-0.37199,-0.33567,0.73529
0.0807,-0.39408,-0.31197,0.73082
0.0808,-0.41594,-0.28762,0.72531
0.0809,-0.43751,-0.26272,0.71883
0.081,-0.45872,-0.23736,0.71143
0.0811,-0.4795,-0.21162,0.70316
0.0812,-0.49974,-0.1856,0.69406
0.0813,-0.51934,-0.15939,0.68416
0.0814,-0.53819,-0.13306,0.67347
0.0815,-0.55621,-0.10671,0.66201
0.0816,-0.57329,-0.0804,0.64978
0.0817,-0.58935,-0.05416,0.63676
0.0818,-0.60433,-0.02801,0.62294
0.0819,-0.61819,-0.0019466,0.60831
0.082,-0.63088,0.024045,0.59285
0.0821,-0.6424,0.049992,0.57656
0.0822,-0.65273,0.075927,0.55944
0.0823,-0.66188,0.10188,0.5415
0.0824,-0.66987,0.12788,0.52277
0.0825,-0.67673,0.15393,0.50327
0.0826,-0.68247,0.18005,0.48306
0.0827,-0.68714,0.20621,0.46218
0.0828,-0.69077,0.23238,0.44069
0.0829,-0.69338,0.25849,0.41865
0.083,-0.695,0.28448,0.39613
0.0831,-0.69563,0.31026,0.37318
0.0832,-0.69526,0.33572,0.34985
0.0833,-0.69389,0.36077,0.32618
0.0834,-0.69149,0.38531,0.30221
0.0835,-0.68802,0.40927,0.27795
0.0836,-0.68348,0.43256,0.2534
0.0837,-0.67783,0.45515,0.22856
0.0838,-0.67108,0.477,0.20344
0.0839,-0.66322,0.49809,0.17803
0.084,-0.6543,0.51843,0.15229
0.0841,-0.64434,0.53801,0.12623
0.0842,-0.6334,0.55685,0.099857
0.0843,-0.62157,0.57496,0.073199
0.0844,-0.60891,0.59236,0.046288
0.0845,-0.5955,0.60904,0.019167
0.0846,-0.58143,0.62499,-0.0081132
0.0847,-0.56676,0.64018,-0.035493
0.0848,-0.55155,0.65458,-0.062912
0.0849,-0.53585,0.66811,-0.0903
0.085,-0.51968,0.6807,-0.11759
0.0851,-0.50304,0.69225,-0.14471
0.0852,-0.48593,0.70268,-0.1716
0.0853,-0.46833,0.7119,-0.19821
0.0854,-0.4502,0.7198,-0.22449
0.0855,-0.43151,0.72632,-0.25041
0.0856,-0.4122,0.73143,-0.27594
0.0857,-0.39225,0.73509,-0.30108
0.0858,-0.37163,0.7373,-0.32582
0.0859,-0.35034,0.7381,-0.35016
0.086,-0.32838,0.73753,-0.3741
0.0861,-0.30579,0.73567,-0.39765
0.0862,-0.28261,0.7326,-0.4208
0.0863,-0.25891,0.72843,-0.44355
0.0864,-0.23477,0.72327,-0.46587
0.0865,-0.21028,0.7172,-0.48775
0.0866,-0.18554,0.71033,-0.50915
0.0867,-0.16064,0.70271,-0.53001
0.0868,-0.13564,0.69441,-0.55029
0.0869,-0.11058,0.68545,-0.56991
0.087,-0.085507,0.67584,-0.58881
0.0871,-0.060463,0.66556,-0.60691
0.0872,-0.035455,0.65458,-0.62413
0.0873,-0.010483,0.64286,-0.6404
0.0874,0.014467,0.63035,-0.65563
0.0875,0.039417,0.617,-0.66978
0.0876,0.06439,0.60278,-0.68277
0.0877,0.089405,0.58764,-0.69455
0.0878,0.11448,0.57158,-0.70508
0.0879,0.13961,0.55458,-0.71431
0.088,0.16479,0.53669,-0.72225
0.0881,0.18999,0.51793,-0.72888
0.0882,0.21517,0.49837,-0.73422
0.0883,0.24026,0.47808,-0.73831
0.0884,0.2652,0.45717,-0.74118
0.0885,0.28991,0.43571,-0.74288
0.0886,0.31429,0.4138,-0.74346
0.0887,0.33826,0.39151,-0.74294
0.0888,0.36175,0.36892,-0.74136
0.0889,0.38469,0.34607,-0.73874
0.089,0.40701,0.32298,-0.73508
0.0891,0.42868,0.29966,-0.73039
0.0892,0.44968,0.27611,-0.72467
0.0893,0.46999,0.2523,-0.71791
0.0894,0.48962,0.22821,-0.71012
0.0895,0.50858,0.20379,-0.7013
0.0896,0.5269,0.17899,-0.69147
0.0897,0.54458,0.15378,-0.68065
0.0898,0.56165,0.12813,-0.66887
0.0899,0.57809,0.10205,-0.65616
0.09,0.59389,0.07558,-0.64259
0.0901,0.60902,0.048759,-0.62818
0.0902,0.62341,0.021657,-0.61301
0.0903,0.63701,-0.0056434,-0.59712
0.0904,0.64973,-0.033046,-0.58056
0.0905,0.66149,-0.060451,-0.56337
0.0906,0.6722,-0.087758,-0.54559
0.0907,0.68176,-0.11487,-0.52723
0.0908,0.6901,-0.14171,-0.50831
0.0909,0.69714,-0.16821,-0.48884
0.091,0.70284,-0.19431,-0.46882
0.0911,0.70717,-0.21998,-0.44824
0.0912,0.71013,-0.24522,-0.42709
0.0913,0.71173,-0.27001,-0.40536
0.0914,0.71202,-0.2944,-0.38305
0.0915,0.71104,-0.31839,-0.36016
0.0916,0.70888,-0.34203,-0.33669
0.0917,0.70562,-0.36535,-0.31268
0.0918,0.70135,-0.38838,-0.28814
0.0919,0.69616,-0.41111,-0.26312
0.092,0.69012,-0.43356,-0.23768
0.0921,0.68331,-0.45569,-0.21188
0.0922,0.67578,-0.47745,-0.18578
0.0923,0.66756,-0.4988,-0.15945
0.0924,0.65867,-0.51963,-0.13292
0.0925,0.64909,-0.53985,-0.10624
0.0926,0.6388,-0.55937,-0.079475
0.0927,0.62778,-0.57807,-0.052656
0.0928,0.61599,-0.59585,-0.025821
0.0929,0.60337,-0.61261,0.0010038
0.093,0.58991,-0.62825,0.027798
0.0931,0.57557,-0.6427,0.054547
0.0932,0.56034,-0.65592,0.081243
0.0933,0.54423,-0.66787,0.10788
0.0934,0.52727,-0.67854,0.13444
0.0935,0.50948,-0.68792,0.16091
0.0936,0.49094,-0.69606,0.18729
0.0937,0.47171,-0.70299,0.21355
0.0938,0.45186,-0.70876,0.23965
0.0939,0.43147,-0.71342,0.26557
0.094,0.41063,-0.71702,0.29125
0.0941,0.3894,-0.71961,0.31666
0.0942,0.36785,-0.72124,0.34172
0.0943,0.34601,-0.7219,0.3664
0.0944,0.32392,-0.72162,0.39062
0.0945,0.30158,-0.72038,0.41434
0.0946,0.279,-0.71817,0.43751
0.0947,0.25617,-0.71495,0.46008
0.0948,0.23304,-0.71068,0.48202
0.0949,0.20961,-0.70535,0.50328
0.095,0.18583,-0.69892,0.52384
0.0951,0.16168,-0.69138,0.54369
0.0952,0.13712,-0.68274,0.5628
0.0953,0.11216,-0.67301,0.58114
0.0954,0.086814,-0.66223,0.59872
0.0955,0.061139,-0.65046,0.61549
0.0956,0.035191,-0.63776,0.63143
0.0957,0.0090459,-0.62421,0.6465
0.0958,-0.017209,-0.60989,0.66066
0.0959,-0.043484,-0.59488,0.67388
0.096,-0.069686,-0.57923,0.6861
0.0961,-0.095727,-0.56301,0.69725
0.0962,-0.12153,-0.54626,0.70728
0.0963,-0.14704,-0.529,0.71615
0.0964,-0.1722,-0.51124,0.7238
0.0965,-0.19699,-0.49298,0.73018
0.0966,-0.22139,-0.47419,0.73526
0.0967,-0.24542,-0.45484,0.73903
0.0968,-0.26907,-0.4349,0.74147
0.0969,-0.29239,-0.41433,0.7426
0.097,-0.31538,-0.3931,0.74243
0.0971,-0.33809,-0.3712,0.74101
0.0972,-0.36051,-0.34862,0.73837
0.0973,-0.38267,-0.32538,0.73459
0.0974,-0.40455,-0.30152,0.72972
0.0975,-0.42613,-0.27709,0.72382
0.0976,-0.44737,-0.25216,0.71696
0.0977,-0.46822,-0.22681,0.7092
0.0978,-0.48859,-0.20113,0.70058
0.0979,-0.50841,-0.17517,0.69115
0.098,-0.52759,-0.14902,0.68091
0.0981,-0.54603,-0.12275,0.66991
0.0982,-0.56365,-0.096425,0.65812
0.0983,-0.58035,-0.070103,0.64555
0.0984,-0.59605,-0.043816,0.63219
0.0985,-0.61068,-0.017584,0.61803
0.0986,-0.62421,0.0085899,0.60305
0.0987,-0.63658,0.034715,0.58724
0.0988,-0.64777,0.060808,0.57061
0.0989,-0.65777,0.086887,0.55315
0.099,-0.66658,0.11297,0.53489
0.0991,-0.67421,0.13907,0.51586
0.0992,-0.68069,0.16518,0.49608
0.0993,-0.68602,0.19129,0.47562
0.0994,-0.69025,0.21739,0.45451
0.0995,-0.69341,0.24341,0.43283
0.0996,-0.69553,0.26932,0.41062
0.0997,-0.69662,0.29504,0.38794
0.0998,-0.6967,0.32049,0.36484
0.0999,-0.69577,0.34561,0.34137
0.1,-0.69384,0.37029,0.31756
0.1001,-0.69089,0.39448,0.29344
0.1002,-0.68691,0.4181,0.26902
0.1003,-0.68188,0.44109,0.24432
0.1004,-0.6758,0.46341,0.21934
0.1005,-0.66867,0.48503,0.19408
0.1006,-0.66048,0.50592,0.16853
0.1007,-0.65127,0.52607,0.14267
0.1008,-0.64107,0.54549,0.1165
0.1009,-0.62993,0.56418,0.090028
0.101,-0.6179,0.58214,0.063283
0.1011,-0.60505,0.59935,0.0363
0.1012,-0.59146,0.61582,0.0091246
0.1013,-0.57718,0.6315,-0.018187
0.1014,-0.56228,0.64636,-0.045572
0.1015,-0.54682,0.66036,-0.072964
0.1016,-0.53084,0.67342,-0.10029
0.1017,-0.51436,0.68547,-0.12749
0.1018,-0.4974,0.69643,-0.1545
0.1019,-0.47994,0.70623,-0.18126
0.102,-0.46198,0.71477,-0.20772
0.1021,-0.44348,0.72201,-0.23384
0.1022,-0.42443,0.72788,-0.2596
0.1023,-0.40478,0.73236,-0.28498
0.1024,-0.38453,0.73544,-0.30996
0.1025,-0.36365,0.73713,-0.33455
0.1026,-0.34215,0.73747,-0.35874
0.1027,-0.32003,0.73652,-0.38252
0.1028,-0.29733,0.73433,-0.40591
0.1029,-0.27409,0.73099,-0.42889
0.103,-0.25037,0.72658,-0.45146
0.1031,-0.22624,0.7212,-0.47358
0.1032,-0.20177,0.71492,-0.49525
0.1033,-0.17705,0.70781,-0.5164
0.1034,-0.15216,0.69994,-0.537
0.1035,-0.12712,0.69135,-0.55699
0.1036,-0.102,0.68206,-0.5763
0.1037,-0.076847,0.67207,-0.59486
0.1038,-0.051691,0.66138,-0.6126
0.1039,-0.026556,0.64996,-0.62944
0.104,-0.0014476,0.63778,-0.64529
0.1041,0.023635,0.62481,-0.66009
0.1042,0.048701,0.611,-0.67377
0.1043,0.073765,0.59633,-0.68628
0.1044,0.098837,0.58078,-0.69756
0.1045,0.12393,0.56434,-0.70758
0.1046,0.14903,0.54703,-0.71631
0.1047,0.17413,0.52887,-0.72376
0.1048,0.1992,0.50991,-0.72991
0.1049,0.2242,0.4902,-0.73479
0.105,0.24908,0.46981,-0.73843
0.1051,0.27377,0.44882,-0.74087
0.1052,0.2982,0.42731,-0.74215
0.1053,0.3223,0.40535,-0.7423
0.1054,0.34599,0.38299,-0.74136
0.1055,0.36921,0.36031,-0.73935
0.1056,0.3919,0.33732,-0.73629
0.1057,0.41399,0.31407,-0.7322
0.1058,0.43547,0.29055,-0.72709
0.1059,0.4563,0.26677,-0.72094
0.106,0.47646,0.24271,-0.71377
0.1061,0.49596,0.21835,-0.70557
0.1062,0.51608,0.19345,-0.69744
0.1063,0.53589,0.1683,-0.68877
0.1064,0.55499,0.14273,-0.67906
0.1065,0.57341,0.11675,-0.66835
0.1066,0.5912,0.09039,-0.65679
0.1067,0.60829,0.063703,-0.64436
0.1068,0.6246,0.036711,-0.63107
0.1069,0.64011,0.0094909,-0.617
0.107,0.65477,-0.017884,-0.6022
0.1071,0.66846,-0.045323,-0.58669
0.1072,0.68114,-0.072721,-0.57055
0.1073,0.69274,-0.099966,-0.55385
0.1074,0.70312,-0.12701,-0.53651
0.1075,0.7122,-0.1538,-0.51851
0.1076,0.71997,-0.18026,-0.49993
0.1077,0.72638,-0.20634,-0.48077
0.1078,0.73138,-0.23203,-0.46096
0.1079,0.735,-0.25731,-0.44055
0.108,0.7373,-0.28218,-0.41955
0.1081,0.73828,-0.30664,-0.39796
0.1082,0.73804,-0.33072,-0.37581
0.1083,0.73665,-0.35442,-0.35314
0.1084,0.73414,-0.37778,-0.32989
0.1085,0.73055,-0.40083,-0.30606
0.1086,0.72603,-0.42355,-0.28176
0.1087,0.72064,-0.44592,-0.25706
0.1088,0.71438,-0.46792,-0.23194
0.1089,0.70733,-0.48952,-0.2065
0.109,0.69955,-0.51062,-0.18082
0.1091,0.691,-0.53115,-0.15491
0.1092,0.68168,-0.55104,-0.12879
0.1093,0.6716,-0.57016,-0.10256
0.1094,0.66069,-0.58844,-0.076214
0.1095,0.64891,-0.6058,-0.049732
0.1096,0.63624,-0.62214,-0.023192
0.1097,0.6227,-0.63734,0.0033405
0.1098,0.60823,-0.65139,0.029911
0.1099,0.59282,-0.66422,0.056502
0.11,0.57656,-0.67578,0.083024
0.1101,0.55944,-0.68605,0.10947
0.1102,0.54147,-0.69508,0.1359
0.1103,0.52273,-0.70286,0.16225
0.1104,0.50329,-0.70943,0.18849
0.1105,0.48318,-0.71484,0.21463
0.1106,0.46249,-0.71914,0.24062
0.1107,0.44132,-0.72236,0.26636
0.1108,0.41972,-0.72453,0.29182
0.1109,0.39771,-0.72571,0.31699
0.111,0.37536,-0.7259,0.34178
0.1111,0.3527,-0.72509,0.36612
0.1112,0.3297,-0.72329,0.39001
0.1113,0.30636,-0.72051,0.41341
0.1114,0.28269,-0.71671,0.43628
0.1115,0.25866,-0.71188,0.45858
0.1116,0.23424,-0.706,0.4803
0.1117,0.20944,-0.69903,0.50136
0.1118,0.18423,-0.69099,0.52175
0.1119,0.15858,-0.68188,0.54145
0.112,0.13254,-0.67172,0.5604
0.1121,0.10614,-0.66053,0.57859
0.1122,0.079387,-0.6484,0.59601
0.1123,0.052357,-0.63537,0.61264
0.1124,0.025149,-0.6215,0.62838
0.1125,-0.0021713,-0.60688,0.64323
0.1126,-0.029525,-0.59158,0.65715
0.1127,-0.056802,-0.57563,0.67003
0.1128,-0.083918,-0.55908,0.68182
0.1129,-0.11084,-0.54198,0.69251
0.113,-0.1375,-0.52435,0.70203
0.1131,-0.16384,-0.50618,0.71031
0.1132,-0.18986,-0.48748,0.71735
0.1133,-0.21557,-0.46824,0.72316
0.1134,-0.24095,-0.44844,0.72769
0.1135,-0.26599,-0.42803,0.73092
0.1136,-0.29073,-0.407,0.73291
0.1137,-0.31517,-0.38534,0.73366
0.1138,-0.33931,-0.36302,0.73317
0.1139,-0.36317,-0.34006,0.73151
0.114,-0.38676,-0.31649,0.72877
0.1141,-0.41004,-0.29234,0.72496
0.1142,-0.43299,-0.26766,0.72015
0.1143,-0.45557,-0.24254,0.71441
0.1144,-0.47771,-0.21703,0.70778
0.1145,-0.49933,-0.1912,0.70027
0.1146,-0.52035,-0.16511,0.69191
0.1147,-0.54069,-0.13883,0.68275
0.1148,-0.56025,-0.11243,0.67276
0.1149,-0.57895,-0.085951,0.66196
0.115,-0.59672,-0.059465,0.65036
0.1151,-0.61349,-0.032999,0.63796
0.1152,-0.62918,-0.0065727,0.62475
0.1153,-0.64376,0.019805,0.61073
0.1154,-0.6572,0.046133,0.59589
0.1155,-0.66943,0.072432,0.58022
0.1156,-0.68045,0.09871,0.56373
0.1157,-0.69027,0.12497,0.54644
0.1158,-0.69888,0.15123,0.52837
0.1159,-0.70628,0.17746,0.50957
0.116,-0.71253,0.20366,0.49009
0.1161,-0.71765,0.22978,0.46997
0.1162,-0.72163,0.25579,0.44926
0.1163,-0.72452,0.28163,0.42801
0.1164,-0.72635,0.30723,0.40627
0.1165,-0.72709,0.33254,0.38406
0.1166,-0.72676,0.35749,0.36142
0.1167,-0.72537,0.38199,0.3384
0.1168,-0.72292,0.40598,0.315
0.1169,-0.71938,0.42942,0.29124
0.117,-0.71476,0.45223,0.26716
0.1171,-0.70908,0.47437,0.24276
0.1172,-0.70231,0.49582,0.21804
0.1173,-0.69447,0.51656,0.19298
0.1174,-0.68561,0.53657,0.16758
0.1175,-0.67573,0.55585,0.14183
0.1176,-0.66488,0.57439,0.11575
0.1177,-0.65312,0.59218,0.089387
0.1178,-0.64053,0.6092,0.062787
0.1179,-0.62716,0.62544,0.03598
0.118,-0.61306,0.64084,0.0090269
0.1181,-0.5983,0.65537,-0.018001
0.1182,-0.58291,0.66898,-0.045056
0.1183,-0.56692,0.68161,-0.072088
0.1184,-0.55035,0.69317,-0.099028
0.1185,-0.53322,0.70361,-0.12582
0.1186,-0.51551,0.71285,-0.15243
0.1187,-0.49721,0.72083,-0.17881
0.1188,-0.47831,0.72748,-0.2049
0.1189,-0.45878,0.73277,-0.23069
0.119,-0.43861,0.73669,-0.25616
0.1191,-0.41779,0.73922,-0.28129
0.1192,-0.3963,0.74041,-0.30607
0.1193,-0.37415,0.74028,-0.33052
0.1194,-0.35137,0.73889,-0.35462
0.1195,-0.32799,0.7363,-0.37836
0.1196,-0.30404,0.7326,-0.40173
0.1197,-0.27961,0.72786,-0.42471
0.1198,-0.25476,0.72214,-0.44725
0.1199,-0.22955,0.71554,-0.46934
0.12,-0.20407,0.70809,-0.49094
0.1201,-0.17837,0.69987,-0.51198
0.1202,-0.15249,0.6909,-0.53241
0.1203,-0.12646,0.6812,-0.55219
0.1204,-0.10034,0.67078,-0.57124
0.1205,-0.074164,0.65964,-0.58949
0.1206,-0.047945,0.64775,-0.60686
0.1207,-0.021692,0.63509,-0.62329
0.1208,0.004581,0.62162,-0.63869
0.1209,0.030878,0.60732,-0.653
0.121,0.057213,0.59217,-0.66618
0.1211,0.083583,0.57616,-0.67817
0.1212,0.10998,0.55929,-0.68892
0.1213,0.1364,0.54158,-0.69843
0.1214,0.16283,0.52306,-0.70669
0.1215,0.18921,0.50377,-0.71367
0.1216,0.2155,0.48376,-0.71941
0.1217,0.24165,0.46311,-0.72392
0.1218,0.2676,0.44186,-0.72724
0.1219,0.29326,0.42011,-0.7294
0.122,0.31859,0.3979,-0.73044
0.1221,0.34351,0.3753,-0.73041
0.1222,0.36797,0.35236,-0.72931
0.1223,0.3919,0.3291,-0.72717
0.1224,0.41526,0.30556,-0.72402
0.1225,0.43803,0.28174,-0.71985
