0.05,0.012263,-0.019096,-0.0068455
0.0501,0.012503,-0.017566,-0.0070934
0.0502,0.012759,-0.01604,-0.0073093
0.0503,0.013033,-0.014545,-0.0074963
0.0504,0.013326,-0.013098,-0.0076565
0.0505,0.013637,-0.011711,-0.0077933
0.0506,0.013963,-0.010391,-0.0079094
0.0507,0.014302,-0.0091397,-0.0080081
0.0508,0.01465,-0.0079564,-0.0080917
0.0509,0.015001,-0.0068385,-0.0081634
0.051,0.015348,-0.005782,-0.0082339
0.0511,0.015683,-0.0047827,-0.0083098
0.0512,0.015995,-0.0038369,-0.0083917
0.0513,0.016276,-0.0029414,-0.008481
0.0514,0.016514,-0.0020936,-0.0085775
0.0515,0.016699,-0.0012918,-0.0086816
0.0516,0.01682,-0.00053506,-0.0087918
0.0517,0.016868,0.00017713,-0.0089071
0.0518,0.016834,0.00084469,-0.0090247
0.0519,0.016712,0.0014674,-0.0091425
0.052,0.016497,0.0020451,-0.0092574
0.0521,0.016186,0.0025778,-0.0093674
0.0522,0.01578,0.003066,-0.0094703
0.0523,0.015281,0.0035107,-0.0095654
0.0524,0.014695,0.0039137,-0.0096525
0.0525,0.014029,0.0042774,-0.0097332
0.0526,0.013295,0.0046049,-0.0098094
0.0527,0.012503,0.0048995,-0.0098842
0.0528,0.011668,0.005165,-0.0099602
0.0529,0.010802,0.0054051,-0.010041
0.053,0.009917,0.0056234,-0.010127
0.0531,0.0090247,0.0058233,-0.010222
0.0532,0.0081343,0.0060076,-0.010326
0.0533,0.007254,0.0061784,-0.010439
0.0534,0.0063899,0.006337,-0.010559
0.0535,0.0055471,0.0064841,-0.010684
0.0536,0.0047293,0.0066193,-0.010812
0.0537,0.0039397,0.0067425,-0.010938
0.0538,0.0031796,0.0068621,-0.011057
0.0539,0.0024508,0.0069798,-0.011164
0.054,0.001754,0.0070939,-0.011251
0.0541,0.0010896,0.0072029,-0.011314
0.0542,0.00045709,0.0073054,-0.011345
0.0543,-0.00014397,0.0074006,-0.011337
0.0544,-0.00071483,0.0074883,-0.011282
0.0545,-0.0012564,0.0075688,-0.011174
0.0546,-0.0017699,0.007643,-0.01101
0.0547,-0.002256,0.0077124,-0.010784
0.0548,-0.0027157,0.0077789,-0.010496
0.0549,-0.0031491,0.007845,-0.010148
0.055,-0.0035565,0.0079132,-0.0097406
0.0551,-0.0039376,0.0079861,-0.009281
0.0552,-0.0042927,0.0080661,-0.0087757
0.0553,-0.0046216,0.0081554,-0.0082329
0.0554,-0.0049249,0.0082553,-0.0076608
0.0555,-0.0052029,0.0083667,-0.0070674
0.0556,-0.005457,0.0084897,-0.0064597
0.0557,-0.005688,0.0086238,-0.0058436
0.0558,-0.0058975,0.0087674,-0.0052231
0.0559,-0.0060867,0.0089186,-0.0046018
0.056,-0.0062569,0.009075,-0.0039813
0.0561,-0.006409,0.0092334,-0.0033634
0.0562,-0.0065441,0.0093905,-0.0027488
0.0563,-0.0066722,0.0095423,-0.0021385
0.0564,-0.0067984,0.0096846,-0.0015332
0.0565,-0.0069228,0.009813,-0.00093463
0.0566,-0.0070464,0.0099233,-0.00034422
0.0567,-0.0071696,0.010011,0.00023574
0.0568,-0.0072936,0.010071,0.00080323
0.0569,-0.0074192,0.0101,0.0013555
0.057,-0.0075475,0.010093,0.00189
0.0571,-0.0076793,0.010046,0.0024036
0.0572,-0.0078152,0.0099563,0.0028938
0.0573,-0.0079555,0.0098219,0.0033576
0.0574,-0.0081006,0.0096411,0.0037929
0.0575,-0.0082506,0.0094134,0.0041976
0.0576,-0.0084059,0.0091392,0.0045711
0.0577,-0.008567,0.0088194,0.004913
0.0578,-0.0087349,0.0084558,0.0052245
0.0579,-0.0089108,0.0080503,0.0055072
0.058,-0.0090965,0.0076053,0.0057641
0.0581,-0.0092939,0.0071235,0.0059982
0.0582,-0.0095052,0.0066078,0.0062133
0.0583,-0.0097322,0.0060613,0.0064124
0.0584,-0.0099767,0.0054875,0.0065989
0.0585,-0.01024,0.0048901,0.0067749
0.0586,-0.010522,0.0042732,0.0069422
0.0587,-0.010824,0.0036414,0.0071012
0.0588,-0.011143,0.0029992,0.0072593
0.0589,-0.011479,0.0023517,0.0074222
0.059,-0.011828,0.001704,0.0075888
0.0591,-0.012187,0.0010616,0.0077577
0.0592,-0.012552,0.00042967,0.0079277
0.0593,-0.012915,-0.00018686,0.0080972
0.0594,-0.013271,-0.00078376,0.0082653
0.0595,-0.01361,-0.0013574,0.0084312
0.0596,-0.013923,-0.0019052,0.0085946
0.0597,-0.014197,-0.0024251,0.0087556
0.0598,-0.014422,-0.0029163,0.0089152
0.0599,-0.014585,-0.0033787,0.0090745
0.06,-0.014675,-0.003813,0.0092357
0.0601,-0.014681,-0.0042207,0.0094014
0.0602,-0.014593,-0.0046036,0.0095753
0.0603,-0.014407,-0.0049637,0.009761
0.0604,-0.014119,-0.0053032,0.009963
0.0605,-0.013731,-0.005624,0.010186
0.0606,-0.013247,-0.0059282,0.010434
0.0607,-0.012674,-0.0062171,0.010712
0.0608,-0.012023,-0.006492,0.011025
0.0609,-0.011304,-0.0067533,0.011376
0.061,-0.010532,-0.0070011,0.011768
0.0611,-0.0048202,-0.023389,0.023049
0.0612,-0.0033566,-0.024214,0.024823
0.0613,-0.001794,-0.025351,0.027879
0.0614,-0.00020848,-0.026358,0.030465
0.0615,0.0013989,-0.027227,0.032668
0.0616,0.0030439,-0.028053,0.03462
0.0617,0.0047054,-0.028753,0.036311
0.0618,0.0063841,-0.029357,0.037807
0.0619,0.0080811,-0.029873,0.039133
0.062,0.0098094,-0.030353,0.040341
0.0621,0.011542,-0.030711,0.041384
0.0622,0.013296,-0.031019,0.042316
0.0623,0.01508,-0.031285,0.043119
0.0624,0.016895,-0.031523,0.043799
0.0625,0.018739,-0.031702,0.04431
0.0626,0.020652,-0.031907,0.044689
0.0627,0.022639,-0.0321,0.044882
0.0628,0.024718,-0.032302,0.044877
0.0629,0.026916,-0.032502,0.044639
0.063,0.029289,-0.032756,0.04419
0.0631,0.03188,-0.033002,0.043478
0.0632,0.034774,-0.033266,0.042525
0.0633,0.03809,-0.033545,0.041325
0.0634,0.041993,-0.033842,0.039893
0.0635,0.04672,-0.034103,0.0382
0.0636,0.052684,-0.034391,0.036301
0.0637,0.060536,-0.03469,0.034192
0.0638,0.071458,-0.035002,0.031892
0.0639,0.087785,-0.03531,0.029398
0.064,0.11482,-0.035678,0.026759
0.0641,0.16667,-0.036073,0.02394
0.0642,0.28682,-0.03653,0.020923
0.0643,0.57222,-0.037135,0.017645
0.0644,1.028,-0.037952,0.014095
0.0645,1.5335,-0.038876,0.010238
0.0646,2.0246,-0.039892,0.0060943
0.0647,2.4854,-0.040951,0.001657
0.0648,2.9131,-0.042084,-0.0032017
0.0649,3.3124,-0.043301,-0.0087542
0.065,3.6955,-0.044636,-0.015267
0.0651,4.0737,-0.04608,-0.023272
0.0652,4.4513,-0.047676,-0.033749
0.0653,4.8325,-0.049366,-0.048387
0.0654,5.2222,-0.051092,-0.070628
0.0655,5.6182,-0.052782,-0.10903
0.0656,6.0119,-0.054374,-0.18745
0.0657,6.397,-0.055688,-0.37195
0.0658,6.7712,-0.056543,-0.73439
0.0659,7.137,-0.056778,-1.2039
0.066,7.5042,-0.056244,-1.6874
0.0661,7.8843,-0.054865,-2.1525
0.0662,8.2807,-0.052763,-2.5934
0.0663,8.6879,-0.050081,-3.0125
0.0664,9.0978,-0.047044,-3.4213
0.0665,9.5006,-0.043889,-3.8352
0.0666,9.8856,-0.04072,-4.2627
0.0667,10.245,-0.037452,-4.7075
0.0668,10.574,-0.034118,-5.1737
0.0669,10.868,-0.030762,-5.6591
0.067,11.121,-0.027389,-6.1524
0.0671,11.34,-0.024031,-6.6417
0.0672,11.533,-0.020881,-7.119
0.0673,11.707,-0.018024,-7.5801
0.0674,11.873,-0.015427,-8.0299
0.0675,12.038,-0.013061,-8.4812
0.0676,12.201,-0.010947,-8.9445
0.0677,12.363,-0.0089603,-9.423
0.0678,12.526,-0.0069774,-9.9161
0.0679,12.691,-0.0049478,-10.418
0.068,12.853,-0.0028692,-10.918
0.0681,13.008,-0.00071599,-11.403
0.0682,13.151,0.001387,-11.864
0.0683,13.272,0.0032814,-12.29
0.0684,13.366,0.0048751,-12.674
0.0685,13.43,0.0061824,-13.02
0.0686,13.468,0.0072206,-13.341
0.0687,13.474,0.0081085,-13.647
0.0688,13.451,0.0089665,-13.954
0.0689,13.4,0.0098653,-14.272
0.069,13.323,0.010833,-14.602
0.0691,13.222,0.011965,-14.936
0.0692,13.102,0.013234,-15.27
0.0693,12.967,0.014541,-15.596
0.0694,12.816,0.015773,-15.904
0.0695,12.648,0.016847,-16.187
0.0696,12.469,0.017635,-16.443
0.0697,12.281,0.018153,-16.673
0.0698,12.088,0.018549,-16.88
0.0699,11.895,0.018972,-17.071
0.07,11.706,0.019465,-17.257
0.0701,11.518,0.020117,-17.437
0.0702,11.326,0.020969,-17.606
0.0703,11.127,0.021966,-17.76
0.0704,10.912,0.023056,-17.891
0.0705,10.673,0.024276,-17.989
0.0706,10.403,0.025597,-18.052
0.0707,10.097,0.026939,-18.082
0.0708,9.7505,0.028324,-18.08
0.0709,9.3673,0.029905,-18.05
0.071,8.9566,0.031791,-18.004
0.0711,8.5292,0.034128,-17.953
0.0712,8.0952,0.037115,-17.901
0.0713,7.6648,0.040926,-17.855
0.0714,7.2439,0.04569,-17.813
0.0715,6.8328,0.051742,-17.764
0.0716,6.4306,0.05971,-17.7
0.0717,6.036,0.070665,-17.614
0.0718,5.6432,0.086597,-17.498
0.0719,5.2456,0.11159,-17.351
0.072,4.8408,0.15447,-17.174
0.0721,4.4276,0.23543,-16.972
0.0722,4.0052,0.39125,-16.749
0.0723,3.577,0.63737,-16.512
0.0724,3.1478,0.92478,-16.271
0.0725,2.7171,1.2031,-16.028
0.0726,2.2819,1.4538,-15.781
0.0727,1.8425,1.6746,-15.525
0.0728,1.4003,1.8692,-15.252
0.0729,0.96271,2.0445,-14.954
0.073,0.56523,2.2074,-14.631
0.0731,0.28491,2.3615,-14.288
0.0732,0.14403,2.5078,-13.932
0.0733,0.078587,2.645,-13.569
0.0734,0.044673,2.7693,-13.21
0.0735,0.025059,2.8747,-12.861
0.0736,0.013015,2.9568,-12.522
0.0737,0.0054224,3.0151,-12.188
0.0738,0.00025258,3.0517,-11.855
0.0739,-0.0035357,3.0706,-11.515
0.074,-0.0063558,3.0766,-11.157
0.0741,-0.0086685,3.071,-10.775
0.0742,-0.010896,3.0503,-10.373
0.0743,-0.013005,3.0099,-9.9507
0.0744,-0.014924,2.9457,-9.5129
0.0745,-0.016678,2.8543,-9.0668
0.0746,-0.018024,2.734,-8.6165
0.0747,-0.01865,2.5849,-8.1622
0.0748,-0.018724,2.4083,-7.7057
0.0749,-0.018568,2.2077,-7.2481
0.075,-0.018315,1.9896,-6.7868
0.0751,-0.018151,1.7616,-6.3192
0.0752,-0.018322,1.5303,-5.8455
0.0753,-0.018732,1.3002,-5.3664
0.0754,-0.019206,1.0739,-4.884
0.0755,-0.019835,0.85277,-4.4048
0.0756,-0.020617,0.64286,-3.9357
0.0757,-0.021232,0.45802,-3.4796
0.0758,-0.021541,0.31327,-3.0378
0.0759,-0.021604,0.21239,-2.6112
0.076,-0.021331,0.14611,-2.1971
0.0761,-0.020708,0.10219,-1.7924
0.0762,-0.020108,0.071869,-1.3977
0.0763,-0.019767,0.050082,-1.0163
0.0764,-0.01954,0.033851,-0.65854
0.0765,-0.019359,0.021369,-0.35593
0.0766,-0.019312,0.011634,-0.15039
0.0767,-0.019231,0.0040188,-0.037471
0.0768,-0.018919,-0.001946,0.022577
0.0769,-0.018472,-0.0065912,0.057172
0.077,-0.017914,-0.010188,0.079089
0.0771,-0.016951,-0.013043,0.093877
0.0772,-0.015528,-0.015403,0.10422
0.0773,-0.013918,-0.017353,0.11174
0.0774,-0.012245,-0.018908,0.11726
0.0775,-0.010518,-0.020126,0.12121
0.0776,-0.0089723,-0.021094,0.12414
0.0777,-0.0077232,-0.021883,0.12648
0.0778,-0.0065594,-0.022589,0.12832
0.0779,-0.0053645,-0.023301,0.12983
0.078,-0.0042442,-0.02405,0.13125
0.0781,-0.0031168,-0.024848,0.13255
0.0782,-0.0017931,-0.02576,0.13362
0.0783,-0.00027427,-0.026862,0.13458
0.0784,0.0014081,-0.028158,0.13554
0.0785,0.003342,-0.029575,0.13641
0.0786,0.0054247,-0.031001,0.1372
0.0787,0.0074001,-0.032276,0.13807
0.0788,0.0092042,-0.033272,0.139
0.0789,0.010907,-0.03395,0.13991
0.079,0.012473,-0.03434,0.14092
0.0791,0.013943,-0.034465,0.14202
0.0792,0.015479,-0.03437,0.14306
0.0793,0.017107,-0.034103,0.14396
0.0794,0.018762,-0.03373,0.14472
0.0795,0.020584,-0.033355,0.14515
0.0796,0.022701,-0.03307,0.14513
0.0797,0.025044,-0.032918,0.14466
0.0798,0.027571,-0.032871,0.14372
0.0799,0.030359,-0.032878,0.1422
0.08,0.033377,-0.032899,0.14018
0.0801,0.036615,-0.032926,0.13787
0.0802,0.040351,-0.033005,0.13535
0.0803,0.044976,-0.033217,0.1327
0.0804,0.050837,-0.033602,0.1301
0.0805,0.058601,-0.034145,0.1276
0.0806,0.069568,-0.034831,0.12507
0.0807,0.08606,-0.035652,0.12251
0.0808,0.1133,-0.036587,0.11997
0.0809,0.16552,-0.037613,0.11736
0.081,0.28674,-0.038718,0.11457
0.0811,0.57769,-0.039891,0.11162
0.0812,1.0487,-0.041062,0.10852
0.0813,1.5746,-0.042147,0.10519
0.0814,2.0851,-0.043126,0.10169
0.0815,2.5592,-0.043997,0.098103
0.0816,2.9895,-0.044815,0.094292
0.0817,3.3772,-0.045672,0.08999
0.0818,3.7363,-0.046553,0.085084
0.0819,4.0822,-0.047432,0.079307
0.082,4.4222,-0.048381,0.072074
0.0821,4.7648,-0.049406,0.062678
0.0822,5.1218,-0.050416,0.049872
0.0823,5.4952,-0.051367,0.030627
0.0824,5.8776,-0.052209,-0.0024843
0.0825,6.2613,-0.052789,-0.071638
0.0826,6.6399,-0.052931,-0.25075
0.0827,7.0079,-0.052526,-0.64969
0.0828,7.3704,-0.05153,-1.1812
0.0829,7.7399,-0.04991,-1.7162
0.083,8.1221,-0.047805,-2.2119
0.0831,8.5137,-0.045451,-2.6622
0.0832,8.908,-0.04293,-3.0735
0.0833,9.2956,-0.040331,-3.4622
0.0834,9.6658,-0.037777,-3.8499
0.0835,10.011,-0.035126,-4.2506
0.0836,10.325,-0.032125,-4.6701
0.0837,10.601,-0.028798,-5.1118
0.0838,10.834,-0.025212,-5.5743
0.0839,11.025,-0.021397,-6.0471
0.084,11.181,-0.017582,-6.5165
0.0841,11.312,-0.014144,-6.9732
0.0842,11.431,-0.011164,-7.4164
0.0843,11.548,-0.0086005,-7.8534
0.0844,11.668,-0.0065148,-8.2989
0.0845,11.793,-0.0048726,-8.7668
0.0846,11.93,-0.0033996,-9.2627
0.0847,12.078,-0.0019774,-9.7814
0.0848,12.234,-0.00058329,-10.309
0.0849,12.391,0.00093068,-10.827
0.085,12.542,0.0026302,-11.319
0.0851,12.672,0.0042338,-11.767
0.0852,12.769,0.0055476,-12.159
0.0853,12.83,0.0066073,-12.49
0.0854,12.853,0.0074164,-12.766
0.0855,12.835,0.0079583,-13.004
0.0856,12.776,0.008504,-13.223
0.0857,12.683,0.0092896,-13.444
0.0858,12.56,0.010292,-13.682
0.0859,12.412,0.011497,-13.942
0.086,12.245,0.013062,-14.218
0.0861,12.068,0.014887,-14.503
0.0862,11.882,0.016697,-14.788
0.0863,11.685,0.018355,-15.062
0.0864,11.48,0.019762,-15.316
0.0865,11.27,0.020665,-15.548
0.0866,11.057,0.021056,-15.756
0.0867,10.845,0.021226,-15.94
0.0868,10.639,0.021372,-16.105
0.0869,10.438,0.021514,-16.257
0.087,10.24,0.021816,-16.394
0.0871,10.04,0.022408,-16.51
0.0872,9.8317,0.023208,-16.597
0.0873,9.6048,0.024176,-16.644
0.0874,9.3475,0.025437,-16.644
0.0875,9.0491,0.026959,-16.596
0.0876,8.7014,0.028616,-16.503
0.0877,8.3031,0.030483,-16.375
0.0878,7.8608,0.032763,-16.22
0.0879,7.3865,0.035559,-16.055
0.088,6.8964,0.039086,-15.894
0.0881,6.4078,0.043688,-15.749
0.0882,5.9348,0.049655,-15.623
0.0883,5.4854,0.057394,-15.515
0.0884,5.0637,0.067928,-15.414
0.0885,4.668,0.083245,-15.308
0.0886,4.2894,0.10745,-15.179
0.0887,3.9165,0.15044,-15.018
0.0888,3.5399,0.23754,-14.817
0.0889,3.1524,0.42103,-14.576
0.089,2.7493,0.71996,-14.298
0.0891,2.3323,1.0532,-13.989
0.0892,1.9088,1.3501,-13.658
0.0893,1.4867,1.5902,-13.312
0.0894,1.0765,1.776,-12.954
0.0895,0.70029,1.9172,-12.581
0.0896,0.39946,2.0298,-12.192
0.0897,0.21257,2.1295,-11.784
0.0898,0.11603,2.223,-11.356
0.0899,0.06458,2.3134,-10.914
0.09,0.034276,2.4063,-10.467
0.0901,0.015282,2.5033,-10.024
0.0902,0.003255,2.5979,-9.5919
0.0903,-0.0041393,2.6829,-9.1766
0.0904,-0.00833,2.7537,-8.781
0.0905,-0.010402,2.807,-8.4021
0.0906,-0.011266,2.8442,-8.0344
0.0907,-0.011684,2.8719,-7.6722
0.0908,-0.012178,2.8926,-7.3052
0.0909,-0.01309,2.9004,-6.9214
0.091,-0.014497,2.8872,-6.5125
0.0911,-0.016238,2.8453,-6.0744
0.0912,-0.017992,2.7666,-5.6049
0.0913,-0.019447,2.6464,-5.1063
0.0914,-0.02037,2.4849,-4.5852
0.0915,-0.020734,2.2824,-4.0479
0.0916,-0.020661,2.0401,-3.4997
0.0917,-0.020362,1.7673,-2.9485
0.0918,-0.020077,1.4797,-2.4031
0.0919,-0.020089,1.1939,-1.8705
0.092,-0.020552,0.92653,-1.3566
0.0921,-0.021465,0.69283,-0.8663
0.0922,-0.022719,0.502,-0.40091
0.0923,-0.024127,0.35719,0.041129
0.0924,-0.025335,0.25541,0.46005
0.0925,-0.026004,0.18639,0.85549
0.0926,-0.02598,0.13854,1.2283
0.0927,-0.02527,0.10383,1.5778
0.0928,-0.023948,0.077453,1.899
0.0929,-0.022272,0.056743,2.1795
0.093,-0.020589,0.040291,2.395
0.0931,-0.019156,0.02713,2.5271
0.0932,-0.018114,0.016436,2.5929
0.0933,-0.017595,0.0077069,2.6218
0.0934,-0.017613,0.00055127,2.6315
0.0935,-0.017971,-0.0053776,2.631
0.0936,-0.018362,-0.010174,2.6243
0.0937,-0.018546,-0.013843,2.6133
0.0938,-0.018292,-0.016615,2.5996
0.0939,-0.017432,-0.01872,2.5837
0.094,-0.016,-0.02018,2.5661
0.0941,-0.014228,-0.021059,2.5475
0.0942,-0.012347,-0.021558,2.5281
0.0943,-0.010562,-0.02177,2.5085
0.0944,-0.0090565,-0.021788,2.4887
0.0945,-0.0079083,-0.021883,2.4693
0.0946,-0.0070137,-0.022272,2.4503
0.0947,-0.0062014,-0.022931,2.4318
0.0948,-0.0052762,-0.023845,2.4137
0.0949,-0.0040286,-0.02508,2.3961
0.095,-0.0022897,-0.026591,2.3789
0.0951,-4.5588e-05,-0.028269,2.362
0.0952,0.002591,-0.030104,2.3455
0.0953,0.0054008,-0.031989,2.3294
0.0954,0.0080997,-0.033671,2.3135
0.0955,0.010418,-0.035,2.298
0.0956,0.01222,-0.035978,2.2828
0.0957,0.013481,-0.036563,2.268
0.0958,0.014295,-0.036732,2.2534
0.0959,0.014862,-0.036586,2.2391
0.096,0.015436,-0.036166,2.2248
0.0961,0.016225,-0.035471,2.2105
0.0962,0.017404,-0.034602,2.1959
0.0963,0.019094,-0.033741,2.1809
0.0964,0.021308,-0.032956,2.1653
0.0965,0.023916,-0.032265,2.1489
0.0966,0.026791,-0.031762,2.1319
0.0967,0.029833,-0.031476,2.1143
0.0968,0.032978,-0.031358,2.0965
0.0969,0.036288,-0.031475,2.0789
0.097,0.040019,-0.031951,2.0619
0.0971,0.044546,-0.032754,2.0457
0.0972,0.050368,-0.033795,2.0301
0.0973,0.058279,-0.03506,2.0152
0.0974,0.069644,-0.036492,2.0007
0.0975,0.087072,-0.037951,1.9863
0.0976,0.11677,-0.039402,1.9719
0.0977,0.17684,-0.04085,1.9575
0.0978,0.32838,-0.042214,1.943
0.0979,0.69256,-0.043443,1.9282
0.098,1.2246,-0.044524,1.9133
0.0981,1.7771,-0.045436,1.8983
0.0982,2.2859,-0.046108,1.8834
0.0983,2.7318,-0.046544,1.8685
0.0984,3.1096,-0.04689,1.8536
0.0985,3.4286,-0.047188,1.8385
0.0986,3.7132,-0.047358,1.8229
0.0987,3.9876,-0.047474,1.8067
0.0988,4.2697,-0.047674,1.7896
0.0989,4.5785,-0.047911,1.7709
0.099,4.9288,-0.048152,1.75
0.0991,5.3189,-0.048465,1.7246
0.0992,5.7343,-0.048808,1.6897
0.0993,6.1586,-0.049012,1.6302
0.0994,6.5754,-0.049012,1.4904
0.0995,6.9733,-0.048718,1.1312
0.0996,7.3558,-0.048004,0.59018
0.0997,7.7339,-0.04683,0.053271
0.0998,8.1132,-0.045311,-0.41456
0.0999,8.4921,-0.04356,-0.81148
0.1,8.8655,-0.041538,-1.1529
0.1001,9.2239,-0.039239,-1.4647
0.1002,9.558,-0.03672,-1.7808
0.1003,9.861,-0.033766,-2.126
0.1004,10.124,-0.030147,-2.5078
0.1005,10.338,-0.025983,-2.9274
0.1006,10.502,-0.021481,-3.3826
0.1007,10.622,-0.0168,-3.8581
0.1008,10.711,-0.01235,-4.3316
0.1009,10.785,-0.0085938,-4.7891
0.101,10.866,-0.0056345,-5.2268
0.1011,10.966,-0.003427,-5.6498
0.1012,11.087,-0.0020336,-6.0739
0.1013,11.235,-0.0012828,-6.5184
0.1014,11.409,-0.00076465,-6.9904
0.1015,11.603,-0.00027764,-7.4806
0.1016,11.803,0.00026022,-7.9699
0.1017,11.995,0.0011193,-8.4337
0.1018,12.161,0.0023529,-8.8456
0.1019,12.283,0.0036017,-9.186
0.102,12.348,0.0046595,-9.4447
0.1021,12.357,0.005638,-9.6212
0.1022,12.311,0.0064996,-9.7288
0.1023,12.213,0.007208,-9.7946
0.1024,12.072,0.0080928,-9.8512
0.1025,11.9,0.0094302,-9.9284
0.1026,11.706,0.011072,-10.048
0.1027,11.501,0.012966,-10.215
0.1028,11.296,0.015261,-10.417
0.1029,11.093,0.01777,-10.637
0.103,10.892,0.020036,-10.855
0.1031,10.691,0.021877,-11.052
0.1032,10.49,0.023173,-11.212
0.1033,10.29,0.023634,-11.329
0.1034,10.094,0.023286,-11.404
0.1035,9.9041,0.022593,-11.436
0.1036,9.7202,0.021873,-11.432
0.1037,9.54,0.021236,-11.401
0.1038,9.3591,0.020923,-11.347
0.1039,9.1688,0.021152,-11.263
0.104,8.9574,0.021842,-11.14
0.1041,8.7118,0.022937,-10.969
0.1042,8.4174,0.02454,-10.743
0.1043,8.0611,0.026583,-10.463
0.1044,7.6397,0.028853,-10.139
0.1045,7.161,0.031416,-9.7914
0.1046,6.6393,0.034483,-9.4355
0.1047,6.0952,0.038207,-9.0911
0.1048,5.5541,0.042874,-8.7781
0.1049,5.0386,0.04898,-8.5074
0.105,4.5632,0.057052,-8.2789
0.1051,4.1361,0.068055,-8.0845
0.1052,3.7579,0.084328,-7.9062
0.1053,3.4177,0.1112,-7.717
0.1054,3.096,0.16249,-7.4924
0.1055,2.7742,0.2778,-7.2168
0.1056,2.437,0.52972,-6.8835
0.1057,2.0727,0.89387,-6.4948
0.1058,1.6799,1.2486,-6.0629
0.1059,1.2704,1.5292,-5.6022
0.106,0.86825,1.7226,-5.1256
0.1061,0.51761,1.8391,-4.6442
0.1062,0.27842,1.9001,-4.167
0.1063,0.15248,1.9323,-3.6987
0.1064,0.08773,1.9593,-3.2404
0.1065,0.050174,1.9956,-2.7908
0.1066,0.025748,2.0493,-2.3482
0.1067,0.0089488,2.1263,-1.9137
0.1068,-0.0025274,2.2262,-1.4936
0.1069,-0.0099954,2.3397,-1.097
0.107,-0.014249,2.4541,-0.73162
0.1071,-0.015894,2.5592,-0.40214
0.1072,-0.01578,2.6491,-0.10936
0.1073,-0.014864,2.7226,0.15271
0.1074,-0.013831,2.7827,0.3961
0.1075,-0.013236,2.8307,0.63467
0.1076,-0.013498,2.8603,0.88428
0.1077,-0.014612,2.8595,1.1632
0.1078,-0.016284,2.8164,1.4861
0.1079,-0.018277,2.7221,1.8577
0.108,-0.020268,2.5713,2.2753
0.1081,-0.021805,2.363,2.7306
0.1082,-0.022687,2.1013,3.2087
0.1083,-0.02301,1.7955,3.6914
0.1084,-0.022893,1.4624,4.1636
0.1085,-0.022573,1.1267,4.6128
0.1086,-0.022514,0.81882,5.0255
0.1087,-0.022995,0.56888,5.3924
0.1088,-0.023928,0.39281,5.7116
0.1089,-0.025186,0.28115,5.9862
0.109,-0.026616,0.21149,6.2204
0.1091,-0.027791,0.16554,6.4207
0.1092,-0.028277,0.13242,6.5925
0.1093,-0.027974,0.10637,6.7325
0.1094,-0.02687,0.084514,6.8271
0.1095,-0.024937,0.065499,6.8594
0.1096,-0.022481,0.048862,6.8277
0.1097,-0.020064,0.034554,6.7518
0.1098,-0.018057,0.02244,6.653
0.1099,-0.016673,0.012222,6.5442
0.11,-0.016161,0.0036428,6.4319
0.1101,-0.016528,-0.0035046,6.3192
0.1102,-0.017402,-0.0094176,6.2077
0.1103,-0.018403,-0.014127,6.098
0.1104,-0.019253,-0.017581,5.9903
0.1105,-0.019589,-0.019903,5.8845
0.1106,-0.019127,-0.021354,5.7809
0.1107,-0.017923,-0.022077,5.6794
0.1108,-0.016196,-0.022167,5.5802
0.1109,-0.014147,-0.021836,5.4836
0.111,-0.012083,-0.021315,5.3896
0.1111,-0.010326,-0.020798,5.2985
0.1112,-0.0089441,-0.02054,5.2106
0.1113,-0.007809,-0.020804,5.126
0.1114,-0.0067895,-0.021666,5.0447
0.1115,-0.0056746,-0.023038,4.9666
0.1116,-0.0041753,-0.024819,4.8914
0.1117,-0.0021587,-0.026915,4.8188
0.1118,0.00032602,-0.029209,4.7485
0.1119,0.0031832,-0.03157,4.6805
0.112,0.0061882,-0.033855,4.6143
0.1121,0.008964,-0.035877,4.5502
0.1122,0.011203,-0.037455,4.4878
0.1123,0.012782,-0.038484,4.4271
0.1124,0.013667,-0.03894,4.368
0.1125,0.013946,-0.038868,4.3107
0.1126,0.013932,-0.038352,4.2549
0.1127,0.013973,-0.037447,4.2004
0.1128,0.014295,-0.036214,4.147
0.1129,0.015116,-0.034768,4.0944
0.113,0.016629,-0.033288,4.0423
0.1131,0.018798,-0.031926,3.9904
0.1132,0.02145,-0.03082,3.9386
0.1133,0.024439,-0.030101,3.8867
0.1134,0.027618,-0.029797,3.8352
0.1135,0.030808,-0.029869,3.7844
0.1136,0.034011,-0.03034,3.7351
0.1137,0.037453,-0.031276,3.6878
0.1138,0.041422,-0.032642,3.6425
0.1139,0.046303,-0.034325,3.5992
0.114,0.052774,-0.036244,3.5576
0.1141,0.061862,-0.038275,3.5173
0.1142,0.075297,-0.040242,3.4778
0.1143,0.096894,-0.042043,3.4388
0.1144,0.13671,-0.043655,3.4001
0.1145,0.2269,-0.045017,3.3617
0.1146,0.4666,-0.046059,3.3234
0.1147,0.92632,-0.046813,3.2853
0.1148,1.4628,-0.047255,3.2476
0.1149,1.9663,-0.047392,3.2103
0.115,2.4039,-0.04724,3.1738
0.1151,2.7687,-0.046904,3.1379
0.1152,3.0673,-0.046516,3.1025
0.1153,3.3246,-0.046057,3.0676
0.1154,3.5721,-0.045511,3.0328
0.1155,3.8338,-0.045056,2.9978
0.1156,4.1296,-0.044843,2.9624
0.1157,4.4774,-0.044859,2.9263
0.1158,4.8806,-0.04514,2.8884
0.1159,5.324,-0.045698,2.8466
0.116,5.7856,-0.046394,2.7956
0.1161,6.2427,-0.047035,2.7198
0.1162,6.6753,-0.047546,2.5652
0.1163,7.076,-0.047766,2.2136
0.1164,7.452,-0.047538,1.7209
0.1165,7.8126,-0.046778,1.2567
0.1166,8.161,-0.045494,0.87054
0.1167,8.4972,-0.04367,0.5493
0.1168,8.8166,-0.041262,0.2648
0.1169,9.1108,-0.038241,-0.016883
0.117,9.3748,-0.034636,-0.33308
0.1171,9.6049,-0.030357,-0.70567
0.1172,9.7933,-0.025412,-1.1343
0.1173,9.9365,-0.02007,-1.6117
0.1174,10.043,-0.014721,-2.1273
0.1175,10.125,-0.0097639,-2.6587
0.1176,10.198,-0.0056651,-3.1792
0.1177,10.282,-0.0027056,-3.6743
0.1178,10.395,-0.0008738,-4.1414
0.1179,10.54,-3.6309e-05,-4.5844
0.118,10.713,-1.9569e-05,-5.0184
0.1181,10.912,-0.00043636,-5.4611
0.1182,11.131,-0.00088374,-5.9141
0.1183,11.35,-0.0011322,-6.3617
0.1184,11.553,-0.00098349,-6.783
0.1185,11.72,-0.00021783,-7.1547
0.1186,11.832,0.0010383,-7.455
0.1187,11.875,0.0024368,-7.6741
0.1188,11.849,0.0038446,-7.8164
0.1189,11.762,0.0053043,-7.8946
0.119,11.62,0.0067304,-7.9311
0.1191,11.436,0.0081812,-7.9599
0.1192,11.226,0.0099545,-8.0153
0.1193,11.003,0.012137,-8.1209
0.1194,10.78,0.014512,-8.2881
0.1195,10.567,0.017014,-8.5117
0.1196,10.371,0.019635,-8.7675
0.1197,10.187,0.022063,-9.0248
0.1198,10.01,0.02387,-9.259
0.1199,9.8365,0.024914,-9.4495
0.12,9.6638,0.02509,-9.5805
0.1201,9.4904,0.024301,-9.6481
0.1202,9.3187,0.022797,-9.6567
0.1203,9.1466,0.021161,-9.6107
0.1204,8.9678,0.019779,-9.5186
0.1205,8.7777,0.018837,-9.3944
0.1206,8.5706,0.018572,-9.2454
0.1207,8.3352,0.019128,-9.0678
0.1208,8.0598,0.020396,-8.857
0.1209,7.7351,0.022283,-8.6115
0.121,7.3512,0.024781,-8.3289
0.1211,6.903,0.027745,-8.0142
0.1212,6.3998,0.030995,-7.6855
0.1213,5.8604,0.034605,-7.3628
0.1214,5.3053,0.03881,-7.0601
0.1215,4.7583,0.04391,-6.7914
0.1216,4.2447,0.050406,-6.5684
0.1217,3.7801,0.059122,-6.3903
0.1218,3.3697,0.071437,-6.2449
0.1219,3.0137,0.090444,-6.115
0.122,2.7033,0.12401,-5.9753
0.1221,2.4163,0.19465,-5.794
0.1222,2.1281,0.36577,-5.5476
0.1223,1.82,0.69766,-5.2287
0.1224,1.4788,1.0837,-4.8405
0.1225,1.1036,1.4078,-4.3952
