0.05,1.0326,-0.15755,-0.84996
0.0501,1.0159,-0.11611,-0.87573
0.0502,0.99763,-0.074438,-0.90048
0.0503,0.97778,-0.032635,-0.92415
0.0504,0.95644,0.0091808,-0.94665
0.0505,0.93366,0.050904,-0.96791
0.0506,0.90951,0.092426,-0.98787
0.0507,0.88407,0.13365,-1.0065
0.0508,0.85741,0.17449,-1.0236
0.0509,0.82959,0.21486,-1.0393
0.051,0.80067,0.25472,-1.0535
0.0511,0.77068,0.29401,-1.0661
0.0512,0.73965,0.33272,-1.0772
0.0513,0.7076,0.37086,-1.0866
0.0514,0.67457,0.40844,-1.0945
0.0515,0.64058,0.4455,-1.1008
0.0516,0.60567,0.48204,-1.1056
0.0517,0.56992,0.51806,-1.1088
0.0518,0.53337,0.55353,-1.1105
0.0519,0.49609,0.58844,-1.1108
0.052,0.45816,0.62273,-1.1095
0.0521,0.41965,0.65636,-1.1067
0.0522,0.38061,0.68923,-1.1023
0.0523,0.34113,0.7213,-1.0964
0.0524,0.30126,0.75246,-1.0888
0.0525,0.26107,0.78263,-1.0794
0.0526,0.22063,0.81172,-1.0684
0.0527,0.18001,0.83966,-1.0556
0.0528,0.13926,0.86636,-1.0411
0.0529,0.098426,0.89177,-1.0247
0.053,0.057544,0.91583,-1.0066
0.0531,0.01664,0.93851,-0.9868
0.0532,-0.024262,0.95981,-0.96527
0.0533,-0.065138,0.97973,-0.94211
0.0534,-0.10595,0.99829,-0.91742
0.0535,-0.14666,1.0155,-0.89129
0.0536,-0.18722,1.0314,-0.86384
0.0537,-0.22756,1.0461,-0.83518
0.0538,-0.26763,1.0594,-0.80542
0.0539,-0.30737,1.0715,-0.77465
0.054,-0.34669,1.0823,-0.74296
0.0541,-0.38556,1.0917,-0.71042
0.0542,-0.42391,1.0999,-0.67711
0.0543,-0.46168,1.1066,-0.64306
0.0544,-0.4988,1.1119,-0.60833
0.0545,-0.53519,1.1157,-0.57296
0.0546,-0.57078,1.1178,-0.53695
0.0547,-0.60552,1.1183,-0.50032
0.0548,-0.63936,1.117,-0.46308
0.0549,-0.67227,1.114,-0.42521
0.055,-0.70422,1.109,-0.38673
0.0551,-0.73521,1.1022,-0.34765
0.0552,-0.76523,1.0935,-0.30799
0.0553,-0.79426,1.0829,-0.2678
0.0554,-0.82229,1.0705,-0.22715
0.0555,-0.8493,1.0563,-0.1861
0.0556,-0.87527,1.0405,-0.14476
0.0557,-0.90016,1.023,-0.10322
0.0558,-0.92394,1.0039,-0.061564
0.0559,-0.94658,0.98341,-0.019903
0.056,-0.96804,0.96153,0.021673
0.0561,-0.98829,0.93837,0.063074
0.0562,-1.0073,0.91397,0.10421
0.0563,-1.0249,0.88841,0.14502
0.0564,-1.0412,0.86171,0.18544
0.0565,-1.0561,0.83391,0.22541
0.0566,-1.0695,0.80501,0.26492
0.0567,-1.0814,0.77504,0.30393
0.0568,-1.0917,0.74398,0.34245
0.0569,-1.2542,-4.1059,5.352
0.057,-1.3612,-5.4527,6.8037
0.0571,-1.4395,-6.4847,7.9128
0.0572,-1.5236,-7.4899,9.0009
0.0573,-1.6526,-6.7321,8.3709
0.0574,-1.7248,-7.6273,9.3375
0.0575,-1.7561,-10.009,11.749
0.0576,-1.8545,-10.81,12.648
0.0577,-1.9785,-12.603,14.564
0.0578,-2.092,-15.259,17.333
0.0579,-2.2249,-16.524,18.73
0.058,-2.3357,-17.894,20.209
0.0581,-2.4215,-19.721,22.122
0.0582,-2.5316,-19.446,21.957
0.0583,-2.6108,-19.35,21.941
0.0584,-2.6327,-21.629,24.242
0.0585,-2.6705,-24.037,26.688
0.0586,-2.7237,-26.908,29.612
0.0587,-2.7832,-30.687,33.452
0.0588,-2.9031,-32.292,35.177
0.0589,-3.0389,-32.548,35.57
0.059,-3.1255,-33.958,37.068
0.0591,-3.2004,-35.127,38.312
0.0592,-3.2638,-36.138,39.389
0.0593,-3.2807,-38.207,41.475
0.0594,-3.2912,-39.362,42.642
0.0595,-3.3176,-39.727,43.035
0.0596,-3.3504,-41.319,44.661
0.0597,-3.4244,-42.687,46.104
0.0598,-3.5264,-43.083,46.603
0.0599,-3.5997,-44.125,47.72
0.06,-3.662,-44.981,48.639
0.0601,-3.7101,-45.52,49.228
0.0602,-3.7046,-47.982,51.685
0.0603,-3.6778,-50.754,54.432
0.0604,-3.6705,-52.118,55.79
0.0605,-3.6643,-53.252,56.919
0.0606,-3.6821,-53.715,57.401
0.0607,-3.7412,-53.14,56.886
0.0608,-3.7754,-54.14,57.922
0.0609,-3.7961,-55.781,59.585
0.061,-3.8142,-56.703,60.527
0.0611,-3.8043,-57.749,61.565
0.0612,-3.784,-58.358,62.155
0.0613,-3.7703,-57.902,61.688
0.0614,-3.7396,-57.794,61.551
0.0615,-3.7109,-57.759,61.491
0.0616,-3.709,-56.854,60.587
0.0617,-3.7019,-56.562,60.292
0.0618,-3.6798,-57.276,60.988
0.0619,-3.6588,-58.098,61.794
0.062,-3.6216,-59.646,63.311
0.0621,-3.5739,-61.254,64.88
0.0622,-3.5416,-61.104,64.706
0.0623,-3.501,-60.082,63.654
0.0624,-3.4422,-59.265,62.79
0.0625,-3.3878,-58.334,61.818
0.0626,-3.3252,-58.097,61.535
0.0627,-3.2503,-58.655,62.039
0.0628,-3.1931,-58.489,61.839
0.0629,-3.1469,-57.809,61.141
0.063,-3.0964,-57.235,60.548
0.0631,-3.0529,-56.005,59.31
0.0632,-3.0018,-54.458,57.751
0.0633,-2.9259,-53.251,56.514
0.0634,-2.8425,-51.681,54.91
0.0635,-2.7478,-50.313,53.503
0.0636,-2.6361,-50.098,53.244
0.0637,-2.5336,-50.186,53.31
0.0638,-2.4507,-49.916,53.047
0.0639,-2.3732,-49.49,52.646
0.064,-2.3103,-48.173,51.379
0.0641,-2.2524,-46.167,49.433
0.0642,-2.1676,-44.758,48.072
0.0643,-2.0599,-43.734,47.089
0.0644,-1.9421,-42.57,45.971
0.0645,-1.8145,-41.524,44.978
0.0646,-1.6979,-40.003,43.533
0.0647,-1.608,-37.64,41.278
0.0648,-1.5178,-35.729,39.484
0.0649,-1.4419,-33.733,37.628
0.065,-1.3727,-31.476,35.518
0.0651,-1.2862,-29.623,33.802
0.0652,-1.1846,-27.929,32.236
0.0653,-1.0698,-26.286,30.713
0.0654,-0.93598,-25.493,30.039
0.0655,-0.81192,-24.386,29.068
0.0656,-0.70371,-22.747,27.579
0.0657,-0.60662,-20.793,25.777
0.0658,-0.52101,-18.639,23.774
0.0659,-0.44061,-16.683,21.96
0.066,-0.35255,-15.378,20.79
0.0661,-0.25643,-14.301,19.838
0.0662,-0.15547,-12.912,18.557
0.0663,-0.051027,-11.193,16.925
0.0664,0.046909,-9.0137,14.808
0.0665,0.13513,-6.494,12.32
0.0666,0.22089,-4.1486,9.9732
0.0667,0.30148,-1.9943,7.788
0.0668,0.37432,0.048291,5.6885
0.0669,0.44841,1.616,4.0398
0.067,0.5255,2.6988,2.8603
0.0671,0.60109,3.5935,1.8595
0.0672,0.67903,4.3456,0.99119
0.0673,0.75334,5.3789,-0.17029
0.0674,0.81938,6.9793,-1.9187
0.0675,0.88364,8.7407,-3.8543
0.0676,0.94964,10.251,-5.5606
0.0677,1.0154,11.384,-6.8993
0.0678,1.0808,12.063,-7.7864
0.0679,1.1394,12.63,-8.5555
0.068,1.1839,13.596,-9.7202
0.0681,1.2188,14.924,-11.255
0.0682,1.2495,16.452,-13.001
0.0683,1.2775,18.143,-14.925
0.0684,1.3087,19.723,-16.752
0.0685,1.346,21.034,-18.321
0.0686,1.3856,22.157,-19.703
0.0687,1.4255,22.911,-20.711
0.0688,1.4607,23.224,-21.261
0.0689,1.4827,23.436,-21.687
0.069,1.4909,23.784,-22.229
0.0691,1.4903,24.339,-22.963
0.0692,1.4849,25.133,-23.931
0.0693,1.4832,25.852,-24.821
0.0694,1.4919,26.155,-25.296
0.0695,1.5064,26.179,-25.483
0.0696,1.5188,26.178,-25.636
0.0697,1.5227,26.336,-25.931
0.0698,1.5099,26.876,-26.587
0.0699,1.478,27.705,-27.513
0.07,1.4417,28.405,-28.299
0.0701,1.4006,29.006,-28.976
0.0702,1.3622,29.428,-29.469
0.0703,1.3324,29.531,-29.643
0.0704,1.3074,29.447,-29.626
0.0705,1.2836,29.191,-29.431
0.0706,1.2573,28.736,-29.025
0.0707,1.2197,28.35,-28.672
0.0708,1.1685,28.153,-28.489
0.0709,1.1095,27.94,-28.278
0.071,1.0469,27.578,-27.909
0.0711,0.98561,26.916,-27.235
0.0712,0.92981,25.861,-26.167
0.0713,0.87548,24.754,-25.044
0.0714,0.81739,23.969,-24.236
0.0715,0.75417,23.523,-23.762
0.0716,0.68256,23.374,-23.573
0.0717,0.60258,23.343,-23.493
0.0718,0.52009,23.085,-23.181
0.0719,0.43664,22.536,-22.575
0.072,0.35155,21.788,-21.765
0.0721,0.26763,20.773,-20.687
0.0722,0.18437,19.562,-19.411
0.0723,0.098834,18.338,-18.117
0.0724,0.011458,17.141,-16.847
0.0725,-0.078125,16.04,-15.67
0.0726,-0.17048,15.068,-14.619
0.0727,-0.26184,13.968,-13.438
0.0728,-0.35062,12.535,-11.925
0.0729,-0.4394,10.832,-10.141
0.073,-0.52984,8.9919,-8.2163
0.0731,-0.62499,7.2734,-6.4075
0.0732,-0.7282,5.9601,-4.9958
0.0733,-0.83597,4.9841,-3.9167
0.0734,-0.94297,4.1198,-2.9499
0.0735,-1.0473,3.2475,-1.9773
0.0736,-1.1465,2.2141,-0.84791
0.0737,-1.2404,0.94136,0.51642
0.0738,-1.3331,-0.46502,2.0144
0.0739,-1.4276,-1.9879,3.6316
0.074,-1.525,-3.641,5.3832
0.0741,-1.6273,-5.2826,7.1291
0.0742,-1.7325,-6.8378,8.7925
0.0743,-1.8353,-8.3692,10.431
0.0744,-1.9327,-9.9273,12.092
0.0745,-2.0218,-11.638,13.899
0.0746,-2.1021,-13.598,15.948
0.0747,-2.1788,-15.637,18.076
0.0748,-2.2578,-17.52,20.052
0.0749,-2.3419,-19.138,21.769
0.075,-2.4323,-20.436,23.174
0.0751,-2.5261,-21.528,24.378
0.0752,-2.6167,-22.655,25.617
0.0753,-2.7004,-23.894,26.963
0.0754,-2.7761,-25.212,28.384
0.0755,-2.8432,-26.619,29.889
0.0756,-2.9052,-28.059,31.425
0.0757,-2.9662,-29.465,32.931
0.0758,-3.0279,-30.861,34.434
0.0759,-3.0912,-32.228,35.915
0.076,-3.1555,-33.542,37.351
0.0761,-3.2166,-34.92,38.854
0.0762,-3.2707,-36.449,40.512
0.0763,-3.3171,-38.107,42.305
0.0764,-3.3562,-39.817,44.155
0.0765,-3.3914,-41.38,45.87
0.0766,-3.4269,-42.575,47.233
0.0767,-3.4635,-43.4,48.244
0.0768,-3.5001,-43.988,49.035
0.0769,-3.5354,-44.478,49.748
0.077,-3.5662,-45.025,50.539
0.0771,-3.5908,-45.671,51.452
0.0772,-3.6105,-46.312,52.388
0.0773,-3.6257,-46.885,53.289
0.0774,-3.6371,-47.364,54.132
0.0775,-3.6459,-47.69,54.866
0.0776,-3.652,-47.869,55.501
0.0777,-3.6541,-47.964,56.102
0.0778,-3.6503,-48.024,56.724
0.0779,-3.6423,-48.096,57.425
0.078,-3.6276,-48.269,58.301
0.0781,-3.6091,-48.399,59.221
0.0782,-3.5895,-48.299,60.005
0.0783,-3.5697,-47.85,60.534
0.0784,-3.5505,-46.936,60.686
0.0785,-3.5297,-45.626,60.519
0.0786,-3.5031,-44.148,60.25
0.0787,-3.4698,-42.609,59.979
0.0788,-3.4305,-41.038,59.731
0.0789,-3.386,-39.464,59.529
0.079,-3.3392,-37.809,59.283
0.0791,-3.2927,-36.023,58.927
0.0792,-3.2457,-34.176,58.511
0.0793,-3.1973,-32.29,58.041
0.0794,-3.1458,-30.38,57.512
0.0795,-3.0874,-28.553,57.018
0.0796,-3.021,-26.859,56.607
0.0797,-2.9479,-25.283,56.262
0.0798,-2.8698,-23.818,55.975
0.0799,-2.7906,-22.346,55.62
0.08,-2.714,-20.717,55.017
0.0801,-2.6403,-18.93,54.138
0.0802,-2.5677,-17.057,53.033
0.0803,-2.4941,-15.189,51.784
0.0804,-2.4154,-13.462,50.532
0.0805,-2.33,-11.911,49.329
0.0806,-2.2399,-10.453,48.096
0.0807,-2.147,-9.0471,46.795
0.0808,-2.0532,-7.6833,45.423
0.0809,-1.9609,-6.3433,43.961
0.081,-1.8697,-5.084,42.479
0.0811,-1.7779,-3.9693,41.057
0.0812,-1.6843,-2.9956,39.707
0.0813,-1.587,-2.1839,38.469
0.0814,-1.4847,-1.5388,37.367
0.0815,-1.379,-0.96634,36.314
0.0816,-1.2722,-0.36434,35.206
0.0817,-1.1663,0.34863,33.951
0.0818,-1.0635,1.247,32.456
0.0819,-0.96392,2.289,30.754
0.082,-0.86529,3.3461,28.975
0.0821,-0.76646,4.3462,27.202
0.0822,-0.66694,5.263,25.474
0.0823,-0.56659,6.1062,23.791
0.0824,-0.4667,6.9586,22.072
0.0825,-0.36848,7.873,20.262
0.0826,-0.27202,8.8196,18.391
0.0827,-0.17735,9.7603,16.503
0.0828,-0.083921,10.646,14.654
0.0829,0.0096866,11.406,12.929
0.083,0.10375,12.018,11.361
0.0831,0.19755,12.499,9.9458
0.0832,0.29034,12.878,8.6593
0.0833,0.38033,13.254,7.4045
0.0834,0.46578,13.743,6.0542
0.0835,0.54679,14.392,4.5539
0.0836,0.6241,15.193,2.9016
0.0837,0.69885,16.091,1.148
0.0838,0.77274,16.98,-0.59653
0.0839,0.84608,17.806,-2.2726
0.084,0.91735,18.602,-3.9079
0.0841,0.98501,19.405,-5.537
0.0842,1.0477,20.249,-7.1923
0.0843,1.1046,21.148,-8.8889
0.0844,1.1571,22.053,-10.576
0.0845,1.2073,22.893,-12.181
0.0846,1.2567,23.63,-13.66
0.0847,1.3062,24.223,-14.969
0.0848,1.356,24.662,-16.091
0.0849,1.4041,24.997,-17.074
0.085,1.4484,25.29,-17.98
0.0851,1.487,25.615,-18.883
0.0852,1.5188,26.05,-19.864
0.0853,1.5444,26.598,-20.931
0.0854,1.566,27.199,-22.027
0.0855,1.5854,27.796,-23.098
0.0856,1.6036,28.351,-24.105
0.0857,1.6205,28.859,-25.042
0.0858,1.6341,29.377,-25.965
0.0859,1.6427,29.947,-26.916
0.086,1.6455,30.551,-27.878
0.0861,1.6425,31.146,-28.806
0.0862,1.635,31.663,-29.631
0.0863,1.6248,32.024,-30.278
0.0864,1.6134,32.202,-30.718
0.0865,1.601,32.205,-30.96
0.0866,1.5873,32.062,-31.032
0.0867,1.5707,31.843,-31.006
0.0868,1.5495,31.63,-30.963
0.0869,1.5229,31.463,-30.946
0.087,1.4909,31.355,-30.969
0.0871,1.4541,31.275,-31.002
0.0872,1.4141,31.155,-30.98
0.0873,1.3718,30.961,-30.87
0.0874,1.327,30.716,-30.697
0.0875,1.279,30.462,-30.501
0.0876,1.2269,30.242,-30.327
0.0877,1.1702,30.072,-30.191
0.0878,1.1096,29.9,-30.041
0.0879,1.0461,29.644,-29.799
0.088,0.98089,29.241,-29.401
0.0881,0.9147,28.644,-28.8
0.0882,0.84761,27.85,-27.995
0.0883,0.77875,26.902,-27.028
0.0884,0.70726,25.858,-25.956
0.0885,0.63238,24.782,-24.845
0.0886,0.55366,23.735,-23.754
0.0887,0.47172,22.731,-22.701
0.0888,0.3877,21.745,-21.661
0.0889,0.30244,20.746,-20.603
0.089,0.21632,19.706,-19.501
0.0891,0.12897,18.628,-18.356
0.0892,0.039204,17.558,-17.216
0.0893,-0.053921,16.54,-16.124
0.0894,-0.15042,15.578,-15.081
0.0895,-0.24951,14.638,-14.058
0.0896,-0.34965,13.657,-12.99
0.0897,-0.44909,12.561,-11.807
0.0898,-0.54691,11.315,-10.474
0.0899,-0.64309,9.9143,-8.9866
0.09,-0.73833,8.3819,-7.3668
0.0901,-0.83393,6.7677,-5.6635
0.0902,-0.93095,5.1262,-3.93
0.0903,-1.0297,3.494,-2.2031
0.0904,-1.1297,1.8952,-0.50713
0.0905,-1.23,0.32789,1.1586
0.0906,-1.3291,-1.2334,2.8183
0.0907,-1.4263,-2.7993,4.4819
0.0908,-1.5219,-4.3515,6.1313
0.0909,-1.6165,-5.8584,7.7357
0.091,-1.7113,-7.2833,9.2592
0.0911,-1.8067,-8.6121,10.688
0.0912,-1.9025,-9.8801,12.058
0.0913,-1.9973,-11.151,13.431
0.0914,-2.0899,-12.487,14.868
0.0915,-2.1789,-13.931,16.413
0.0916,-2.264,-15.493,18.072
0.0917,-2.3453,-17.144,19.82
0.0918,-2.4238,-18.847,21.62
0.0919,-2.5001,-20.559,23.429
0.092,-2.5749,-22.24,25.209
0.0921,-2.6483,-23.876,26.946
0.0922,-2.7195,-25.47,28.644
0.0923,-2.788,-27.032,30.309
0.0924,-2.8533,-28.565,31.95
0.0925,-2.9153,-30.058,33.551
0.0926,-2.9747,-31.466,35.071
0.0927,-3.0322,-32.748,36.47
0.0928,-3.0881,-33.891,37.734
0.0929,-3.1421,-34.911,38.883
0.093,-3.1933,-35.865,39.971
0.0931,-3.2408,-36.819,41.065
0.0932,-3.2837,-37.818,42.212
0.0933,-3.3219,-38.876,43.428
0.0934,-3.3558,-39.977,44.698
0.0935,-3.386,-41.081,45.987
0.0936,-3.4133,-42.145,47.256
0.0937,-3.4376,-43.14,48.476
0.0938,-3.4589,-44.042,49.629
0.0939,-3.4765,-44.847,50.713
0.094,-3.49,-45.562,51.738
0.0941,-3.4991,-46.183,52.704
0.0942,-3.5044,-46.686,53.594
0.0943,-3.5066,-47.036,54.376
0.0944,-3.5067,-47.19,55.012
0.0945,-3.505,-47.122,55.48
0.0946,-3.5012,-46.847,55.798
0.0947,-3.4942,-46.411,56.011
0.0948,-3.4829,-45.869,56.179
0.0949,-3.4665,-45.269,56.352
0.095,-3.4449,-44.628,56.55
0.0951,-3.4185,-43.934,56.765
0.0952,-3.3884,-43.163,56.975
0.0953,-3.3553,-42.286,57.152
0.0954,-3.3197,-41.285,57.275
0.0955,-3.2812,-40.158,57.336
0.0956,-3.2394,-38.913,57.336
0.0957,-3.1936,-37.559,57.274
0.0958,-3.1435,-36.104,57.147
0.0959,-3.0895,-34.545,56.937
0.096,-3.0325,-32.864,56.609
0.0961,-2.9735,-31.048,56.13
0.0962,-2.9131,-29.109,55.486
0.0963,-2.8514,-27.081,54.69
0.0964,-2.7877,-25.029,53.788
0.0965,-2.721,-23.023,52.836
0.0966,-2.6507,-21.115,51.883
0.0967,-2.5764,-19.331,50.951
0.0968,-2.4984,-17.668,50.038
0.0969,-2.4174,-16.107,49.127
0.097,-2.3342,-14.63,48.199
0.0971,-2.2491,-13.225,47.245
0.0972,-2.1623,-11.888,46.263
0.0973,-2.0734,-10.621,45.259
0.0974,-1.9824,-9.4228,44.234
0.0975,-1.8891,-8.2796,43.18
0.0976,-1.7938,-7.167,42.073
0.0977,-1.6973,-6.0541,40.884
0.0978,-1.6002,-4.91,39.577
0.0979,-1.5032,-3.7194,38.133
0.098,-1.4062,-2.495,36.563
0.0981,-1.309,-1.2711,34.904
0.0982,-1.2109,-0.091056,33.209
0.0983,-1.1115,1.009,31.524
0.0984,-1.0109,2.0146,29.878
0.0985,-0.90925,2.9333,28.274
0.0986,-0.8072,3.7838,26.703
0.0987,-0.70522,4.5855,25.152
0.0988,-0.60359,5.351,23.615
0.0989,-0.50226,6.0829,22.093
0.099,-0.40107,6.7815,20.592
0.0991,-0.29996,7.4508,19.11
0.0992,-0.1991,8.1015,17.642
0.0993,-0.09905,8.7553,16.166
0.0994,-0.00064428,9.4437,14.65
0.0995,0.09532,10.196,13.061
0.0996,0.18835,11.028,11.381
0.0997,0.27838,11.936,9.6094
0.0998,0.36584,12.894,7.773
0.0999,0.45137,13.862,5.9151
0.1,0.53545,14.801,4.078
0.1001,0.61817,15.69,2.2908
0.1002,0.69924,16.523,0.56479
0.1003,0.77811,17.308,-1.1025
0.1004,0.8543,18.055,-2.7161
0.1005,0.92761,18.765,-4.2763
0.1006,0.99819,19.439,-5.779
0.1007,1.0664,20.072,-7.2176
0.1008,1.1325,20.663,-8.5904
0.1009,1.1967,21.223,-9.9073
0.101,1.2584,21.776,-11.19
0.1011,1.3172,22.349,-12.468
0.1012,1.3722,22.974,-13.773
0.1013,1.4229,23.671,-15.127
0.1014,1.4692,24.439,-16.533
0.1015,1.5115,25.259,-17.969
0.1016,1.5503,26.094,-19.402
0.1017,1.5862,26.908,-20.792
0.1018,1.6195,27.675,-22.112
0.1019,1.6502,28.384,-23.351
0.102,1.6778,29.037,-24.508
0.1021,1.702,29.636,-25.585
0.1022,1.7226,30.18,-26.578
0.1023,1.7396,30.657,-27.477
0.1024,1.7534,31.058,-28.271
0.1025,1.7642,31.378,-28.956
0.1026,1.772,31.625,-29.541
0.1027,1.7768,31.82,-30.047
0.1028,1.7778,31.996,-30.508
0.1029,1.7747,32.183,-30.956
0.103,1.767,32.406,-31.418
0.1031,1.7546,32.672,-31.9
0.1032,1.7378,32.964,-32.388
0.1033,1.7172,33.252,-32.854
0.1034,1.6932,33.503,-33.266
0.1035,1.6662,33.693,-33.598
0.1036,1.6361,33.809,-33.84
0.1037,1.6027,33.85,-33.991
0.1038,1.5659,33.816,-34.05
0.1039,1.5257,33.701,-34.014
0.104,1.4823,33.494,-33.872
0.1041,1.4363,33.182,-33.613
0.1042,1.3878,32.76,-33.23
0.1043,1.3369,32.234,-32.733
0.1044,1.2835,31.627,-32.144
0.1045,1.2269,30.972,-31.496
0.1046,1.1668,30.302,-30.824
0.1047,1.1029,29.646,-30.157
0.1048,1.0351,29.016,-29.506
0.1049,0.96391,28.404,-28.866
0.105,0.8898,27.793,-28.22
0.1051,0.81331,27.156,-27.542
0.1052,0.73475,26.474,-26.814
0.1053,0.65415,25.735,-26.025
0.1054,0.57138,24.938,-25.171
0.1055,0.48637,24.078,-24.251
0.1056,0.39924,23.149,-23.256
0.1057,0.31036,22.137,-22.175
0.1058,0.22024,21.029,-20.995
0.1059,0.12934,19.82,-19.71
0.106,0.037887,18.516,-18.329
0.1061,-0.054205,17.14,-16.873
0.1062,-0.14727,15.723,-15.374
0.1063,-0.2417,14.299,-13.865
0.1064,-0.33778,12.896,-12.376
0.1065,-0.43552,11.531,-10.921
0.1066,-0.53463,10.203,-9.501
0.1067,-0.63463,8.9008,-8.1052
0.1068,-0.73501,7.6072,-6.7173
0.1069,-0.83541,6.3077,-5.3227
0.107,-0.93565,4.993,-3.9125
0.1071,-1.0357,3.6589,-2.4824
0.1072,-1.1356,2.3004,-1.0274
0.1073,-1.2351,0.90738,0.4623
0.1074,-1.3019,0.81739,0.61495
0.1075,-1.3447,0.79613,0.67451
0.1076,-1.3678,0.76632,0.72252
0.1077,-1.3765,0.7302,0.76222
0.1078,-1.3504,0.67894,0.78249
0.1079,-1.3061,0.62103,0.79129
0.108,-1.2748,0.56787,0.8085
0.1081,-1.2404,0.51348,0.82427
0.1082,-1.1856,0.45127,0.82811
0.1083,-1.1355,0.39267,0.83366
0.1084,-1.1009,0.34044,0.84875
0.1085,-1.0596,0.28669,0.85915
0.1086,-1.0116,0.23137,0.86501
0.1087,-0.97012,0.17978,0.874
0.1088,-0.92652,0.12755,0.88188
0.1089,-0.88279,0.077145,0.8881
0.109,-0.8636,0.037758,0.90802
0.1091,-0.86968,0.0094944,0.94208
0.1092,-0.8823,-0.015563,0.97946
0.1093,-0.9011,-0.036543,1.0189
0.1094,-0.92434,-0.055584,1.0607
0.1095,-0.93153,-0.080361,1.0922
0.1096,-0.92114,-0.11137,1.1123
0.1097,-0.90764,-0.14283,1.1297
0.1098,-0.88432,-0.17921,1.1421
0.1099,-0.84451,-0.22214,1.1446
0.11,-0.80343,-0.26547,1.1464
0.1101,-0.75951,-0.3095,1.1463
0.1102,-0.69479,-0.36143,1.1336
0.1103,-0.62001,-0.41513,1.113
0.1104,-0.55333,-0.46389,1.0959
0.1105,-0.47876,-0.51388,1.0723
0.1106,-0.38709,-0.5684,1.0363
0.1107,-0.30433,-0.61615,1.0025
0.1108,-0.24256,-0.6537,0.97902
0.1109,-0.19026,-0.68527,0.95835
0.111,-0.15662,-0.70744,0.9462
0.1111,-0.15289,-0.71626,0.94977
0.1112,-0.15646,-0.72208,0.95702
0.1113,-0.14883,-0.73108,0.95614
0.1114,-0.14178,-0.73879,0.95463
0.1115,-0.13598,-0.74524,0.95316
0.1116,-0.1164,-0.75679,0.94314
0.1117,-0.089595,-0.76991,0.9276
0.1118,-0.068001,-0.78085,0.91509
0.1119,-0.040527,-0.79397,0.8989
0.112,-0.00015706,-0.81165,0.87447
0.1121,0.042946,-0.82913,0.84716
0.1122,0.091215,-0.84827,0.81639
0.1123,0.15586,-0.87271,0.77467
0.1124,0.2312,-0.89995,0.72521
0.1125,0.31108,-0.92732,0.67146
0.1126,0.39869,-0.95651,0.6119
0.1127,0.48405,-0.98246,0.55132
0.1128,0.54912,-0.99835,0.50088
0.1129,0.59517,-1.0047,0.45985
0.113,0.62942,-1.0044,0.42405
0.1131,0.64785,-0.99508,0.39535
0.1132,0.65418,-0.97898,0.3724
0.1133,0.66101,-0.96057,0.3473
0.1134,0.66509,-0.93882,0.32221
0.1135,0.65913,-0.91131,0.30193
0.1136,0.65285,-0.88322,0.28184
0.1137,0.65257,-0.85684,0.25768
0.1138,0.65082,-0.82985,0.23436
0.1139,0.65173,-0.80402,0.20951
0.114,0.66732,-0.78413,0.17586
0.1141,0.69332,-0.76749,0.13502
0.1142,0.72462,-0.75261,0.090677
0.1143,0.7717,-0.74343,0.036448
0.1144,0.83485,-0.73985,-0.028018
0.1145,0.89777,-0.7351,-0.09319
0.1146,0.95548,-0.72803,-0.15516
0.1147,1.0107,-0.71928,-0.2159
0.1148,1.053,-0.70485,-0.26922
0.1149,1.0773,-0.68266,-0.31202
0.115,1.0961,-0.65791,-0.3517
0.1151,1.1133,-0.63119,-0.39163
0.1152,1.1189,-0.59858,-0.42576
0.1153,1.1138,-0.56034,-0.45486
0.1154,1.1047,-0.51914,-0.48277
0.1155,1.0852,-0.47233,-0.50604
0.1156,1.0522,-0.4195,-0.52179
0.1157,1.0157,-0.36476,-0.53619
0.1158,0.98001,-0.31005,-0.55156
0.1159,0.94225,-0.25452,-0.56598
0.116,0.91009,-0.20204,-0.5833
0.1161,0.89335,-0.15629,-0.60967
0.1162,0.89029,-0.11693,-0.64375
0.1163,0.89922,-0.083411,-0.68434
0.1164,0.92156,-0.056424,-0.73217
0.1165,0.94933,-0.032224,-0.78299
0.1166,0.9723,-0.0070458,-0.83034
0.1167,0.99086,0.019127,-0.87465
0.1168,1.0054,0.04635,-0.91634
0.1169,1.0111,0.076984,-0.95292
0.117,1.0095,0.1101,-0.98514
0.1171,1.0042,0.14471,-1.0155
0.1172,0.98857,0.18339,-1.04
0.1173,0.95843,0.22772,-1.0561
0.1174,0.91956,0.27503,-1.0671
0.1175,0.87263,0.32543,-1.0737
0.1176,0.81285,0.38054,-1.0727
0.1177,0.74579,0.43809,-1.0676
0.1178,0.67988,0.49461,-1.0632
0.1179,0.61403,0.55057,-1.0589
0.118,0.55049,0.60434,-1.0556
0.1181,0.49985,0.65162,-1.0594
0.1182,0.46316,0.69186,-1.0707
0.1183,0.43293,0.72793,-1.0843
0.1184,0.4096,0.75919,-1.0997
0.1185,0.39533,0.78516,-1.1176
0.1186,0.38364,0.80856,-1.133
0.1187,0.37216,0.83047,-1.1443
0.1188,0.3663,0.84898,-1.1549
0.1189,0.36378,0.86582,-1.1645
0.119,0.35608,0.88443,-1.1693
0.1191,0.34191,0.90537,-1.1703
0.1192,0.32083,0.92886,-1.1678
0.1193,0.28613,0.95767,-1.1581
0.1194,0.2359,0.99203,-1.1399
0.1195,0.17512,1.0299,-1.1161
0.1196,0.10456,1.0709,-1.0865
0.1197,0.024559,1.1146,-1.051
0.1198,-0.056865,1.1574,-1.0136
0.1199,-0.13267,1.1967,-0.97747
0.12,-0.20219,1.2319,-0.94186
0.1201,-0.26289,1.2618,-0.90746
0.1202,-0.3119,1.2851,-0.87568
0.1203,-0.35293,1.3034,-0.8449
0.1204,-0.38901,1.3176,-0.81404
0.1205,-0.41706,1.3264,-0.78585
0.1206,-0.43672,1.3298,-0.7611
0.1207,-0.45104,1.3294,-0.73844
0.1208,-0.45923,1.3247,-0.71847
0.1209,-0.46162,1.3163,-0.70134
0.121,-0.46509,1.307,-0.68304
0.1211,-0.47387,1.2986,-0.66104
0.1212,-0.48745,1.2909,-0.63562
0.1213,-0.50963,1.2857,-0.60484
0.1214,-0.54527,1.2852,-0.56577
0.1215,-0.59173,1.2887,-0.5201
0.1216,-0.64565,1.2952,-0.46993
0.1217,-0.70784,1.3053,-0.41487
0.1218,-0.77445,1.3175,-0.35685
0.1219,-0.83767,1.3286,-0.30043
0.122,-0.89646,1.3379,-0.24602
0.1221,-0.95247,1.3451,-0.19229
0.1222,-1.0016,1.3474,-0.14126
0.1223,-1.0407,1.3421,-0.094809
0.1224,-1.0714,1.3283,-0.051675
0.1225,-1.0923,1.3049,-0.012804
