0.05,0.99313,-0.095152,-0.87189
0.0501,0.97491,-0.054596,-0.89539
0.0502,0.95514,-0.013892,-0.91783
0.0503,0.93389,0.026852,-0.93916
0.0504,0.91121,0.067528,-0.9593
0.0505,0.88719,0.10803,-0.97818
0.0506,0.8619,0.14826,-0.99575
0.0507,0.83542,0.18812,-1.012
0.0508,0.80782,0.22752,-1.0268
0.0509,0.77917,0.2664,-1.0401
0.051,0.74953,0.3047,-1.052
0.0511,0.71893,0.34237,-1.0623
0.0512,0.68739,0.37943,-1.0711
0.0513,0.65494,0.41587,-1.0784
0.0514,0.62161,0.45171,-1.0841
0.0515,0.58743,0.48697,-1.0883
0.0516,0.55243,0.52166,-1.0909
0.0517,0.51668,0.55578,-1.0921
0.0518,0.48022,0.5893,-1.0917
0.0519,0.44312,0.6222,-1.0899
0.052,0.40544,0.65444,-1.0866
0.0521,0.36724,0.68596,-1.0818
0.0522,0.3286,0.7167,-1.0754
0.0523,0.28956,0.74658,-1.0674
0.0524,0.2502,0.77553,-1.0577
0.0525,0.21059,0.80346,-1.0464
0.0526,0.17081,0.8303,-1.0335
0.0527,0.13091,0.85596,-1.0188
0.0528,0.090965,0.88038,-1.0025
0.0529,0.051014,0.90348,-0.98444
0.053,0.011097,0.92525,-0.96474
0.0531,-0.028755,0.94563,-0.94341
0.0532,-0.068517,0.96464,-0.9205
0.0533,-0.10816,0.98228,-0.89608
0.0534,-0.14765,0.99856,-0.87026
0.0535,-0.18695,1.0135,-0.84312
0.0536,-0.22601,1.0272,-0.81477
0.0537,-0.26478,1.0396,-0.78533
0.0538,-0.3032,1.0507,-0.75488
0.0539,-0.34121,1.0605,-0.72352
0.054,-0.37878,1.0691,-0.69132
0.0541,-0.41586,1.0764,-0.65835
0.0542,-0.45238,1.0823,-0.62467
0.0543,-0.48828,1.0869,-0.59033
0.0544,-0.5235,1.09,-0.55537
0.0545,-0.55796,1.0916,-0.51983
0.0546,-0.59159,1.0917,-0.48373
0.0547,-0.62433,1.0901,-0.44709
0.0548,-0.65615,1.0867,-0.40991
0.0549,-0.687,1.0816,-0.37219
0.055,-0.71688,1.0746,-0.33395
0.0551,-0.74576,1.0658,-0.29521
0.0552,-0.77363,1.0551,-0.25598
0.0553,-0.80048,1.0427,-0.21634
0.0554,-0.8263,1.0285,-0.17633
0.0555,-0.85106,1.0125,-0.13605
0.0556,-0.87474,0.99496,-0.095559
0.0557,-0.89733,0.97585,-0.054964
0.0558,-0.91879,0.95528,-0.01435
0.0559,-0.93911,0.93333,0.026194
0.056,-0.95825,0.9101,0.066583
0.0561,-0.97619,0.88567,0.10673
0.0562,-0.99287,0.8601,0.14656
0.0563,-1.0083,0.83346,0.186
0.0564,-1.0223,0.80577,0.225
0.0565,-1.0349,0.77708,0.2635
0.0566,-1.0461,0.74739,0.30148
0.0567,-1.0559,0.71671,0.33893
0.0568,-1.0641,0.68505,0.37586
0.0569,-1.0708,0.65242,0.41226
0.057,-1.0759,0.61884,0.44814
0.0571,-1.0795,0.58435,0.48348
0.0572,-1.0815,0.54899,0.51824
0.0573,-1.0819,0.51281,0.55241
0.0574,-1.0808,0.47589,0.58592
0.0575,-1.078,0.43829,0.61872
0.0576,-1.0737,0.40011,0.65077
0.0577,-1.0677,0.36144,0.68198
0.0578,-1.0602,0.32236,0.7123
0.0579,-1.051,0.28299,0.74166
0.058,-1.0403,0.24339,0.76999
0.0581,-1.0279,0.20366,0.79722
0.0582,-1.014,0.16387,0.82328
0.0583,-0.99847,0.12406,0.84813
0.0584,-0.98135,0.08427,0.87171
0.0585,-0.96266,0.044532,0.89402
0.0586,-0.94242,0.004856,0.91503
0.0587,-0.92069,-0.034747,0.93475
0.0588,-0.8975,-0.074268,0.95319
0.0589,-0.87292,-0.11369,0.97035
0.059,-0.847,-0.15301,0.98625
0.0591,-0.81982,-0.19217,1.0009
0.0592,-0.79142,-0.23116,1.0143
0.0593,-0.76189,-0.26992,1.0264
0.0594,-0.7313,-0.30838,1.0372
0.0595,-0.69972,-0.34649,1.0468
0.0596,-0.66723,-0.38418,1.0549
0.0597,-0.63392,-0.42135,1.0617
0.0598,-0.59985,-0.45793,1.0671
0.0599,-0.56509,-0.49381,1.071
0.06,-0.52971,-0.52892,1.0734
0.0601,-0.49375,-0.56316,1.0741
0.0602,-0.45726,-0.59648,1.0732
0.0603,-0.42025,-0.62883,1.0706
0.0604,-0.38276,-0.66018,1.0662
0.0605,-0.34482,-0.69052,1.06
0.0606,-0.30644,-0.71982,1.0521
0.0607,-0.26766,-0.74811,1.0424
0.0608,-0.22851,-0.77539,1.0309
0.0609,-0.18903,-0.80165,1.0177
0.061,-0.14925,-0.82692,1.0029
0.0611,-0.10923,-0.85119,0.98644
0.0612,-0.069027,-0.87446,0.96845
0.0613,-0.028695,-0.89671,0.949
0.0614,0.011688,-0.91791,0.92814
0.0615,0.05204,-0.93804,0.90595
0.0616,0.092279,-0.95703,0.88249
0.0617,0.13232,-0.97483,0.85781
0.0618,0.17207,-0.99136,0.83196
0.0619,0.21147,-1.0066,0.80497
0.062,0.25045,-1.0204,0.77687
0.0621,0.28896,-1.0327,0.74768
0.0622,0.32693,-1.0436,0.71742
0.0623,0.36436,-1.0528,0.68613
0.0624,0.40122,-1.0605,0.65384
0.0625,0.43748,-1.0666,0.6206
0.0626,0.47312,-1.0711,0.58644
0.0627,0.50811,-1.074,0.55144
0.0628,0.54243,-1.0752,0.51564
0.0629,0.57606,-1.0749,0.47913
0.063,0.60897,-1.0731,0.44196
0.0631,0.64114,-1.0696,0.40423
0.0632,0.67253,-1.0646,0.366
0.0633,0.7031,-1.0581,0.32737
0.0634,0.73279,-1.05,0.2884
0.0635,0.76156,-1.0404,0.24918
0.0636,0.78933,-1.0292,0.20976
0.0637,0.81606,-1.0164,0.17019
0.0638,0.84168,-1.002,0.13053
0.0639,0.86616,-0.98602,0.090801
0.064,0.88943,-0.96841,0.051023
0.0641,0.91148,-0.94921,0.011222
0.0642,0.93227,-0.92842,-0.028581
0.0643,0.95176,-0.90607,-0.068362
0.0644,0.96995,-0.88221,-0.10809
0.0645,0.98682,-0.8569,-0.14773
0.0646,1.0024,-0.8302,-0.18724
0.0647,1.0166,-0.8022,-0.22656
0.0648,1.0294,-0.77297,-0.26564
0.0649,1.0409,-0.74262,-0.3044
0.065,1.0511,-0.71125,-0.34278
0.0651,1.06,-0.67895,-0.3807
0.0652,3.2394,-0.42916,-0.26722
0.0653,3.7326,-0.34274,-0.27292
0.0654,3.8573,-0.29105,-0.30155
0.0655,4.1035,-0.23764,-0.31171
0.0656,4.0999,-0.22086,-0.33206
0.0657,3.9528,-0.20594,-0.37082
0.0658,4.1143,-0.14493,-0.39516
0.0659,4.4855,-0.07592,-0.39637
0.066,4.8406,-0.021272,-0.39023
0.0661,5.1278,0.042271,-0.39609
0.0662,5.223,0.096457,-0.41876
0.0663,5.1702,0.13477,-0.45098
0.0664,4.95,0.15945,-0.49468
0.0665,4.6878,0.17789,-0.53947
0.0666,4.3803,0.18419,-0.58161
0.0667,4.1883,0.20251,-0.61682
0.0668,4.2479,0.25882,-0.6416
0.0669,4.4429,0.33051,-0.65767
0.067,4.5871,0.39068,-0.67202
0.0671,4.5542,0.43534,-0.69844
0.0672,4.2162,0.45421,-0.74485
0.0673,3.611,0.44102,-0.80501
0.0674,2.9845,0.42077,-0.86346
0.0675,2.4107,0.40455,-0.9178
0.0676,1.7593,0.37625,-0.97248
0.0677,1.0638,0.34038,-1.0275
0.0678,0.47448,0.31813,-1.0759
0.0679,-0.040256,0.30222,-1.1173
0.068,-0.57812,0.28379,-1.1576
0.0681,-1.1267,0.27471,-1.2042
0.0682,-1.6862,0.27189,-1.2542
0.0683,-2.3092,0.2533,-1.3019
0.0684,-2.9568,0.22535,-1.3463
0.0685,-3.5424,0.20824,-1.3899
0.0686,-4.0497,0.19963,-1.4271
0.0687,-4.4965,0.19247,-1.4565
0.0688,-4.9308,0.19174,-1.4862
0.0689,-5.4635,0.18638,-1.5237
0.069,-6.1381,0.1613,-1.5641
0.0691,-6.8804,0.12511,-1.6055
0.0692,-7.6555,0.089095,-1.6504
0.0693,-8.4799,0.044214,-1.6963
0.0694,-9.2948,-0.0097587,-1.7349
0.0695,-10.055,-0.061461,-1.7682
0.0696,-10.816,-0.11236,-1.8008
0.0697,-11.574,-0.16582,-1.8305
0.0698,-12.225,-0.2076,-1.8523
0.0699,-12.791,-0.23493,-1.8709
0.07,-13.39,-0.26328,-1.8909
0.0701,-14.019,-0.29644,-1.9114
0.0702,-14.601,-0.32663,-1.9273
0.0703,-15.161,-0.35904,-1.9394
0.0704,-15.722,-0.3959,-1.9488
0.0705,-16.23,-0.42599,-1.956
0.0706,-16.694,-0.44808,-1.9611
0.0707,-17.192,-0.47438,-1.9663
0.0708,-17.732,-0.50338,-1.9733
0.0709,-18.28,-0.52818,-1.9825
0.071,-18.833,-0.55363,-1.9899
0.0711,-19.383,-0.58239,-1.9945
0.0712,-19.906,-0.60754,-1.9971
0.0713,-20.428,-0.63257,-1.9989
0.0714,-20.954,-0.66273,-1.9966
0.0715,-21.434,-0.68838,-1.9902
0.0716,-21.857,-0.70106,-1.9823
0.0717,-22.247,-0.70672,-1.973
0.0718,-22.582,-0.70651,-1.9594
0.0719,-22.845,-0.69931,-1.9432
0.072,-23.082,-0.69759,-1.9252
0.0721,-23.307,-0.71192,-1.9029
0.0722,-23.464,-0.73428,-1.8741
0.0723,-23.56,-0.76216,-1.8412
0.0724,-23.657,-0.80327,-1.8063
0.0725,-23.752,-0.85392,-1.7695
0.0726,-23.815,-0.90413,-1.7311
0.0727,-23.873,-0.95692,-1.6922
0.0728,-23.932,-1.0138,-1.6515
0.0729,-23.943,-1.0657,-1.6082
0.073,-23.889,-1.1111,-1.5613
0.0731,-23.812,-1.158,-1.5111
0.0732,-23.71,-1.2052,-1.4577
0.0733,-23.564,-1.2466,-1.4022
0.0734,-23.389,-1.2842,-1.3445
0.0735,-23.191,-1.3186,-1.2853
0.0736,-22.952,-1.3438,-1.2265
0.0737,-22.683,-1.361,-1.1688
0.0738,-22.395,-1.3759,-1.1106
0.0739,-22.073,-1.3881,-1.0511
0.074,-21.718,-1.3966,-0.99138
0.0741,-21.346,-1.4053,-0.93113
0.0742,-20.944,-1.4131,-0.86911
0.0743,-20.505,-1.4162,-0.80658
0.0744,-20.062,-1.4167,-0.74504
0.0745,-19.621,-1.417,-0.68395
0.0746,-19.15,-1.4124,-0.62198
0.0747,-18.646,-1.4023,-0.55921
0.0748,-18.129,-1.3912,-0.49506
0.0749,-17.586,-1.3787,-0.42892
0.075,-17.003,-1.3627,-0.36059
0.0751,-16.405,-1.3481,-0.29033
0.0752,-15.804,-1.3365,-0.21837
0.0753,-15.173,-1.3219,-0.14575
0.0754,-14.509,-1.302,-0.072873
0.0755,-13.824,-1.28,0.0002934
0.0756,-13.114,-1.2541,0.073219
0.0757,-12.374,-1.223,0.14497
0.0758,-11.621,-1.1914,0.21632
0.0759,-10.86,-1.1621,0.28784
0.076,-10.082,-1.1313,0.35834
0.0761,-9.3006,-1.0998,0.42663
0.0762,-8.5257,-1.0698,0.49346
0.0763,-7.7463,-1.0387,0.5587
0.0764,-6.9605,-1.0036,0.62128
0.0765,-6.1738,-0.96649,0.68164
0.0766,-5.3681,-0.92659,0.74165
0.0767,-4.5297,-0.88148,0.80128
0.0768,-3.6795,-0.83396,0.85977
0.0769,-2.8321,-0.78805,0.91751
0.077,-1.9796,-0.74272,0.97504
0.0771,-1.1302,-0.69762,1.0313
0.0772,-0.29988,-0.65439,1.0857
0.0773,0.52361,-0.61097,1.1382
0.0774,1.3546,-0.56435,1.1891
0.0775,2.1817,-0.51655,1.2378
0.0776,3.0003,-0.46932,1.2847
0.0777,3.824,-0.42113,1.3297
0.0778,4.651,-0.37249,1.3732
0.0779,5.4694,-0.32565,1.4147
0.078,6.28,-0.2792,1.4536
0.0781,7.0814,-0.23175,1.4892
0.0782,7.8616,-0.18499,1.5216
0.0783,8.6229,-0.13857,1.551
0.0784,9.3767,-0.08959,1.5773
0.0785,10.122,-0.038661,1.6009
0.0786,10.856,0.012303,1.6229
0.0787,11.585,0.063895,1.6433
0.0788,12.3,0.11544,1.6619
0.0789,12.987,0.16393,1.6788
0.079,13.651,0.20991,1.6945
0.0791,14.298,0.25598,1.7083
0.0792,14.92,0.30143,1.7198
0.0793,15.514,0.34505,1.7295
0.0794,16.091,0.38827,1.7373
0.0795,16.647,0.43047,1.7429
0.0796,17.173,0.4689,1.7465
0.0797,17.675,0.50386,1.7483
0.0798,18.159,0.53706,1.7479
0.0799,18.614,0.56735,1.7448
0.08,19.035,0.59443,1.7387
0.0801,19.428,0.62115,1.7289
0.0802,19.804,0.64814,1.717
0.0803,20.156,0.67605,1.7019
0.0804,20.485,0.70597,1.6837
0.0805,20.796,0.73877,1.6628
0.0806,21.081,0.77347,1.6396
0.0807,21.326,0.80886,1.6136
0.0808,21.529,0.84549,1.5848
0.0809,21.687,0.88364,1.5529
0.081,21.803,0.92333,1.5186
0.0811,21.88,0.9645,1.4817
0.0812,21.918,1.0067,1.4423
0.0813,21.921,1.0485,1.4008
0.0814,21.895,1.0889,1.3579
0.0815,21.844,1.1274,1.3136
0.0816,21.765,1.1627,1.2681
0.0817,21.655,1.1939,1.2212
0.0818,21.515,1.2212,1.1728
0.0819,21.342,1.2447,1.1224
0.082,21.134,1.2642,1.0701
0.0821,20.897,1.281,1.0159
0.0822,20.64,1.2965,0.96008
0.0823,20.362,1.3106,0.90275
0.0824,20.061,1.3227,0.84423
0.0825,19.739,1.333,0.78467
0.0826,19.393,1.3409,0.7243
0.0827,19.015,1.3454,0.66302
0.0828,18.606,1.3468,0.60073
0.0829,18.166,1.346,0.53723
0.083,17.694,1.3428,0.47278
0.0831,17.19,1.3371,0.40746
0.0832,16.658,1.3295,0.34134
0.0833,16.101,1.3201,0.27468
0.0834,15.522,1.3084,0.2081
0.0835,14.924,1.2945,0.14164
0.0836,14.307,1.2785,0.075115
0.0837,13.67,1.2601,0.0084303
0.0838,13.013,1.2392,-0.058253
0.0839,12.34,1.2166,-0.12519
0.084,11.652,1.1928,-0.1925
0.0841,10.95,1.1677,-0.26005
0.0842,10.239,1.1416,-0.32757
0.0843,9.5164,1.1144,-0.39506
0.0844,8.779,1.0851,-0.46235
0.0845,8.0275,1.0535,-0.5292
0.0846,7.2633,1.02,-0.59534
0.0847,6.485,0.98442,-0.66078
0.0848,5.6935,0.94732,-0.72539
0.0849,4.8931,0.90942,-0.78899
0.085,4.0856,0.87095,-0.8512
0.0851,3.2716,0.83172,-0.91179
0.0852,2.454,0.79198,-0.97054
0.0853,1.6353,0.7517,-1.0272
0.0854,0.81459,0.71031,-1.0815
0.0855,-0.0090474,0.66749,-1.1336
0.0856,-0.83549,0.62344,-1.1836
0.0857,-1.6644,0.57807,-1.2316
0.0858,-2.4933,0.5316,-1.2775
0.0859,-3.3176,0.48477,-1.3216
0.086,-4.1345,0.43812,-1.3639
0.0861,-4.9427,0.39138,-1.4045
0.0862,-5.7403,0.34445,-1.443
0.0863,-6.5274,0.29729,-1.4798
0.0864,-7.3063,0.24948,-1.5148
0.0865,-8.0774,0.20076,-1.548
0.0866,-8.8389,0.15165,-1.5794
0.0867,-9.5907,0.10247,-1.6091
0.0868,-10.333,0.053309,-1.637
0.0869,-11.063,0.0045207,-1.663
0.087,-11.776,-0.043311,-1.6866
0.0871,-12.472,-0.090171,-1.7079
0.0872,-13.149,-0.13611,-1.7265
0.0873,-13.804,-0.18098,-1.7424
0.0874,-14.44,-0.22482,-1.7555
0.0875,-15.058,-0.2679,-1.7659
0.0876,-15.657,-0.31,-1.7739
0.0877,-16.238,-0.35067,-1.7795
0.0878,-16.797,-0.38957,-1.7828
0.0879,-17.335,-0.42645,-1.7841
0.088,-17.85,-0.46097,-1.7833
0.0881,-18.34,-0.49323,-1.7806
0.0882,-18.807,-0.52342,-1.776
0.0883,-19.249,-0.55172,-1.7694
0.0884,-19.664,-0.57857,-1.7608
0.0885,-20.054,-0.60483,-1.7503
0.0886,-20.414,-0.6314,-1.7377
0.0887,-20.743,-0.6593,-1.7228
0.0888,-21.04,-0.68963,-1.7053
0.0889,-21.303,-0.7229,-1.6849
0.089,-21.528,-0.75894,-1.6614
0.0891,-21.716,-0.79751,-1.6346
0.0892,-21.87,-0.83821,-1.6045
0.0893,-21.99,-0.88022,-1.5712
0.0894,-22.077,-0.92264,-1.5349
0.0895,-22.133,-0.96485,-1.4956
0.0896,-22.158,-1.006,-1.4536
0.0897,-22.148,-1.0451,-1.4091
0.0898,-22.105,-1.0818,-1.3623
0.0899,-22.03,-1.1159,-1.3133
0.09,-21.922,-1.1473,-1.2625
0.0901,-21.785,-1.176,-1.2102
0.0902,-21.619,-1.2024,-1.1567
0.0903,-21.428,-1.2265,-1.1023
0.0904,-21.21,-1.2481,-1.0473
0.0905,-20.967,-1.2672,-0.99206
0.0906,-20.698,-1.2837,-0.93641
0.0907,-20.399,-1.2972,-0.8803
0.0908,-20.07,-1.3075,-0.82354
0.0909,-19.71,-1.3146,-0.76591
0.091,-19.318,-1.3186,-0.70714
0.0911,-18.897,-1.3199,-0.64715
0.0912,-18.449,-1.3186,-0.58589
0.0913,-17.977,-1.3152,-0.52335
0.0914,-17.481,-1.3098,-0.45952
0.0915,-16.964,-1.3024,-0.39448
0.0916,-16.425,-1.2931,-0.32825
0.0917,-15.865,-1.2817,-0.26088
0.0918,-15.283,-1.2683,-0.19244
0.0919,-14.68,-1.253,-0.12307
0.092,-14.056,-1.236,-0.052969
0.0921,-13.411,-1.2172,0.017556
0.0922,-12.747,-1.1967,0.08818
0.0923,-12.066,-1.1746,0.15852
0.0924,-11.367,-1.1508,0.22823
0.0925,-10.653,-1.1251,0.29703
0.0926,-9.9231,-1.0977,0.36483
0.0927,-9.1783,-1.0683,0.43153
0.0928,-8.4189,-1.0371,0.49711
0.0929,-7.6462,-1.0041,0.56159
0.093,-6.8619,-0.96947,0.62502
0.0931,-6.0672,-0.93337,0.68735
0.0932,-5.2642,-0.89588,0.74856
0.0933,-4.4546,-0.8572,0.80862
0.0934,-3.6395,-0.81736,0.86755
0.0935,-2.82,-0.77635,0.92526
0.0936,-1.9979,-0.73435,0.98177
0.0937,-1.1748,-0.6916,1.0371
0.0938,-0.35159,-0.64821,1.0911
0.0939,0.47041,-0.60435,1.1438
0.094,1.2899,-0.56018,1.1951
0.0941,2.1067,-0.51571,1.2447
0.0942,2.9205,-0.47083,1.2925
0.0943,3.7308,-0.42548,1.3382
0.0944,4.5376,-0.37958,1.3817
0.0945,5.341,-0.33297,1.4228
0.0946,6.1405,-0.28561,1.4615
0.0947,6.9347,-0.2376,1.4976
0.0948,7.7219,-0.1891,1.5312
0.0949,8.4998,-0.14032,1.5623
0.095,9.266,-0.091518,1.5907
0.0951,10.018,-0.042893,1.6166
0.0952,10.755,0.0054669,1.6401
0.0953,11.475,0.053466,1.6613
0.0954,12.177,0.10103,1.6804
0.0955,12.862,0.14809,1.6975
0.0956,13.527,0.19448,1.7128
0.0957,14.173,0.23997,1.7265
0.0958,14.799,0.28437,1.7386
0.0959,15.404,0.32746,1.7491
0.096,15.988,0.36898,1.7578
0.0961,16.549,0.40874,1.7647
0.0962,17.087,0.44663,1.7696
0.0963,17.603,0.4826,1.7722
0.0964,18.095,0.51659,1.7724
0.0965,18.566,0.54872,1.7701
0.0966,19.013,0.57913,1.7652
0.0967,19.437,0.60799,1.7577
0.0968,19.837,0.6356,1.7473
0.0969,20.211,0.66252,1.7341
0.097,20.556,0.68942,1.718
0.0971,20.871,0.71706,1.6989
0.0972,21.154,0.74633,1.6767
0.0973,21.402,0.77798,1.6515
0.0974,21.614,0.81243,1.6234
0.0975,21.788,0.84977,1.5925
0.0976,21.925,0.8897,1.559
0.0977,22.025,0.93149,1.5231
0.0978,22.088,0.97415,1.485
0.0979,22.116,1.0166,1.4449
0.098,22.111,1.058,1.4029
0.0981,22.073,1.0974,1.3592
0.0982,22.006,1.1344,1.3138
0.0983,21.909,1.1685,1.2668
0.0984,21.784,1.1996,1.2181
0.0985,21.63,1.2277,1.1678
0.0986,21.449,1.2526,1.1159
0.0987,21.241,1.2744,1.0624
0.0988,21.005,1.2932,1.0074
0.0989,20.743,1.3092,0.95091
0.099,20.454,1.3224,0.89303
0.0991,20.137,1.333,0.83386
0.0992,19.793,1.3411,0.77349
0.0993,19.422,1.3466,0.71202
0.0994,19.021,1.3496,0.64957
0.0995,18.592,1.35,0.58624
0.0996,18.135,1.3479,0.52214
0.0997,17.649,1.3433,0.45736
0.0998,17.137,1.3363,0.39203
0.0999,16.599,1.3272,0.32623
0.1,16.037,1.3161,0.26003
0.1001,15.454,1.3032,0.19348
0.1002,14.851,1.2886,0.12666
0.1003,14.229,1.2724,0.059583
0.1004,13.589,1.2547,-0.0077411
0.1005,12.932,1.2352,-0.075283
0.1006,12.258,1.214,-0.14302
0.1007,11.567,1.191,-0.21092
0.1008,10.861,1.166,-0.27894
0.1009,10.139,1.1391,-0.34696
0.101,9.4016,1.1104,-0.41487
0.1011,8.6506,1.0797,-0.48252
0.1012,7.8866,1.0473,-0.54969
0.1013,7.1108,1.0133,-0.61615
0.1014,6.3246,0.97768,-0.68167
0.1015,5.5292,0.94068,-0.746
0.1016,4.7256,0.9024,-0.8089
0.1017,3.9153,0.86301,-0.87019
0.1018,3.0993,0.82263,-0.9297
0.1019,2.2789,0.78139,-0.98731
0.102,1.4555,0.73942,-1.0429
0.1021,0.63032,0.69681,-1.0965
0.1022,-0.19533,0.65361,-1.148
0.1023,-1.0203,0.60984,-1.1975
0.1024,-1.8434,0.56551,-1.245
0.1025,-2.6637,0.52058,-1.2906
0.1026,-3.4804,0.47505,-1.3343
0.1027,-4.2925,0.42892,-1.3762
0.1028,-5.0992,0.38219,-1.4163
0.1029,-5.8996,0.3349,-1.4548
0.103,-6.6926,0.28711,-1.4914
0.1031,-7.4772,0.23887,-1.5264
0.1032,-8.2522,0.19027,-1.5595
0.1033,-9.0163,0.14142,-1.5906
0.1034,-9.7681,0.092482,-1.6197
0.1035,-10.506,0.043606,-1.6466
0.1036,-11.23,-0.0050274,-1.6713
0.1037,-11.937,-0.053197,-1.6935
0.1038,-12.627,-0.10068,-1.7133
0.1039,-13.299,-0.1473,-1.7306
0.104,-13.952,-0.19285,-1.7453
0.1041,-14.585,-0.23718,-1.7575
0.1042,-15.198,-0.28015,-1.7672
0.1043,-15.79,-0.32167,-1.7745
0.1044,-16.362,-0.36158,-1.7794
0.1045,-16.913,-0.39973,-1.7821
0.1046,-17.442,-0.43595,-1.7827
0.1047,-17.949,-0.47009,-1.7813
0.1048,-18.434,-0.50204,-1.778
0.1049,-18.894,-0.53185,-1.7728
0.105,-19.329,-0.55981,-1.7657
0.1051,-19.738,-0.58653,-1.7567
0.1052,-20.119,-0.61291,-1.7455
0.1053,-20.471,-0.64005,-1.7321
0.1054,-20.791,-0.669,-1.7161
0.1055,-21.078,-0.70053,-1.6973
0.1056,-21.332,-0.73499,-1.6755
0.1057,-21.55,-0.77224,-1.6506
0.1058,-21.733,-0.81181,-1.6225
0.1059,-21.88,-0.853,-1.5911
0.106,-21.993,-0.89504,-1.5567
0.1061,-22.072,-0.93717,-1.5193
0.1062,-22.116,-0.9787,-1.479
0.1063,-22.127,-1.019,-1.4361
0.1064,-22.106,-1.0575,-1.3908
0.1065,-22.052,-1.0937,-1.3433
0.1066,-21.968,-1.1274,-1.2938
0.1067,-21.853,-1.1584,-1.2427
0.1068,-21.71,-1.1866,-1.1903
0.1069,-21.538,-1.2121,-1.1368
0.107,-21.339,-1.2348,-1.0825
0.1071,-21.114,-1.2549,-1.0275
0.1072,-20.861,-1.2724,-0.97202
0.1073,-20.58,-1.2873,-0.91594
0.1074,-20.27,-1.2995,-0.85921
0.1075,-19.932,-1.309,-0.80171
0.1076,-19.565,-1.3159,-0.74329
0.1077,-19.17,-1.32,-0.68384
0.1078,-18.746,-1.3215,-0.62325
0.1079,-18.295,-1.3206,-0.56144
0.108,-17.819,-1.3172,-0.49838
0.1081,-17.318,-1.3117,-0.43403
0.1082,-16.793,-1.304,-0.36842
0.1083,-16.245,-1.2943,-0.3016
0.1084,-15.676,-1.2826,-0.23367
0.1085,-15.085,-1.269,-0.16479
0.1086,-14.473,-1.2534,-0.095172
0.1087,-13.841,-1.2359,-0.025078
0.1088,-13.19,-1.2166,0.0452
0.1089,-12.521,-1.1953,0.11537
0.109,-11.834,-1.1723,0.18515
0.1091,-11.13,-1.1475,0.25431
0.1092,-10.41,-1.121,0.32266
0.1093,-9.6759,-1.0928,0.3901
0.1094,-8.9276,-1.063,0.45654
0.1095,-8.1662,-1.0316,0.52193
0.1096,-7.3927,-0.99864,0.58625
0.1097,-6.608,-0.9641,0.64948
0.1098,-5.8134,-0.92808,0.71161
0.1099,-5.01,-0.89068,0.77262
0.11,-4.1995,-0.85205,0.83249
0.1101,-3.3834,-0.81231,0.89122
0.1102,-2.5632,-0.7716,0.94877
0.1103,-1.7405,-0.73,1.0051
0.1104,-0.91678,-0.68762,1.0602
0.1105,-0.093165,-0.64453,1.1138
0.1106,0.72936,-0.60078,1.166
0.1107,1.5501,-0.55642,1.2165
0.1108,2.3684,-0.51145,1.2653
0.1109,3.1839,-0.46591,1.3121
0.111,3.9961,-0.4198,1.3568
0.1111,4.8041,-0.37316,1.3992
0.1112,5.6073,-0.32602,1.4393
0.1113,6.4045,-0.27842,1.477
0.1114,7.1944,-0.23043,1.5122
0.1115,7.9756,-0.18216,1.5448
0.1116,8.7466,-0.1337,1.5749
0.1117,9.5057,-0.085204,1.6024
0.1118,10.251,-0.036813,1.6276
0.1119,10.982,0.011321,1.6504
0.112,11.697,0.059053,1.6711
0.1121,12.395,0.10625,1.6898
0.1122,13.074,0.15276,1.7065
0.1123,13.735,0.19848,1.7214
0.1124,14.375,0.24324,1.7346
0.1125,14.995,0.28692,1.7461
0.1126,15.594,0.32933,1.7557
0.1127,16.171,0.37032,1.7635
0.1128,16.727,0.40968,1.7693
0.1129,17.26,0.44728,1.773
0.113,17.771,0.48297,1.7745
0.1131,18.259,0.51668,1.7737
0.1132,18.724,0.54841,1.7703
0.1133,19.164,0.5783,1.7644
0.1134,19.581,0.60661,1.7557
0.1135,19.972,0.63377,1.7443
0.1136,20.335,0.66041,1.7301
0.1137,20.67,0.6873,1.7129
0.1138,20.974,0.71528,1.6928
0.1139,21.246,0.7452,1.6697
0.114,21.482,0.77772,1.6436
0.1141,21.682,0.81317,1.6147
0.1142,21.844,0.85152,1.583
0.1143,21.969,0.89229,1.5487
0.1144,22.058,0.93465,1.512
0.1145,22.111,0.97761,1.4731
0.1146,22.13,1.0201,1.4321
0.1147,22.116,1.0613,1.3893
0.1148,22.071,1.1003,1.3446
0.1149,21.996,1.1368,1.2983
0.115,21.891,1.1703,1.2503
0.1151,21.757,1.2007,1.2007
0.1152,21.595,1.2281,1.1495
0.1153,21.405,1.2524,1.0967
0.1154,21.188,1.2738,1.0424
0.1155,20.944,1.2923,0.98662
0.1156,20.673,1.308,0.92954
0.1157,20.376,1.3209,0.87121
0.1158,20.051,1.3312,0.81172
0.1159,19.698,1.3387,0.75113
0.116,19.316,1.3435,0.68952
0.1161,18.906,1.3456,0.62694
0.1162,18.467,1.3451,0.56346
0.1163,17.999,1.3421,0.49919
0.1164,17.504,1.3367,0.43421
0.1165,16.984,1.3291,0.36864
0.1166,16.44,1.3196,0.30258
0.1167,15.873,1.3082,0.23611
0.1168,15.285,1.2951,0.1693
0.1169,14.678,1.2805,0.10219
0.117,14.051,1.2642,0.034781
0.1171,13.407,1.2462,-0.032893
0.1172,12.745,1.2266,-0.10081
0.1173,12.065,1.2052,-0.16893
0.1174,11.37,1.1819,-0.23717
0.1175,10.657,1.1568,-0.30544
0.1176,9.93,1.1297,-0.37359
0.1177,9.1879,1.1007,-0.44147
0.1178,8.4322,1.0698,-0.50891
0.1179,7.6637,1.0371,-0.57571
0.118,6.8836,1.0027,-0.64167
0.1181,6.0932,0.96664,-0.70659
0.1182,5.2939,0.92918,-0.77025
0.1183,4.487,0.89049,-0.83246
0.1184,3.6739,0.85072,-0.89302
0.1185,2.856,0.81004,-0.95181
0.1186,2.0345,0.76857,-1.0087
0.1187,1.2108,0.72643,-1.0636
0.1188,0.39136,0.68423,-1.1161
0.1189,0.3468,0.7177,-1.1121
0.119,0.30113,0.75225,-1.108
0.1191,0.25428,0.78791,-1.1027
0.1192,0.21015,0.82046,-1.0926
0.1193,0.1679,0.84581,-1.0765
0.1194,0.1263,0.86923,-1.0583
0.1195,0.08402,0.89529,-1.0404
0.1196,0.044346,0.91787,-1.019
0.1197,0.0081322,0.93205,-0.99129
0.1198,-0.026073,0.94367,-0.96094
0.1199,-0.061748,0.95737,-0.93146
0.12,-0.098677,0.97207,-0.90263
0.1201,-0.13684,0.98753,-0.8736
0.1202,-0.17495,1.002,-0.8439
0.1203,-0.21323,1.0138,-0.81219
0.1204,-0.25118,1.024,-0.77977
0.1205,-0.28999,1.0359,-0.74861
0.1206,-0.32891,1.0483,-0.71824
0.1207,-0.36727,1.0579,-0.68661
0.1208,-0.40524,1.0664,-0.65497
0.1209,-0.44447,1.0764,-0.62453
0.121,-0.48434,1.0871,-0.59451
0.1211,-0.52401,1.0969,-0.56413
0.1212,-0.56273,1.1048,-0.53303
0.1213,-0.60056,1.109,-0.4996
0.1214,-0.63678,1.1095,-0.46367
0.1215,-0.67125,1.1071,-0.426
0.1216,-0.70269,1.0996,-0.38551
0.1217,-0.7309,1.0855,-0.34097
0.1218,-0.75693,1.0686,-0.29532
0.1219,-0.78253,1.053,-0.25118
0.122,-0.80702,1.0366,-0.2073
0.1221,-0.8299,1.0171,-0.16244
0.1222,-0.85151,0.99651,-0.11831
0.1223,-0.87268,0.97562,-0.07525
0.1224,-0.89311,0.95356,-0.032736
0.1225,-0.91337,0.9317,0.0084023
