0.05,0.72215,-0.049044,-0.63475
0.0501,0.70788,-0.018623,-0.65157
0.0502,0.69236,0.011907,-0.66765
0.0503,0.67566,0.042421,-0.68294
0.0504,0.65785,0.07279,-0.69735
0.0505,0.63902,0.10289,-0.71083
0.0506,0.61928,0.13261,-0.72333
0.0507,0.5987,0.16183,-0.73478
0.0508,0.57735,0.19049,-0.74513
0.0509,0.55529,0.21853,-0.75435
0.051,0.53254,0.24594,-0.7624
0.0511,0.50911,0.27272,-0.76925
0.0512,0.48501,0.29891,-0.77492
0.0513,0.46025,0.32459,-0.77944
0.0514,0.43483,0.34982,-0.78285
0.0515,0.40879,0.3747,-0.7852
0.0516,0.38215,0.39926,-0.78655
0.0517,0.35496,0.42354,-0.78694
0.0518,0.32725,0.44754,-0.78637
0.0519,0.29908,0.47122,-0.78485
0.052,0.27049,0.49456,-0.78235
0.0521,0.24155,0.51747,-0.77882
0.0522,0.21231,0.53989,-0.77422
0.0523,0.18287,0.56171,-0.76848
0.0524,0.1533,0.58282,-0.76154
0.0525,0.12368,0.60312,-0.75333
0.0526,0.094096,0.6225,-0.74379
0.0527,0.064589,0.64086,-0.73286
0.0528,0.035193,0.65812,-0.7205
0.0529,0.0059208,0.67426,-0.70667
0.053,-0.023226,0.68924,-0.69139
0.0531,-0.052256,0.70309,-0.67468
0.0532,-0.08117,0.71583,-0.65661
0.0533,-0.10996,0.72753,-0.63729
0.0534,-0.13863,0.73825,-0.61685
0.0535,-0.16715,0.74806,-0.59539
0.0536,-0.1955,0.75703,-0.57306
0.0537,-0.22366,0.7652,-0.54997
0.0538,-0.25161,0.77262,-0.52622
0.0539,-0.27931,0.77931,-0.50191
0.054,-0.3067,0.78526,-0.4771
0.0541,-0.33374,0.79047,-0.45188
0.0542,-0.36036,0.79486,-0.42628
0.0543,-0.38649,0.79836,-0.40035
0.0544,-0.41206,0.80088,-0.3741
0.0545,-0.43698,0.80231,-0.34754
0.0546,-0.46118,0.80254,-0.32064
0.0547,-0.48463,0.80145,-0.29337
0.0548,-0.50729,0.79895,-0.26571
0.0549,-0.52916,0.79498,-0.23762
0.055,-0.55024,0.78949,-0.2091
0.0551,-0.57052,0.78248,-0.18016
0.0552,-0.59002,0.77394,-0.15084
0.0553,-0.60874,0.76392,-0.12118
0.0554,-0.62669,0.7525,-0.091256
0.0555,-0.64388,0.73973,-0.061148
0.0556,-0.66034,0.72573,-0.030937
0.0557,-0.67605,0.71058,-0.00071194
0.0558,-0.69104,0.6944,0.029438
0.0559,-0.70528,0.67728,0.059426
0.056,-0.71875,0.65931,0.089161
0.0561,-0.73142,0.64055,0.11856
0.0562,-0.74322,0.62107,0.14758
0.0563,-0.7541,0.60087,0.17615
0.0564,-0.76401,0.57997,0.20425
0.0565,-0.77288,0.55835,0.2319
0.0566,-0.78067,0.53597,0.2591
0.0567,-0.78735,0.51282,0.28588
0.0568,-0.79289,0.48886,0.31228
0.0569,-0.79728,0.46409,0.3383
0.057,-0.80049,0.43852,0.364
0.0571,-0.80253,0.41216,0.38936
0.0572,-0.80338,0.38505,0.41438
0.0573,-0.80307,0.35728,0.43901
0.0574,-0.80159,0.32892,0.46322
0.0575,-0.79897,0.30007,0.48694
0.0576,-0.79524,0.27085,0.51013
0.0577,-0.7904,0.24138,0.53269
0.0578,-0.78446,0.21179,0.55457
0.0579,-0.77741,0.18217,0.57567
0.058,-0.76922,0.15261,0.59592
0.0581,-0.75988,0.12319,0.61525
0.0582,-0.74932,0.093942,0.63361
0.0583,-0.87768,-0.69841,1.5544
0.0584,-0.95117,-1.2028,2.1328
0.0585,-1.0172,-1.6775,2.6744
0.0586,-1.0844,-2.1355,3.2008
0.0587,-1.1558,-2.5686,3.7067
0.0588,-1.2187,-2.9771,4.1798
0.0589,-1.2703,-3.3743,4.6304
0.059,-1.3266,-3.7707,5.0851
0.0591,-1.3944,-4.1765,5.5608
0.0592,-1.4584,-4.5952,6.0456
0.0593,-1.5162,-5.0215,6.532
0.0594,-1.5706,-5.4441,7.0112
0.0595,-1.6218,-5.8623,7.4831
0.0596,-1.6703,-6.2686,7.9403
0.0597,-1.7169,-6.6473,8.3678
0.0598,-1.7568,-7.0003,8.763
0.0599,-1.7872,-7.343,9.1381
0.06,-1.8144,-7.6813,9.5056
0.0601,-1.8439,-8.0193,9.8749
0.0602,-1.8723,-8.3632,10.249
0.0603,-1.8969,-8.7067,10.619
0.0604,-1.9202,-9.0392,10.976
0.0605,-1.9435,-9.365,11.327
0.0606,-1.9658,-9.6829,11.668
0.0607,-1.9865,-9.9692,11.976
0.0608,-2.0012,-10.206,12.228
0.0609,-2.007,-10.397,12.426
0.061,-2.0093,-10.551,12.582
0.0611,-2.0116,-10.674,12.707
0.0612,-2.0073,-10.779,12.807
0.0613,-1.9951,-10.88,12.895
0.0614,-1.9835,-10.979,12.983
0.0615,-1.9754,-11.083,13.078
0.0616,-1.965,-11.195,13.178
0.0617,-1.9513,-11.306,13.275
0.0618,-1.9358,-11.407,13.36
0.0619,-1.9149,-11.495,13.426
0.062,-1.8874,-11.562,13.464
0.0621,-1.8566,-11.592,13.463
0.0622,-1.8213,-11.587,13.421
0.0623,-1.7786,-11.556,13.346
0.0624,-1.7329,-11.505,13.248
0.0625,-1.6888,-11.438,13.135
0.0626,-1.6445,-11.364,13.015
0.0627,-1.5985,-11.279,12.883
0.0628,-1.5528,-11.174,12.731
0.0629,-1.5062,-11.048,12.557
0.063,-1.4562,-10.903,12.361
0.0631,-1.4028,-10.73,12.134
0.0632,-1.3449,-10.522,11.867
0.0633,-1.2806,-10.282,11.562
0.0634,-1.2125,-10.016,11.227
0.0635,-1.1441,-9.7314,10.874
0.0636,-1.0732,-9.4419,10.514
0.0637,-0.99883,-9.1596,10.157
0.0638,-0.92471,-8.8864,9.8099
0.0639,-0.85193,-8.6217,9.4727
0.064,-0.7779,-8.363,9.1402
0.0641,-0.70255,-8.0988,8.8011
0.0642,-0.62631,-7.8186,8.4453
0.0643,-0.54675,-7.5192,8.0671
0.0644,-0.46361,-7.1944,7.6602
0.0645,-0.37938,-6.8355,7.2183
0.0646,-0.29352,-6.4439,6.7426
0.0647,-0.20477,-6.0289,6.2408
0.0648,-0.11591,-5.5967,5.722
0.0649,-0.028945,-5.1556,5.1963
0.065,0.057721,-4.7166,4.6731
0.0651,0.14373,-4.2802,4.1534
0.0652,0.22722,-3.8393,3.6317
0.0653,0.30993,-3.3928,3.1052
0.0654,0.3939,-2.9418,2.5728
0.0655,0.47819,-2.4812,2.0307
0.0656,0.56352,-2.009,1.4758
0.0657,0.6523,-1.5301,0.91072
0.0658,0.74263,-1.0477,0.34043
0.0659,0.8313,-0.56427,-0.22943
0.066,0.91901,-0.08885,-0.79053
0.0661,1.0062,0.37063,-1.3355
0.0662,1.09,0.81473,-1.862
0.0663,1.1694,1.2467,-2.3722
0.0664,1.2463,1.6716,-2.8733
0.0665,1.3211,2.0997,-3.3758
0.0666,1.3935,2.5403,-3.8888
0.0667,1.4653,2.9955,-4.4162
0.0668,1.5378,3.4661,-4.96
0.0669,1.6093,3.9533,-5.5198
0.067,1.6792,4.4524,-6.0901
0.0671,1.7474,4.9541,-6.6618
0.0672,1.8125,5.4511,-7.2258
0.0673,1.8732,5.9346,-7.7723
0.0674,1.9302,6.3953,-8.2924
0.0675,1.9837,6.8312,-8.7844
0.0676,2.0336,7.2474,-9.2532
0.0677,2.0813,7.6474,-9.7037
0.0678,2.1279,8.0344,-10.14
0.0679,2.1728,8.4133,-10.566
0.068,2.2167,8.7861,-10.986
0.0681,2.2606,9.1504,-11.397
0.0682,2.3025,9.5051,-11.796
0.0683,2.3404,9.8493,-12.18
0.0684,2.3747,10.179,-12.546
0.0685,2.4056,10.49,-12.89
0.0686,2.4317,10.783,-13.211
0.0687,2.4531,11.059,-13.51
0.0688,2.4712,11.322,-13.792
0.0689,2.4857,11.578,-14.064
0.069,2.4965,11.834,-14.332
0.0691,2.5055,12.09,-14.598
0.0692,2.5132,12.343,-14.86
0.0693,2.5185,12.591,-15.113
0.0694,2.5212,12.825,-15.351
0.0695,2.5217,13.038,-15.564
0.0696,2.5189,13.224,-15.747
0.0697,2.5115,13.378,-15.893
0.0698,2.5001,13.494,-15.998
0.0699,2.485,13.574,-16.062
0.07,2.4657,13.624,-16.093
0.0701,2.4432,13.652,-16.097
0.0702,2.4187,13.664,-16.083
0.0703,2.392,13.666,-16.058
0.0704,2.3632,13.662,-16.024
0.0705,2.3333,13.651,-15.981
0.0706,2.3015,13.63,-15.927
0.0707,2.2659,13.597,-15.858
0.0708,2.2263,13.55,-15.77
0.0709,2.1826,13.484,-15.659
0.071,2.1341,13.399,-15.524
0.0711,2.0811,13.294,-15.366
0.0712,2.0251,13.171,-15.186
0.0713,1.9669,13.034,-14.989
0.0714,1.9066,12.885,-14.779
0.0715,1.8456,12.725,-14.558
0.0716,1.7842,12.553,-14.322
0.0717,1.7216,12.364,-14.07
0.0718,1.6574,12.153,-13.794
0.0719,1.5914,11.915,-13.49
0.072,1.5226,11.649,-13.155
0.0721,1.4503,11.355,-12.788
0.0722,1.3753,11.033,-12.392
0.0723,1.298,10.689,-11.971
0.0724,1.2185,10.329,-11.533
0.0725,1.1381,9.9619,-11.086
0.0726,1.0574,9.5925,-10.637
0.0727,0.97588,9.2273,-10.191
0.0728,0.89357,8.8678,-9.7507
0.0729,0.81104,8.5106,-9.3123
0.073,0.7277,8.1513,-8.8712
0.0731,0.64252,7.7857,-8.422
0.0732,0.55571,7.4086,-7.9599
0.0733,0.46765,7.0165,-7.4816
0.0734,0.37797,6.609,-6.9865
0.0735,0.28715,6.1863,-6.475
0.0736,0.19651,5.749,-5.9493
0.0737,0.10651,5.3009,-5.4133
0.0738,0.017202,4.8461,-4.8714
0.0739,-0.070629,4.3862,-4.3259
0.074,-0.15665,3.9218,-3.7776
0.0741,-0.24141,3.4527,-3.2258
0.0742,-0.32514,2.9765,-2.6678
0.0743,-0.4078,2.4907,-2.1011
0.0744,-0.49012,1.9962,-1.5259
0.0745,-0.5726,1.4956,-0.94419
0.0746,-0.65484,0.99185,-0.35933
0.0747,-0.73654,0.48966,0.22373
0.0748,-0.81745,-0.0050475,0.79887
0.0749,-0.8966,-0.48796,1.3608
0.075,-0.97314,-0.95612,1.9057
0.0751,-1.0471,-1.4075,2.4317
0.0752,-1.1185,-1.8432,2.9396
0.0753,-1.1868,-2.2681,3.434
0.0754,-1.2527,-2.6876,3.9209
0.0755,-1.317,-3.1071,4.4063
0.0756,-1.3795,-3.5314,4.8951
0.0757,-1.4405,-3.9626,5.3892
0.0758,-1.5,-4.3993,5.8876
0.0759,-1.5576,-4.8389,6.3871
0.076,-1.6124,-5.2781,6.8834
0.0761,-1.6637,-5.712,7.3711
0.0762,-1.7116,-6.1354,7.8448
0.0763,-1.7555,-6.5455,8.3012
0.0764,-1.7956,-6.9399,8.7381
0.0765,-1.8327,-7.3176,9.1552
0.0766,-1.8673,-7.6797,9.5541
0.0767,-1.8995,-8.0284,9.937
0.0768,-1.9299,-8.3638,10.305
0.0769,-1.9588,-8.6848,10.656
0.077,-1.9856,-8.9903,10.99
0.0771,-2.0099,-9.2778,11.303
0.0772,-2.0315,-9.5445,11.593
0.0773,-2.0495,-9.7892,11.856
0.0774,-2.0633,-10.012,12.094
0.0775,-2.0732,-10.215,12.307
0.0776,-2.0793,-10.4,12.498
0.0777,-2.0817,-10.571,12.672
0.0778,-2.0807,-10.733,12.833
0.0779,-2.0769,-10.889,12.985
0.078,-2.0704,-11.042,13.131
0.0781,-2.0611,-11.191,13.27
0.0782,-2.0492,-11.332,13.399
0.0783,-2.0345,-11.461,13.512
0.0784,-2.0164,-11.571,13.604
0.0785,-1.9948,-11.658,13.668
0.0786,-1.9697,-11.718,13.702
0.0787,-1.9407,-11.748,13.702
0.0788,-1.9082,-11.75,13.67
0.0789,-1.8728,-11.724,13.607
0.079,-1.8349,-11.673,13.517
0.0791,-1.7946,-11.602,13.404
0.0792,-1.7524,-11.513,13.272
0.0793,-1.7085,-11.409,13.123
0.0794,-1.6624,-11.291,12.957
0.0795,-1.6138,-11.158,12.774
0.0796,-1.5627,-11.009,12.573
0.0797,-1.5083,-10.844,12.352
0.0798,-1.4502,-10.663,12.112
0.0799,-1.3887,-10.468,11.855
0.08,-1.3242,-10.259,11.581
0.0801,-1.2568,-10.041,11.295
0.0802,-1.1873,-9.8134,10.997
0.0803,-1.1164,-9.5777,10.69
0.0804,-1.0443,-9.3339,10.374
0.0805,-0.97088,-9.0801,10.047
0.0806,-0.89644,-8.8124,9.705
0.0807,-0.82072,-8.5266,9.3438
0.0808,-0.74325,-8.2193,8.9596
0.0809,-0.66394,-7.8876,8.5495
0.081,-0.58288,-7.531,8.113
0.0811,-0.50006,-7.1515,7.652
0.0812,-0.4158,-6.7526,7.1705
0.0813,-0.33074,-6.3385,6.6733
0.0814,-0.24531,-5.9145,6.1659
0.0815,-0.15968,-5.4856,5.6536
0.0816,-0.074087,-5.0552,5.14
0.0817,0.011441,-4.6253,4.6271
0.0818,0.097262,-4.1966,4.1151
0.0819,0.18359,-3.7679,3.6027
0.082,0.27045,-3.337,3.0875
0.0821,0.35803,-2.9022,2.5678
0.0822,0.44633,-2.4626,2.0425
0.0823,0.53495,-2.0178,1.5116
0.0824,0.62341,-1.5683,0.97616
0.0825,0.71136,-1.1153,0.43752
0.0826,0.79818,-0.65935,-0.10306
0.0827,0.88328,-0.20076,-0.64484
0.0828,0.96652,0.26043,-1.1876
0.0829,1.0478,0.72494,-1.7321
0.083,1.1271,1.1944,-2.2799
0.0831,1.2044,1.6701,-2.8324
0.0832,1.2803,2.1528,-3.3906
0.0833,1.3545,2.6423,-3.9544
0.0834,1.4273,3.1366,-4.522
0.0835,1.4985,3.6319,-5.0894
0.0836,1.5682,4.1235,-5.6518
0.0837,1.6357,4.6068,-6.2041
0.0838,1.7009,5.0774,-6.7417
0.0839,1.7636,5.5321,-7.2611
0.084,1.8235,5.9696,-7.7608
0.0841,1.8805,6.3904,-8.241
0.0842,1.935,6.7959,-8.7036
0.0843,1.9873,7.1892,-9.1516
0.0844,2.0373,7.5738,-9.5889
0.0845,2.0853,7.9526,-10.018
0.0846,2.1313,8.3272,-10.442
0.0847,2.1751,8.6983,-10.859
0.0848,2.2162,9.0651,-11.269
0.0849,2.2544,9.4257,-11.671
0.085,2.2894,9.7782,-12.06
0.0851,2.3205,10.121,-12.437
0.0852,2.348,10.453,-12.798
0.0853,2.3719,10.773,-13.144
0.0854,2.3925,11.08,-13.473
0.0855,2.4101,11.374,-13.786
0.0856,2.425,11.655,-14.083
0.0857,2.4375,11.92,-14.362
0.0858,2.4476,12.17,-14.622
0.0859,2.4551,12.399,-14.86
0.086,2.4598,12.607,-15.074
0.0861,2.4614,12.791,-15.259
0.0862,2.4597,12.95,-15.416
0.0863,2.4544,13.083,-15.543
0.0864,2.4456,13.192,-15.644
0.0865,2.4332,13.281,-15.719
0.0866,2.4176,13.352,-15.775
0.0867,2.399,13.41,-15.813
0.0868,2.3775,13.457,-15.838
0.0869,2.3532,13.497,-15.852
0.087,2.3263,13.528,-15.856
0.0871,2.2964,13.55,-15.847
0.0872,2.2635,13.561,-15.823
0.0873,2.2274,13.556,-15.782
0.0874,2.1879,13.533,-15.718
0.0875,2.1451,13.49,-15.631
0.0876,2.099,13.424,-15.517
0.0877,2.0499,13.335,-15.378
0.0878,1.9981,13.223,-15.213
0.0879,1.9439,13.088,-15.023
0.088,1.8877,12.933,-14.811
0.0881,1.8297,12.758,-14.577
0.0882,1.7698,12.564,-14.322
0.0883,1.7081,12.35,-14.046
0.0884,1.6443,12.118,-13.75
0.0885,1.5783,11.868,-13.433
0.0886,1.5098,11.601,-13.098
0.0887,1.4389,11.319,-12.744
0.0888,1.3656,11.023,-12.375
0.0889,1.29,10.717,-11.994
0.089,1.2126,10.404,-11.604
0.0891,1.1336,10.085,-11.206
0.0892,1.0533,9.7615,-10.803
0.0893,0.97202,9.4331,-10.394
0.0894,0.8898,9.0983,-9.9783
0.0895,0.80661,8.7546,-9.5527
0.0896,0.72237,8.3992,-9.1144
0.0897,0.63708,8.029,-8.6604
0.0898,0.55072,7.6419,-8.1886
0.0899,0.46337,7.2369,-7.6981
0.09,0.37528,6.8144,-7.1896
0.0901,0.28679,6.3762,-6.6651
0.0902,0.1982,5.9252,-6.1276
0.0903,0.10985,5.4644,-5.5807
0.0904,0.022062,4.9967,-5.0274
0.0905,-0.065074,4.5248,-4.4707
0.0906,-0.15158,4.0509,-3.9125
0.0907,-0.23747,3.5761,-3.3539
0.0908,-0.32287,3.1013,-2.7956
0.0909,-0.40792,2.6269,-2.2381
0.091,-0.4926,2.1533,-1.6815
0.0911,-0.57674,1.681,-1.1266
0.0912,-0.66016,1.2109,-0.57432
0.0913,-0.74257,0.744,-0.026016
0.0914,-0.82356,0.28102,0.51726
0.0915,-0.90278,-0.17775,1.0549
0.0916,-0.97999,-0.63259,1.5869
0.0917,-1.055,-1.0846,2.1143
0.0918,-1.1276,-1.5355,2.6384
0.0919,-1.1979,-1.9869,3.1612
0.092,-1.2661,-2.4403,3.6841
0.0921,-1.3321,-2.8968,4.2081
0.0922,-1.396,-3.3562,4.7331
0.0923,-1.4578,-3.817,5.2578
0.0924,-1.5174,-4.2768,5.7794
0.0925,-1.5746,-4.7322,6.2943
0.0926,-1.6293,-5.1793,6.7985
0.0927,-1.6813,-5.6144,7.288
0.0928,-1.7305,-6.0345,7.7598
0.0929,-1.7768,-6.4379,8.2119
0.093,-1.8203,-6.8237,8.6435
0.0931,-1.861,-7.192,9.0549
0.0932,-1.8991,-7.544,9.4472
0.0933,-1.9348,-7.8808,9.8217
0.0934,-1.968,-8.2039,10.18
0.0935,-1.9988,-8.5144,10.523
0.0936,-2.0268,-8.813,10.851
0.0937,-2.052,-9.0998,11.165
0.0938,-2.074,-9.3748,11.463
0.0939,-2.0926,-9.638,11.746
0.094,-2.1076,-9.8892,12.013
0.0941,-2.1191,-10.129,12.264
0.0942,-2.127,-10.356,12.501
0.0943,-2.1315,-10.573,12.722
0.0944,-2.1329,-10.777,12.928
0.0945,-2.1313,-10.969,13.118
0.0946,-2.1269,-11.146,13.291
0.0947,-2.1196,-11.307,13.444
0.0948,-2.1095,-11.449,13.575
0.0949,-2.0963,-11.568,13.681
0.095,-2.0799,-11.664,13.759
0.0951,-2.0603,-11.734,13.809
0.0952,-2.0374,-11.778,13.829
0.0953,-2.0113,-11.797,13.82
0.0954,-1.982,-11.793,13.786
0.0955,-1.9498,-11.768,13.728
0.0956,-1.9147,-11.726,13.649
0.0957,-1.8771,-11.67,13.554
0.0958,-1.8367,-11.6,13.442
0.0959,-1.7938,-11.519,13.317
0.096,-1.748,-11.427,13.178
0.0961,-1.6995,-11.323,13.024
0.0962,-1.648,-11.206,12.854
0.0963,-1.5935,-11.075,12.668
0.0964,-1.5362,-10.928,12.463
0.0965,-1.4762,-10.765,12.238
0.0966,-1.4136,-10.585,11.995
0.0967,-1.3487,-10.387,11.731
0.0968,-1.2818,-10.172,11.448
0.0969,-1.2132,-9.9377,11.145
0.097,-1.1429,-9.6853,10.822
0.0971,-1.071,-9.414,10.479
0.0972,-0.99759,-9.1235,10.115
0.0973,-0.92255,-8.814,9.7308
0.0974,-0.84587,-8.486,9.3268
0.0975,-0.76751,-8.1409,8.9041
0.0976,-0.68751,-7.7806,8.4649
0.0977,-0.606,-7.4078,8.0119
0.0978,-0.52316,-7.0253,7.5481
0.0979,-0.43919,-6.6361,7.0766
0.098,-0.3543,-6.2426,6.6001
0.0981,-0.26871,-5.8462,6.1202
0.0982,-0.18256,-5.4477,5.6376
0.0983,-0.095908,-5.0465,5.1521
0.0984,-0.00882,-4.6415,4.6623
0.0985,0.07868,-4.2307,4.1665
0.0986,0.16657,-3.8125,3.6629
0.0987,0.25475,-3.3851,3.15
0.0988,0.34304,-2.9476,2.6268
0.0989,0.43121,-2.4995,2.0931
0.099,0.51898,-2.0414,1.5498
0.0991,0.60601,-1.5742,0.99808
0.0992,0.69205,-1.0995,0.43962
0.0993,0.77686,-0.61878,-0.12378
0.0994,0.86029,-0.13372,-0.69042
0.0995,0.94225,0.35422,-1.2588
0.0996,1.0228,0.84359,-1.8274
0.0997,1.1018,1.3329,-2.3949
0.0998,1.1795,1.8208,-2.9599
0.0999,1.2557,2.3055,-3.5206
0.1,1.3304,2.7853,-4.0754
0.1001,1.4034,3.2586,-4.6222
0.1002,1.4745,3.7238,-5.1595
0.1003,1.5436,4.1797,-5.6858
0.1004,1.6104,4.6259,-6.2003
0.1005,1.6749,5.0625,-6.7032
0.1006,1.7368,5.4904,-7.1951
0.1007,1.7962,5.9111,-7.6775
0.1008,1.8531,6.3264,-8.1521
0.1009,1.9075,6.7379,-8.6204
0.101,1.9595,7.1466,-9.0837
0.1011,2.009,7.553,-9.5423
0.1012,2.056,7.9567,-9.9956
0.1013,2.1004,8.3563,-10.442
0.1014,2.1421,8.7497,-10.88
0.1015,2.1808,9.1344,-11.306
0.1016,2.2167,9.5077,-11.718
0.1017,2.2495,9.8673,-12.112
0.1018,2.2792,10.211,-12.488
0.1019,2.306,10.538,-12.843
0.102,2.3298,10.846,-13.177
0.1021,2.3508,11.136,-13.49
0.1022,2.369,11.407,-13.781
0.1023,2.3844,11.66,-14.05
0.1024,2.397,11.895,-14.298
0.1025,2.4067,12.112,-14.525
0.1026,2.4133,12.311,-14.732
0.1027,2.4166,12.493,-14.917
0.1028,2.4166,12.659,-15.083
0.1029,2.4131,12.81,-15.231
0.103,2.4062,12.946,-15.36
0.1031,2.3959,13.069,-15.473
0.1032,2.3824,13.18,-15.569
0.1033,2.3657,13.279,-15.651
0.1034,2.346,13.365,-15.717
0.1035,2.3234,13.438,-15.766
0.1036,2.2979,13.495,-15.797
0.1037,2.2695,13.535,-15.807
0.1038,2.2381,13.555,-15.795
0.1039,2.2037,13.553,-15.757
0.104,2.1664,13.527,-15.693
0.1041,2.1261,13.478,-15.602
0.1042,2.0829,13.403,-15.483
0.1043,2.0368,13.306,-15.339
0.1044,1.9882,13.187,-15.169
0.1045,1.9369,13.048,-14.978
0.1046,1.8833,12.891,-14.767
0.1047,1.8273,12.718,-14.537
0.1048,1.7689,12.531,-14.291
0.1049,1.7081,12.331,-14.029
0.105,1.6449,12.118,-13.752
0.1051,1.5792,11.894,-13.462
0.1052,1.5112,11.658,-13.157
0.1053,1.4409,11.41,-12.839
0.1054,1.3685,11.15,-12.507
0.1055,1.2941,10.878,-12.161
0.1056,1.2179,10.595,-11.801
0.1057,1.1403,10.298,-11.427
0.1058,1.0613,9.9874,-11.038
0.1059,0.98113,9.6624,-10.633
0.106,0.89983,9.3219,-10.213
0.1061,0.81748,8.9651,-9.7746
0.1062,0.73411,8.5917,-9.319
0.1063,0.64976,8.2017,-8.8463
0.1064,0.56449,7.7963,-8.3573
0.1065,0.4784,7.3769,-7.8537
0.1066,0.39162,6.9458,-7.3378
0.1067,0.30429,6.5055,-6.8124
0.1068,0.21662,6.0589,-6.2802
0.1069,0.12876,5.6084,-5.7441
0.107,0.040875,5.1561,-5.206
0.1071,-0.046912,4.7032,-4.6676
0.1072,-0.13449,4.2506,-4.1296
0.1073,-0.22179,3.7982,-3.592
0.1074,-0.30871,3.3455,-3.0544
0.1075,-0.39516,2.8917,-2.5162
0.1076,-0.48099,2.4361,-1.9765
0.1077,-0.56602,1.9778,-1.4348
0.1078,-0.65002,1.5163,-0.89066
0.1079,-0.73275,1.0512,-0.34409
0.108,-0.81395,0.58274,0.20473
0.1081,-0.89342,0.11099,0.75537
0.1082,-0.97097,-0.3636,1.3073
0.1083,-1.0465,-0.8404,1.8597
0.1084,-1.12,-1.3186,2.4119
0.1085,-1.1913,-1.7972,2.9627
0.1086,-1.2607,-2.2749,3.5108
0.1087,-1.328,-2.7499,4.0545
0.1088,-1.3932,-3.2204,4.5919
0.1089,-1.4564,-3.6841,5.1207
0.109,-1.5174,-4.1389,5.6387
0.1091,-1.5762,-4.5828,6.1435
0.1092,-1.6325,-5.0141,6.6335
0.1093,-1.6864,-5.4318,7.1075
0.1094,-1.7377,-5.8355,7.5648
0.1095,-1.7864,-6.2255,8.0059
0.1096,-1.8323,-6.6027,8.4315
0.1097,-1.8755,-6.9685,8.8427
0.1098,-1.916,-7.3241,9.2411
0.1099,-1.9538,-7.6709,9.6277
0.11,-1.9887,-8.0096,10.003
0.1101,-2.0208,-8.3407,10.368
0.1102,-2.0498,-8.6639,10.722
0.1103,-2.0758,-8.9782,11.064
0.1104,-2.0987,-9.2825,11.393
0.1105,-2.1184,-9.5753,11.707
0.1106,-2.1348,-9.8549,12.004
0.1107,-2.148,-10.12,12.283
0.1108,-2.1582,-10.368,12.542
0.1109,-2.1652,-10.599,12.78
0.111,-2.1692,-10.811,12.997
0.1111,-2.1703,-11.003,13.19
0.1112,-2.1684,-11.175,13.36
0.1113,-2.1635,-11.325,13.505
0.1114,-2.1557,-11.454,13.626
0.1115,-2.1446,-11.563,13.722
0.1116,-2.1304,-11.65,13.795
0.1117,-2.113,-11.718,13.844
0.1118,-2.0922,-11.767,13.872
0.1119,-2.0682,-11.799,13.879
0.112,-2.041,-11.816,13.868
0.1121,-2.0107,-11.819,13.839
0.1122,-1.9773,-11.809,13.794
0.1123,-1.9411,-11.786,13.734
0.1124,-1.9019,-11.751,13.658
0.1125,-1.8599,-11.701,13.565
0.1126,-1.8152,-11.637,13.454
0.1127,-1.7676,-11.555,13.324
0.1128,-1.7174,-11.456,13.173
0.1129,-1.6645,-11.336,12.999
0.113,-1.609,-11.195,12.801
0.1131,-1.5511,-11.033,12.58
0.1132,-1.4908,-10.849,12.335
0.1133,-1.4283,-10.644,12.067
0.1134,-1.3637,-10.419,11.777
0.1135,-1.2972,-10.176,11.466
0.1136,-1.2286,-9.9151,11.136
0.1137,-1.1582,-9.6383,10.789
0.1138,-1.0859,-9.3472,10.426
0.1139,-1.0117,-9.0432,10.048
0.114,-0.93558,-8.7276,9.6564
0.1141,-0.85772,-8.4017,9.2533
0.1142,-0.77818,-8.0666,8.8396
0.1143,-0.6971,-7.7232,8.4161
0.1144,-0.61466,-7.372,7.9837
0.1145,-0.53104,-7.0132,7.5428
0.1146,-0.44643,-6.6466,7.0932
0.1147,-0.36101,-6.2716,6.6345
0.1148,-0.27493,-5.8872,6.1661
0.1149,-0.18831,-5.4926,5.687
0.115,-0.10126,-5.0866,5.1962
0.1151,-0.013879,-4.6684,4.6931
0.1152,0.073728,-4.2377,4.1774
0.1153,0.16145,-3.7949,3.6495
0.1154,0.24915,-3.3407,3.1102
0.1155,0.33668,-2.8766,2.5613
0.1156,0.42387,-2.4045,2.0047
0.1157,0.51057,-1.9266,1.4427
0.1158,0.59661,-1.4452,0.87771
0.1159,0.68187,-0.96241,0.31196
0.116,0.76619,-0.4801,-0.25262
0.1161,0.80736,-0.22689,-0.54519
0.1162,0.80683,-0.1999,-0.57012
0.1163,0.80673,-0.17294,-0.59573
0.1164,0.8047,-0.14542,-0.62031
0.1165,0.79714,-0.11627,-0.64136
0.1166,0.78508,-0.085826,-0.65963
0.1167,0.77337,-0.055597,-0.67845
0.1168,0.76106,-0.025486,-0.69698
0.1169,0.74275,0.005933,-0.71126
0.117,0.71907,0.038408,-0.72165
0.1171,0.69508,0.070427,-0.73166
0.1172,0.67193,0.1016,-0.74202
0.1173,0.64844,0.13224,-0.7518
0.1174,0.62422,0.16245,-0.76068
0.1175,0.59805,0.19257,-0.76774
0.1176,0.56971,0.22262,-0.77277
0.1177,0.54229,0.25164,-0.77789
0.1178,0.51753,0.27909,-0.78426
0.1179,0.49328,0.30558,-0.79028
0.118,0.46861,0.33142,-0.79528
0.1181,0.44543,0.35618,-0.80061
0.1182,0.42424,0.37982,-0.80662
0.1183,0.40367,0.40276,-0.81231
0.1184,0.38297,0.42524,-0.81712
0.1185,0.3612,0.44767,-0.82043
0.1186,0.33745,0.47036,-0.82166
0.1187,0.31225,0.49307,-0.82123
0.1188,0.28511,0.51579,-0.81876
0.1189,0.25376,0.53908,-0.81257
0.119,0.21902,0.56262,-0.80322
0.1191,0.18477,0.58515,-0.79328
0.1192,0.15146,0.60647,-0.78287
0.1193,0.11655,0.62724,-0.76999
0.1194,0.080404,0.6473,-0.75473
0.1195,0.045178,0.66597,-0.73842
0.1196,0.010956,0.68319,-0.72098
0.1197,-0.02203,0.69888,-0.70258
0.1198,-0.052431,0.7127,-0.68426
0.1199,-0.081037,0.72494,-0.66565
0.12,-0.10949,0.73617,-0.64585
0.1201,-0.13668,0.74615,-0.62585
0.1202,-0.16136,0.75461,-0.6067
0.1203,-0.18499,0.76202,-0.58742
0.1204,-0.20869,0.76876,-0.56729
0.1205,-0.23189,0.7747,-0.54673
0.1206,-0.25506,0.77996,-0.52545
0.1207,-0.2793,0.78482,-0.50266
0.1208,-0.30431,0.78911,-0.47856
0.1209,-0.32981,0.79271,-0.45335
0.121,-0.35632,0.79576,-0.42674
0.1211,-0.3834,0.79813,-0.39901
0.1212,-0.41075,0.79972,-0.37038
0.1213,-0.43966,0.80093,-0.3399
0.1214,-0.47019,0.80172,-0.30742
0.1215,-0.49996,0.8013,-0.27455
0.1216,-0.52767,0.79919,-0.24212
0.1217,-0.55382,0.79538,-0.20973
0.1218,-0.57792,0.78958,-0.17774
0.1219,-0.59903,0.78142,-0.14683
0.122,-0.61755,0.77098,-0.11684
0.1221,-0.63354,0.75833,-0.08781
0.1222,-0.64637,0.74339,-0.06031
0.1223,-0.65703,0.72666,-0.033792
0.1224,-0.66725,0.70888,-0.0071244
0.1225,-0.67718,0.69032,0.019722
