0.05,0.67127,0.019798,-0.66344
0.0501,0.65561,0.049324,-0.67818
0.0502,0.6388,0.078862,-0.69218
0.0503,0.62091,0.10829,-0.70536
0.0504,0.602,0.13747,-0.71764
0.0505,0.58216,0.16631,-0.72896
0.0506,0.56147,0.19468,-0.73926
0.0507,0.54,0.22249,-0.74847
0.0508,0.51784,0.24966,-0.75655
0.0509,0.49502,0.27615,-0.76348
0.051,0.47158,0.30196,-0.76922
0.0511,0.44755,0.32709,-0.77379
0.0512,0.42292,0.35161,-0.7772
0.0513,0.39772,0.37559,-0.7795
0.0514,0.37196,0.39911,-0.78075
0.0515,0.34568,0.42225,-0.781
0.0516,0.3189,0.44505,-0.7803
0.0517,0.29169,0.46752,-0.77868
0.0518,0.26407,0.48966,-0.77616
0.0519,0.2361,0.51145,-0.77274
0.052,0.20784,0.53283,-0.76837
0.0521,0.17933,0.55373,-0.76301
0.0522,0.15063,0.57409,-0.75659
0.0523,0.12182,0.5938,-0.74907
0.0524,0.09296,0.61277,-0.74036
0.0525,0.064119,0.63088,-0.73039
0.0526,0.035356,0.64805,-0.71911
0.0527,0.0067152,0.66417,-0.70646
0.0528,-0.021772,0.67919,-0.69242
0.0529,-0.050097,0.69308,-0.67696
0.053,-0.078259,0.70581,-0.66012
0.0531,-0.10626,0.71742,-0.64193
0.0532,-0.13409,0.72796,-0.62249
0.0533,-0.16175,0.73747,-0.60191
0.0534,-0.18922,0.74604,-0.58032
0.0535,-0.21647,0.75373,-0.55784
0.0536,-0.24348,0.7606,-0.53462
0.0537,-0.27021,0.76669,-0.51077
0.0538,-0.29662,0.77206,-0.48639
0.0539,-0.32268,0.7767,-0.46158
0.054,-0.34834,0.78063,-0.4364
0.0541,-0.37357,0.78381,-0.41091
0.0542,-0.3983,0.78619,-0.38516
0.0543,-0.4225,0.78769,-0.35916
0.0544,-0.44607,0.7882,-0.33291
0.0545,-0.46896,0.78762,-0.3064
0.0546,-0.49113,0.78584,-0.27961
0.0547,-0.51252,0.78275,-0.25249
0.0548,-0.53313,0.77827,-0.22502
0.0549,-0.55294,0.77233,-0.19717
0.055,-0.57197,0.76491,-0.16895
0.0551,-0.59022,0.75601,-0.14036
0.0552,-0.60769,0.74565,-0.11145
0.0553,-0.6244,0.73386,-0.082285
0.0554,-0.64033,0.72074,-0.052941
0.0555,-0.6555,0.70635,-0.023503
0.0556,-0.66991,0.69079,0.0059364
0.0557,-0.68356,0.67417,0.035283
0.0558,-0.69643,0.6566,0.064444
0.0559,-0.70853,0.63817,0.093326
0.056,-0.71982,0.61898,0.12185
0.0561,-0.73028,0.59909,0.14994
0.0562,-0.73985,0.57856,0.17754
0.0563,-0.74849,0.5574,0.20464
0.0564,-0.75615,0.53561,0.2312
0.0565,-0.7628,0.51318,0.25726
0.0566,-0.76839,0.49008,0.28284
0.0567,-0.7729,0.46628,0.30797
0.0568,-0.77632,0.44177,0.3327
0.0569,-0.77864,0.41652,0.35706
0.057,-0.77984,0.39057,0.38107
0.0571,-0.77994,0.36393,0.40474
0.0572,-0.77891,0.33665,0.42804
0.0573,-0.77677,0.30881,0.45092
0.0574,-0.77351,0.28048,0.47334
0.0575,-0.76915,0.25178,0.49523
0.0576,-0.7637,0.22281,0.51652
0.0577,-0.75715,0.1937,0.53713
0.0578,-0.74949,0.16456,0.55698
0.0579,-0.74073,0.13548,0.57599
0.058,-0.73084,0.10655,0.5941
0.0581,-0.71977,0.077841,0.61123
0.0582,-0.70753,0.049367,0.62736
0.0583,-0.69409,0.021138,0.64246
0.0584,-0.67945,-0.0068589,0.65653
0.0585,-0.66362,-0.034659,0.66961
0.0586,-0.64663,-0.062301,0.68172
0.0587,-0.62851,-0.089824,0.69292
0.0588,-0.60932,-0.11726,0.70324
0.0589,-0.5891,-0.14464,0.71273
0.059,-0.56792,-0.17197,0.72142
0.0591,-0.54583,-0.19924,0.72932
0.0592,-0.52291,-0.22643,0.73646
0.0593,-0.49924,-0.25348,0.74283
0.0594,-0.47489,-0.28032,0.74841
0.0595,-0.44995,-0.30685,0.75316
0.0596,-0.4245,-0.33297,0.75704
0.0597,-0.39862,-0.3586,0.75997
0.0598,-0.37238,-0.38362,0.76189
0.0599,-0.34584,-0.40792,0.7627
0.06,-0.31902,-0.43143,0.76234
0.0601,-0.29197,-0.45408,0.76071
0.0602,-0.2647,-0.47582,0.75779
0.0603,-0.23722,-0.49666,0.75351
0.0604,-0.20953,-0.5166,0.74787
0.0605,-0.18164,-0.53567,0.74085
0.0606,-0.15355,-0.55392,0.73249
0.0607,-0.12528,-0.57141,0.72281
0.0608,-0.096815,-0.58817,0.71184
0.0609,-0.068185,-0.60427,0.69965
0.061,-0.039411,-0.61974,0.6863
0.0611,-0.01053,-0.63462,0.67185
0.0612,0.018407,-0.64892,0.65639
0.0613,0.047337,-0.66262,0.63996
0.0614,0.076187,-0.67569,0.62263
0.0615,0.10488,-0.68806,0.60444
0.0616,0.13334,-0.69967,0.58542
0.0617,0.16148,-0.71042,0.5656
0.0618,0.18926,-0.72023,0.54497
0.0619,0.21661,-0.72902,0.52354
0.062,0.24349,-0.7367,0.5013
0.0621,0.26987,-0.74321,0.47827
0.0622,0.29572,-0.74852,0.45446
0.0623,0.32103,-0.75259,0.42988
0.0624,0.34581,-0.75543,0.40457
0.0625,0.37005,-0.75703,0.37858
0.0626,0.39378,-0.75744,0.35198
0.0627,0.41698,-0.7567,0.32482
0.0628,0.43967,-0.75484,0.2972
0.0629,0.46183,-0.75193,0.2692
0.063,0.48347,-0.74802,0.24091
0.0631,0.50455,-0.74314,0.21243
0.0632,0.52506,-0.7373,0.18385
0.0633,0.54494,-0.7305,0.15523
0.0634,0.56416,-0.72273,0.12665
0.0635,0.58266,-0.71392,0.098137
0.0636,0.60039,-0.70403,0.069722
0.0637,0.61731,-0.69299,0.041411
0.0638,0.63338,-0.68076,0.013195
0.0639,0.64854,-0.66728,-0.014942
0.064,0.66279,-0.65252,-0.04302
0.0641,0.67608,-0.63646,-0.071055
0.0642,0.68841,-0.6191,-0.099061
0.0643,0.69978,-0.60047,-0.12704
0.0644,0.71017,-0.58061,-0.15498
0.0645,0.7196,-0.5596,-0.18286
0.0646,0.7281,-0.53752,-0.21064
0.0647,0.73566,-0.51449,-0.23827
0.0648,0.74233,-0.49061,-0.26566
0.0649,0.7481,-0.46603,-0.29274
0.065,0.75298,-0.44087,-0.31941
0.0651,0.75697,-0.41526,-0.34557
0.0652,0.75697,-0.45416,-0.42993
0.0653,0.7577,-0.46528,-0.48908
0.0654,0.7576,-0.47075,-0.54267
0.0655,0.75653,-0.47171,-0.59104
0.0656,0.75481,-0.46807,-0.63399
0.0657,0.75222,-0.4596,-0.67215
0.0658,0.74836,-0.4469,-0.70626
0.0659,0.74343,-0.43115,-0.73657
0.066,0.73748,-0.41258,-0.76315
0.0661,0.73018,-0.39081,-0.78662
0.0662,0.7216,-0.36558,-0.80711
0.0663,0.712,-0.33707,-0.82456
0.0664,0.70115,-0.30526,-0.83888
0.0665,0.68898,-0.27026,-0.84998
0.0666,0.67569,-0.23219,-0.85764
0.0667,0.6613,-0.19118,-0.86225
0.0668,0.6456,-0.14751,-0.86421
0.0669,0.62878,-0.10182,-0.8636
0.067,0.61108,-0.054435,-0.86024
0.0671,0.59251,-0.0051526,-0.85412
0.0672,0.57314,0.046267,-0.84507
0.0673,0.55325,0.099752,-0.83288
0.0674,0.53278,0.15528,-0.81724
0.0675,0.51164,0.21286,-0.79793
0.0676,0.48998,0.27249,-0.77478
0.0677,0.46788,0.33421,-0.74791
0.0678,0.44516,0.39782,-0.71759
0.0679,0.42195,0.46263,-0.6842
0.068,0.39839,0.52815,-0.64829
0.0681,0.37438,0.59441,-0.61053
0.0682,0.34979,0.6613,-0.57132
0.0683,0.32491,0.72827,-0.53079
0.0684,0.29974,0.79516,-0.48898
0.0685,0.27408,0.8622,-0.44598
0.0686,0.24801,0.92936,-0.40171
0.0687,0.22177,0.99649,-0.35618
0.0688,0.19525,1.0637,-0.30929
0.0689,0.16846,1.1309,-0.26094
0.069,0.14172,1.1977,-0.211
0.0691,0.11515,1.2641,-0.15959
0.0692,0.08858,1.33,-0.10678
0.0693,0.06214,1.3952,-0.052512
0.0694,0.035956,1.4592,0.0032958
0.0695,0.0099215,1.5222,0.060629
0.0696,-0.016057,1.5841,0.11956
0.0697,-0.041773,1.6449,0.18003
0.0698,-0.067255,1.7044,0.24187
0.0699,-0.092618,1.7627,0.30477
0.07,-0.11782,1.8194,0.3685
0.0701,-0.14275,1.8747,0.43267
0.0702,-0.16752,1.9282,0.49693
0.0703,-0.1921,1.9798,0.56098
0.0704,-0.21642,2.0291,0.62459
0.0705,-0.24049,2.0761,0.68739
0.0706,-0.26438,2.121,0.74914
0.0707,-0.28791,2.1635,0.80978
0.0708,-0.311,2.2035,0.86928
0.0709,-0.33367,2.2413,0.92761
0.071,-0.35581,2.2768,0.98482
0.0711,-0.37726,2.3098,1.041
0.0712,-0.39812,2.3403,1.0961
0.0713,-0.41837,2.3683,1.1503
0.0714,-0.43788,2.3936,1.2037
0.0715,-0.45661,2.416,1.2562
0.0716,-0.47466,2.4355,1.308
0.0717,-0.49192,2.4521,1.3587
0.0718,-0.50832,2.4657,1.4084
0.0719,-0.524,2.4762,1.4568
0.072,-0.539,2.4836,1.5038
0.0721,-0.55321,2.4878,1.5492
0.0722,-0.56672,2.4888,1.5928
0.0723,-0.57968,2.4865,1.6344
0.0724,-0.59203,2.481,1.6738
0.0725,-0.6037,2.4721,1.7109
0.0726,-0.61478,2.4601,1.7454
0.0727,-0.62522,2.445,1.7772
0.0728,-0.63483,2.4268,1.8065
0.0729,-0.6436,2.4055,1.833
0.073,-0.6516,2.3814,1.8567
0.0731,-0.65872,2.3544,1.8779
0.0732,-0.66489,2.3245,1.8966
0.0733,-0.67017,2.2918,1.9128
0.0734,-0.67453,2.2564,1.9268
0.0735,-0.67785,2.2181,1.9385
0.0736,-0.68014,2.177,1.9481
0.0737,-0.68143,2.1333,1.9555
0.0738,-0.68167,2.087,1.9607
0.0739,-0.6808,2.038,1.9639
0.074,-0.67893,1.9865,1.9649
0.0741,-0.67602,1.9325,1.9636
0.0742,-0.67208,1.876,1.96
0.0743,-0.66716,1.8171,1.9538
0.0744,-0.66126,1.7559,1.945
0.0745,-0.6543,1.6923,1.9332
0.0746,-0.64626,1.6265,1.9185
0.0747,-0.63712,1.5586,1.9008
0.0748,-0.62682,1.4887,1.88
0.0749,-0.61533,1.4169,1.8563
0.075,-0.60273,1.3435,1.8298
0.0751,-0.58901,1.2684,1.8006
0.0752,-0.57413,1.1918,1.769
0.0753,-0.55814,1.1139,1.7352
0.0754,-0.54113,1.0347,1.6992
0.0755,-0.52306,0.95431,1.6613
0.0756,-0.50397,0.87275,1.6215
0.0757,-0.48401,0.79018,1.5798
0.0758,-0.46323,0.70662,1.5364
0.0759,-0.44165,0.62211,1.4913
0.076,-0.41943,0.53677,1.4446
0.0761,-0.39671,0.45079,1.3964
0.0762,-0.37352,0.36423,1.3466
0.0763,-0.34994,0.27725,1.2952
0.0764,-0.32609,0.19005,1.2421
0.0765,-0.302,0.10275,1.1874
0.0766,-0.27764,0.015444,1.131
0.0767,-0.2531,-0.071694,1.0727
0.0768,-0.22845,-0.15855,1.0126
0.0769,-0.20367,-0.24507,0.95075
0.077,-0.17876,-0.33112,0.88712
0.0771,-0.15378,-0.41655,0.8219
0.0772,-0.12868,-0.50127,0.75528
0.0773,-0.1034,-0.58514,0.68744
0.0774,-0.077967,-0.66797,0.61858
0.0775,-0.05237,-0.7496,0.54892
0.0776,-0.026567,-0.83,0.47868
0.0777,-0.00058007,-0.90904,0.40803
0.0778,0.025518,-0.98665,0.33712
0.0779,0.051701,-1.0628,0.26606
0.078,0.077898,-1.1375,0.19491
0.0781,0.10399,-1.2106,0.12368
0.0782,0.1299,-1.282,0.052395
0.0783,0.1556,-1.3518,-0.018916
0.0784,0.18099,-1.4196,-0.090232
0.0785,0.206,-1.4855,-0.16152
0.0786,0.23059,-1.5493,-0.23273
0.0787,0.25473,-1.6107,-0.30379
0.0788,0.27832,-1.6698,-0.37463
0.0789,0.30137,-1.7264,-0.44516
0.079,0.32392,-1.7805,-0.51527
0.0791,0.34595,-1.8319,-0.58488
0.0792,0.36748,-1.8805,-0.65389
0.0793,0.38857,-1.9265,-0.72216
0.0794,0.40922,-1.9696,-0.78953
0.0795,0.4294,-2.0098,-0.85582
0.0796,0.44915,-2.0471,-0.92078
0.0797,0.46848,-2.0814,-0.98418
0.0798,0.48733,-2.1127,-1.0458
0.0799,0.50565,-2.1407,-1.1055
0.08,0.52344,-2.1656,-1.1632
0.0801,0.54066,-2.1873,-1.2187
0.0802,0.55724,-2.2057,-1.272
0.0803,0.57314,-2.2209,-1.3233
0.0804,0.58835,-2.2328,-1.3725
0.0805,0.60276,-2.2414,-1.4197
0.0806,0.61632,-2.2468,-1.465
0.0807,0.62901,-2.2489,-1.5084
0.0808,0.64079,-2.2477,-1.5499
0.0809,0.65164,-2.2432,-1.5895
0.081,0.66157,-2.2354,-1.6272
0.0811,0.67062,-2.2243,-1.6629
0.0812,0.67879,-2.2098,-1.6964
0.0813,0.68614,-2.1919,-1.7278
0.0814,0.6927,-2.1709,-1.7569
0.0815,0.69851,-2.1466,-1.7836
0.0816,0.70356,-2.1192,-1.8077
0.0817,0.70788,-2.0888,-1.829
0.0818,0.71146,-2.0555,-1.8476
0.0819,0.71426,-2.0193,-1.8633
0.082,0.71628,-1.9803,-1.876
0.0821,0.7175,-1.9387,-1.8858
0.0822,0.71783,-1.8944,-1.8925
0.0823,0.71721,-1.8475,-1.8962
0.0824,0.71558,-1.798,-1.8969
0.0825,0.71286,-1.746,-1.8948
0.0826,0.70893,-1.6916,-1.89
0.0827,0.70374,-1.6348,-1.8825
0.0828,0.69726,-1.5758,-1.8726
0.0829,0.68941,-1.5145,-1.8603
0.083,0.68019,-1.451,-1.8458
0.0831,0.66964,-1.3854,-1.8292
0.0832,0.65777,-1.3178,-1.8104
0.0833,0.64462,-1.2482,-1.7894
0.0834,0.63027,-1.1766,-1.7662
0.0835,0.61481,-1.1033,-1.7407
0.0836,0.59829,-1.0282,-1.7128
0.0837,0.5808,-0.95149,-1.6825
0.0838,0.56246,-0.87334,-1.6496
0.0839,0.54333,-0.79385,-1.6142
0.084,0.5235,-0.7132,-1.5763
0.0841,0.50306,-0.63155,-1.5359
0.0842,0.48206,-0.54907,-1.4932
0.0843,0.46051,-0.46589,-1.4481
0.0844,0.43844,-0.38215,-1.4009
0.0845,0.41587,-0.29799,-1.3517
0.0846,0.3928,-0.21347,-1.3005
0.0847,0.36924,-0.12869,-1.2476
0.0848,0.3452,-0.043737,-1.193
0.0849,0.32073,0.041314,-1.1371
0.085,0.29582,0.12638,-1.0798
0.0851,0.27055,0.21135,-1.0214
0.0852,0.24495,0.29611,-0.96195
0.0853,0.21907,0.38055,-0.9015
0.0854,0.19297,0.46454,-0.84009
0.0855,0.16672,0.54796,-0.77773
0.0856,0.14038,0.63069,-0.71439
0.0857,0.11399,0.71263,-0.65003
0.0858,0.08763,0.79362,-0.58458
0.0859,0.061366,0.87357,-0.51801
0.086,0.035226,0.95235,-0.4503
0.0861,0.009246,1.0298,-0.38147
0.0862,-0.016547,1.1059,-0.31158
0.0863,-0.042165,1.1804,-0.24073
0.0864,-0.067619,1.2531,-0.16907
0.0865,-0.092902,1.3241,-0.096786
0.0866,-0.11802,1.3931,-0.024098
0.0867,-0.14301,1.4601,0.048753
0.0868,-0.16784,1.5249,0.12154
0.0869,-0.1925,1.5876,0.19402
0.087,-0.21698,1.6481,0.26601
0.0871,-0.24124,1.7064,0.33734
0.0872,-0.26523,1.7623,0.40787
0.0873,-0.28888,1.8159,0.47746
0.0874,-0.31217,1.867,0.54604
0.0875,-0.33504,1.9157,0.61351
0.0876,-0.35741,1.9618,0.67983
0.0877,-0.37923,2.0053,0.74494
0.0878,-0.40044,2.046,0.80883
0.0879,-0.42097,2.0839,0.87148
0.088,-0.4408,2.1188,0.93289
0.0881,-0.4599,2.1507,0.99305
0.0882,-0.47826,2.1794,1.052
0.0883,-0.49588,2.205,1.1096
0.0884,-0.51277,2.2273,1.1659
0.0885,-0.52895,2.2463,1.2209
0.0886,-0.54442,2.2619,1.2743
0.0887,-0.55921,2.2742,1.326
0.0888,-0.57333,2.2832,1.376
0.0889,-0.58679,2.2887,1.4239
0.089,-0.5996,2.2908,1.4696
0.0891,-0.61176,2.2896,1.5131
0.0892,-0.62326,2.2851,1.554
0.0893,-0.63408,2.2773,1.5924
0.0894,-0.64419,2.2662,1.6281
0.0895,-0.65355,2.252,1.6612
0.0896,-0.6621,2.2347,1.6916
0.0897,-0.6698,2.2143,1.7193
0.0898,-0.67659,2.191,1.7445
0.0899,-0.68242,2.1646,1.7671
0.09,-0.68727,2.1354,1.7872
0.0901,-0.69112,2.1032,1.8048
0.0902,-0.69395,2.0681,1.82
0.0903,-0.69576,2.0302,1.8328
0.0904,-0.69654,1.9893,1.8433
0.0905,-0.69632,1.9457,1.8514
0.0906,-0.69508,1.8993,1.857
0.0907,-0.69283,1.8501,1.8603
0.0908,-0.6896,1.7984,1.861
0.0909,-0.68537,1.7441,1.8591
0.091,-0.68013,1.6874,1.8546
0.0911,-0.67387,1.6283,1.8473
0.0912,-0.66657,1.5669,1.8373
0.0913,-0.6582,1.5034,1.8243
0.0914,-0.6487,1.4378,1.8085
0.0915,-0.63806,1.3702,1.7898
0.0916,-0.62626,1.3007,1.7683
0.0917,-0.61328,1.2295,1.744
0.0918,-0.59913,1.1565,1.717
0.0919,-0.58384,1.082,1.6875
0.092,-0.56742,1.006,1.6556
0.0921,-0.54994,0.92858,1.6215
0.0922,-0.53145,0.8499,1.5853
0.0923,-0.51202,0.77003,1.5472
0.0924,-0.49171,0.68908,1.5072
0.0925,-0.47061,0.60713,1.4654
0.0926,-0.44881,0.52429,1.4218
0.0927,-0.42639,0.44065,1.3765
0.0928,-0.40344,0.35634,1.3295
0.0929,-0.38007,0.27146,1.2807
0.093,-0.35633,0.18613,1.2302
0.0931,-0.33232,0.10049,1.1779
0.0932,-0.30808,0.014708,1.1239
0.0933,-0.28366,-0.071072,1.0681
0.0934,-0.25908,-0.1567,1.0106
0.0935,-0.23434,-0.24202,0.95144
0.0936,-0.20946,-0.32691,0.89063
0.0937,-0.18441,-0.41124,0.82828
0.0938,-0.1592,-0.49492,0.76449
0.0939,-0.13381,-0.57783,0.69937
0.094,-0.10823,-0.65988,0.63306
0.0941,-0.082464,-0.74099,0.56571
0.0942,-0.056517,-0.82104,0.49747
0.0943,-0.030413,-0.89993,0.42852
0.0944,-0.0041763,-0.97758,0.359
0.0945,0.022147,-1.0539,0.28907
0.0946,0.048498,-1.1287,0.21884
0.0947,0.074811,-1.202,0.14842
0.0948,0.10102,-1.2737,0.077894
0.0949,0.12703,-1.3436,0.0073104
0.095,0.15277,-1.4117,-0.063289
0.0951,0.17818,-1.4779,-0.13387
0.0952,0.2032,-1.542,-0.2044
0.0953,0.22776,-1.6041,-0.27485
0.0954,0.25185,-1.6639,-0.34514
0.0955,0.27543,-1.7213,-0.41522
0.0956,0.29849,-1.7763,-0.48497
0.0957,0.32105,-1.8287,-0.55428
0.0958,0.34314,-1.8785,-0.62299
0.0959,0.36477,-1.9256,-0.69097
0.096,0.38596,-1.9699,-0.75806
0.0961,0.40672,-2.0114,-0.82408
0.0962,0.42705,-2.0499,-0.88889
0.0963,0.44694,-2.0855,-0.95232
0.0964,0.46638,-2.1182,-1.0142
0.0965,0.48534,-2.1477,-1.0745
0.0966,0.50377,-2.1742,-1.133
0.0967,0.52163,-2.1976,-1.1896
0.0968,0.53887,-2.2178,-1.2443
0.0969,0.55542,-2.2348,-1.2969
0.097,0.57125,-2.2485,-1.3475
0.0971,0.58629,-2.2589,-1.3961
0.0972,0.60051,-2.266,-1.4426
0.0973,0.61387,-2.2698,-1.4872
0.0974,0.62636,-2.2703,-1.5297
0.0975,0.63795,-2.2674,-1.5704
0.0976,0.64865,-2.2611,-1.609
0.0977,0.65846,-2.2516,-1.6456
0.0978,0.66741,-2.2388,-1.6803
0.0979,0.67551,-2.2228,-1.7127
0.098,0.6828,-2.2035,-1.743
0.0981,0.68931,-2.1811,-1.7709
0.0982,0.69505,-2.1555,-1.7964
0.0983,0.70006,-2.1269,-1.8192
0.0984,0.70433,-2.0952,-1.8393
0.0985,0.70785,-2.0606,-1.8567
0.0986,0.7106,-2.0232,-1.8711
0.0987,0.71255,-1.983,-1.8826
0.0988,0.71363,-1.94,-1.8912
0.0989,0.71379,-1.8945,-1.8969
0.099,0.71294,-1.8464,-1.8998
0.0991,0.71102,-1.7958,-1.8998
0.0992,0.70796,-1.7427,-1.8971
0.0993,0.70368,-1.6872,-1.8917
0.0994,0.69811,-1.6294,-1.8837
0.0995,0.69123,-1.5693,-1.8733
0.0996,0.683,-1.5069,-1.8605
0.0997,0.67341,-1.4423,-1.8453
0.0998,0.66248,-1.3756,-1.8278
0.0999,0.65026,-1.3069,-1.808
0.1,0.63679,-1.2362,-1.786
0.1001,0.62215,-1.1637,-1.7617
0.1002,0.60642,-1.0895,-1.7351
0.1003,0.58968,-1.0136,-1.7061
0.1004,0.57202,-0.93617,-1.6747
0.1005,0.55352,-0.85739,-1.641
0.1006,0.53426,-0.77737,-1.6047
0.1007,0.51431,-0.69624,-1.5661
0.1008,0.49371,-0.61414,-1.525
0.1009,0.47253,-0.53121,-1.4817
0.101,0.45079,-0.44758,-1.436
0.1011,0.42851,-0.36338,-1.3883
0.1012,0.40572,-0.27874,-1.3386
0.1013,0.38243,-0.19377,-1.287
0.1014,0.35865,-0.10855,-1.2338
0.1015,0.3344,-0.023207,-1.1791
0.1016,0.30971,0.062169,-1.1229
0.1017,0.2846,0.14748,-1.0655
0.1018,0.25914,0.23263,-1.0068
0.1019,0.23336,0.31752,-0.94708
0.102,0.20733,0.40205,-0.88625
0.1021,0.18112,0.48612,-0.82435
0.1022,0.15479,0.56959,-0.76141
0.1023,0.1284,0.65234,-0.69741
0.1024,0.10202,0.73425,-0.63233
0.1025,0.075683,0.81517,-0.56618
0.1026,0.04944,0.89497,-0.49897
0.1027,0.023316,0.97351,-0.43072
0.1028,-0.0026689,1.0507,-0.36149
0.1029,-0.028508,1.1263,-0.29134
0.103,-0.054196,1.2003,-0.22038
0.1031,-0.07974,1.2726,-0.14876
0.1032,-0.10514,1.3431,-0.076616
0.1033,-0.13041,1.4117,-0.0041474
0.1034,-0.15553,1.4782,0.068452
0.1035,-0.1805,1.5427,0.14097
0.1036,-0.2053,1.605,0.21322
0.1037,-0.22989,1.6651,0.28498
0.1038,-0.25423,1.7229,0.3561
0.1039,-0.27827,1.7783,0.42641
0.104,-0.30195,1.8313,0.4958
0.1041,-0.32522,1.8818,0.56417
0.1042,-0.34803,1.9298,0.63144
0.1043,-0.37033,1.9752,0.69759
0.1044,-0.39204,2.0179,0.76257
0.1045,-0.41312,2.0577,0.82636
0.1046,-0.43353,2.0947,0.88895
0.1047,-0.45322,2.1288,0.95031
0.1048,-0.47219,2.1598,1.0104
0.1049,-0.49042,2.1876,1.0692
0.105,-0.50793,2.2122,1.1266
0.1051,-0.52472,2.2336,1.1826
0.1052,-0.54082,2.2516,1.237
0.1053,-0.55624,2.2663,1.2898
0.1054,-0.571,2.2776,1.3408
0.1055,-0.5851,2.2854,1.3899
0.1056,-0.59857,2.29,1.437
0.1057,-0.61138,2.2911,1.4819
0.1058,-0.62353,2.289,1.5246
0.1059,-0.63499,2.2836,1.5648
0.106,-0.64573,2.2749,1.6026
0.1061,-0.65572,2.263,1.6378
0.1062,-0.66491,2.2479,1.6704
0.1063,-0.67326,2.2297,1.7004
0.1064,-0.68072,2.2085,1.7277
0.1065,-0.68725,2.1842,1.7524
0.1066,-0.69282,2.1569,1.7746
0.1067,-0.6974,2.1266,1.7942
0.1068,-0.70097,2.0934,1.8114
0.1069,-0.70353,2.0573,1.8261
0.107,-0.70506,2.0183,1.8384
0.1071,-0.70558,1.9766,1.8483
0.1072,-0.7051,1.932,1.8558
0.1073,-0.70362,1.8848,1.8608
0.1074,-0.70115,1.8349,1.8633
0.1075,-0.69769,1.7824,1.8632
0.1076,-0.69324,1.7273,1.8605
0.1077,-0.68777,1.6698,1.8551
0.1078,-0.68127,1.61,1.847
0.1079,-0.6737,1.5479,1.836
0.108,-0.66503,1.4837,1.8223
0.1081,-0.65522,1.4174,1.8057
0.1082,-0.64424,1.3492,1.7864
0.1083,-0.63208,1.2792,1.7643
0.1084,-0.61873,1.2074,1.7396
0.1085,-0.60421,1.1339,1.7123
0.1086,-0.58854,1.0589,1.6826
0.1087,-0.57175,0.98233,1.6505
0.1088,-0.55391,0.90443,1.6161
0.1089,-0.53506,0.82525,1.5796
0.109,-0.5153,0.74488,1.5411
0.1091,-0.4947,0.66344,1.5007
0.1092,-0.47334,0.58104,1.4584
0.1093,-0.45132,0.49779,1.4143
0.1094,-0.42873,0.41383,1.3685
0.1095,-0.40565,0.32926,1.3209
0.1096,-0.38215,0.2442,1.2715
0.1097,-0.35832,0.15877,1.2204
0.1098,-0.33421,0.073098,1.1676
0.1099,-0.30987,-0.012676,1.113
0.11,-0.28534,-0.098414,1.0568
0.1101,-0.26062,-0.18398,0.99884
0.1102,-0.23574,-0.26923,0.93927
0.1103,-0.2107,-0.35405,0.87814
0.1104,-0.18547,-0.4383,0.81555
0.1105,-0.16006,-0.52187,0.75161
0.1106,-0.13445,-0.60465,0.68642
0.1107,-0.10864,-0.68653,0.62011
0.1108,-0.08264,-0.76741,0.55282
0.1109,-0.056457,-0.8472,0.48469
0.111,-0.030125,-0.92581,0.41584
0.1111,-0.0036838,-1.0031,0.34641
0.1112,0.022813,-1.0791,0.27651
0.1113,0.049303,-1.1536,0.20626
0.1114,0.075717,-1.2265,0.13573
0.1115,0.10198,-1.2977,0.065031
0.1116,0.12802,-1.3672,-0.005769
0.1117,0.15377,-1.4348,-0.076599
0.1118,0.17917,-1.5004,-0.14739
0.1119,0.20416,-1.5639,-0.21809
0.112,0.2287,-1.6252,-0.28861
0.1121,0.25277,-1.6842,-0.3589
0.1122,0.27636,-1.7409,-0.42886
0.1123,0.29944,-1.7951,-0.49841
0.1124,0.32206,-1.8467,-0.56742
0.1125,0.34423,-1.8957,-0.63579
0.1126,0.36595,-1.9419,-0.70335
0.1127,0.38725,-1.9854,-0.76998
0.1128,0.40811,-2.0261,-0.83552
0.1129,0.42854,-2.0638,-0.8998
0.113,0.44852,-2.0986,-0.96268
0.1131,0.46802,-2.1304,-1.024
0.1132,0.48701,-2.1591,-1.0837
0.1133,0.50545,-2.1847,-1.1417
0.1134,0.52329,-2.2071,-1.1977
0.1135,0.54048,-2.2263,-1.2519
0.1136,0.55696,-2.2422,-1.3042
0.1137,0.57268,-2.2549,-1.3544
0.1138,0.58759,-2.2643,-1.4027
0.1139,0.60167,-2.2704,-1.449
0.114,0.61487,-2.2731,-1.4933
0.1141,0.6272,-2.2725,-1.5356
0.1142,0.63863,-2.2685,-1.5758
0.1143,0.64919,-2.2612,-1.6141
0.1144,0.65887,-2.2506,-1.6502
0.1145,0.66771,-2.2367,-1.6842
0.1146,0.67574,-2.2196,-1.716
0.1147,0.68296,-2.1993,-1.7454
0.1148,0.68941,-2.1758,-1.7725
0.1149,0.69511,-2.1493,-1.7971
0.115,0.70005,-2.1197,-1.8191
0.1151,0.70424,-2.0872,-1.8384
0.1152,0.70766,-2.0517,-1.8549
0.1153,0.71029,-2.0135,-1.8686
0.1154,0.71207,-1.9724,-1.8795
0.1155,0.71295,-1.9287,-1.8875
0.1156,0.71286,-1.8823,-1.8926
0.1157,0.71174,-1.8333,-1.8949
0.1158,0.70951,-1.7818,-1.8944
0.1159,0.7061,-1.7279,-1.8912
0.116,0.70146,-1.6715,-1.8854
0.1161,0.69552,-1.6128,-1.8771
0.1162,0.68826,-1.5519,-1.8662
0.1163,0.67965,-1.4887,-1.8529
0.1164,0.6697,-1.4234,-1.8373
0.1165,0.65843,-1.3559,-1.8193
0.1166,0.64588,-1.2865,-1.799
0.1167,0.63211,-1.2152,-1.7763
0.1168,0.61719,-1.142,-1.7513
0.1169,0.60121,-1.0672,-1.7239
0.117,0.58423,-0.9907,-1.6942
0.1171,0.56636,-0.91278,-1.662
0.1172,0.54766,-0.83353,-1.6275
0.1173,0.52821,-0.75309,-1.5906
0.1174,0.50807,-0.67158,-1.5513
0.1175,0.48728,-0.58916,-1.5098
0.1176,0.4659,-0.50594,-1.466
0.1177,0.44394,-0.42206,-1.42
0.1178,0.42144,-0.33764,-1.3721
0.1179,0.3984,-0.25279,-1.3221
0.118,0.37487,-0.1676,-1.2704
0.1181,0.35084,-0.082183,-1.2171
0.1182,0.32635,0.0033554,-1.1622
0.1183,0.30144,0.088905,-1.1058
0.1184,0.27614,0.17436,-1.0482
0.1185,0.2505,0.25961,-0.98934
0.1186,0.22458,0.34454,-0.92931
0.1187,0.19843,0.42905,-0.86817
0.1188,0.17212,0.51303,-0.80593
0.1189,0.14495,0.58085,-0.75637
0.119,0.1157,0.60117,-0.74824
0.1191,0.086626,0.62099,-0.73936
0.1192,0.05758,0.63976,-0.72924
0.1193,0.028556,0.65714,-0.7177
0.1194,-0.00026487,0.67325,-0.70469
0.1195,-0.028979,0.68833,-0.69038
0.1196,-0.057725,0.70242,-0.67479
0.1197,-0.086368,0.71514,-0.6578
0.1198,-0.11485,0.72645,-0.63933
0.1199,-0.14329,0.73672,-0.61974
0.12,-0.17159,0.74635,-0.59926
0.1201,-0.1996,0.75528,-0.57801
0.1202,-0.2274,0.76341,-0.55593
0.1203,-0.255,0.77069,-0.53297
0.1204,-0.2823,0.77711,-0.50919
0.1205,-0.3093,0.78278,-0.48477
0.1206,-0.33605,0.78783,-0.45983
0.1207,-0.36244,0.79214,-0.4344
0.1208,-0.3883,0.79552,-0.40845
0.1209,-0.41359,0.79803,-0.38216
0.121,-0.43825,0.79973,-0.35574
0.1211,-0.46212,0.80044,-0.32921
0.1212,-0.48523,0.79991,-0.30235
0.1213,-0.50763,0.79807,-0.27508
0.1214,-0.52929,0.79485,-0.24739
0.1215,-0.5502,0.79018,-0.21934
0.1216,-0.57041,0.78398,-0.19085
0.1217,-0.58985,0.77615,-0.16194
0.1218,-0.60844,0.76668,-0.13268
0.1219,-0.62625,0.75584,-0.10328
0.122,-0.64331,0.7438,-0.073878
0.1221,-0.65952,0.73048,-0.044465
0.1222,-0.67491,0.71584,-0.014939
0.1223,-0.68961,0.70007,0.014665
0.1224,-0.70364,0.68335,0.044219
0.1225,-0.7169,0.66573,0.073635
