0.05,0.83551,-1.3872,0.52966
0.0501,0.8773,-1.3784,0.48153
0.0502,0.91786,-1.3677,0.43289
0.0503,0.95711,-1.3551,0.38381
0.0504,0.99498,-1.3405,0.33435
0.0505,1.0314,-1.3241,0.28456
0.0506,1.0664,-1.3059,0.23447
0.0507,1.0999,-1.2858,0.18413
0.0508,1.1318,-1.264,0.13354
0.0509,1.1621,-1.2403,0.082707
0.051,1.1909,-1.2149,0.031652
0.0511,1.218,-1.1879,-0.019581
0.0512,1.2435,-1.1591,-0.070952
0.0513,1.2673,-1.1288,-0.12241
0.0514,1.2894,-1.0969,-0.17388
0.0515,1.3098,-1.0635,-0.22528
0.0516,1.3282,-1.0287,-0.27652
0.0517,1.3448,-0.99263,-0.3275
0.0518,1.3594,-0.95523,-0.3781
0.0519,1.3719,-0.91662,-0.42822
0.052,1.3824,-0.87686,-0.47774
0.0521,1.3906,-0.83602,-0.52655
0.0522,1.3966,-0.79412,-0.57455
0.0523,1.4003,-0.75124,-0.62167
0.0524,1.4018,-0.7074,-0.66781
0.0525,1.401,-0.66266,-0.71293
0.0526,1.3979,-0.61706,-0.75698
0.0527,1.3925,-0.57062,-0.79993
0.0528,1.385,-0.5234,-0.84174
0.0529,1.3754,-0.47544,-0.8824
0.053,1.3637,-0.42679,-0.92191
0.0531,1.3501,-0.37751,-0.96025
0.0532,1.3345,-0.32766,-0.99741
0.0533,1.3171,-0.27731,-1.0334
0.0534,1.298,-0.22653,-1.0681
0.0535,1.2773,-0.17542,-1.1015
0.0536,1.2549,-0.12402,-1.1336
0.0537,1.2309,-0.072425,-1.1642
0.0538,1.2053,-0.020699,-1.1933
0.0539,1.1782,0.031065,-1.2209
0.054,1.1496,0.082787,-1.2467
0.0541,1.1195,0.13438,-1.2707
0.0542,1.0878,0.18578,-1.2929
0.0543,1.0547,0.23691,-1.313
0.0544,1.0201,0.2877,-1.331
0.0545,0.98399,0.33808,-1.3469
0.0546,0.94649,0.388,-1.3606
0.0547,0.90762,0.4374,-1.3721
0.0548,0.86744,0.48623,-1.3813
0.0549,0.82601,0.53443,-1.3883
0.055,0.78341,0.58194,-1.393
0.0551,0.73974,0.62872,-1.3956
0.0552,0.69508,0.6747,-1.396
0.0553,0.64954,0.71982,-1.3944
0.0554,0.60321,0.76403,-1.3907
0.0555,0.55616,0.80725,-1.3851
0.0556,0.50849,0.84942,-1.3775
0.0557,0.46026,0.89048,-1.368
0.0558,0.41153,0.93036,-1.3567
0.0559,0.36235,0.96898,-1.3436
0.056,0.31275,1.0063,-1.3285
0.0561,0.26278,1.0422,-1.3117
0.0562,0.21245,1.0767,-1.293
0.0563,0.16181,1.1098,-1.2724
0.0564,0.11086,1.1412,-1.25
0.0565,0.059625,1.1711,-1.2258
0.0566,0.0081538,1.1993,-1.1997
0.0567,-0.043493,1.2258,-1.172
0.0568,-0.095245,1.2506,-1.1425
0.0569,-0.14702,1.2735,-1.1113
0.057,-0.19872,1.2947,-1.0786
0.0571,-0.25024,1.3139,-1.0445
0.0572,-0.30148,1.3312,-1.0089
0.0573,-0.35232,1.3465,-0.97206
0.0574,-0.40266,1.3599,-0.93401
0.0575,-0.45239,1.3711,-0.89483
0.0576,-0.50142,1.3803,-0.8546
0.0577,-0.54968,1.3873,-0.81336
0.0578,-0.59708,1.3922,-0.77118
0.0579,-0.64357,1.3949,-0.72808
0.058,-0.68911,1.3955,-0.68409
0.0581,-0.73365,1.3938,-0.63924
0.0582,-0.77716,1.3901,-0.59354
0.0583,-0.81963,1.3841,-0.54702
0.0584,-0.86102,1.3761,-0.49969
0.0585,-0.90133,1.366,-0.45159
0.0586,-0.94052,1.3539,-0.40276
0.0587,-0.97856,1.3398,-0.35324
0.0588,-1.0154,1.3238,-0.3031
0.0589,-1.051,1.3059,-0.25243
0.059,-1.0853,1.2862,-0.20131
0.0591,-1.1183,1.2647,-0.14984
0.0592,-1.1497,1.2416,-0.098103
0.0593,-1.1797,1.2168,-0.046202
0.0594,-1.2079,1.1904,0.0057571
0.0595,-1.2345,1.1624,0.057667
0.0596,-1.2592,1.1329,0.10943
0.0597,-1.3043,0.88981,0.39529
0.0598,-1.3351,0.72362,0.59028
0.0599,-1.3574,0.56285,0.77163
0.06,-1.3681,0.40342,0.94037
0.0601,-1.3669,0.2444,1.0971
0.0602,-1.3588,0.09055,1.242
0.0603,-1.3452,-0.056591,1.3751
0.0604,-1.3223,-0.20408,1.4995
0.0605,-1.2885,-0.35474,1.6165
0.0606,-1.2489,-0.5033,1.7258
0.0607,-1.2061,-0.64689,1.8273
0.0608,-1.1599,-0.78768,1.9228
0.0609,-1.1094,-0.92549,2.0112
0.061,-1.0533,-1.0596,2.0907
0.0611,-0.99043,-1.1903,2.1601
0.0612,-0.923,-1.3162,2.2204
0.0613,-0.85281,-1.4355,2.2716
0.0614,-0.77762,-1.5501,2.3132
0.0615,-0.69883,-1.6638,2.3503
0.0616,-0.6169,-1.7748,2.3818
0.0617,-0.53317,-1.8819,2.4075
0.0618,-0.44777,-1.9859,2.4287
0.0619,-0.35997,-2.0872,2.4447
0.062,-0.26866,-2.1852,2.4541
0.0621,-0.17265,-2.2796,2.455
0.0622,-0.072816,-2.3683,2.4463
0.0623,0.030145,-2.4496,2.427
0.0624,0.13702,-2.526,2.3987
0.0625,0.24739,-2.5992,2.3634
0.0626,0.35767,-2.6669,2.3225
0.0627,0.46595,-2.7282,2.277
0.0628,0.57338,-2.7868,2.2293
0.0629,0.68093,-2.8444,2.1804
0.063,0.78766,-2.8987,2.1288
0.0631,0.89352,-2.9488,2.0736
0.0632,0.99873,-2.9954,2.0153
0.0633,1.103,-3.0369,1.9527
0.0634,1.2063,-3.0719,1.8842
0.0635,1.3092,-3.101,1.81
0.0636,1.411,-3.1245,1.7309
0.0637,1.5105,-3.141,1.6469
0.0638,1.6078,-3.1517,1.5589
0.0639,1.704,-3.1586,1.468
0.064,1.799,-3.1619,1.3746
0.0641,1.893,-3.1609,1.2776
0.0642,1.9862,-3.1564,1.1778
0.0643,2.0782,-3.1483,1.0754
0.0644,2.1682,-3.1356,0.97036
0.0645,2.2563,-3.1183,0.86253
0.0646,2.3416,-3.0959,0.75221
0.0647,2.4236,-3.0672,0.63898
0.0648,2.5027,-3.0331,0.52315
0.0649,2.5797,-2.995,0.40557
0.065,2.6536,-2.9528,0.28716
0.0651,2.7229,-2.9057,0.16838
0.0652,2.7877,-2.855,0.050691
0.0653,2.8482,-2.8017,-0.064998
0.0654,2.9036,-2.7452,-0.17874
0.0655,2.9537,-2.6848,-0.29088
0.0656,2.9989,-2.6211,-0.40128
0.0657,3.0394,-2.553,-0.51099
0.0658,3.0756,-2.4799,-0.6214
0.0659,3.1091,-2.4021,-0.73335
0.066,3.1401,-2.3198,-0.84708
0.0661,3.1684,-2.2324,-0.96285
0.0662,3.1937,-2.1407,-1.0795
0.0663,3.2155,-2.0461,-1.1952
0.0664,3.2327,-1.9487,-1.3089
0.0665,3.2453,-1.8489,-1.4201
0.0666,3.2535,-1.7479,-1.5278
0.0667,3.2572,-1.6456,-1.6322
0.0668,3.2566,-1.5414,-1.7339
0.0669,3.2522,-1.4353,-1.8335
0.067,3.2439,-1.3275,-1.9308
0.0671,3.2309,-1.2165,-2.0265
0.0672,3.213,-1.1022,-2.1205
0.0673,3.1907,-0.98609,-2.2117
0.0674,3.163,-0.86847,-2.2991
0.0675,3.1292,-0.74883,-2.3823
0.0676,3.0897,-0.62839,-2.4606
0.0677,3.0451,-0.50841,-2.5335
0.0678,2.9957,-0.38856,-2.6016
0.0679,2.9425,-0.26845,-2.6662
0.068,2.886,-0.1486,-2.7274
0.0681,2.8263,-0.028568,-2.7859
0.0682,2.7632,0.092557,-2.8422
0.0683,2.6971,0.21462,-2.8965
0.0684,2.628,0.33708,-2.9485
0.0685,2.5559,0.45993,-2.9981
0.0686,2.4808,0.58255,-3.0447
0.0687,2.4029,0.70385,-3.0875
0.0688,2.3216,0.82337,-3.1254
0.0689,2.2369,0.94084,-3.1582
0.069,2.1486,1.0557,-3.185
0.0691,2.0566,1.1679,-3.2059
0.0692,1.9606,1.2781,-3.2211
0.0693,1.8608,1.3862,-3.2306
0.0694,1.7575,1.4923,-3.2348
0.0695,1.6506,1.5971,-3.2345
0.0696,1.5407,1.7009,-3.2303
0.0697,1.4288,1.8026,-3.2222
0.0698,1.3152,1.902,-3.2104
0.0699,1.1999,1.9995,-3.1948
0.07,1.083,2.0939,-3.1749
0.0701,0.96475,2.1847,-3.1499
0.0702,0.8449,2.2719,-3.1199
0.0703,0.72395,2.3557,-3.0852
0.0704,0.60267,2.4354,-3.0462
0.0705,0.48146,2.5113,-3.0034
0.0706,0.36052,2.5843,-2.9578
0.0707,0.24032,2.654,-2.9097
0.0708,0.12091,2.7204,-2.8588
0.0709,0.001961,2.7837,-2.8052
0.071,-0.11678,2.8436,-2.7482
0.0711,-0.23551,2.8991,-2.6868
0.0712,-0.35484,2.9501,-2.6199
0.0713,-0.47501,2.9964,-2.5472
0.0714,-0.5957,3.0375,-2.4685
0.0715,-0.71645,3.0733,-2.3841
0.0716,-0.8369,3.1044,-2.2949
0.0717,-0.95623,3.1311,-2.2021
0.0718,-1.0739,3.1536,-2.1064
0.0719,-1.1899,3.1725,-2.0086
0.072,-1.3041,3.1883,-1.9091
0.0721,-1.416,3.2006,-1.8081
0.0722,-1.5256,3.209,-1.7053
0.0723,-1.6326,3.2133,-1.601
0.0724,-1.7367,3.2131,-1.4948
0.0725,-1.8376,3.2076,-1.3864
0.0726,-1.9352,3.1969,-1.2759
0.0727,-2.0295,3.1811,-1.1635
0.0728,-2.1202,3.1601,-1.0494
0.0729,-2.2074,3.1342,-0.93394
0.073,-2.2913,3.1041,-0.81742
0.0731,-2.3719,3.0698,-0.69997
0.0732,-2.4496,3.0314,-0.58149
0.0733,-2.5244,2.9893,-0.46216
0.0734,-2.5962,2.9432,-0.34198
0.0735,-2.6647,2.8927,-0.22077
0.0736,-2.73,2.8378,-0.098445
0.0737,-2.7923,2.7786,0.024911
0.0738,-2.8513,2.7149,0.14939
0.0739,-2.907,2.6467,0.27475
0.074,-2.9594,2.5748,0.40029
0.0741,-3.0078,2.4992,0.52516
0.0742,-3.0517,2.4202,0.64873
0.0743,-3.0907,2.3382,0.7701
0.0744,-3.1246,2.2537,0.88859
0.0745,-3.1529,2.1665,1.004
0.0746,-3.1757,2.0764,1.1164
0.0747,-3.1931,1.9836,1.2261
0.0748,-3.2055,1.8876,1.3334
0.0749,-3.2129,1.7882,1.4391
0.075,-3.216,1.6854,1.5437
0.0751,-3.2151,1.5794,1.6472
0.0752,-3.21,1.4703,1.7494
0.0753,-3.2008,1.3584,1.8501
0.0754,-3.1874,1.2445,1.9485
0.0755,-3.1697,1.129,2.0441
0.0756,-3.1478,1.0123,2.1366
0.0757,-3.122,0.89466,2.226
0.0758,-3.0924,0.77649,2.3122
0.0759,-3.0591,0.65759,2.3954
0.076,-3.0221,0.53789,2.4758
0.0761,-2.9813,0.41744,2.5532
0.0762,-2.9365,0.29611,2.6275
0.0763,-2.8874,0.17396,2.6984
0.0764,-2.8338,0.05144,2.7653
0.0765,-2.7754,-0.071115,2.8277
0.0766,-2.7119,-0.19347,2.885
0.0767,-2.6436,-0.31515,2.937
0.0768,-2.5706,-0.43573,2.9835
0.0769,-2.4932,-0.55523,3.0247
0.077,-2.4117,-0.6737,3.0611
0.0771,-2.3265,-0.79102,3.093
0.0772,-2.238,-0.9074,3.1209
0.0773,-2.1463,-1.0231,3.1452
0.0774,-2.0519,-1.138,3.1663
0.0775,-1.9551,-1.2518,3.1841
0.0776,-1.8562,-1.3643,3.1988
0.0777,-1.7553,-1.4751,3.2101
0.0778,-1.6527,-1.5836,3.2175
0.0779,-1.5482,-1.6895,3.2206
0.078,-1.4418,-1.7924,3.219
0.0781,-1.3335,-1.8922,3.2124
0.0782,-1.2231,-1.9886,3.2006
0.0783,-1.1106,-2.0817,3.1836
0.0784,-0.99615,-2.1718,3.1616
0.0785,-0.87978,-2.2588,3.1346
0.0786,-0.76165,-2.3428,3.1029
0.0787,-0.64195,-2.424,3.0669
0.0788,-0.52102,-2.5022,3.0264
0.0789,-0.39902,-2.577,2.9816
0.079,-0.27603,-2.6484,2.9321
0.0791,-0.15222,-2.7161,2.8781
0.0792,-0.027895,-2.7798,2.8193
0.0793,0.096665,-2.8394,2.756
0.0794,0.221,-2.8949,2.6887
0.0795,0.34456,-2.9463,2.6178
0.0796,0.46684,-2.9936,2.5437
0.0797,0.58757,-3.0371,2.4672
0.0798,0.70645,-3.0766,2.3884
0.0799,0.82335,-3.1123,2.3073
0.08,0.93835,-3.1438,2.2239
0.0801,1.0516,-3.1711,2.1377
0.0802,1.1631,-3.1937,2.0482
0.0803,1.2732,-3.2114,1.955
0.0804,1.3818,-3.224,1.8579
0.0805,1.4891,-3.2315,1.7568
0.0806,1.5947,-3.2338,1.6519
0.0807,1.6987,-3.2313,1.5436
0.0808,1.8007,-3.2242,1.4325
0.0809,1.9006,-3.2128,1.319
0.081,1.9982,-3.1974,1.2036
0.0811,2.0934,-3.1781,1.0868
0.0812,2.1858,-3.1551,0.96872
0.0813,2.2753,-3.128,0.84965
0.0814,2.3615,-3.0969,0.7298
0.0815,2.4441,-3.0615,0.6093
0.0816,2.5229,-3.0216,0.48822
0.0817,2.5976,-2.9772,0.36676
0.0818,2.6681,-2.9285,0.24521
0.0819,2.7343,-2.8753,0.12378
0.082,2.7959,-2.8178,0.0026881
0.0821,2.8532,-2.7563,-0.11783
0.0822,2.9061,-2.691,-0.23763
0.0823,2.9546,-2.6217,-0.35673
0.0824,2.9989,-2.5487,-0.47513
0.0825,3.0391,-2.472,-0.59291
0.0826,3.0753,-2.3914,-0.71022
0.0827,3.1076,-2.307,-0.82725
0.0828,3.1363,-2.2188,-0.94404
0.0829,3.1614,-2.127,-1.0605
0.083,3.1829,-2.0318,-1.1765
0.0831,3.2007,-1.9336,-1.2916
0.0832,3.2145,-1.8326,-1.405
0.0833,3.2241,-1.7293,-1.5163
0.0834,3.2291,-1.6239,-1.6249
0.0835,3.2292,-1.5168,-1.7302
0.0836,3.2244,-1.408,-1.8321
0.0837,3.2144,-1.2976,-1.9303
0.0838,3.1994,-1.1855,-2.0249
0.0839,3.1793,-1.0718,-2.1161
0.084,3.1543,-0.95627,-2.2041
0.0841,3.1245,-0.839,-2.289
0.0842,3.09,-0.72015,-2.3708
0.0843,3.0499,-0.59963,-2.4487
0.0844,3.0065,-0.47835,-2.5242
0.0845,2.9588,-0.3562,-2.5962
0.0846,2.9067,-0.23352,-2.6646
0.0847,2.8509,-0.11071,-2.7294
0.0848,2.7913,0.011948,-2.7906
0.0849,2.7283,0.13434,-2.8482
0.085,2.6621,0.25638,-2.9025
0.0851,2.5927,0.378,-2.9534
0.0852,2.5201,0.49901,-3.0008
0.0853,2.4443,0.61929,-3.0445
0.0854,2.3652,0.73866,-3.0842
0.0855,2.2826,0.85691,-3.1197
0.0856,2.1963,0.97377,-3.1504
0.0857,2.1064,1.0889,-3.1761
0.0858,2.0128,1.2022,-3.1964
0.0859,1.9154,1.3133,-3.2112
0.086,1.8146,1.4221,-3.2206
0.0861,1.7105,1.5288,-3.2246
0.0862,1.6033,1.6331,-3.2237
0.0863,1.4935,1.7353,-3.218
0.0864,1.3813,1.8353,-3.208
0.0865,1.2672,1.9332,-3.194
0.0866,1.1513,2.0288,-3.1762
0.0867,1.0343,2.1219,-3.1548
0.0868,0.91644,2.2121,-3.1297
0.0869,0.79781,2.2993,-3.1008
0.087,0.67864,2.3831,-3.0681
0.0871,0.55908,2.4633,-3.0312
0.0872,0.43919,2.5396,-2.9901
0.0873,0.31905,2.612,-2.9448
0.0874,0.19874,2.6804,-2.8951
0.0875,0.078294,2.7448,-2.8413
0.0876,-0.042274,2.8054,-2.7832
0.0877,-0.16286,2.8619,-2.721
0.0878,-0.28338,2.9146,-2.6546
0.0879,-0.40382,2.9631,-2.5841
0.088,-0.52413,3.0076,-2.5093
0.0881,-0.64416,3.0478,-2.4302
0.0882,-0.76382,3.0836,-2.3467
0.0883,-0.88291,3.115,-2.2591
0.0884,-1.0011,3.1419,-2.1676
0.0885,-1.1181,3.1646,-2.0727
0.0886,-1.2334,3.1829,-1.9748
0.0887,-1.3467,3.197,-1.8745
0.0888,-1.4575,3.2069,-1.7723
0.0889,-1.5656,3.2127,-1.6684
0.089,-1.6708,3.2143,-1.563
0.0891,-1.773,3.2116,-1.4562
0.0892,-1.872,3.2044,-1.3479
0.0893,-1.9679,3.1926,-1.238
0.0894,-2.0607,3.176,-1.1263
0.0895,-2.1504,3.1545,-1.0126
0.0896,-2.2371,3.1281,-0.89709
0.0897,-2.3208,3.0969,-0.77969
0.0898,-2.4014,3.0609,-0.66062
0.0899,-2.4789,3.0204,-0.54012
0.09,-2.5535,2.9756,-0.41845
0.0901,-2.6248,2.9267,-0.29587
0.0902,-2.6931,2.8739,-0.17265
0.0903,-2.758,2.8172,-0.049077
0.0904,-2.8195,2.7568,0.074632
0.0905,-2.8772,2.6926,0.19821
0.0906,-2.9311,2.6247,0.32144
0.0907,-2.9809,2.553,0.44405
0.0908,-3.0264,2.4777,0.56577
0.0909,-3.0673,2.3986,0.6863
0.091,-3.1035,2.3161,0.80534
0.0911,-3.1348,2.2303,0.92259
0.0912,-3.1612,2.1411,1.0378
0.0913,-3.1825,2.0489,1.1509
0.0914,-3.1988,1.9537,1.2616
0.0915,-3.2102,1.8555,1.3702
0.0916,-3.2168,1.7545,1.4766
0.0917,-3.2188,1.6506,1.581
0.0918,-3.2165,1.544,1.6836
0.0919,-3.2099,1.4347,1.7844
0.092,-3.1994,1.3231,1.8836
0.0921,-3.185,1.2092,1.9808
0.0922,-3.1667,1.0936,2.076
0.0923,-3.1446,0.97635,2.1687
0.0924,-3.1185,0.85797,2.2586
0.0925,-3.0883,0.73871,2.3452
0.0926,-3.0539,0.61881,2.4283
0.0927,-3.0152,0.49846,2.5077
0.0928,-2.9722,0.37777,2.583
0.0929,-2.9247,0.25681,2.6543
0.093,-2.8726,0.13562,2.7214
0.0931,-2.8161,0.014267,2.7843
0.0932,-2.7551,-0.10718,2.8431
0.0933,-2.6896,-0.22859,2.8975
0.0934,-2.6198,-0.34979,2.9476
0.0935,-2.5457,-0.47061,2.9933
0.0936,-2.4675,-0.59084,3.0346
0.0937,-2.3854,-0.71025,3.0715
0.0938,-2.2997,-0.82864,3.104
0.0939,-2.2108,-0.94584,3.1324
0.094,-2.119,-1.0617,3.1568
0.0941,-2.0245,-1.1761,3.1773
0.0942,-1.9275,-1.2888,3.194
0.0943,-1.8283,-1.3998,3.2069
0.0944,-1.727,-1.5088,3.216
0.0945,-1.6236,-1.6156,3.2211
0.0946,-1.5182,-1.7201,3.2219
0.0947,-1.4108,-1.822,3.2183
0.0948,-1.3013,-1.921,3.2099
0.0949,-1.1897,-2.0169,3.1965
0.095,-1.0761,-2.1097,3.178
0.0951,-0.96057,-2.1992,3.1543
0.0952,-0.84316,-2.2854,3.1255
0.0953,-0.72405,-2.3682,3.0917
0.0954,-0.60343,-2.4478,3.0531
0.0955,-0.48158,-2.5242,3.01
0.0956,-0.35878,-2.5974,2.9626
0.0957,-0.23536,-2.6672,2.9111
0.0958,-0.11165,-2.7336,2.8558
0.0959,0.012022,-2.7964,2.7967
0.096,0.13537,-2.8555,2.7341
0.0961,0.25814,-2.9106,2.6678
0.0962,0.38006,-2.9616,2.5981
0.0963,0.50093,-3.0083,2.5249
0.0964,0.62057,-3.0507,2.4484
0.0965,0.73882,-3.0887,2.3686
0.0966,0.85557,-3.1223,2.2855
0.0967,0.97073,-3.1514,2.1993
0.0968,1.0843,-3.176,2.11
0.0969,1.1962,-3.196,2.0175
0.097,1.3064,-3.2114,1.9217
0.0971,1.4151,-3.2223,1.8227
0.0972,1.5221,-3.2284,1.7203
0.0973,1.6274,-3.2299,1.6148
0.0974,1.7309,-3.2267,1.5062
0.0975,1.8325,-3.219,1.3949
0.0976,1.9319,-3.2069,1.2811
0.0977,2.0289,-3.1905,1.1653
0.0978,2.1231,-3.1698,1.048
0.0979,2.2143,-3.145,0.92954
0.098,2.3021,-3.1161,0.81028
0.0981,2.3864,-3.0832,0.69052
0.0982,2.467,-3.0462,0.57045
0.0983,2.5437,-3.0051,0.4502
0.0984,2.6163,-2.9597,0.32983
0.0985,2.6849,-2.91,0.20938
0.0986,2.7492,-2.8559,0.08886
0.0987,2.8093,-2.7974,-0.031687
0.0988,2.8653,-2.7346,-0.15221
0.0989,2.9171,-2.6675,-0.27262
0.099,2.9649,-2.5963,-0.39282
0.0991,3.0086,-2.5212,-0.51269
0.0992,3.0485,-2.4423,-0.63211
0.0993,3.0844,-2.3598,-0.75092
0.0994,3.1164,-2.2739,-0.86898
0.0995,3.1445,-2.1846,-0.98612
0.0996,3.1687,-2.0923,-1.1021
0.0997,3.1888,-1.9969,-1.2168
0.0998,3.2049,-1.8988,-1.3299
0.0999,3.2166,-1.7979,-1.4411
0.1,3.224,-1.6946,-1.5502
0.1001,3.2267,-1.589,-1.6567
0.1002,3.2246,-1.4812,-1.7604
0.1003,3.2177,-1.3715,-1.861
0.1004,3.2058,-1.26,-1.9584
0.1005,3.1889,-1.1468,-2.0523
0.1006,3.167,-1.032,-2.1427
0.1007,3.1403,-0.9156,-2.2298
0.1008,3.1087,-0.79778,-2.3135
0.1009,3.0726,-0.67861,-2.394
0.101,3.0321,-0.55822,-2.4714
0.1011,2.9875,-0.4368,-2.5457
0.1012,2.9388,-0.31456,-2.6169
0.1013,2.8864,-0.19177,-2.6851
0.1014,2.8302,-0.068709,-2.7499
0.1015,2.7704,0.054334,-2.8112
0.1016,2.707,0.17709,-2.8689
0.1017,2.6401,0.29931,-2.9228
0.1018,2.5697,0.42077,-2.9726
0.1019,2.4958,0.54132,-3.0182
0.102,2.4183,0.6608,-3.0595
0.1021,2.3372,0.7791,-3.0964
0.1022,2.2526,0.89609,-3.1286
0.1023,2.1643,1.0117,-3.1562
0.1024,2.0725,1.1257,-3.179
0.1025,1.9771,1.2381,-3.1968
0.1026,1.8783,1.3487,-3.2098
0.1027,1.7763,1.4574,-3.2179
0.1028,1.6713,1.564,-3.2211
0.1029,1.5635,1.6684,-3.2195
0.103,1.4532,1.7705,-3.2134
0.1031,1.3409,1.8702,-3.203
0.1032,1.2267,1.9674,-3.1883
0.1033,1.1111,2.0619,-3.1697
0.1034,0.9943,2.1536,-3.1472
0.1035,0.87656,2.2425,-3.1208
0.1036,0.75809,2.3281,-3.0906
0.1037,0.63902,2.4105,-3.0565
0.1038,0.51948,2.4894,-3.0184
0.1039,0.39954,2.5646,-2.9761
0.104,0.27924,2.6359,-2.9295
0.1041,0.15864,2.7032,-2.8785
0.1042,0.037764,2.7664,-2.8229
0.1043,-0.083319,2.8255,-2.7628
0.1044,-0.20453,2.8805,-2.6983
0.1045,-0.32577,2.9313,-2.6294
0.1046,-0.44688,2.9781,-2.5562
0.1047,-0.56769,3.0208,-2.479
0.1048,-0.68797,3.0594,-2.3979
0.1049,-0.80748,3.0939,-2.3132
0.105,-0.92597,3.1243,-2.2251
0.1051,-1.0432,3.1505,-2.1337
0.1052,-1.1588,3.1724,-2.0393
0.1053,-1.2726,3.19,-1.9422
0.1054,-1.3843,3.2031,-1.8425
0.1055,-1.4936,3.2119,-1.7406
0.1056,-1.6003,3.2162,-1.6365
0.1057,-1.7043,3.216,-1.5304
0.1058,-1.8054,3.2112,-1.4226
0.1059,-1.9035,3.2018,-1.313
0.106,-1.9986,3.1878,-1.2016
0.1061,-2.0907,3.1692,-1.0886
0.1062,-2.1797,3.1459,-0.97379
0.1063,-2.2658,3.118,-0.85728
0.1064,-2.3488,3.0854,-0.7391
0.1065,-2.4289,3.0482,-0.61936
0.1066,-2.506,3.0066,-0.49824
0.1067,-2.58,2.9607,-0.37599
0.1068,-2.6508,2.9107,-0.25289
0.1069,-2.7182,2.8566,-0.12929
0.107,-2.7821,2.7986,-0.0055151
0.1071,-2.8422,2.7369,0.11809
0.1072,-2.8984,2.6715,0.24122
0.1073,-2.9505,2.6025,0.36362
0.1074,-2.9982,2.5299,0.48503
0.1075,-3.0415,2.4537,0.60529
0.1076,-3.0801,2.374,0.72422
0.1077,-3.1141,2.2907,0.8417
0.1078,-3.1433,2.2039,0.95762
0.1079,-3.1676,2.1137,1.0719
0.108,-3.1872,2.0202,1.1844
0.1081,-3.2021,1.9234,1.2952
0.1082,-3.2123,1.8237,1.4041
0.1083,-3.218,1.721,1.511
0.1084,-3.2193,1.6157,1.6161
0.1085,-3.2163,1.5079,1.7191
0.1086,-3.2091,1.3979,1.82
0.1087,-3.1977,1.2857,1.9187
0.1088,-3.1824,1.1717,2.0152
0.1089,-3.163,1.0561,2.1091
0.109,-3.1395,0.93903,2.2003
0.1091,-3.1119,0.8208,2.2886
0.1092,-3.0802,0.7016,2.3736
0.1093,-3.0441,0.58165,2.4551
0.1094,-3.0037,0.46113,2.5328
0.1095,-2.9588,0.34022,2.6066
0.1096,-2.9094,0.21903,2.6762
0.1097,-2.8554,0.097691,2.7416
0.1098,-2.7969,-0.023713,2.8026
0.1099,-2.7339,-0.14509,2.8594
0.11,-2.6667,-0.26633,2.912
0.1101,-2.5952,-0.38734,2.9604
0.1102,-2.5198,-0.50795,3.0047
0.1103,-2.4407,-0.62802,3.0449
0.1104,-2.358,-0.74732,3.0812
0.1105,-2.2757,-0.86148,3.113
0.1106,-2.1978,-0.96924,3.143
0.1107,-2.1245,-1.0691,3.17
0.1108,-2.0547,-1.1619,3.1938
0.1109,-1.9877,-1.2484,3.2143
0.111,-1.9227,-1.3292,3.2313
0.1111,-1.8589,-1.4048,3.2447
0.1112,-1.7957,-1.4757,3.2541
0.1113,-1.7328,-1.5422,3.2596
0.1114,-1.6699,-1.6045,3.261
0.1115,-1.6067,-1.6627,3.2582
0.1116,-1.5429,-1.7169,3.2509
0.1117,-1.4781,-1.7672,3.2389
0.1118,-1.4121,-1.8138,3.2221
0.1119,-1.3448,-1.8569,3.2003
0.112,-1.2761,-1.8966,3.1738
0.1121,-1.2059,-1.9331,3.1426
0.1122,-1.1341,-1.9667,3.1068
0.1123,-1.0611,-1.9972,3.0666
0.1124,-0.98691,-2.0248,3.0222
0.1125,-0.91193,-2.0494,2.9738
0.1126,-0.83635,-2.0708,2.9214
0.1127,-0.76029,-2.0891,2.8653
0.1128,-0.71881,-2.0912,2.8274
0.1129,-0.68991,-2.0874,2.7958
0.113,-0.66064,-2.0817,2.7618
0.1131,-0.6305,-2.0748,2.7254
0.1132,-0.59974,-2.0672,2.6874
0.1133,-0.56844,-2.0583,2.6472
0.1134,-0.53607,-2.0475,2.6039
0.1135,-0.50266,-2.0354,2.5577
0.1136,-0.46845,-2.0222,2.5095
0.1137,-0.43315,-2.0076,2.4584
0.1138,-0.39668,-1.991,2.4039
0.1139,-0.35967,-1.9719,2.346
0.114,-0.32223,-1.9501,2.2848
0.1141,-0.2839,-1.9262,2.2204
0.1142,-0.24473,-1.9006,2.1533
0.1143,-0.20502,-1.873,2.0835
0.1144,-0.16457,-1.8433,2.0107
0.1145,-0.12333,-1.8116,1.935
0.1146,-0.081726,-1.7782,1.8572
0.1147,-0.039999,-1.743,1.7775
0.1148,0.0016861,-1.7057,1.6957
0.1149,0.042798,-1.666,1.6121
0.115,0.083199,-1.6239,1.5269
0.1151,0.1233,-1.5798,1.4403
0.1152,0.16318,-1.5342,1.3524
0.1153,0.2026,-1.4869,1.2634
0.1154,0.24175,-1.4378,1.173
0.1155,0.2808,-1.387,1.0814
0.1156,0.32148,-1.3473,0.99933
0.1157,0.36993,-1.3593,0.96157
0.1158,0.41751,-1.3703,0.92396
0.1159,0.46423,-1.3793,0.88565
0.116,0.51104,-1.3868,0.84614
0.1161,0.55868,-1.3934,0.80529
0.1162,0.60619,-1.3984,0.76339
0.1163,0.65281,-1.4009,0.72034
0.1164,0.69977,-1.4017,0.67562
0.1165,0.74779,-1.4011,0.62879
0.1166,0.79525,-1.3983,0.58063
0.1167,0.84061,-1.3928,0.53212
0.1168,0.88384,-1.3849,0.48352
0.1169,0.92509,-1.3744,0.43445
0.117,0.96444,-1.3612,0.38479
0.1171,1.0023,-1.3459,0.33455
0.1172,1.0386,-1.3284,0.28388
0.1173,1.0727,-1.3083,0.23282
0.1174,1.1046,-1.2856,0.18142
0.1175,1.1352,-1.2612,0.12952
0.1176,1.1642,-1.235,0.077442
0.1177,1.1909,-1.2072,0.025929
0.1178,1.2151,-1.178,-0.024634
0.1179,1.2375,-1.1476,-0.074723
0.118,1.2585,-1.1161,-0.1247
0.1181,1.2786,-1.0839,-0.17456
0.1182,1.2978,-1.051,-0.22442
0.1183,1.316,-1.0171,-0.27462
0.1184,1.3335,-0.98245,-0.32511
0.1185,1.3502,-0.94724,-0.37567
0.1186,1.3651,-0.91084,-0.42593
0.1187,1.3771,-0.87266,-0.47549
0.1188,1.3864,-0.83316,-0.52412
0.1189,1.3934,-0.79246,-0.57211
0.119,1.3979,-0.75006,-0.61963
0.1191,1.3995,-0.706,-0.66646
0.1192,1.3987,-0.66069,-0.71236
0.1193,1.3951,-0.61381,-0.75745
0.1194,1.3888,-0.56527,-0.80166
0.1195,1.38,-0.51579,-0.84462
0.1196,1.3688,-0.46581,-0.88596
0.1197,1.3549,-0.41498,-0.92549
0.1198,1.3382,-0.36351,-0.96313
0.1199,1.3198,-0.31204,-0.99909
0.12,1.3,-0.2607,-1.0337
0.1201,1.279,-0.20938,-1.0671
0.1202,1.2571,-0.15846,-1.0992
0.1203,1.2345,-0.10806,-1.1301
0.1204,1.211,-0.057915,-1.1598
0.1205,1.1862,-0.0079659,-1.188
0.1206,1.1602,0.041691,-1.2144
0.1207,1.1326,0.09131,-1.2392
0.1208,1.1034,0.14097,-1.2623
0.1209,1.073,0.19051,-1.2839
0.121,1.0414,0.24008,-1.3041
0.1211,1.008,0.29005,-1.3226
0.1212,0.97279,0.34031,-1.3393
0.1213,0.93586,0.3907,-1.354
0.1214,0.89702,0.44125,-1.3666
0.1215,0.85604,0.49175,-1.3765
0.1216,0.81305,0.54181,-1.3836
0.1217,0.76822,0.5914,-1.3879
0.1218,0.72178,0.64038,-1.3897
0.1219,0.67442,0.68823,-1.389
0.122,0.62677,0.73458,-1.3863
0.1221,0.57899,0.7795,-1.3817
0.1222,0.53112,0.82279,-1.3752
0.1223,0.48327,0.86425,-1.3667
0.1224,0.43531,0.90406,-1.3562
0.1225,0.38706,0.94237,-1.3438
