0.05,0.032981,-0.20174,0.19099
0.0501,0.043641,-0.20429,0.18659
0.0502,0.054188,-0.2062,0.18177
0.0503,0.064618,-0.20747,0.1765
0.0504,0.07494,-0.20809,0.17072
0.0505,0.085164,-0.2081,0.16442
0.0506,0.095318,-0.20757,0.1576
0.0507,0.10543,-0.20662,0.1503
0.0508,0.11552,-0.20535,0.1426
0.0509,0.12558,-0.20389,0.13459
0.051,0.13561,-0.20237,0.12636
0.0511,0.14556,-0.20087,0.11799
0.0512,0.1554,-0.19946,0.10957
0.0513,0.16506,-0.1982,0.10115
0.0514,0.17447,-0.19708,0.092762
0.0515,0.18355,-0.19607,0.08442
0.0516,0.19221,-0.19512,0.076113
0.0517,0.20038,-0.19416,0.067814
0.0518,0.20796,-0.19308,0.059477
0.0519,0.21487,-0.19175,0.051048
0.052,0.22104,-0.19008,0.042463
0.0521,0.22645,-0.18793,0.033656
0.0522,0.23108,-0.18522,0.024562
0.0523,0.23495,-0.18189,0.015137
0.0524,0.23812,-0.1779,0.0053446
0.0525,0.24066,-0.17326,-0.0048223
0.0526,0.24265,-0.16803,-0.015345
0.0527,0.24419,-0.16228,-0.026178
0.0528,0.24538,-0.15611,-0.03726
0.0529,0.2463,-0.14965,-0.048509
0.053,0.24703,-0.14302,-0.059843
0.0531,0.24764,-0.13632,-0.07118
0.0532,0.24817,-0.12966,-0.082447
0.0533,0.24865,-0.12307,-0.093576
0.0534,0.24909,-0.11661,-0.10452
0.0535,0.24949,-0.11027,-0.11522
0.0536,0.2498,-0.10403,-0.12567
0.0537,0.24997,-0.097837,-0.13582
0.0538,0.24995,-0.091613,-0.14568
0.0539,0.24968,-0.085247,-0.15524
0.054,0.24908,-0.078625,-0.16448
0.0541,0.24812,-0.071639,-0.1734
0.0542,0.24676,-0.064191,-0.18197
0.0543,0.24498,-0.056211,-0.19016
0.0544,0.24278,-0.047664,-0.19794
0.0545,0.24019,-0.038556,-0.20529
0.0546,0.23723,-0.028918,-0.21217
0.0547,0.23394,-0.018822,-0.21854
0.0548,0.23036,-0.0083611,-0.2244
0.0549,0.22653,0.0023575,-0.22975
0.055,0.22252,0.013219,-0.23458
0.0551,0.21836,0.024104,-0.2389
0.0552,0.21409,0.034909,-0.24272
0.0553,0.20973,0.045541,-0.24603
0.0554,0.20531,0.055936,-0.24882
0.0555,0.20082,0.066056,-0.25109
0.0556,0.19622,0.075906,-0.25285
0.0557,0.19147,0.085514,-0.25412
0.0558,0.18654,0.094944,-0.25491
0.0559,0.18135,0.10428,-0.25529
0.056,0.17587,0.11361,-0.25531
0.0561,0.17002,0.12302,-0.25503
0.0562,0.16375,0.13258,-0.25454
0.0563,0.15705,0.14235,-0.2539
0.0564,0.14991,0.15234,-0.25316
0.0565,0.14235,0.16252,-0.25239
0.0566,0.1344,0.17284,-0.2516
0.0567,0.1261,0.18322,-0.25081
0.0568,0.11752,0.19354,-0.25001
0.0569,0.10872,0.20367,-0.24917
0.057,0.099759,0.21347,-0.24825
0.0571,0.090706,0.22279,-0.24719
0.0572,0.081616,0.23151,-0.24591
0.0573,0.072526,0.2395,-0.24435
0.0574,0.063454,0.24668,-0.24243
0.0575,0.054406,0.25299,-0.24007
0.0576,0.045367,0.25842,-0.23725
0.0577,0.036307,0.26298,-0.23394
0.0578,0.027189,0.26674,-0.23013
0.0579,0.017974,0.26979,-0.22585
0.058,0.0086175,0.27223,-0.22114
0.0581,-0.00091893,0.27419,-0.21606
0.0582,-0.010664,0.2758,-0.21068
0.0583,-0.02064,0.27717,-0.20507
0.0584,-0.030857,0.27844,-0.19929
0.0585,-0.04131,0.27967,-0.19341
0.0586,-0.051975,0.28095,-0.18746
0.0587,-0.062816,0.2823,-0.1815
0.0588,-0.073777,0.28373,-0.17553
0.0589,-0.084787,0.28518,-0.16954
0.059,-0.095767,0.2866,-0.16348
0.0591,-0.10663,0.2879,-0.15731
0.0592,-0.1173,0.28897,-0.15098
0.0593,-0.12768,0.28969,-0.14442
0.0594,-0.1377,0.28998,-0.13757
0.0595,-0.14731,0.28974,-0.13037
0.0596,-0.15645,0.28893,-0.12277
0.0597,-0.16508,0.28751,-0.11473
0.0598,-0.17318,0.28551,-0.10627
0.0599,-0.18074,0.28295,-0.097388
0.06,-0.18776,0.2799,-0.088123
0.0601,-0.19427,0.27646,-0.078527
0.0602,-0.20031,0.27271,-0.068669
0.0603,-0.20592,0.26876,-0.05862
0.0604,-0.21114,0.26472,-0.048462
0.0605,-0.216,0.26067,-0.038262
0.0606,-0.22054,0.25667,-0.028091
0.0607,-0.22477,0.25276,-0.017994
0.0608,-0.22871,0.24895,-0.0080047
0.0609,-0.23233,0.24521,0.0018716
0.061,-0.23563,0.24146,0.011645
0.0611,-0.23859,0.23764,0.021349
0.0612,-0.24117,0.23365,0.031028
0.0613,-0.24336,0.22937,0.040733
0.0614,-0.24513,0.22471,0.050511
0.0615,-0.24648,0.21959,0.060406
0.0616,-0.2474,0.21391,0.070439
0.0617,-0.24791,0.20763,0.08062
0.0618,-0.24801,0.20074,0.090931
0.0619,-0.24775,0.19326,0.10134
0.062,-0.24716,0.18524,0.11178
0.0621,-0.2463,0.17676,0.1222
0.0622,-0.24521,0.16794,0.13248
0.0623,-0.24394,0.15888,0.14256
0.0624,-0.24253,0.14971,0.15231
0.0625,-0.24102,0.14052,0.16166
0.0626,-0.23942,0.13141,0.1705
0.0627,-0.23773,0.12243,0.17877
0.0628,-0.23591,0.11363,0.1864
0.0629,-0.23396,0.105,0.19337
0.063,-0.23182,0.096486,0.19966
0.0631,-0.22944,0.088039,0.2053
0.0632,-0.22678,0.079574,0.21028
0.0633,-0.22379,0.070995,0.21467
0.0634,-0.22043,0.062206,0.21852
0.0635,-0.21667,0.05312,0.22191
0.0636,-0.21249,0.043664,0.2249
0.0637,-0.20788,0.033788,0.22758
0.0638,-0.20287,0.023476,0.23002
0.0639,-0.19747,0.012735,0.23227
0.064,-0.19172,0.001614,0.23438
0.0641,-0.18567,-0.0098172,0.23637
0.0642,-0.17939,-0.021455,0.23824
0.0643,-0.17291,-0.033188,0.23997
0.0644,-0.16626,-0.044888,0.24152
0.0645,-0.15949,-0.056436,0.24284
0.0646,-0.15261,-0.067716,0.24387
0.0647,-0.14563,-0.078635,0.24455
0.0648,-0.13857,-0.089116,0.24485
0.0649,-0.13141,-0.099111,0.24471
0.065,-0.12412,-0.10859,0.24412
0.0651,-0.11667,-0.11754,0.24307
0.0652,3.9297,-4.0424,0.11881
0.0653,5.1717,-5.2495,0.083174
0.0654,5.734,-5.7953,0.067775
0.0655,6.6844,-6.7055,0.02921
0.0656,7.261,-7.243,-0.0080935
0.0657,7.1438,-7.1185,-0.01328
0.0658,7.3416,-7.31,-0.017491
0.0659,8.493,-8.4134,-0.064208
0.066,10.124,-9.9721,-0.13536
0.0661,11.525,-11.323,-0.18372
0.0662,12.745,-12.507,-0.21974
0.0663,13.639,-13.367,-0.25243
0.0664,13.965,-13.679,-0.26616
0.0665,13.681,-13.4,-0.25884
0.0666,13.165,-12.889,-0.25291
0.0667,12.915,-12.634,-0.25758
0.0668,13.216,-12.924,-0.26845
0.0669,14.003,-13.689,-0.28993
0.067,15.305,-14.948,-0.33137
0.0671,16.753,-16.353,-0.37413
0.0672,17.354,-16.942,-0.38604
0.0673,16.936,-16.536,-0.37284
0.0674,16.409,-16.017,-0.36538
0.0675,15.793,-15.408,-0.35753
0.0676,14.346,-13.994,-0.32564
0.0677,12.658,-12.342,-0.28928
0.0678,11.902,-11.591,-0.28375
0.0679,11.697,-11.375,-0.29458
0.068,11.166,-10.852,-0.28707
0.0681,10.656,-10.36,-0.26789
0.0682,10.506,-10.218,-0.25971
0.0683,9.9085,-9.6328,-0.24659
0.0684,8.3657,-8.1314,-0.20453
0.0685,6.5502,-6.3685,-0.15115
0.0686,5.0803,-4.933,-0.11624
0.0687,3.8935,-3.7686,-0.093367
0.0688,2.8937,-2.7973,-0.064434
0.0689,2.1555,-2.0859,-0.03679
0.069,1.5753,-1.5201,-0.021223
0.0691,0.94018,-0.9046,-0.0002375
0.0692,-0.159,0.15542,0.04046
0.0693,-1.7242,1.6744,0.088419
0.0694,-3.5411,3.4483,0.13264
0.0695,-5.7245,5.5796,0.18529
0.0696,-8.3966,8.1866,0.25073
0.0697,-10.849,10.585,0.30428
0.0698,-12.884,12.575,0.34907
0.0699,-14.534,14.181,0.39289
0.07,-16.179,15.776,0.44353
0.0701,-17.656,17.206,0.49158
0.0702,-18.995,18.502,0.53511
0.0703,-20.787,20.241,0.58938
0.0704,-23.088,22.475,0.6564
0.0705,-25.276,24.601,0.71856
0.0706,-27.243,26.515,0.77119
0.0707,-29.354,28.568,0.82899
0.0708,-31.442,30.591,0.8931
0.0709,-33.124,32.216,0.94906
0.071,-34.578,33.623,0.99694
0.0711,-36.166,35.156,1.0518
0.0712,-37.946,36.872,1.1152
0.0713,-39.95,38.816,1.1771
0.0714,-42.327,41.13,1.2387
0.0715,-45.093,43.824,1.311
0.0716,-48.03,46.681,1.3902
0.0717,-50.764,49.342,1.4622
0.0718,-53.045,51.558,1.5256
0.0719,-54.999,53.447,1.5904
0.072,-56.808,55.19,1.655
0.0721,-58.375,56.701,1.7102
0.0722,-59.759,58.034,1.7603
0.0723,-61.373,59.587,1.8176
0.0724,-63.29,61.439,1.8797
0.0725,-65.183,63.27,1.9373
0.0726,-67.077,65.099,1.9952
0.0727,-69.167,67.114,2.0613
0.0728,-71.093,68.965,2.1254
0.0729,-72.455,70.263,2.1759
0.073,-73.559,71.305,2.22
0.0731,-74.812,72.489,2.268
0.0732,-76.144,73.747,2.3146
0.0733,-77.571,75.096,2.3559
0.0734,-79.382,76.816,2.4021
0.0735,-81.512,78.832,2.4583
0.0736,-83.523,80.714,2.5132
0.0737,-85.2,82.252,2.5582
0.0738,-86.579,83.472,2.5988
0.0739,-87.615,84.32,2.637
0.074,-88.218,84.708,2.6644
0.0741,-88.465,84.707,2.6788
0.0742,-88.636,84.575,2.6919
0.0743,-89.025,84.583,2.7119
0.0744,-89.673,84.759,2.734
0.0745,-90.427,84.934,2.7554
0.0746,-91.246,85.039,2.7817
0.0747,-92.066,84.981,2.8113
0.0748,-92.541,84.405,2.8314
0.0749,-92.497,83.117,2.8381
0.075,-92.283,81.432,2.8411
0.0751,-92.189,79.607,2.8448
0.0752,-92.102,77.519,2.8439
0.0753,-92.07,75.2,2.8412
0.0754,-92.38,72.916,2.847
0.0755,-92.903,70.54,2.8593
0.0756,-93.192,67.672,2.8661
0.0757,-93.145,64.27,2.8648
0.0758,-92.83,60.473,2.8596
0.0759,-92.054,56.191,2.846
0.076,-90.721,51.458,2.8174
0.0761,-89.179,46.707,2.7812
0.0762,-87.813,42.354,2.7499
0.0763,-86.695,38.499,2.7249
0.0764,-85.781,35.122,2.7012
0.0765,-85.049,32.201,2.6808
0.0766,-84.388,29.617,2.6656
0.0767,-83.57,27.164,2.6477
0.0768,-82.405,24.695,2.618
0.0769,-80.931,22.247,2.5797
0.077,-79.361,19.997,2.54
0.0771,-77.804,18.022,2.4985
0.0772,-76.246,16.285,2.4533
0.0773,-74.835,14.875,2.4119
0.0774,-73.748,13.9,2.3799
0.0775,-72.785,13.147,2.3503
0.0776,-71.576,12.278,2.3138
0.0777,-70.052,11.233,2.271
0.0778,-68.242,10.04,2.2233
0.0779,-65.985,8.5703,2.1649
0.078,-63.327,6.8798,2.0953
0.0781,-60.701,5.345,2.0258
0.0782,-58.378,4.1735,1.9638
0.0783,-56.266,3.2506,1.9061
0.0784,-54.332,2.5295,1.8503
0.0785,-52.653,2.0562,1.8001
0.0786,-51.07,1.6683,1.7534
0.0787,-49.294,1.1135,1.7006
0.0788,-47.265,0.35429,1.6384
0.0789,-45.085,-0.51252,1.5728
0.079,-42.806,-1.445,1.5066
0.0791,-40.476,-2.3963,1.4375
0.0792,-38.245,-3.2317,1.3686
0.0793,-36.278,-3.8249,1.3073
0.0794,-34.554,-4.2109,1.2527
0.0795,-32.846,-4.5994,1.1962
0.0796,-30.944,-5.1806,1.1341
0.0797,-28.811,-5.9844,1.0685
0.0798,-26.435,-7.0125,0.99818
0.0799,-23.758,-8.3062,0.91919
0.08,-20.918,-9.7345,0.83584
0.0801,-18.24,-11.003,0.75762
0.0802,-15.858,-12.002,0.68626
0.0803,-13.685,-12.819,0.61785
0.0804,-11.763,-13.427,0.55374
0.0805,-10.158,-13.772,0.4969
0.0806,-8.6532,-14.065,0.44183
0.0807,-6.9673,-14.564,0.38098
0.0808,-5.1094,-15.255,0.31588
0.0809,-3.1864,-16.038,0.25161
0.081,-1.1814,-16.926,0.18732
0.0811,0.8403,-17.853,0.12207
0.0812,2.6592,-18.615,0.061377
0.0813,4.1932,-19.141,0.0092115
0.0814,5.5903,-19.576,-0.039313
0.0815,6.999,-20.059,-0.089787
0.0816,8.4667,-20.635,-0.14121
0.0817,10.039,-21.35,-0.19223
0.0818,11.783,-22.262,-0.24644
0.0819,13.679,-23.347,-0.30493
0.082,15.56,-24.448,-0.3616
0.0821,17.226,-25.374,-0.41122
0.0822,18.604,-26.053,-0.45533
0.0823,19.691,-26.485,-0.49515
0.0824,20.442,-26.628,-0.52747
0.0825,20.897,-26.524,-0.55245
0.0826,21.302,-26.409,-0.5769
0.0827,21.855,-26.47,-0.60451
0.0828,22.508,-26.664,-0.63186
0.0829,23.191,-26.917,-0.65705
0.083,23.936,-27.258,-0.68282
0.0831,24.658,-27.601,-0.708
0.0832,25.157,-27.754,-0.72695
0.0833,25.413,-27.697,-0.73916
0.0834,25.574,-27.57,-0.74965
0.0835,25.689,-27.419,-0.75965
0.0836,25.744,-27.234,-0.76667
0.0837,25.846,-27.115,-0.77248
0.0838,26.097,-27.158,-0.78136
0.0839,26.409,-27.275,-0.79169
0.084,26.604,-27.296,-0.79794
0.0841,26.579,-27.116,-0.79881
0.0842,26.28,-26.681,-0.79591
0.0843,25.654,-25.938,-0.78738
0.0844,24.706,-24.894,-0.77065
0.0845,23.574,-23.683,-0.7489
0.0846,22.456,-22.496,-0.72759
0.0847,21.447,-21.427,-0.7071
0.0848,20.527,-20.454,-0.68528
0.0849,19.69,-19.573,-0.66363
0.085,18.949,-18.79,-0.64414
0.0851,18.186,-17.993,-0.62329
0.0852,17.235,-17.018,-0.59671
0.0853,16.093,-15.863,-0.56566
0.0854,14.854,-14.617,-0.53297
0.0855,13.525,-13.289,-0.49738
0.0856,12.126,-11.898,-0.45831
0.0857,10.801,-10.584,-0.41995
0.0858,9.6228,-9.4162,-0.38513
0.0859,8.4564,-8.2629,-0.3505
0.086,7.1565,-6.9824,-0.31257
0.0861,5.6922,-5.543,-0.27209
0.0862,4.0167,-3.8982,-0.22889
0.0863,2.0523,-1.974,-0.17953
0.0864,-0.15113,0.17881,-0.12351
0.0865,-2.4213,2.393,-0.06537
0.0866,-4.6285,4.5425,-0.0083588
0.0867,-6.7254,6.5795,0.048228
0.0868,-8.669,8.4612,0.1039
0.0869,-10.425,10.156,0.15595
0.087,-12.053,11.724,0.20511
0.0871,-13.708,13.314,0.25616
0.0872,-15.503,15.035,0.31149
0.0873,-17.433,16.885,0.36947
0.0874,-19.458,18.822,0.42952
0.0875,-21.563,20.83,0.49293
0.0876,-23.678,22.84,0.55781
0.0877,-25.677,24.731,0.61985
0.0878,-27.543,26.485,0.67867
0.0879,-29.4,28.221,0.73768
0.088,-31.326,30.015,0.79807
0.0881,-33.328,31.873,0.85901
0.0882,-35.473,33.857,0.92253
0.0883,-37.833,36.033,0.99153
0.0884,-40.32,38.313,1.0641
0.0885,-42.764,40.527,1.1358
0.0886,-45.078,42.585,1.2052
0.0887,-47.217,44.44,1.2723
0.0888,-49.104,46.012,1.3351
0.0889,-50.734,47.291,1.3921
0.089,-52.238,48.403,1.4464
0.0891,-53.763,49.481,1.5021
0.0892,-55.36,50.568,1.5596
0.0893,-57.028,51.653,1.6176
0.0894,-58.766,52.725,1.6769
0.0895,-60.534,53.734,1.7373
0.0896,-62.231,54.568,1.7955
0.0897,-63.772,55.138,1.8486
0.0898,-65.174,55.448,1.8976
0.0899,-66.507,55.556,1.9448
0.09,-67.81,55.488,1.9899
0.0901,-69.115,55.273,2.0333
0.0902,-70.504,54.977,2.0778
0.0903,-72,54.619,2.1247
0.0904,-73.488,54.085,2.1707
0.0905,-74.826,53.248,2.2128
0.0906,-75.954,52.069,2.2508
0.0907,-76.83,50.534,2.2841
0.0908,-77.397,48.63,2.3107
0.0909,-77.704,46.448,2.3313
0.091,-77.906,44.177,2.3498
0.0911,-78.11,41.952,2.3689
0.0912,-78.335,39.819,2.3877
0.0913,-78.604,37.825,2.4065
0.0914,-78.932,35.999,2.4262
0.0915,-79.246,34.287,2.4455
0.0916,-79.433,32.602,2.4608
0.0917,-79.449,30.923,2.471
0.0918,-79.322,29.284,2.4777
0.0919,-79.081,27.718,2.4815
0.092,-78.76,26.259,2.4821
0.0921,-78.429,24.963,2.4812
0.0922,-78.147,23.865,2.4812
0.0923,-77.884,22.924,2.4814
0.0924,-77.534,22.035,2.4788
0.0925,-77.011,21.117,2.4721
0.0926,-76.277,20.134,2.4616
0.0927,-75.294,19.054,2.4459
0.0928,-74.047,17.869,2.4238
0.0929,-72.62,16.654,2.3974
0.093,-71.151,15.522,2.3702
0.0931,-69.716,14.524,2.343
0.0932,-68.34,13.668,2.3157
0.0933,-67.061,12.971,2.2893
0.0934,-65.877,12.413,2.2644
0.0935,-64.689,11.897,2.2385
0.0936,-63.395,11.331,2.2087
0.0937,-61.984,10.705,2.1754
0.0938,-60.475,10.035,2.1396
0.0939,-58.874,9.3283,2.1007
0.094,-57.222,8.6196,2.0591
0.0941,-55.597,7.9724,2.017
0.0942,-54.026,7.4003,1.9758
0.0943,-52.457,6.8504,1.9339
0.0944,-50.824,6.2623,1.8894
0.0945,-49.087,5.5992,1.8426
0.0946,-47.207,4.8255,1.7928
0.0947,-45.144,3.9112,1.7384
0.0948,-42.916,2.8784,1.6794
0.0949,-40.619,1.8115,1.6184
0.095,-38.354,0.79893,1.5575
0.0951,-36.179,-0.11307,1.4972
0.0952,-34.132,-0.89836,1.438
0.0953,-32.24,-1.5414,1.3813
0.0954,-30.467,-2.0841,1.3263
0.0955,-28.709,-2.624,1.2705
0.0956,-26.892,-3.2277,1.2123
0.0957,-25.01,-3.9006,1.1522
0.0958,-23.061,-4.6427,1.0903
0.0959,-21.041,-5.4563,1.0257
0.096,-18.997,-6.2957,0.95977
0.0961,-17.002,-7.0971,0.89456
0.0962,-15.066,-7.8563,0.83036
0.0963,-13.146,-8.615,0.76576
0.0964,-11.214,-9.4008,0.70038
0.0965,-9.2457,-10.239,0.63441
0.0966,-7.1889,-11.177,0.56663
0.0967,-5.0143,-12.242,0.49579
0.0968,-2.7693,-13.388,0.42304
0.0969,-0.54289,-14.533,0.35076
0.097,1.5947,-15.612,0.28006
0.0971,3.5938,-16.581,0.2114
0.0972,5.411,-17.404,0.14612
0.0973,7.0419,-18.08,0.084999
0.0974,8.549,-18.671,0.026517
0.0975,10.02,-19.263,-0.031435
0.0976,11.507,-19.905,-0.089329
0.0977,13.03,-20.615,-0.14706
0.0978,14.606,-21.409,-0.20539
0.0979,16.227,-22.279,-0.26441
0.098,17.831,-23.164,-0.32236
0.0981,19.353,-24.002,-0.37762
0.0982,20.79,-24.792,-0.43054
0.0983,22.163,-25.553,-0.4818
0.0984,23.485,-26.297,-0.53114
0.0985,24.781,-27.052,-0.57889
0.0986,26.106,-27.867,-0.62656
0.0987,27.465,-28.746,-0.67459
0.0988,28.796,-29.628,-0.72137
0.0989,30.032,-30.446,-0.76539
0.099,31.126,-31.157,-0.80624
0.0991,32.033,-31.713,-0.84313
0.0992,32.718,-32.079,-0.87473
0.0993,33.203,-32.279,-0.90125
0.0994,33.565,-32.386,-0.9246
0.0995,33.878,-32.468,-0.94618
0.0996,34.187,-32.569,-0.96629
0.0997,34.526,-32.722,-0.98558
0.0998,34.911,-32.94,-1.0049
0.0999,35.308,-33.188,-1.0236
0.1,35.647,-33.397,-1.0399
0.1001,35.882,-33.52,-1.0529
0.1002,36.009,-33.552,-1.0631
0.1003,36.033,-33.497,-1.0706
0.1004,35.966,-33.364,-1.075
0.1005,35.843,-33.189,-1.0774
0.1006,35.707,-33.01,-1.0791
0.1007,35.548,-32.817,-1.08
0.1008,35.315,-32.56,-1.0786
0.1009,34.965,-32.194,-1.0745
0.101,34.466,-31.688,-1.0672
0.1011,33.776,-31.001,-1.0556
0.1012,32.879,-30.114,-1.0388
0.1013,31.823,-29.075,-1.0178
0.1014,30.687,-27.961,-0.99428
0.1015,29.53,-26.829,-0.96916
0.1016,28.397,-25.724,-0.94296
0.1017,27.326,-24.683,-0.91675
0.1018,26.317,-23.703,-0.89094
0.1019,25.314,-22.732,-0.86428
0.102,24.257,-21.709,-0.83534
0.1021,23.114,-20.603,-0.80387
0.1022,21.873,-19.402,-0.76994
0.1023,20.529,-18.101,-0.73315
0.1024,19.1,-16.716,-0.69378
0.1025,17.627,-15.289,-0.6532
0.1026,16.141,-13.848,-0.61232
0.1027,14.629,-12.381,-0.57069
0.1028,13.061,-10.858,-0.52763
0.1029,11.412,-9.2555,-0.48295
0.103,9.6515,-7.5422,-0.43601
0.1031,7.7465,-5.6863,-0.3856
0.1032,5.7028,-3.6938,-0.33156
0.1033,3.5788,-1.6216,-0.27517
0.1034,1.4418,0.46424,-0.21772
0.1035,-0.66019,2.5163,-0.1598
0.1036,-2.6838,4.4918,-0.1023
0.1037,-4.5992,6.3619,-0.046203
0.1038,-6.4258,8.1456,0.0087781
0.1039,-8.2224,9.9,0.064063
0.104,-10.038,11.674,0.12061
0.1041,-11.901,13.494,0.1786
0.1042,-13.834,15.383,0.23846
0.1043,-15.843,17.348,0.30055
0.1044,-17.9,19.361,0.36412
0.1045,-19.96,21.377,0.42784
0.1046,-22.002,23.378,0.49127
0.1047,-24.033,25.368,0.55479
0.1048,-26.065,27.359,0.61851
0.1049,-28.113,29.367,0.68253
0.105,-30.208,31.421,0.74766
0.1051,-32.367,33.536,0.8146
0.1052,-34.567,35.69,0.88282
0.1053,-36.752,37.827,0.95103
0.1054,-38.873,39.898,1.0184
0.1055,-40.887,41.859,1.0842
0.1056,-42.756,43.67,1.1475
0.1057,-44.464,45.316,1.2077
0.1058,-46.046,46.828,1.2655
0.1059,-47.559,48.257,1.3221
0.106,-49.044,49.643,1.3781
0.1061,-50.532,51.014,1.4336
0.1062,-52.05,52.389,1.4892
0.1063,-53.592,53.76,1.5448
0.1064,-55.12,55.083,1.5993
0.1065,-56.591,56.31,1.6516
0.1066,-57.991,57.421,1.7015
0.1067,-59.317,58.401,1.7491
0.1068,-60.568,59.242,1.7942
0.1069,-61.762,59.949,1.8372
0.107,-62.924,60.536,1.879
0.1071,-64.057,60.993,1.9198
0.1072,-65.135,61.279,1.959
0.1073,-66.117,61.344,1.9959
0.1074,-66.968,61.14,2.0301
0.1075,-67.653,60.621,2.0609
0.1076,-68.144,59.756,2.0876
0.1077,-68.453,58.554,2.1103
0.1078,-68.624,57.065,2.1301
0.1079,-68.712,55.351,2.1478
0.108,-68.759,53.468,2.164
0.1081,-68.799,51.471,2.1792
0.1082,-68.852,49.403,2.1939
0.1083,-68.9,47.275,2.2076
0.1084,-68.904,45.08,2.2193
0.1085,-68.829,42.824,2.2282
0.1086,-68.662,40.526,2.2344
0.1087,-68.394,38.213,2.2375
0.1088,-68.024,35.915,2.2375
0.1089,-67.574,33.678,2.2348
0.109,-67.069,31.541,2.2303
0.1091,-66.509,29.518,2.224
0.1092,-65.874,27.595,2.2154
0.1093,-65.143,25.758,2.2043
0.1094,-64.292,23.985,2.1905
0.1095,-63.296,22.251,2.1732
0.1096,-62.147,20.548,2.1522
0.1097,-60.874,18.898,2.1279
0.1098,-59.527,17.336,2.1013
0.1099,-58.15,15.892,2.0732
0.11,-56.785,14.591,2.0439
0.1101,-55.464,13.443,2.0144
0.1102,-54.191,12.439,1.9848
0.1103,-52.942,11.542,1.9544
0.1104,-51.678,10.705,1.9225
0.1105,-50.367,9.8946,1.8885
0.1106,-48.991,9.0854,1.8521
0.1107,-47.535,8.2609,1.8129
0.1108,-46.004,7.4214,1.771
0.1109,-44.42,6.5843,1.7272
0.111,-42.805,5.7627,1.6819
0.1111,-41.158,4.951,1.6351
0.1112,-39.47,4.1359,1.5868
0.1113,-37.729,3.3036,1.5369
0.1114,-35.918,2.4346,1.4851
0.1115,-34.019,1.5108,1.4309
0.1116,-32.036,0.53619,1.3742
0.1117,-30.001,-0.4615,1.3157
0.1118,-27.955,-1.4485,1.2562
0.1119,-25.934,-2.3949,1.1961
0.112,-23.974,-3.2726,1.1362
0.1121,-22.098,-4.0662,1.0772
0.1122,-20.3,-4.7874,1.019
0.1123,-18.546,-5.47,0.96078
0.1124,-16.801,-6.1502,0.90188
0.1125,-15.034,-6.8581,0.84188
0.1126,-13.22,-7.6179,0.78028
0.1127,-11.345,-8.4408,0.71673
0.1128,-9.4231,-9.316,0.65159
0.1129,-7.4779,-10.221,0.5856
0.113,-5.5276,-11.141,0.51919
0.1131,-3.578,-12.073,0.45244
0.1132,-1.6305,-13.017,0.38552
0.1133,0.31918,-13.979,0.31853
0.1134,2.285,-14.975,0.2511
0.1135,4.2769,-16.015,0.18293
0.1136,6.2826,-17.087,0.11433
0.1137,8.2727,-18.167,0.045988
0.1138,10.216,-19.225,-0.021505
0.1139,12.081,-20.233,-0.087545
0.114,13.837,-21.164,-0.15135
0.1141,15.473,-22.008,-0.21248
0.1142,17.005,-22.785,-0.27129
0.1143,18.468,-23.528,-0.32845
0.1144,19.895,-24.27,-0.38445
0.1145,21.319,-25.041,-0.43978
0.1146,22.762,-25.865,-0.49493
0.1147,24.229,-26.744,-0.55001
0.1148,25.7,-27.659,-0.60445
0.1149,27.148,-28.584,-0.65762
0.115,28.554,-29.5,-0.70921
0.1151,29.905,-30.393,-0.75899
0.1152,31.191,-31.254,-0.80668
0.1153,32.417,-32.086,-0.85232
0.1154,33.595,-32.902,-0.89629
0.1155,34.728,-33.702,-0.93874
0.1156,35.803,-34.474,-0.97929
0.1157,36.799,-35.197,-1.0175
0.1158,37.694,-35.845,-1.0531
0.1159,38.461,-36.393,-1.0854
0.116,39.081,-36.821,-1.114
0.1161,39.559,-37.131,-1.1388
0.1162,39.92,-37.347,-1.1604
0.1163,40.199,-37.502,-1.1795
0.1164,40.431,-37.627,-1.1965
0.1165,40.644,-37.751,-1.212
0.1166,40.859,-37.89,-1.2266
0.1167,41.069,-38.038,-1.2401
0.1168,41.251,-38.17,-1.2519
0.1169,41.379,-38.26,-1.2618
0.117,41.431,-38.285,-1.2693
0.1171,41.391,-38.229,-1.2742
0.1172,41.25,-38.081,-1.2762
0.1173,41.018,-37.85,-1.2758
0.1174,40.707,-37.547,-1.2731
0.1175,40.319,-37.173,-1.2683
0.1176,39.848,-36.722,-1.2612
0.1177,39.284,-36.183,-1.2516
0.1178,38.611,-35.54,-1.2392
0.1179,37.815,-34.777,-1.2236
0.118,36.89,-33.89,-1.2046
0.1181,35.85,-32.891,-1.1823
0.1182,34.725,-31.81,-1.1573
0.1183,33.548,-30.679,-1.1302
0.1184,32.351,-29.529,-1.1015
0.1185,31.16,-28.386,-1.0719
0.1186,29.987,-27.26,-1.0416
0.1187,28.818,-26.139,-1.0104
0.1188,27.628,-24.997,-0.97795
0.1189,26.392,-23.81,-0.94387
0.119,25.087,-22.556,-0.90785
0.1191,23.696,-21.216,-0.86956
0.1192,22.217,-19.79,-0.82897
0.1193,20.661,-18.287,-0.78647
0.1194,19.041,-16.72,-0.74238
0.1195,17.363,-15.095,-0.69679
0.1196,15.628,-13.414,-0.64972
0.1197,13.836,-11.675,-0.60116
0.1198,11.977,-9.8694,-0.55091
0.1199,10.044,-7.9901,-0.49862
0.12,8.0408,-6.0406,-0.44423
0.1201,5.9858,-4.0391,-0.38808
0.1202,3.9054,-2.0117,-0.33061
0.1203,2.1198,-0.26928,-0.28135
0.1204,2.1114,-0.25265,-0.28525
0.1205,2.0992,-0.23745,-0.28597
0.1206,2.0819,-0.22195,-0.2843
0.1207,2.0708,-0.20933,-0.28658
0.1208,2.0682,-0.19782,-0.29553
0.1209,2.0666,-0.18723,-0.30387
0.121,2.0598,-0.17498,-0.30828
0.1211,2.0629,-0.16659,-0.31723
0.1212,2.0808,-0.16202,-0.33451
0.1213,2.1021,-0.15842,-0.35212
0.1214,2.1165,-0.15108,-0.3651
0.1215,2.1283,-0.14284,-0.37506
0.1216,2.137,-0.1327,-0.38281
0.1217,2.1453,-0.12163,-0.39011
0.1218,2.1562,-0.10987,-0.39947
0.1219,2.1677,-0.099308,-0.40763
0.122,2.1735,-0.08747,-0.41098
0.1221,2.1776,-0.076277,-0.41195
0.1222,2.1831,-0.066095,-0.41315
0.1223,2.187,-0.056829,-0.41194
0.1224,2.1831,-0.044856,-0.40621
0.1225,2.1757,-0.033003,-0.39777
