0.05,0.41859,0.10939,-0.45828
0.0501,0.40556,0.12903,-0.46539
0.0502,0.38915,0.14973,-0.47061
0.0503,0.37028,0.17093,-0.47431
0.0504,0.34959,0.19228,-0.47677
0.0505,0.32749,0.21357,-0.47813
0.0506,0.30425,0.23457,-0.47845
0.0507,0.28025,0.25507,-0.47779
0.0508,0.25567,0.27495,-0.47621
0.0509,0.23062,0.29425,-0.4738
0.051,0.20522,0.31296,-0.47062
0.0511,0.17966,0.33106,-0.46678
0.0512,0.15397,0.34859,-0.46233
0.0513,0.12824,0.36559,-0.45736
0.0514,0.10257,0.38213,-0.45196
0.0515,0.076987,0.39831,-0.44624
0.0516,0.051493,0.41417,-0.44021
0.0517,0.026132,0.42972,-0.43386
0.0518,0.00089663,0.44494,-0.42718
0.0519,-0.02426,0.45986,-0.42012
0.052,-0.049365,0.47449,-0.41259
0.0521,-0.074385,0.48875,-0.40454
0.0522,-0.099337,0.50256,-0.3958
0.0523,-0.12419,0.51584,-0.38627
0.0524,-0.14886,0.52848,-0.37589
0.0525,-0.17329,0.54041,-0.36459
0.0526,-0.19743,0.55152,-0.35228
0.0527,-0.22117,0.56171,-0.33896
0.0528,-0.24444,0.57094,-0.32463
0.0529,-0.26725,0.57923,-0.30935
0.053,-0.28957,0.5866,-0.29315
0.0531,-0.31132,0.59303,-0.27616
0.0532,-0.33249,0.59858,-0.25847
0.0533,-0.35309,0.60333,-0.2402
0.0534,-0.37307,0.60736,-0.22151
0.0535,-0.39239,0.61072,-0.20257
0.0536,-0.41106,0.61348,-0.18346
0.0537,-0.42908,0.61569,-0.16428
0.0538,-0.44641,0.61738,-0.14514
0.0539,-0.46304,0.61859,-0.12611
0.054,-0.47904,0.61934,-0.10719
0.0541,-0.49436,0.61957,-0.088401
0.0542,-0.50901,0.61924,-0.069728
0.0543,-0.52302,0.61828,-0.051125
0.0544,-0.53641,0.6166,-0.032538
0.0545,-0.54911,0.61411,-0.013949
0.0546,-0.56111,0.61069,0.0046952
0.0547,-0.57241,0.60629,0.023431
0.0548,-0.58296,0.60081,0.042263
0.0549,-0.59271,0.59421,0.061156
0.055,-0.60165,0.58645,0.080095
0.0551,-0.60972,0.57751,0.099021
0.0552,-0.61687,0.56737,0.11785
0.0553,-0.62309,0.55608,0.1365
0.0554,-0.62838,0.5437,0.15488
0.0555,-0.63273,0.5303,0.1729
0.0556,-0.63615,0.51594,0.19051
0.0557,-0.63871,0.50075,0.20763
0.0558,-0.64042,0.48481,0.22421
0.0559,-0.6413,0.46822,0.24019
0.056,-0.64141,0.45106,0.25559
0.0561,-0.64076,0.43339,0.27038
0.0562,-0.63933,0.41523,0.28458
0.0563,-0.63715,0.39662,0.29822
0.0564,-0.63424,0.37756,0.31136
0.0565,-0.63056,0.35805,0.32403
0.0566,-0.62614,0.33808,0.33629
0.0567,-0.62099,0.31764,0.34819
0.0568,-0.61511,0.29673,0.35979
0.0569,-0.60846,0.27534,0.37106
0.057,-0.60105,0.25348,0.38205
0.0571,-0.59285,0.23118,0.39275
0.0572,-0.58381,0.20848,0.40309
0.0573,-0.57388,0.18544,0.41298
0.0574,-0.56306,0.16215,0.42238
0.0575,-0.55133,0.13869,0.4312
0.0576,-0.53863,0.11515,0.43935
0.0577,-0.52499,0.091659,0.44677
0.0578,-0.51041,0.068307,0.45342
0.0579,-0.49489,0.045174,0.45926
0.058,-0.47842,0.02232,0.46429
0.0581,-0.46106,-0.00020249,0.46854
0.0582,-0.44284,-0.022382,0.47204
0.0583,-0.42378,-0.044223,0.47483
0.0584,-0.40395,-0.065741,0.47697
0.0585,-0.38339,-0.086964,0.47853
0.0586,-0.36215,-0.10795,0.47957
0.0587,-0.34028,-0.12874,0.48014
0.0588,-0.31782,-0.14937,0.48029
0.0589,-0.29479,-0.16989,0.48006
0.059,-0.27124,-0.19031,0.47945
0.0591,-0.24721,-0.21062,0.47846
0.0592,-0.22273,-0.2308,0.4771
0.0593,-0.19786,-0.2508,0.4753
0.0594,-0.17265,-0.27055,0.47305
0.0595,-0.14717,-0.28996,0.47029
0.0596,-0.12146,-0.30894,0.46695
0.0597,-0.095595,-0.3274,0.46297
0.0598,-0.069636,-0.34526,0.45828
0.0599,-0.043632,-0.36247,0.45284
0.06,-0.01763,-0.37896,0.44659
0.0601,0.0083015,-0.39469,0.43952
0.0602,0.034096,-0.40963,0.43162
0.0603,0.059712,-0.42377,0.42291
0.0604,0.085086,-0.43714,0.4134
0.0605,0.11015,-0.44974,0.40315
0.0606,0.13489,-0.46162,0.39219
0.0607,0.15928,-0.47286,0.38057
0.0608,0.18329,-0.4835,0.36834
0.0609,0.20694,-0.49359,0.35555
0.061,0.23022,-0.50319,0.3422
0.0611,0.25315,-0.51232,0.32833
0.0612,0.27571,-0.52101,0.31396
0.0613,0.2979,-0.52924,0.29908
0.0614,0.31972,-0.53699,0.2837
0.0615,0.34111,-0.54419,0.26781
0.0616,0.36206,-0.55079,0.25142
0.0617,0.38252,-0.55672,0.23451
0.0618,0.40246,-0.5619,0.21711
0.0619,0.42182,-0.56628,0.19923
0.062,0.44057,-0.56979,0.18088
0.0621,0.45867,-0.57238,0.1621
0.0622,0.47607,-0.57403,0.14294
0.0623,0.49274,-0.57472,0.12345
0.0624,0.50865,-0.57446,0.1037
0.0625,0.52379,-0.57327,0.083771
0.0626,0.53815,-0.57119,0.06376
0.0627,0.55173,-0.56828,0.043752
0.0628,0.56452,-0.56456,0.023843
0.0629,0.57649,-0.56009,0.0041198
0.063,0.58765,-0.55491,-0.015337
0.0631,0.598,-0.54903,-0.034473
0.0632,0.60754,-0.54246,-0.053238
0.0633,0.61628,-0.53517,-0.071617
0.0634,0.62423,-0.52713,-0.089616
0.0635,0.63142,-0.51829,-0.10726
0.0636,0.63784,-0.50859,-0.12457
0.0637,0.64353,-0.49798,-0.1416
0.0638,0.64847,-0.4864,-0.1584
0.0639,0.65266,-0.47381,-0.17499
0.064,0.65608,-0.46017,-0.19142
0.0641,0.65872,-0.44547,-0.2077
0.0642,0.66055,-0.42971,-0.22383
0.0643,0.66152,-0.41291,-0.23977
0.0644,0.66164,-0.39513,-0.25551
0.0645,0.66089,-0.37644,-0.27098
0.0646,0.65926,-0.35694,-0.28613
0.0647,0.65675,-0.33674,-0.30087
0.0648,0.65339,-0.31595,-0.31514
0.0649,0.64918,-0.29469,-0.32887
0.065,0.64413,-0.27309,-0.34196
0.0651,0.63826,-0.25126,-0.35438
0.0652,0.63158,-0.22928,-0.36607
0.0653,0.62412,-0.20722,-0.37703
0.0654,0.61586,-0.18515,-0.38726
0.0655,0.60684,-0.16309,-0.39679
0.0656,0.59704,-0.14106,-0.40565
0.0657,0.58647,-0.11905,-0.41387
0.0658,0.57513,-0.097038,-0.42153
0.0659,0.56301,-0.074993,-0.42867
0.066,0.55008,-0.052875,-0.43534
0.0661,0.53632,-0.030651,-0.4416
0.0662,0.52171,-0.0082967,-0.44747
0.0663,0.5062,0.014205,-0.45297
0.0664,0.48978,0.036847,-0.45808
0.0665,0.47243,0.059604,-0.46279
0.0666,0.45413,0.082434,-0.46706
0.0667,0.43487,0.10528,-0.47083
0.0668,0.41468,0.12805,-0.47404
0.0669,0.39358,0.15068,-0.47664
0.067,0.37163,0.17306,-0.47858
0.0671,0.34889,0.19512,-0.47981
0.0672,0.32545,0.21676,-0.4803
0.0673,0.30141,0.23792,-0.48005
0.0674,0.27687,0.25853,-0.47904
0.0675,0.25193,0.27857,-0.4773
0.0676,0.22669,0.29801,-0.47485
0.0677,0.20122,0.31686,-0.47174
0.0678,0.1756,0.33514,-0.46801
0.0679,0.14988,0.35289,-0.46372
0.068,0.12409,0.37014,-0.45891
0.0681,0.098283,0.38696,-0.45363
0.0682,0.072488,0.4034,-0.44791
0.0683,0.046735,0.41948,-0.44179
0.0684,0.021046,0.4352,-0.43526
0.0685,-0.0045502,0.45057,-0.4283
0.0686,-0.030027,0.46555,-0.4209
0.0687,-0.055366,0.48011,-0.41299
0.0688,-0.080546,0.49419,-0.40449
0.0689,-0.10554,0.50774,-0.39532
0.069,-0.13031,0.52068,-0.38539
0.0691,-0.15485,0.53296,-0.37462
0.0692,-0.17911,0.54449,-0.36295
0.0693,-0.20304,0.55524,-0.35033
0.0694,-0.22661,0.56514,-0.33674
0.0695,-0.24976,0.57417,-0.32219
0.0696,-0.27247,0.58232,-0.30674
0.0697,-0.29468,0.58959,-0.29044
0.0698,-0.31636,0.59601,-0.27341
0.0699,-0.3375,0.60162,-0.25574
0.07,-0.35805,0.60647,-0.23754
0.0701,-0.37802,0.6106,-0.21895
0.0702,-0.39737,0.61408,-0.20007
0.0703,-0.41609,0.61694,-0.18099
0.0704,-0.43418,0.61923,-0.16182
0.0705,-0.45162,0.62096,-0.14261
0.0706,-0.46839,0.62214,-0.12343
0.0707,-0.48448,0.62276,-0.1043
0.0708,-0.49988,0.62278,-0.085231
0.0709,-0.51459,0.62216,-0.06624
0.071,-0.52859,0.62083,-0.047313
0.0711,-0.54188,0.61872,-0.02843
0.0712,-0.55444,0.61576,-0.0095689
0.0713,-0.56624,0.61186,0.009288
0.0714,-0.57726,0.60698,0.028157
0.0715,-0.5875,0.60105,0.047044
0.0716,-0.59693,0.59403,0.065937
0.0717,-0.60555,0.5859,0.084811
0.0718,-0.61333,0.57666,0.10363
0.0719,-0.62027,0.56631,0.12233
0.072,-0.62634,0.55487,0.14084
0.0721,-0.63155,0.54239,0.1591
0.0722,-0.63589,0.52893,0.17703
0.0723,-0.63935,0.51455,0.19455
0.0724,-0.64194,0.49933,0.21161
0.0725,-0.64368,0.48333,0.22817
0.0726,-0.64459,0.46664,0.24418
0.0727,-0.64468,0.44931,0.25964
0.0728,-0.64396,0.4314,0.27454
0.0729,-0.64247,0.41296,0.2889
0.073,-0.64019,0.39403,0.30275
0.0731,-0.63715,0.37461,0.3161
0.0732,-0.63333,0.35472,0.329
0.0733,-0.62874,0.33436,0.34147
0.0734,-0.62337,0.31354,0.35353
0.0735,-0.6172,0.29226,0.36521
0.0736,-0.61024,0.27054,0.37651
0.0737,-0.60247,0.24841,0.38744
0.0738,-0.59388,0.2259,0.39799
0.0739,-0.58446,0.20307,0.40812
0.074,-0.57419,0.17998,0.4178
0.0741,-0.56306,0.1567,0.42695
0.0742,-0.55107,0.13332,0.43553
0.0743,-0.5382,0.10992,0.44348
0.0744,-0.52442,0.086568,0.45076
0.0745,-0.50974,0.063345,0.45731
0.0746,-0.49413,0.040307,0.46313
0.0747,-0.47761,0.017501,0.46819
0.0748,-0.46016,-0.0050439,0.47251
0.0749,-0.44183,-0.027313,0.47611
0.075,-0.42264,-0.049311,0.47903
0.0751,-0.40262,-0.07105,0.48131
0.0752,-0.38183,-0.092553,0.48299
0.0753,-0.36032,-0.11384,0.48414
0.0754,-0.33814,-0.13495,0.48479
0.0755,-0.31535,-0.15589,0.48498
0.0756,-0.292,-0.17667,0.48473
0.0757,-0.26814,-0.19729,0.48405
0.0758,-0.24382,-0.21773,0.48295
0.0759,-0.21909,-0.23796,0.48141
0.076,-0.194,-0.25793,0.47939
0.0761,-0.1686,-0.27757,0.47687
0.0762,-0.14297,-0.29682,0.47381
0.0763,-0.11715,-0.31559,0.47015
0.0764,-0.091214,-0.33383,0.46586
0.0765,-0.065223,-0.35148,0.4609
0.0766,-0.039235,-0.36848,0.45522
0.0767,-0.013305,-0.3848,0.4488
0.0768,0.012522,-0.40039,0.44162
0.0769,0.038202,-0.41524,0.43367
0.077,0.0637,-0.42935,0.42495
0.0771,0.088984,-0.44275,0.41546
0.0772,0.11403,-0.45544,0.40525
0.0773,0.1388,-0.46748,0.3943
0.0774,0.16329,-0.47889,0.38266
0.0775,0.18746,-0.48972,0.37036
0.0776,0.2113,-0.49999,0.35744
0.0777,0.23479,-0.50973,0.34392
0.0778,0.25791,-0.51894,0.32982
0.0779,0.28064,-0.52763,0.31516
0.078,0.30296,-0.53578,0.29997
0.0781,0.32484,-0.54337,0.28425
0.0782,0.34625,-0.55034,0.26802
0.0783,0.36717,-0.55666,0.25128
0.0784,0.38756,-0.56226,0.23405
0.0785,0.40739,-0.56711,0.21634
0.0786,0.42663,-0.57114,0.19819
0.0787,0.44523,-0.57431,0.17962
0.0788,0.46316,-0.57661,0.16069
0.0789,0.4804,-0.57801,0.14142
0.079,0.49691,-0.5785,0.1219
0.0791,0.51268,-0.5781,0.10217
0.0792,0.5277,-0.57683,0.082309
0.0793,0.54197,-0.57471,0.062397
0.0794,0.55548,-0.57179,0.042506
0.0795,0.56822,-0.56808,0.022708
0.0796,0.58019,-0.56361,0.0030699
0.0797,0.59137,-0.5584,-0.016347
0.0798,0.60177,-0.55246,-0.035496
0.0799,0.61137,-0.54577,-0.054342
0.08,0.62018,-0.5383,-0.072862
0.0801,0.62819,-0.53001,-0.091051
0.0802,0.6354,-0.52084,-0.10892
0.0803,0.64181,-0.51075,-0.12647
0.0804,0.64741,-0.4997,-0.14374
0.0805,0.6522,-0.48763,-0.16076
0.0806,0.65619,-0.47454,-0.17755
0.0807,0.65937,-0.46039,-0.19413
0.0808,0.66173,-0.44522,-0.21051
0.0809,0.66326,-0.42902,-0.22668
0.081,0.66397,-0.41187,-0.24264
0.0811,0.66385,-0.39381,-0.25833
0.0812,0.66288,-0.37492,-0.27373
0.0813,0.66107,-0.35529,-0.28878
0.0814,0.65842,-0.33502,-0.3034
0.0815,0.65494,-0.31422,-0.31754
0.0816,0.65062,-0.29298,-0.33112
0.0817,0.64549,-0.27141,-0.34411
0.0818,0.63954,-0.24959,-0.35644
0.0819,0.6328,-0.22761,-0.36809
0.082,0.62527,-0.20552,-0.37906
0.0821,0.61695,-0.18336,-0.38937
0.0822,0.60785,-0.16117,-0.39902
0.0823,0.59795,-0.13895,-0.40804
0.0824,0.58725,-0.11669,-0.41644
0.0825,0.57574,-0.094396,-0.42428
0.0826,0.56339,-0.072035,-0.43159
0.0827,0.55019,-0.04959,-0.4384
0.0828,0.53611,-0.027046,-0.44475
0.0829,0.52115,-0.004395,-0.45065
0.083,0.50525,0.018358,-0.45611
0.0831,0.48843,0.041196,-0.46114
0.0832,0.47067,0.064086,-0.4657
0.0833,0.45198,0.086982,-0.46979
0.0834,0.43238,0.10982,-0.47335
0.0835,0.41188,0.13254,-0.47636
0.0836,0.39055,0.15507,-0.47876
0.0837,0.36842,0.17733,-0.48052
0.0838,0.34556,0.19925,-0.48161
0.0839,0.32205,0.22077,-0.48199
0.084,0.29797,0.24183,-0.48167
0.0841,0.27341,0.26239,-0.48063
0.0842,0.24845,0.28243,-0.47889
0.0843,0.22316,0.30194,-0.47647
0.0844,0.19763,0.32091,-0.47342
0.0845,0.17192,0.33935,-0.46975
0.0846,0.14609,0.35729,-0.46552
0.0847,0.12018,0.37476,-0.46076
0.0848,0.094231,0.39179,-0.45551
0.0849,0.068284,0.40842,-0.44979
0.085,0.042369,0.42465,-0.4436
0.0851,0.016517,0.44048,-0.43694
0.0852,-0.0092417,0.45589,-0.4298
0.0853,-0.034875,0.47085,-0.42214
0.0854,-0.060352,0.48533,-0.41392
0.0855,-0.085639,0.49928,-0.40507
0.0856,-0.1107,0.51265,-0.39552
0.0857,-0.13551,0.52537,-0.3852
0.0858,-0.16002,0.5374,-0.37406
0.0859,-0.18422,0.54868,-0.36204
0.086,-0.20806,0.55918,-0.34911
0.0861,-0.23151,0.56888,-0.33528
0.0862,-0.25456,0.57774,-0.32055
0.0863,-0.27716,0.58577,-0.30497
0.0864,-0.29929,0.59298,-0.2886
0.0865,-0.32093,0.5994,-0.27152
0.0866,-0.34206,0.60504,-0.25383
0.0867,-0.36264,0.60995,-0.23563
0.0868,-0.38265,0.61416,-0.21703
0.0869,-0.40208,0.61772,-0.19813
0.087,-0.42088,0.62063,-0.17902
0.0871,-0.43905,0.62294,-0.15977
0.0872,-0.45655,0.62463,-0.14047
0.0873,-0.47337,0.62572,-0.12115
0.0874,-0.48947,0.62618,-0.10186
0.0875,-0.50486,0.62597,-0.082606
0.0876,-0.51952,0.62506,-0.063408
0.0877,-0.53346,0.62339,-0.044262
0.0878,-0.54665,0.62091,-0.025161
0.0879,-0.55908,0.61755,-0.0060954
0.088,-0.57073,0.61326,0.012942
0.0881,-0.5816,0.60799,0.031954
0.0882,-0.59166,0.6017,0.050938
0.0883,-0.60091,0.59434,0.069878
0.0884,-0.60934,0.58592,0.088752
0.0885,-0.61695,0.57643,0.10752
0.0886,-0.62372,0.56586,0.12615
0.0887,-0.62967,0.55424,0.14457
0.0888,-0.63477,0.54162,0.16273
0.0889,-0.63903,0.52804,0.18058
0.089,-0.64245,0.51355,0.19805
0.0891,-0.64504,0.49821,0.21509
0.0892,-0.64678,0.48209,0.23166
0.0893,-0.64768,0.46524,0.24774
0.0894,-0.64775,0.44773,0.26329
0.0895,-0.647,0.4296,0.27832
0.0896,-0.64542,0.41089,0.29282
0.0897,-0.64303,0.39166,0.30682
0.0898,-0.63983,0.37191,0.32033
0.0899,-0.63582,0.35167,0.33337
0.09,-0.63101,0.33098,0.34595
0.0901,-0.62539,0.30983,0.35811
0.0902,-0.61897,0.28826,0.36984
0.0903,-0.61174,0.26628,0.38115
0.0904,-0.6037,0.24395,0.39205
0.0905,-0.59485,0.22129,0.40254
0.0906,-0.58518,0.19837,0.41257
0.0907,-0.57467,0.17524,0.42212
0.0908,-0.56332,0.15197,0.43113
0.0909,-0.55112,0.12863,0.43955
0.091,-0.53804,0.10528,0.44736
0.0911,-0.52408,0.081984,0.45452
0.0912,-0.50923,0.058804,0.46099
0.0913,-0.49345,0.035783,0.46676
0.0914,-0.47677,0.012955,0.47182
0.0915,-0.45917,-0.009656,0.47618
0.0916,-0.44068,-0.03204,0.47986
0.0917,-0.42131,-0.054197,0.48287
0.0918,-0.40111,-0.076133,0.48526
0.0919,-0.38011,-0.09786,0.48705
0.092,-0.35836,-0.11939,0.48827
0.0921,-0.33593,-0.14074,0.48897
0.0922,-0.31287,-0.1619,0.48917
0.0923,-0.28924,-0.18287,0.48888
0.0924,-0.26511,-0.20364,0.48812
0.0925,-0.24053,-0.22418,0.4869
0.0926,-0.21558,-0.24444,0.48519
0.0927,-0.1903,-0.26438,0.48299
0.0928,-0.16477,-0.28394,0.48026
0.0929,-0.13904,-0.30305,0.47697
0.093,-0.11317,-0.32166,0.47309
0.0931,-0.08722,-0.33973,0.46859
0.0932,-0.061234,-0.35722,0.46343
0.0933,-0.035266,-0.37409,0.45757
0.0934,-0.0093605,-0.39029,0.451
0.0935,0.016442,-0.4058,0.44369
0.0936,0.042105,-0.42062,0.43564
0.0937,0.067598,-0.43475,0.42685
0.0938,0.092892,-0.44819,0.41732
0.0939,0.11796,-0.46097,0.40704
0.094,0.14279,-0.47311,0.39605
0.0941,0.16734,-0.48464,0.38434
0.0942,0.1916,-0.49557,0.37196
0.0943,0.21554,-0.50593,0.35891
0.0944,0.23914,-0.51573,0.34522
0.0945,0.26237,-0.52495,0.33091
0.0946,0.28519,-0.53361,0.31602
0.0947,0.30758,-0.54166,0.30055
0.0948,0.32951,-0.5491,0.28453
0.0949,0.35094,-0.55588,0.26799
0.095,0.37184,-0.56196,0.25095
0.0951,0.39217,-0.5673,0.23344
0.0952,0.41191,-0.57186,0.2155
0.0953,0.43103,-0.57562,0.19714
0.0954,0.4495,-0.57853,0.17842
0.0955,0.4673,-0.58059,0.15937
0.0956,0.4844,-0.58178,0.14004
0.0957,0.50079,-0.58212,0.12048
0.0958,0.51645,-0.58159,0.10076
0.0959,0.5314,-0.58024,0.080929
0.096,0.54562,-0.57807,0.061061
0.0961,0.5591,-0.5751,0.041219
0.0962,0.57182,-0.57135,0.021466
0.0963,0.58378,-0.56682,0.0018595
0.0964,0.59496,-0.56154,-0.017549
0.0965,0.60536,-0.55547,-0.036719
0.0966,0.61495,-0.5486,-0.055619
0.0967,0.62373,-0.5409,-0.074231
0.0968,0.6317,-0.53232,-0.092546
0.0969,0.63886,-0.52282,-0.11056
0.097,0.64518,-0.51236,-0.12829
0.0971,0.65068,-0.5009,-0.14575
0.0972,0.65535,-0.48841,-0.16294
0.0973,0.65918,-0.47488,-0.17989
0.0974,0.66218,-0.46033,-0.1966
0.0975,0.66435,-0.44477,-0.21307
0.0976,0.66568,-0.42823,-0.22929
0.0977,0.66618,-0.41078,-0.24525
0.0978,0.66585,-0.39248,-0.26092
0.0979,0.66469,-0.37341,-0.27626
0.098,0.66272,-0.35366,-0.29121
0.0981,0.65992,-0.33331,-0.30573
0.0982,0.65631,-0.31247,-0.31977
0.0983,0.6519,-0.29121,-0.33327
0.0984,0.64668,-0.26963,-0.34618
0.0985,0.64066,-0.2478,-0.35846
0.0986,0.63384,-0.22578,-0.3701
0.0987,0.62622,-0.20362,-0.38111
0.0988,0.61779,-0.18136,-0.39147
0.0989,0.60856,-0.15902,-0.4012
0.099,0.59851,-0.13661,-0.41031
0.0991,0.58762,-0.11414,-0.41883
0.0992,0.57589,-0.091593,-0.42678
0.0993,0.56331,-0.068973,-0.43419
0.0994,0.54983,-0.046269,-0.44109
0.0995,0.53547,-0.02348,-0.44749
0.0996,0.52019,-0.00061055,-0.45341
0.0997,0.50398,0.022324,-0.45886
0.0998,0.48684,0.045298,-0.46383
0.0999,0.46876,0.068276,-0.4683
0.1,0.44977,0.091212,-0.47226
0.1001,0.42988,0.11405,-0.47567
0.1002,0.40914,0.13673,-0.47852
0.1003,0.38758,0.1592,-0.48077
0.1004,0.36998,0.17901,-0.48472
0.1005,0.35452,0.1973,-0.48967
0.1006,0.33844,0.21517,-0.49393
0.1007,0.32182,0.23256,-0.49745
0.1008,0.30475,0.24946,-0.50029
0.1009,0.28724,0.26589,-0.50242
0.101,0.26928,0.28187,-0.50381
0.1011,0.25095,0.29738,-0.50449
0.1012,0.2323,0.31243,-0.50447
0.1013,0.21334,0.32704,-0.50375
0.1014,0.19411,0.34129,-0.50241
0.1015,0.17465,0.35523,-0.5005
0.1016,0.155,0.36885,-0.49799
0.1017,0.13517,0.38213,-0.49485
0.1018,0.11526,0.39503,-0.49112
0.1019,0.095309,0.40754,-0.48679
0.102,0.075336,0.41963,-0.4818
0.1021,0.055402,0.43127,-0.47614
0.1022,0.035566,0.4424,-0.46978
0.1023,0.01586,0.45296,-0.46262
0.1024,-0.0036814,0.46293,-0.45466
0.1025,-0.023028,0.4723,-0.44586
0.1026,-0.042194,0.481,-0.43612
0.1027,-0.061186,0.489,-0.42538
0.1028,-0.079975,0.49628,-0.41366
0.1029,-0.098565,0.50288,-0.40099
0.103,-0.11699,0.50877,-0.38733
0.1031,-0.13523,0.51397,-0.37276
0.1032,-0.15325,0.51853,-0.35738
0.1033,-0.17106,0.52247,-0.34124
0.1034,-0.18868,0.52586,-0.32444
0.1035,-0.20605,0.52873,-0.30711
0.1036,-0.22315,0.53108,-0.28932
0.1037,-0.23998,0.53291,-0.2711
0.1038,-0.25647,0.53425,-0.25258
0.1039,-0.27257,0.53511,-0.23385
0.104,-0.28827,0.53545,-0.21493
0.1041,-0.30351,0.53524,-0.19588
0.1042,-0.31823,0.53446,-0.17677
0.1043,-0.33243,0.53306,-0.15761
0.1044,-0.3461,0.53097,-0.13839
0.1045,-0.35922,0.52816,-0.11911
0.1046,-0.37175,0.52456,-0.099797
0.1047,-0.38372,0.52013,-0.080389
0.1048,-0.39514,0.51481,-0.060883
0.1049,-0.40598,0.5086,-0.041319
0.105,-0.41627,0.50148,-0.021687
0.1051,-0.42604,0.49343,-0.0019755
0.1052,-0.43528,0.48446,0.017765
0.1053,-0.44402,0.47461,0.037481
0.1054,-0.45226,0.46388,0.057161
0.1055,-0.46001,0.45232,0.076765
0.1056,-0.46725,0.43995,0.096233
0.1057,-0.47398,0.42681,0.11551
0.1058,-0.48018,0.41297,0.13456
0.1059,-0.48583,0.39849,0.15329
0.106,-0.4909,0.38341,0.17166
0.1061,-0.49537,0.36777,0.18966
0.1062,-0.4992,0.35161,0.20722
0.1063,-0.50237,0.33497,0.22435
0.1064,-0.50487,0.31788,0.24106
0.1065,-0.5067,0.30034,0.25735
0.1066,-0.50783,0.28239,0.27322
0.1067,-0.50825,0.26403,0.2887
0.1068,-0.508,0.24529,0.30381
0.1069,-0.50704,0.2262,0.31853
0.107,-0.5054,0.20681,0.33286
0.1071,-0.5031,0.18716,0.34686
0.1072,-0.50014,0.1673,0.3605
0.1073,-0.49653,0.14729,0.37373
0.1074,-0.49227,0.12719,0.38656
0.1075,-0.48737,0.10705,0.39898
0.1076,-0.4818,0.086932,0.41091
0.1077,-0.47553,0.066904,0.42231
0.1078,-0.46855,0.047005,0.43316
0.1079,-0.4608,0.027282,0.44341
0.108,-0.45221,0.0077622,0.45301
0.1081,-0.44278,-0.011542,0.46195
0.1082,-0.43247,-0.030631,0.47022
0.1083,-0.42127,-0.049498,0.4778
0.1084,-0.40916,-0.06816,0.48471
0.1085,-0.39618,-0.086635,0.49097
0.1086,-0.38234,-0.10494,0.49661
0.1087,-0.36767,-0.12308,0.50161
0.1088,-0.35224,-0.14105,0.50603
0.1089,-0.33611,-0.15886,0.50989
0.109,-0.31935,-0.17649,0.51319
0.1091,-0.30204,-0.1939,0.51596
0.1092,-0.28427,-0.21108,0.51822
0.1093,-0.2661,-0.22797,0.51996
0.1094,-0.24761,-0.24452,0.52118
0.1095,-0.22888,-0.2607,0.52187
0.1096,-0.20995,-0.27642,0.52198
0.1097,-0.19088,-0.29163,0.52148
0.1098,-0.1717,-0.30632,0.52033
0.1099,-0.15245,-0.32045,0.51849
0.11,-0.13314,-0.33399,0.5159
0.1101,-0.11379,-0.34692,0.51253
0.1102,-0.094402,-0.35925,0.50836
0.1103,-0.074983,-0.37098,0.50337
0.1104,-0.055522,-0.38212,0.49751
0.1105,-0.036023,-0.39271,0.49079
0.1106,-0.016491,-0.40277,0.48322
0.1107,0.003077,-0.41231,0.47475
0.1108,0.022661,-0.42137,0.46541
0.1109,0.042225,-0.42995,0.45523
0.111,0.06174,-0.43807,0.44423
0.1111,0.081172,-0.44572,0.43243
0.1112,0.10047,-0.4529,0.41988
0.1113,0.11957,-0.4596,0.40662
0.1114,0.13844,-0.46578,0.39268
0.1115,0.15703,-0.47142,0.3781
0.1116,0.17529,-0.47647,0.36292
0.1117,0.19319,-0.4809,0.34715
0.1118,0.21071,-0.48466,0.33083
0.1119,0.22782,-0.48774,0.31399
0.112,0.2445,-0.49011,0.29666
0.1121,0.26076,-0.49175,0.27887
0.1122,0.27657,-0.49265,0.26065
0.1123,0.29194,-0.49282,0.24204
0.1124,0.30688,-0.49229,0.22308
0.1125,0.32142,-0.49105,0.2038
0.1126,0.33556,-0.48913,0.18426
0.1127,0.34932,-0.48656,0.16451
0.1128,0.36269,-0.48335,0.1446
0.1129,0.37566,-0.47951,0.12459
0.113,0.3882,-0.47506,0.10455
0.1131,0.4003,-0.46997,0.084526
0.1132,0.41192,-0.46425,0.064571
0.1133,0.42303,-0.45784,0.044727
0.1134,0.4336,-0.45071,0.025021
0.1135,0.4436,-0.44278,0.0054655
0.1136,0.453,-0.43402,-0.013917
0.1137,0.46177,-0.42438,-0.033126
0.1138,0.46991,-0.41383,-0.052167
0.1139,0.47739,-0.40234,-0.07104
0.114,0.48422,-0.38992,-0.089743
0.1141,0.49039,-0.37657,-0.10829
0.1142,0.49593,-0.36233,-0.12669
0.1143,0.50084,-0.34726,-0.14493
0.1144,0.50514,-0.3314,-0.16301
0.1145,0.50887,-0.31483,-0.18091
0.1146,0.51202,-0.29764,-0.1986
0.1147,0.51462,-0.27992,-0.21604
0.1148,0.51668,-0.26176,-0.23319
0.1149,0.5182,-0.24324,-0.24999
0.115,0.51918,-0.22445,-0.26638
0.1151,0.51959,-0.20547,-0.28231
0.1152,0.51944,-0.18635,-0.29775
0.1153,0.5187,-0.16715,-0.31266
0.1154,0.51732,-0.14789,-0.32703
0.1155,0.51528,-0.1286,-0.34085
0.1156,0.51255,-0.10927,-0.35411
0.1157,0.50906,-0.08992,-0.36679
0.1158,0.50479,-0.070532,-0.37891
0.1159,0.4997,-0.051092,-0.39048
0.116,0.49375,-0.031595,-0.40151
0.1161,0.48693,-0.012033,-0.41202
0.1162,0.47922,0.0075912,-0.42204
0.1163,0.47061,0.02727,-0.43157
0.1164,0.46109,0.04698,-0.44063
0.1165,0.45069,0.066691,-0.44921
0.1166,0.43942,0.086359,-0.45733
0.1167,0.42731,0.10593,-0.46495
0.1168,0.41439,0.12535,-0.47206
0.1169,0.4007,0.14456,-0.47864
0.117,0.3863,0.1635,-0.48464
0.1171,0.37123,0.18212,-0.49004
0.1172,0.35554,0.20037,-0.49481
0.1173,0.33927,0.21823,-0.49893
0.1174,0.32248,0.23565,-0.50236
0.1175,0.30521,0.25262,-0.5051
0.1176,0.2875,0.26915,-0.50713
0.1177,0.26937,0.28522,-0.50845
0.1178,0.25088,0.30085,-0.50907
0.1179,0.23205,0.31604,-0.509
0.118,0.21292,0.33082,-0.50826
0.1181,0.19353,0.34521,-0.50686
0.1182,0.17392,0.35924,-0.50483
0.1183,0.15413,0.37292,-0.50219
0.1184,0.13421,0.38623,-0.49893
0.1185,0.11421,0.39917,-0.49505
0.1186,0.094165,0.41169,-0.49056
0.1187,0.074132,0.42378,-0.4854
0.1188,0.054145,0.43537,-0.47955
0.1189,0.034247,0.44645,-0.47295
0.119,0.014473,0.45695,-0.46555
0.1191,-0.0051542,0.46685,-0.45729
0.1192,-0.024614,0.47612,-0.44814
0.1193,-0.043891,0.48471,-0.43805
0.1194,-0.062979,0.49263,-0.427
0.1195,-0.081882,0.49986,-0.41499
0.1196,-0.1006,0.50641,-0.40202
0.1197,-0.11913,0.51228,-0.38814
0.1198,-0.13748,0.5175,-0.37339
0.1199,-0.15563,0.52209,-0.35782
0.12,-0.17359,0.52608,-0.34154
0.1201,-0.19132,0.5295,-0.32461
0.1202,-0.20881,0.53236,-0.30713
0.1203,-0.22602,0.5347,-0.28919
0.1204,-0.24291,0.53652,-0.27087
0.1205,-0.25945,0.53781,-0.25226
0.1206,-0.2756,0.53858,-0.23341
0.1207,-0.29129,0.5388,-0.21439
0.1208,-0.30651,0.53844,-0.19523
0.1209,-0.32122,0.53748,-0.17598
0.121,-0.33543,0.53587,-0.15666
0.1211,-0.3491,0.53356,-0.13727
0.1212,-0.36221,0.5305,-0.11783
0.1213,-0.37476,0.52666,-0.098319
0.1214,-0.38675,0.52198,-0.078746
0.1215,-0.39818,0.51645,-0.059101
0.1216,-0.40905,0.51002,-0.039383
0.1217,-0.41939,0.50269,-0.019606
0.1218,-0.42919,0.49444,0.00021787
0.1219,-0.43848,0.48528,0.020064
0.122,-0.44725,0.47523,0.039895
0.1221,-0.45552,0.46432,0.059667
0.1222,-0.46328,0.45257,0.079339
0.1223,-0.47052,0.44003,0.098859
0.1224,-0.47724,0.42673,0.11817
0.1225,-0.48341,0.41273,0.13724
