0.05,-0.20229,0.19246,0.032277
0.0501,-0.20489,0.18805,0.042974
0.0502,-0.20685,0.18323,0.053559
0.0503,-0.20816,0.17795,0.064028
0.0504,-0.20882,0.17216,0.074389
0.0505,-0.20887,0.16585,0.084653
0.0506,-0.20839,0.15902,0.094847
0.0507,-0.20748,0.15171,0.105
0.0508,-0.20625,0.144,0.11513
0.0509,-0.20484,0.13598,0.12523
0.051,-0.20335,0.12773,0.13529
0.0511,-0.2019,0.11936,0.14529
0.0512,-0.20054,0.11093,0.15516
0.0513,-0.19932,0.1025,0.16486
0.0514,-0.19825,0.094109,0.17431
0.0515,-0.19728,0.085754,0.18344
0.0516,-0.19637,0.077432,0.19214
0.0517,-0.19545,0.069113,0.20035
0.0518,-0.1944,0.06075,0.20798
0.0519,-0.1931,0.052292,0.21493
0.052,-0.19145,0.043672,0.22115
0.0521,-0.18933,0.034825,0.2266
0.0522,-0.18663,0.025689,0.23127
0.0523,-0.18331,0.016216,0.23519
0.0524,-0.17933,0.0063748,0.23841
0.0525,-0.1747,-0.0038429,0.24098
0.0526,-0.16947,-0.014417,0.24302
0.0527,-0.16372,-0.025301,0.2446
0.0528,-0.15757,-0.036433,0.24583
0.0529,-0.15111,-0.04773,0.24678
0.053,-0.14448,-0.05911,0.24755
0.0531,-0.13779,-0.070492,0.24819
0.0532,-0.13112,-0.081801,0.24876
0.0533,-0.12454,-0.092972,0.24927
0.0534,-0.11808,-0.10395,0.24975
0.0535,-0.11174,-0.1147,0.25018
0.0536,-0.1055,-0.12519,0.25052
0.0537,-0.099307,-0.13539,0.25073
0.0538,-0.093075,-0.1453,0.25074
0.0539,-0.086698,-0.15491,0.25049
0.054,-0.080059,-0.16421,0.24993
0.0541,-0.073053,-0.17318,0.249
0.0542,-0.065579,-0.18182,0.24766
0.0543,-0.05757,-0.19007,0.24591
0.0544,-0.048991,-0.19793,0.24374
0.0545,-0.039846,-0.20534,0.24117
0.0546,-0.030171,-0.21229,0.23823
0.0547,-0.020036,-0.21872,0.23496
0.0548,-0.009536,-0.22464,0.2314
0.0549,0.0012218,-0.23005,0.22759
0.055,0.012122,-0.23494,0.22358
0.0551,0.023045,-0.23931,0.21943
0.0552,0.033886,-0.24318,0.21517
0.0553,0.044555,-0.24654,0.21083
0.0554,0.054986,-0.24937,0.20641
0.0555,0.065143,-0.25169,0.20192
0.0556,0.070795,-0.022085,-4.7742
0.0557,0.082266,0.056578,-6.5156
0.0558,0.091218,0.098189,-7.521
0.0559,0.092334,0.15746,-8.7751
0.056,0.092848,0.20985,-9.5999
0.0561,0.099431,0.23522,-10.003
0.0562,0.10665,0.27142,-10.947
0.0563,0.11051,0.35331,-12.606
0.0564,0.113,0.46349,-14.586
0.0565,0.11885,0.56116,-16.591
0.0566,0.12851,0.64534,-18.484
0.0567,0.1422,0.7137,-19.935
0.0568,0.15817,0.76181,-21.032
0.0569,0.1778,0.79748,-21.848
0.057,0.19905,0.833,-22.489
0.0571,0.2227,0.88251,-23.399
0.0572,0.24701,0.95241,-24.991
0.0573,0.26981,1.0487,-27.145
0.0574,0.28699,1.1647,-29.583
0.0575,0.30362,1.2741,-31.943
0.0576,0.32518,1.3464,-33.641
0.0577,0.35214,1.3883,-34.569
0.0578,0.37938,1.4261,-35.317
0.0579,0.4117,1.4652,-36.057
0.058,0.44651,1.4904,-36.436
0.0581,0.46386,1.5111,-36.66
0.0582,0.44937,1.5488,-37.288
0.0583,0.41819,1.6052,-38.237
0.0584,0.38108,1.6597,-39.152
0.0585,0.34588,1.703,-40.043
0.0586,0.31722,1.7385,-40.904
0.0587,0.29588,1.7707,-41.494
0.0588,0.2781,1.7946,-41.819
0.0589,0.26386,1.8134,-42.135
0.059,0.2489,1.8407,-42.619
0.0591,0.23362,1.8832,-43.345
0.0592,0.21911,1.9326,-44.341
0.0593,0.20693,1.9749,-45.275
0.0594,0.19465,2.0048,-45.876
0.0595,0.18415,2.0248,-46.236
0.0596,0.17536,2.0312,-46.368
0.0597,0.16745,2.0272,-46.157
0.0598,0.15851,2.0216,-45.753
0.0599,0.14997,2.0172,-45.342
0.06,0.1406,2.0098,-44.856
0.0601,0.13129,2.0054,-44.336
0.0602,0.12323,2.0112,-44.075
0.0603,0.11785,2.022,-44.035
0.0604,0.11308,2.0251,-43.872
0.0605,0.10951,2.0217,-43.546
0.0606,0.10622,2.0175,-43.191
0.0607,0.10273,2.0141,-42.727
0.0608,0.098857,2.0108,-42.152
0.0609,0.096585,2.0123,-41.696
0.061,0.094178,2.0213,-41.406
0.0611,0.091022,2.0364,-41.099
0.0612,0.087406,2.0527,-40.704
0.0613,0.083982,2.072,-40.201
0.0614,0.078554,2.1033,-39.502
0.0615,0.07183,2.1548,-38.627
0.0616,0.06395,2.2208,-37.637
0.0617,0.054489,2.2893,-36.454
0.0618,0.042956,2.3351,-35.09
0.0619,0.032486,2.3326,-33.733
0.062,0.023916,2.2838,-32.452
0.0621,0.01741,2.2085,-31.207
0.0622,0.01299,2.1205,-30.083
0.0623,0.011216,2.036,-29.098
0.0624,0.0093736,1.9632,-28.054
0.0625,0.006896,1.8955,-26.902
0.0626,0.004473,1.8241,-25.791
0.0627,0.0026103,1.7495,-24.692
0.0628,-4.9463e-05,1.6666,-23.468
0.0629,-0.002134,1.5698,-22.177
0.063,-0.0033931,1.4627,-20.877
0.0631,-0.0044506,1.3513,-19.463
0.0632,-0.0058634,1.2369,-17.937
0.0633,-0.0063811,1.1252,-16.44
0.0634,-0.0079402,1.0213,-14.968
0.0635,-0.012017,0.92505,-13.429
0.0636,-0.018553,0.83128,-11.832
0.0637,-0.026219,0.73771,-10.19
0.0638,-0.035438,0.64487,-8.4786
0.0639,-0.044311,0.55479,-6.779
0.064,-0.051483,0.46666,-5.1675
0.0641,-0.05716,0.38065,-3.5916
0.0642,-0.062863,0.29969,-2.0443
0.0643,-0.067923,0.22643,-0.60087
0.0644,-0.073014,0.15878,0.77435
0.0645,-0.078559,0.096257,2.1423
0.0646,-0.084274,0.038921,3.4394
0.0647,-0.089028,-0.017245,4.6709
0.0648,-0.093845,-0.07881,5.982
0.0649,-0.098357,-0.14624,7.3904
0.065,-0.102,-0.21766,8.7964
0.0651,-0.10498,-0.29192,10.205
0.0652,-0.10878,-0.36776,11.651
0.0653,-0.11303,-0.44186,13.065
0.0654,-0.11847,-0.51302,14.427
0.0655,-0.12585,-0.58152,15.822
0.0656,-0.13458,-0.64771,17.236
0.0657,-0.14262,-0.71155,18.585
0.0658,-0.15001,-0.77316,19.861
0.0659,-0.15671,-0.83164,21.075
0.066,-0.16241,-0.88755,22.187
0.0661,-0.1672,-0.94102,23.216
0.0662,-0.17271,-0.9907,24.214
0.0663,-0.17872,-1.0347,25.153
0.0664,-0.18448,-1.0748,26.014
0.0665,-0.18946,-1.1133,26.862
0.0666,-0.19353,-1.1512,27.714
0.0667,-0.19516,-1.1894,28.53
0.0668,-0.19396,-1.23,29.328
0.0669,-0.19019,-1.2711,30.104
0.067,-0.18434,-1.31,30.781
0.0671,-0.1768,-1.346,31.339
0.0672,-0.16935,-1.3802,31.856
0.0673,-0.1627,-1.4121,32.355
0.0674,-0.15713,-1.4417,32.815
0.0675,-0.1524,-1.4704,33.273
0.0676,-0.14832,-1.4986,33.734
0.0677,-0.14382,-1.5247,34.123
0.0678,-0.13904,-1.5482,34.415
0.0679,-0.13451,-1.5682,34.636
0.068,-0.13057,-1.5832,34.764
0.0681,-0.12701,-1.5921,34.766
0.0682,-0.12455,-1.5952,34.683
0.0683,-0.12296,-1.5937,34.546
0.0684,-0.12158,-1.5902,34.359
0.0685,-0.11991,-1.5875,34.165
0.0686,-0.11818,-1.5863,33.998
0.0687,-0.11505,-1.5857,33.788
0.0688,-0.11111,-1.5854,33.538
0.0689,-0.10604,-1.5837,33.216
0.069,-0.10067,-1.5789,32.802
0.0691,-0.09482,-1.5703,32.283
0.0692,-0.089338,-1.5595,31.701
0.0693,-0.084293,-1.5467,31.092
0.0694,-0.079493,-1.5327,30.439
0.0695,-0.074139,-1.5186,29.743
0.0696,-0.068772,-1.5049,29.025
0.0697,-0.063223,-1.4898,28.252
0.0698,-0.05795,-1.4742,27.442
0.0699,-0.053019,-1.4572,26.583
0.07,-0.04908,-1.4385,25.679
0.0701,-0.045614,-1.4184,24.707
0.0702,-0.04266,-1.3984,23.678
0.0703,-0.040004,-1.3793,22.634
0.0704,-0.037555,-1.3614,21.588
0.0705,-0.034514,-1.3419,20.527
0.0706,-0.03106,-1.316,19.443
0.0707,-0.027005,-1.2784,18.314
0.0708,-0.022488,-1.2271,17.111
0.0709,-0.017479,-1.1622,15.841
0.071,-0.01265,-1.087,14.532
0.0711,-0.0077722,-1.006,13.191
0.0712,-0.0028104,-0.92321,11.823
0.0713,0.0025924,-0.84076,10.451
0.0714,0.0083569,-0.75972,9.0684
0.0715,0.014877,-0.68,7.6449
0.0716,0.021229,-0.60192,6.2151
0.0717,0.02728,-0.52452,4.7674
0.0718,0.032585,-0.44686,3.2804
0.0719,0.037266,-0.36854,1.7589
0.072,0.040944,-0.2902,0.23149
0.0721,0.044018,-0.2126,-1.2839
0.0722,0.046773,-0.13715,-2.7693
0.0723,0.049748,-0.064534,-4.2033
0.0724,0.053008,0.0056655,-5.5963
0.0725,0.057192,0.074778,-6.9871
0.0726,0.062243,0.14382,-8.3997
0.0727,0.068117,0.21389,-9.8421
0.0728,0.074512,0.28536,-11.323
0.0729,0.081672,0.35795,-12.835
0.073,0.089387,0.43071,-14.353
0.0731,0.097973,0.50287,-15.86
0.0732,0.10765,0.57313,-17.347
0.0733,0.11878,0.64062,-18.796
0.0734,0.13097,0.70534,-20.198
0.0735,0.14417,0.76821,-21.566
0.0736,0.15804,0.82988,-22.909
0.0737,0.17248,0.89141,-24.232
0.0738,0.18726,0.9534,-25.543
0.0739,0.20285,1.0156,-26.84
0.074,0.21951,1.0768,-28.097
0.0741,0.23766,1.1364,-29.297
0.0742,0.25715,1.1939,-30.444
0.0743,0.27762,1.2492,-31.537
0.0744,0.29729,1.3023,-32.581
0.0745,0.31375,1.3541,-33.594
0.0746,0.32451,1.405,-34.588
0.0747,0.32844,1.4549,-35.552
0.0748,0.32554,1.5035,-36.483
0.0749,0.31768,1.5507,-37.386
0.075,0.30703,1.596,-38.251
0.0751,0.29546,1.6386,-39.067
0.0752,0.28385,1.6781,-39.832
0.0753,0.27259,1.7143,-40.54
0.0754,0.26124,1.7473,-41.182
0.0755,0.24946,1.7774,-41.756
0.0756,0.23725,1.8056,-42.284
0.0757,0.22478,1.8313,-42.742
0.0758,0.21219,1.8544,-43.124
0.0759,0.20003,1.8751,-43.436
0.076,0.18854,1.893,-43.674
0.0761,0.17801,1.9085,-43.838
0.0762,0.16835,1.9221,-43.95
0.0763,0.15965,1.9346,-44.028
0.0764,0.15158,1.9462,-44.07
0.0765,0.14399,1.957,-44.078
0.0766,0.13669,1.9669,-44.051
0.0767,0.1298,1.9754,-43.979
0.0768,0.12331,1.9819,-43.85
0.0769,0.11756,1.9861,-43.665
0.077,0.11268,1.9875,-43.42
0.0771,0.10878,1.9861,-43.109
0.0772,0.10559,1.9823,-42.737
0.0773,0.10296,1.977,-42.313
0.0774,0.10047,1.9709,-41.841
0.0775,0.097698,1.9649,-41.317
0.0776,0.094555,1.9603,-40.753
0.0777,0.09063,1.9572,-40.12
0.0778,0.086095,1.9581,-39.435
0.0779,0.080932,1.9648,-38.685
0.078,0.074948,1.9795,-37.869
0.0781,0.068704,2.0047,-37.025
0.0782,0.061945,2.0376,-36.142
0.0783,0.054795,2.0707,-35.235
0.0784,0.047379,2.0934,-34.307
0.0785,0.040032,2.0977,-33.348
0.0786,0.032844,2.0804,-32.353
0.0787,0.026165,2.0447,-31.321
0.0788,0.020145,1.9965,-30.244
0.0789,0.014949,1.9411,-29.121
0.079,0.010473,1.8816,-27.958
0.0791,0.0067315,1.8197,-26.757
0.0792,0.0034208,1.7547,-25.517
0.0793,0.00046203,1.6846,-24.24
0.0794,-0.0022291,1.6071,-22.925
0.0795,-0.0046227,1.521,-21.561
0.0796,-0.0068971,1.4261,-20.15
0.0797,-0.0089431,1.3241,-18.699
0.0798,-0.010898,1.2183,-17.218
0.0799,-0.012966,1.1124,-15.724
0.08,-0.015513,1.0089,-14.238
0.0801,-0.018732,0.90959,-12.766
0.0802,-0.023039,0.81485,-11.302
0.0803,-0.028467,0.7246,-9.8433
0.0804,-0.034786,0.63806,-8.3786
0.0805,-0.04157,0.55437,-6.8936
0.0806,-0.048644,0.47287,-5.3836
0.0807,-0.055609,0.39328,-3.8549
0.0808,-0.062264,0.3154,-2.3143
0.0809,-0.068558,0.23944,-0.7729
0.081,-0.074646,0.1657,0.75057
0.0811,-0.080443,0.09421,2.244
0.0812,-0.086051,0.024505,3.7078
0.0813,-0.091477,-0.044033,5.1473
0.0814,-0.096697,-0.11227,6.571
0.0815,-0.10154,-0.18093,7.9911
0.0816,-0.10614,-0.25031,9.4129
0.0817,-0.11056,-0.3201,10.83
0.0818,-0.11502,-0.38979,12.232
0.0819,-0.11979,-0.45855,13.609
0.082,-0.12532,-0.52559,14.95
0.0821,-0.1317,-0.59042,16.248
0.0822,-0.13892,-0.65299,17.506
0.0823,-0.14676,-0.71335,18.726
0.0824,-0.1549,-0.77188,19.914
0.0825,-0.16288,-0.82907,21.078
0.0826,-0.17055,-0.88521,22.227
0.0827,-0.17778,-0.94018,23.358
0.0828,-0.18448,-0.99377,24.464
0.0829,-0.19053,-1.0456,25.539
0.083,-0.19587,-1.0953,26.571
0.0831,-0.20018,-1.1426,27.547
0.0832,-0.20309,-1.1876,28.465
0.0833,-0.20425,-1.2303,29.324
0.0834,-0.20346,-1.271,30.122
0.0835,-0.20057,-1.3099,30.857
0.0836,-0.19588,-1.3469,31.533
0.0837,-0.18986,-1.3821,32.15
0.0838,-0.18309,-1.4154,32.709
0.0839,-0.17607,-1.4468,33.217
0.084,-0.16932,-1.4763,33.677
0.0841,-0.16303,-1.5038,34.091
0.0842,-0.15725,-1.5293,34.46
0.0843,-0.15195,-1.5528,34.787
0.0844,-0.14723,-1.5741,35.068
0.0845,-0.14294,-1.5931,35.304
0.0846,-0.1392,-1.6096,35.492
0.0847,-0.13609,-1.6233,35.624
0.0848,-0.13358,-1.6339,35.694
0.0849,-0.13143,-1.6417,35.703
0.085,-0.1295,-1.6469,35.651
0.0851,-0.12758,-1.6495,35.535
0.0852,-0.12536,-1.6499,35.36
0.0853,-0.12242,-1.6487,35.128
0.0854,-0.11863,-1.6457,34.836
0.0855,-0.11401,-1.6409,34.479
0.0856,-0.10863,-1.6343,34.058
0.0857,-0.10265,-1.6261,33.577
0.0858,-0.096436,-1.6164,33.038
0.0859,-0.09025,-1.6053,32.445
0.086,-0.084252,-1.593,31.804
0.0861,-0.078489,-1.5801,31.124
0.0862,-0.073056,-1.5667,30.409
0.0863,-0.067954,-1.5531,29.664
0.0864,-0.063223,-1.5394,28.891
0.0865,-0.058883,-1.5259,28.088
0.0866,-0.054983,-1.5126,27.25
0.0867,-0.051471,-1.4995,26.37
0.0868,-0.048274,-1.4867,25.441
0.0869,-0.045243,-1.4737,24.462
0.087,-0.04225,-1.4595,23.434
0.0871,-0.039095,-1.4416,22.356
0.0872,-0.0356,-1.4168,21.229
0.0873,-0.031592,-1.3818,20.057
0.0874,-0.027076,-1.3344,18.843
0.0875,-0.022105,-1.2743,17.588
0.0876,-0.016778,-1.2033,16.298
0.0877,-0.011184,-1.1247,14.979
0.0878,-0.0054517,-1.0419,13.636
0.0879,0.00038781,-0.95736,12.269
0.088,0.0062909,-0.87303,10.883
0.0881,0.012172,-0.78986,9.4823
0.0882,0.017874,-0.70821,8.0669
0.0883,0.023281,-0.628,6.6377
0.0884,0.028227,-0.54908,5.1963
0.0885,0.032497,-0.47102,3.7421
0.0886,0.036324,-0.39419,2.2827
0.0887,0.039672,-0.31809,0.81684
0.0888,0.0427,-0.24277,-0.65201
0.0889,0.045718,-0.16826,-2.1213
0.089,0.049042,-0.094608,-3.5903
0.0891,0.053098,-0.021429,-5.0661
0.0892,0.057715,0.051369,-6.5475
0.0893,0.063185,0.12386,-8.037
0.0894,0.069513,0.19593,-9.5315
0.0895,0.07666,0.26759,-11.028
0.0896,0.084484,0.33869,-12.524
0.0897,0.093023,0.40889,-14.009
0.0898,0.10229,0.47781,-15.474
0.0899,0.11232,0.54528,-16.915
0.09,0.12303,0.61128,-18.327
0.0901,0.13438,0.67588,-19.706
0.0902,0.14624,0.73929,-21.053
0.0903,0.15855,0.80185,-22.374
0.0904,0.17123,0.86382,-23.669
0.0905,0.18436,0.92529,-24.941
0.0906,0.19803,0.98617,-26.189
0.0907,0.21241,1.0464,-27.41
0.0908,0.22751,1.1056,-28.602
0.0909,0.24321,1.1637,-29.761
0.091,0.25887,1.2204,-30.885
0.0911,0.27337,1.2754,-31.972
0.0912,0.28529,1.3287,-33.019
0.0913,0.29346,1.3801,-34.024
0.0914,0.29716,1.4293,-34.986
0.0915,0.29646,1.4764,-35.902
0.0916,0.29206,1.5212,-36.774
0.0917,0.28507,1.5636,-37.597
0.0918,0.27638,1.6034,-38.367
0.0919,0.26666,1.6406,-39.083
0.092,0.25635,1.6752,-39.741
0.0921,0.24567,1.7072,-40.338
0.0922,0.23473,1.7366,-40.871
0.0923,0.22368,1.7636,-41.342
0.0924,0.21267,1.7884,-41.752
0.0925,0.20189,1.811,-42.1
0.0926,0.19145,1.8316,-42.392
0.0927,0.18152,1.8506,-42.633
0.0928,0.17217,1.8679,-42.826
0.0929,0.16345,1.8838,-42.973
0.093,0.15529,1.898,-43.075
0.0931,0.14767,1.9107,-43.129
0.0932,0.14054,1.9214,-43.132
0.0933,0.13388,1.93,-43.081
0.0934,0.12773,1.9363,-42.971
0.0935,0.12219,1.9402,-42.801
0.0936,0.1173,1.9416,-42.57
0.0937,0.11313,1.9407,-42.279
0.0938,0.10962,1.9376,-41.93
0.0939,0.10667,1.9328,-41.524
0.094,0.10402,1.9268,-41.066
0.0941,0.10142,1.9201,-40.556
0.0942,0.098585,1.9135,-39.995
0.0943,0.095308,1.9079,-39.383
0.0944,0.091418,1.9045,-38.721
0.0945,0.086842,1.9045,-38.011
0.0946,0.081551,1.9097,-37.255
0.0947,0.07562,1.9211,-36.458
0.0948,0.069117,1.9385,-35.624
0.0949,0.062143,1.9592,-34.755
0.095,0.054835,1.9774,-33.852
0.0951,0.04742,1.9869,-32.913
0.0952,0.040088,1.9829,-31.935
0.0953,0.033046,1.9642,-30.915
0.0954,0.026496,1.9323,-29.849
0.0955,0.020626,1.89,-28.74
0.0956,0.015483,1.84,-27.588
0.0957,0.011068,1.7842,-26.396
0.0958,0.0073167,1.7229,-25.167
0.0959,0.0041408,1.656,-23.902
0.096,0.001384,1.5824,-22.598
0.0961,-0.0010555,1.5011,-21.257
0.0962,-0.0032775,1.4121,-19.876
0.0963,-0.0053951,1.3164,-18.461
0.0964,-0.0075602,1.2164,-17.019
0.0965,-0.0099044,1.1149,-15.56
0.0966,-0.012627,1.0143,-14.094
0.0967,-0.015953,0.91651,-12.627
0.0968,-0.020083,0.82246,-11.163
0.0969,-0.025082,0.73226,-9.6992
0.097,-0.030916,0.64557,-8.2294
0.0971,-0.037411,0.56183,-6.7479
0.0972,-0.044325,0.48046,-5.2506
0.0973,-0.051381,0.40102,-3.7371
0.0974,-0.058365,0.32328,-2.2121
0.0975,-0.065111,0.24723,-0.68395
0.0976,-0.071551,0.17293,0.83741
0.0977,-0.077659,0.10034,2.3433
0.0978,-0.083449,0.029297,3.8286
0.0979,-0.08894,-0.040562,5.2927
0.098,-0.09418,-0.10969,6.7386
0.0981,-0.099203,-0.17851,8.1707
0.0982,-0.10408,-0.2473,9.5917
0.0983,-0.10891,-0.31605,11.001
0.0984,-0.11388,-0.38453,12.395
0.0985,-0.11921,-0.45234,13.767
0.0986,-0.12513,-0.51905,15.112
0.0987,-0.13182,-0.58425,16.425
0.0988,-0.13934,-0.64775,17.703
0.0989,-0.14753,-0.70952,18.947
0.099,-0.15617,-0.76967,20.161
0.0991,-0.16493,-0.82834,21.348
0.0992,-0.17351,-0.88567,22.511
0.0993,-0.18163,-0.94167,23.651
0.0994,-0.18913,-0.99622,24.765
0.0995,-0.19584,-1.0491,25.848
0.0996,-0.20162,-1.1,26.892
0.0997,-0.20627,-1.1489,27.891
0.0998,-0.20957,-1.1956,28.838
0.0999,-0.21127,-1.2401,29.729
0.1,-0.21118,-1.2823,30.562
0.1001,-0.20922,-1.3226,31.334
0.1002,-0.20548,-1.3608,32.046
0.1003,-0.20023,-1.397,32.698
0.1004,-0.19389,-1.4312,33.293
0.1005,-0.18693,-1.4635,33.834
0.1006,-0.1798,-1.4939,34.323
0.1007,-0.17284,-1.5223,34.763
0.1008,-0.16629,-1.5489,35.157
0.1009,-0.16028,-1.5734,35.506
0.101,-0.15487,-1.5958,35.809
0.1011,-0.15009,-1.616,36.065
0.1012,-0.14593,-1.6338,36.272
0.1013,-0.14239,-1.6491,36.427
0.1014,-0.1394,-1.6616,36.527
0.1015,-0.13684,-1.6715,36.569
0.1016,-0.13453,-1.6787,36.551
0.1017,-0.13224,-1.6834,36.473
0.1018,-0.12974,-1.6859,36.335
0.1019,-0.12677,-1.6862,36.136
0.102,-0.12315,-1.6846,35.876
0.1021,-0.11881,-1.681,35.554
0.1022,-0.11376,-1.6757,35.17
0.1023,-0.10812,-1.6687,34.726
0.1024,-0.1021,-1.6601,34.225
0.1025,-0.095909,-1.6503,33.669
0.1026,-0.089751,-1.6394,33.064
0.1027,-0.083765,-1.6278,32.415
0.1028,-0.078066,-1.6158,31.725
0.1029,-0.072724,-1.6036,31
0.103,-0.067777,-1.5915,30.241
0.1031,-0.063242,-1.5797,29.448
0.1032,-0.059127,-1.5686,28.619
0.1033,-0.055391,-1.5585,27.751
0.1034,-0.051948,-1.5493,26.841
0.1035,-0.048678,-1.5408,25.888
0.1036,-0.045441,-1.5317,24.888
0.1037,-0.042071,-1.5198,23.842
0.1038,-0.038428,-1.5015,22.748
0.1039,-0.034406,-1.4732,21.609
0.104,-0.029945,-1.4321,20.425
0.1041,-0.025049,-1.3773,19.198
0.1042,-0.019784,-1.3101,17.933
0.1043,-0.01424,-1.2334,16.634
0.1044,-0.0085014,-1.1506,15.306
0.1045,-0.0026467,-1.0647,13.954
0.1046,0.0032433,-0.97797,12.581
0.1047,0.0090813,-0.8919,11.189
0.1048,0.014758,-0.80712,9.7802
0.1049,0.02015,-0.72385,8.3548
0.105,0.025139,-0.64206,6.9141
0.1051,0.029641,-0.56162,5.4602
0.1052,0.033631,-0.48245,3.9961
0.1053,0.037171,-0.40448,2.5255
0.1054,0.040415,-0.3277,1.0523
0.1055,0.043588,-0.25206,-0.42119
0.1056,0.046947,-0.17746,-1.8945
0.1057,0.050745,-0.10373,-3.3689
0.1058,0.055176,-0.030664,-4.8468
0.1059,0.06035,0.04194,-6.3306
0.106,0.066306,0.11418,-7.8204
0.1061,0.073037,0.18603,-9.3144
0.1062,0.080506,0.25735,-10.808
0.1063,0.088675,0.3279,-12.295
0.1064,0.097519,0.39742,-13.768
0.1065,0.107,0.46569,-15.22
0.1066,0.11707,0.53263,-16.647
0.1067,0.12761,0.5983,-18.045
0.1068,0.13855,0.66287,-19.414
0.1069,0.14978,0.72655,-20.756
0.107,0.16124,0.78954,-22.072
0.1071,0.17295,0.85192,-23.363
0.1072,0.18502,0.91367,-24.629
0.1073,0.19756,0.97465,-25.868
0.1074,0.2107,1.0347,-27.078
0.1075,0.22438,1.0935,-28.256
0.1076,0.2383,1.1509,-29.399
0.1077,0.2518,1.2067,-30.506
0.1078,0.26389,1.2608,-31.575
0.1079,0.27352,1.3131,-32.604
0.108,0.27983,1.3635,-33.591
0.1081,0.28245,1.4118,-34.534
0.1082,0.28155,1.4578,-35.432
0.1083,0.27769,1.5015,-36.282
0.1084,0.27162,1.5428,-37.081
0.1085,0.26401,1.5816,-37.827
0.1086,0.25541,1.6179,-38.517
0.1087,0.24616,1.6518,-39.148
0.1088,0.23651,1.6831,-39.72
0.1089,0.22663,1.7121,-40.23
0.109,0.21666,1.7388,-40.678
0.1091,0.20674,1.7633,-41.065
0.1092,0.19701,1.7857,-41.394
0.1093,0.18758,1.8062,-41.668
0.1094,0.17855,1.8249,-41.891
0.1095,0.16997,1.8419,-42.066
0.1096,0.16187,1.8574,-42.194
0.1097,0.15424,1.8711,-42.274
0.1098,0.14709,1.883,-42.306
0.1099,0.14043,1.8929,-42.285
0.11,0.13431,1.9005,-42.208
0.1101,0.12878,1.9057,-42.072
0.1102,0.1239,1.9084,-41.875
0.1103,0.11971,1.9087,-41.618
0.1104,0.11615,1.9068,-41.301
0.1105,0.11311,1.9029,-40.926
0.1106,0.11042,1.8975,-40.496
0.1107,0.10782,1.891,-40.013
0.1108,0.10508,1.8839,-39.477
0.1109,0.10198,1.8771,-38.891
0.111,0.098349,1.8712,-38.254
0.1111,0.094087,1.8673,-37.569
0.1112,0.089157,1.8667,-36.836
0.1113,0.083575,1.8704,-36.061
0.1114,0.077388,1.879,-35.245
0.1115,0.070675,1.8919,-34.393
0.1116,0.063557,1.906,-33.506
0.1117,0.056199,1.9166,-32.585
0.1118,0.048809,1.9186,-31.627
0.1119,0.041612,1.9089,-30.629
0.112,0.034825,1.8868,-29.589
0.1121,0.028627,1.8534,-28.505
0.1122,0.023138,1.811,-27.378
0.1123,0.018393,1.7615,-26.209
0.1124,0.014329,1.7058,-25.001
0.1125,0.010847,1.6441,-23.756
0.1126,0.0078262,1.5758,-22.473
0.1127,0.005141,1.5001,-21.153
0.1128,0.0026676,1.4168,-19.796
0.1129,0.00028955,1.3263,-18.403
0.113,-0.0021102,1.2306,-16.981
0.1131,-0.0046662,1.132,-15.535
0.1132,-0.0075335,1.0331,-14.076
0.1133,-0.010889,0.93609,-12.611
0.1134,-0.014907,0.8422,-11.145
0.1135,-0.019701,0.75191,-9.6809
0.1136,-0.025278,0.6651,-8.2148
0.1137,-0.03153,0.5813,-6.7421
0.1138,-0.038257,0.49995,-5.2582
0.1139,-0.045218,0.42054,-3.7608
0.114,-0.052184,0.34276,-2.2512
0.1141,-0.058986,0.26645,-0.73438
0.1142,-0.065865,0.20251,0.54956
0.1143,-0.073558,0.19909,0.56103
0.1144,-0.080045,0.19618,0.57226
0.1145,-0.086654,0.19271,0.58277
0.1146,-0.095256,0.1909,0.58835
0.1147,-0.10526,0.19283,0.59071
0.1148,-0.11477,0.19437,0.59215
0.1149,-0.12392,0.19247,0.59469
0.115,-0.134,0.19214,0.59321
0.1151,-0.1455,0.19583,0.58726
0.1152,-0.15732,0.19874,0.5804
0.1153,-0.1684,0.19839,0.57744
0.1154,-0.17841,0.19666,0.57693
0.1155,-0.18805,0.1935,0.57895
0.1156,-0.19764,0.18973,0.58255
0.1157,-0.2073,0.18715,0.58736
0.1158,-0.21602,0.18455,0.59291
0.1159,-0.22351,0.17922,0.60153
0.116,-0.22991,0.17305,0.61139
0.1161,-0.23554,0.16835,0.62112
0.1162,-0.23991,0.16379,0.63107
0.1163,-0.24322,0.15725,0.64339
0.1164,-0.24531,0.15003,0.656
0.1165,-0.24632,0.14303,0.66799
0.1166,-0.24655,0.13656,0.67919
0.1167,-0.24698,0.13082,0.6902
0.1168,-0.24738,0.12554,0.70016
0.1169,-0.24786,0.11997,0.70957
0.117,-0.24893,0.11612,0.71684
0.1171,-0.25103,0.11453,0.72224
0.1172,-0.25292,0.11208,0.72831
0.1173,-0.25433,0.10659,0.73778
0.1174,-0.25556,0.10078,0.74861
0.1175,-0.2569,0.09581,0.76022
0.1176,-0.2577,0.090033,0.77348
0.1177,-0.25819,0.082797,0.7883
0.1178,-0.25814,0.075076,0.80227
0.1179,-0.25756,0.065662,0.81557
0.118,-0.25662,0.05451,0.82757
0.1181,-0.25597,0.043269,0.83767
0.1182,-0.25493,0.032197,0.84647
0.1183,-0.25317,0.01959,0.85601
0.1184,-0.25063,0.006562,0.86495
0.1185,-0.2475,-0.0052576,0.87189
0.1186,-0.24344,-0.016167,0.87671
0.1187,-0.23894,-0.026839,0.88007
0.1188,-0.23414,-0.036113,0.881
0.1189,-0.22901,-0.044263,0.88012
0.119,-0.22356,-0.052158,0.87818
0.1191,-0.21854,-0.060002,0.87585
0.1192,-0.21378,-0.067917,0.8733
0.1193,-0.20918,-0.076816,0.87159
0.1194,-0.20487,-0.085505,0.86973
0.1195,-0.20109,-0.092857,0.86688
0.1196,-0.197,-0.10009,0.86365
0.1197,-0.1923,-0.10893,0.8615
0.1198,-0.18701,-0.11851,0.85966
0.1199,-0.18125,-0.1286,0.85814
0.12,-0.17476,-0.14006,0.85784
0.1201,-0.16786,-0.15287,0.85924
0.1202,-0.16044,-0.16616,0.86162
0.1203,-0.15249,-0.18055,0.86566
0.1204,-0.14421,-0.19566,0.87118
0.1205,-0.1361,-0.20992,0.8769
0.1206,-0.12787,-0.22265,0.88168
0.1207,-0.11945,-0.23448,0.88584
0.1208,-0.11081,-0.24475,0.88857
0.1209,-0.10185,-0.2532,0.88937
0.121,-0.092206,-0.2607,0.88876
0.1211,-0.082306,-0.26749,0.88745
0.1212,-0.072351,-0.27258,0.88471
0.1213,-0.06229,-0.27634,0.8808
0.1214,-0.052105,-0.27924,0.87628
0.1215,-0.042297,-0.28107,0.8714
0.1216,-0.032685,-0.28223,0.86641
0.1217,-0.023094,-0.28423,0.86267
0.1218,-0.013636,-0.2868,0.86009
0.1219,-0.0045151,-0.28904,0.85796
0.122,0.0048234,-0.29158,0.85649
0.1221,0.014609,-0.29538,0.85654
0.1222,0.02486,-0.29962,0.85735
0.1223,0.03555,-0.30382,0.85844
0.1224,0.046828,-0.30836,0.86001
0.1225,0.058374,-0.31288,0.86186
