0.05,1.338,-0.22546,-1.0905
0.0501,1.3173,-0.17279,-1.1238
0.0502,1.2947,-0.11989,-1.1558
0.0503,1.2703,-0.066851,-1.1863
0.0504,1.244,-0.013747,-1.2152
0.0505,1.2159,0.03934,-1.2427
0.0506,1.1862,0.092333,-1.2685
0.0507,1.1548,0.14515,-1.2926
0.0508,1.1218,0.19772,-1.3151
0.0509,1.0873,0.24998,-1.3357
0.051,1.0512,0.30184,-1.3546
0.0511,1.0137,0.35323,-1.3715
0.0512,0.97484,0.40412,-1.3865
0.0513,0.93457,0.45442,-1.3995
0.0514,0.893,0.50407,-1.4105
0.0515,0.85017,0.55302,-1.4194
0.0516,0.80616,0.6012,-1.4262
0.0517,0.76104,0.64856,-1.4308
0.0518,0.71487,0.69503,-1.4334
0.0519,0.66774,0.74057,-1.4338
0.052,0.61972,0.78512,-1.4321
0.0521,0.57092,0.82863,-1.4283
0.0522,0.52141,0.87103,-1.4223
0.0523,0.47127,0.91229,-1.4142
0.0524,0.42058,0.95232,-1.4039
0.0525,0.36942,0.99109,-1.3916
0.0526,0.31785,1.0285,-1.3772
0.0527,0.26593,1.0646,-1.3607
0.0528,0.21373,1.0993,-1.3422
0.0529,0.1613,1.1325,-1.3216
0.053,0.10868,1.1642,-1.299
0.0531,0.055941,1.1943,-1.2745
0.0532,0.0031304,1.2228,-1.2481
0.0533,-0.049692,1.2496,-1.2198
0.0534,-0.10247,1.2748,-1.1897
0.0535,-0.15512,1.2982,-1.1578
0.0536,-0.20759,1.3199,-1.1242
0.0537,-0.25979,1.3397,-1.089
0.0538,-0.31165,1.3578,-1.0522
0.0539,-0.36308,1.3739,-1.014
0.054,-0.41401,1.3882,-0.97434
0.0541,-0.46435,1.4005,-0.93344
0.0542,-0.51401,1.4108,-0.89132
0.0543,-0.56292,1.4192,-0.84809
0.0544,-0.611,1.4255,-0.8038
0.0545,-0.65817,1.4298,-0.75855
0.0546,-0.70438,1.432,-0.71239
0.0547,-0.74956,1.432,-0.66538
0.0548,-0.79366,1.43,-0.61758
0.0549,-0.83666,1.4258,-0.56904
0.055,-0.8785,1.4195,-0.51979
0.0551,-0.91916,1.4109,-0.46987
0.0552,-0.9586,1.4002,-0.41934
0.0553,-0.9968,1.3874,-0.36823
0.0554,-1.0337,1.3724,-0.31659
0.0555,-1.0693,1.3552,-0.26449
0.0556,-1.1035,1.336,-0.21198
0.0557,-1.1364,1.3148,-0.15914
0.0558,-1.1677,1.2916,-0.10606
0.0559,-1.1976,1.2665,-0.052821
0.056,-1.2259,1.2395,0.00048298
0.0561,-1.2525,1.2107,0.053752
0.0562,-1.2774,1.1801,0.10689
0.0563,-1.3006,1.1479,0.1598
0.0564,-1.3219,1.1141,0.21238
0.0565,-1.3414,1.0788,0.26454
0.0566,-1.359,1.042,0.31621
0.0567,-1.3746,1.0038,0.36732
0.0568,-1.3883,0.96421,0.41782
0.0569,-1.3999,0.92338,0.46766
0.057,-1.4095,0.88133,0.51678
0.0571,-1.4172,0.83812,0.56516
0.0572,-1.4227,0.79381,0.61275
0.0573,-1.4262,0.74846,0.65951
0.0574,-1.4277,0.70213,0.7054
0.0575,-1.4271,0.65488,0.75039
0.0576,-1.4245,0.60677,0.79442
0.0577,-1.4197,0.55787,0.83745
0.0578,-1.4129,0.50824,0.87942
0.0579,-1.404,0.45795,0.92028
0.058,-1.393,0.40707,0.95994
0.0581,-1.3799,0.35567,0.99835
0.0582,-1.3647,0.30382,1.0354
0.0583,-1.3688,0.052663,1.2915
0.0584,-1.3489,-0.084305,1.4093
0.0585,-1.3185,-0.18928,1.4846
0.0586,-1.2851,-0.27615,1.5389
0.0587,-1.2506,-0.35179,1.5809
0.0588,-1.2105,-0.42131,1.6114
0.0589,-1.1646,-0.4873,1.6327
0.059,-1.119,-0.5521,1.6534
0.0591,-1.0756,-0.61589,1.6753
0.0592,-1.0284,-0.67851,1.6925
0.0593,-0.97536,-0.73951,1.7023
0.0594,-0.9186,-0.80008,1.708
0.0595,-0.85992,-0.85918,1.7105
0.0596,-0.80066,-0.91489,1.7091
0.0597,-0.74213,-0.96651,1.7043
0.0598,-0.68238,-1.0163,1.6965
0.0599,-0.61998,-1.065,1.685
0.06,-0.557,-1.1129,1.672
0.0601,-0.49544,-1.16,1.6598
0.0602,-0.43333,-1.2068,1.6464
0.0603,-0.36887,-1.252,1.6291
0.0604,-0.30298,-1.2959,1.609
0.0605,-0.23749,-1.3383,1.5875
0.0606,-0.17317,-1.3779,1.5642
0.0607,-0.11022,-1.4123,1.5368
0.0608,-0.047508,-1.4418,1.5046
0.0609,0.015107,-1.4677,1.4686
0.061,0.075918,-1.492,1.4325
0.0611,0.13486,-1.5157,1.3977
0.0612,0.1956,-1.5401,1.3615
0.0613,0.25928,-1.5651,1.3228
0.0614,0.32301,-1.5909,1.2847
0.0615,0.38521,-1.6162,1.2472
0.0616,0.44749,-1.639,1.2071
0.0617,0.50991,-1.6581,1.1628
0.0618,0.57167,-1.6739,1.1155
0.0619,0.63315,-1.6858,1.0644
0.062,0.69429,-1.693,1.0088
0.0621,0.75356,-1.6961,0.95068
0.0622,0.81138,-1.6969,0.89173
0.0623,0.86899,-1.6962,0.8313
0.0624,0.92545,-1.694,0.77048
0.0625,0.97855,-1.6905,0.71163
0.0626,1.0293,-1.6856,0.65366
0.0627,1.0781,-1.6776,0.59441
0.0628,1.1244,-1.6662,0.53437
0.0629,1.1682,-1.6523,0.47431
0.063,1.2108,-1.6363,0.41342
0.0631,1.2523,-1.6174,0.35099
0.0632,1.2926,-1.5959,0.28732
0.0633,1.3318,-1.5721,0.22265
0.0634,1.3692,-1.5462,0.15799
0.0635,1.4034,-1.5183,0.094617
0.0636,1.4357,-1.4891,0.032173
0.0637,1.4672,-1.4588,-0.030448
0.0638,1.4973,-1.4273,-0.092725
0.0639,1.5254,-1.3943,-0.15435
0.064,1.5524,-1.3595,-0.21642
0.0641,1.578,-1.3222,-0.2795
0.0642,1.6019,-1.2824,-0.34294
0.0643,1.6239,-1.2398,-0.407
0.0644,1.6436,-1.1938,-0.47196
0.0645,1.6594,-1.1437,-0.53681
0.0646,1.6714,-1.0905,-0.60068
0.0647,1.6803,-1.035,-0.66365
0.0648,1.6863,-0.97826,-0.72471
0.0649,1.6893,-0.92155,-0.78257
0.065,1.6903,-0.86567,-0.83759
0.0651,1.6898,-0.80999,-0.89071
0.0652,1.687,-0.75402,-0.9417
0.0653,1.6817,-0.69741,-0.99081
0.0654,1.6745,-0.63968,-1.039
0.0655,1.664,-0.57977,-1.0861
0.0656,1.6521,-0.51883,-1.1328
0.0657,1.6387,-0.45644,-1.1795
0.0658,1.6234,-0.39306,-1.2255
0.0659,1.6055,-0.32929,-1.2694
0.066,1.5857,-0.26609,-1.311
0.0661,1.5646,-0.20357,-1.3509
0.0662,1.5417,-0.14186,-1.3882
0.0663,1.5159,-0.080504,-1.4226
0.0664,1.4876,-0.018619,-1.4552
0.0665,1.4567,0.044836,-1.4869
0.0666,1.4228,0.10952,-1.517
0.0667,1.3861,0.17498,-1.5454
0.0668,1.3474,0.241,-1.5726
0.0669,1.3062,0.3074,-1.5981
0.067,1.2627,0.37323,-1.6208
0.0671,1.2169,0.43818,-1.6408
0.0672,1.169,0.50197,-1.6576
0.0673,1.1187,0.56419,-1.6708
0.0674,1.0667,0.62427,-1.6803
0.0675,1.0135,0.68259,-1.6869
0.0676,0.95922,0.73944,-1.6913
0.0677,0.9041,0.79494,-1.6935
0.0678,0.84852,0.84906,-1.6941
0.0679,0.79235,0.9021,-1.6931
0.068,0.73569,0.95399,-1.6905
0.0681,0.67865,1.0048,-1.6866
0.0682,0.62105,1.0549,-1.6815
0.0683,0.56204,1.1043,-1.6742
0.0684,0.50176,1.1524,-1.6644
0.0685,0.44061,1.1993,-1.6524
0.0686,0.37862,1.2443,-1.6375
0.0687,0.31584,1.2869,-1.6193
0.0688,0.25281,1.3272,-1.5984
0.0689,0.18938,1.3658,-1.5751
0.069,0.12514,1.4027,-1.5492
0.0691,0.060192,1.4381,-1.5209
0.0692,-0.0050746,1.4721,-1.4906
0.0693,-0.070793,1.5048,-1.4583
0.0694,-0.13679,1.5355,-1.4236
0.0695,-0.20255,1.564,-1.3866
0.0696,-0.26778,1.59,-1.3473
0.0697,-0.33248,1.6129,-1.3052
0.0698,-0.39611,1.6321,-1.2602
0.0699,-0.45828,1.6478,-1.2129
0.07,-0.51916,1.6605,-1.1638
0.0701,-0.57892,1.6708,-1.1131
0.0702,-0.63748,1.6794,-1.0617
0.0703,-0.69513,1.6867,-1.0099
0.0704,-0.75194,1.6928,-0.95749
0.0705,-0.80755,1.6975,-0.90471
0.0706,-0.86181,1.7004,-0.85146
0.0707,-0.91507,1.7015,-0.79714
0.0708,-0.96741,1.7002,-0.7413
0.0709,-1.0187,1.6965,-0.68397
0.071,-1.0691,1.6901,-0.62492
0.0711,-1.1186,1.681,-0.56394
0.0712,-1.1669,1.6692,-0.5015
0.0713,-1.2137,1.6549,-0.43822
0.0714,-1.259,1.6384,-0.37422
0.0715,-1.3026,1.6195,-0.30977
0.0716,-1.344,1.5982,-0.24525
0.0717,-1.3832,1.5744,-0.18066
0.0718,-1.42,1.5479,-0.11583
0.0719,-1.4544,1.5187,-0.051
0.072,-1.4865,1.487,0.013731
0.0721,-1.5164,1.4529,0.078533
0.0722,-1.5441,1.4164,0.14333
0.0723,-1.5695,1.3775,0.20781
0.0724,-1.5924,1.3363,0.2719
0.0725,-1.6129,1.2932,0.33537
0.0726,-1.6309,1.2483,0.39778
0.0727,-1.6467,1.2022,0.45904
0.0728,-1.6607,1.155,0.51936
0.0729,-1.6728,1.1068,0.57858
0.073,-1.683,1.0578,0.63665
0.0731,-1.6916,1.0078,0.69394
0.0732,-1.6985,0.95645,0.75068
0.0733,-1.7034,0.90367,0.80669
0.0734,-1.7062,0.84923,0.86213
0.0735,-1.7069,0.79284,0.91723
0.0736,-1.7049,0.73437,0.9717
0.0737,-1.7002,0.67422,1.025
0.0738,-1.6927,0.61277,1.0769
0.0739,-1.6827,0.55043,1.1271
0.074,-1.67,0.48763,1.1751
0.0741,-1.6547,0.4247,1.2207
0.0742,-1.6368,0.36153,1.2642
0.0743,-1.6162,0.298,1.3054
0.0744,-1.5929,0.2341,1.3444
0.0745,-1.567,0.16984,1.3814
0.0746,-1.5388,0.10516,1.4166
0.0747,-1.5082,0.040239,1.45
0.0748,-1.4756,-0.024711,1.4815
0.0749,-1.441,-0.089428,1.5112
0.075,-1.4046,-0.15364,1.5387
0.0751,-1.3664,-0.21704,1.5638
0.0752,-1.3267,-0.27954,1.5867
0.0753,-1.2853,-0.34121,1.6073
0.0754,-1.2421,-0.40219,1.6257
0.0755,-1.1974,-0.46272,1.6422
0.0756,-1.1509,-0.52299,1.6569
0.0757,-1.1027,-0.58293,1.6698
0.0758,-1.0529,-0.64243,1.6808
0.0759,-1.0016,-0.70143,1.69
0.076,-0.94868,-0.75981,1.6971
0.0761,-0.8941,-0.81733,1.7019
0.0762,-0.83789,-0.87386,1.7041
0.0763,-0.7801,-0.92918,1.7037
0.0764,-0.72075,-0.98299,1.7003
0.0765,-0.66017,-1.035,1.6939
0.0766,-0.59864,-1.0852,1.6847
0.0767,-0.53631,-1.1335,1.6728
0.0768,-0.47337,-1.1797,1.6582
0.0769,-0.41011,-1.224,1.6412
0.077,-0.34667,-1.2664,1.6221
0.0771,-0.28309,-1.3068,1.6007
0.0772,-0.21948,-1.3454,1.5772
0.0773,-0.15589,-1.3823,1.5519
0.0774,-0.092216,-1.4174,1.5245
0.0775,-0.028532,-1.4507,1.495
0.0776,0.03498,-1.4818,1.4634
0.0777,0.098253,-1.5109,1.4296
0.0778,0.16131,-1.5377,1.3936
0.0779,0.22406,-1.5624,1.3556
0.078,0.28656,-1.5851,1.3156
0.0781,0.34893,-1.606,1.2737
0.0782,0.41117,-1.6252,1.23
0.0783,0.47311,-1.6426,1.1846
0.0784,0.53471,-1.6582,1.1375
0.0785,0.59584,-1.6718,1.0887
0.0786,0.65626,-1.683,1.038
0.0787,0.71577,-1.6917,0.98549
0.0788,0.77423,-1.6977,0.93109
0.0789,0.8314,-1.7006,0.87485
0.079,0.88708,-1.7007,0.81705
0.0791,0.94119,-1.6979,0.75792
0.0792,0.99369,-1.6925,0.69776
0.0793,1.0444,-1.6848,0.63693
0.0794,1.0934,-1.6748,0.57568
0.0795,1.1405,-1.6627,0.51411
0.0796,1.1857,-1.6484,0.45236
0.0797,1.2289,-1.6319,0.39049
0.0798,1.2703,-1.6132,0.32839
0.0799,1.31,-1.5924,0.26595
0.08,1.3481,-1.5693,0.20318
0.0801,1.3844,-1.544,0.14003
0.0802,1.4193,-1.5165,0.076429
0.0803,1.4524,-1.4867,0.012532
0.0804,1.4837,-1.4549,-0.051482
0.0805,1.5133,-1.4209,-0.11557
0.0806,1.541,-1.3849,-0.17967
0.0807,1.5666,-1.3466,-0.24359
0.0808,1.5901,-1.3063,-0.30725
0.0809,1.6114,-1.2639,-0.37063
0.081,1.6304,-1.2193,-0.4336
0.0811,1.6471,-1.1728,-0.49599
0.0812,1.6614,-1.1243,-0.55776
0.0813,1.6732,-1.0738,-0.6188
0.0814,1.6825,-1.0214,-0.67889
0.0815,1.6891,-0.96737,-0.73784
0.0816,1.6931,-0.91179,-0.79553
0.0817,1.6944,-0.85494,-0.85174
0.0818,1.6933,-0.79713,-0.90633
0.0819,1.6898,-0.73857,-0.95926
0.082,1.6842,-0.67941,-1.0105
0.0821,1.6763,-0.61976,-1.06
0.0822,1.6663,-0.55966,-1.1078
0.0823,1.6543,-0.49906,-1.1541
0.0824,1.6401,-0.43791,-1.1989
0.0825,1.6239,-0.37613,-1.2423
0.0826,1.6054,-0.31367,-1.2844
0.0827,1.5848,-0.25053,-1.3251
0.0828,1.5618,-0.18685,-1.3641
0.0829,1.5365,-0.12278,-1.4015
0.083,1.5089,-0.05846,-1.4371
0.0831,1.4789,0.0059479,-1.4706
0.0832,1.4466,0.070353,-1.502
0.0833,1.4118,0.13474,-1.5312
0.0834,1.3746,0.19908,-1.5581
0.0835,1.3351,0.26329,-1.5828
0.0836,1.2932,0.32729,-1.6052
0.0837,1.2492,0.39096,-1.6254
0.0838,1.2031,0.45413,-1.6433
0.0839,1.1551,0.51658,-1.6588
0.084,1.1055,0.57815,-1.6719
0.0841,1.0543,0.63861,-1.6826
0.0842,1.0016,0.69779,-1.6908
0.0843,0.94776,0.75559,-1.6965
0.0844,0.89273,0.81198,-1.6998
0.0845,0.83664,0.86696,-1.7008
0.0846,0.77962,0.92055,-1.6995
0.0847,0.72176,0.97278,-1.6962
0.0848,0.66312,1.0237,-1.6907
0.0849,0.60375,1.0732,-1.6832
0.085,0.54372,1.1213,-1.6737
0.0851,0.48298,1.1681,-1.662
0.0852,0.42149,1.2136,-1.6482
0.0853,0.35927,1.2575,-1.632
0.0854,0.29635,1.2999,-1.6134
0.0855,0.23277,1.3406,-1.5923
0.0856,0.16864,1.3794,-1.5686
0.0857,0.1041,1.4163,-1.5423
0.0858,0.039265,1.4512,-1.5134
0.0859,-0.025752,1.4839,-1.482
0.086,-0.090777,1.5145,-1.4482
0.0861,-0.15567,1.5428,-1.412
0.0862,-0.22031,1.5689,-1.3736
0.0863,-0.28454,1.5927,-1.333
0.0864,-0.34823,1.6142,-1.2905
0.0865,-0.41126,1.6335,-1.2462
0.0866,-0.4735,1.6503,-1.2
0.0867,-0.53478,1.6648,-1.1521
0.0868,-0.59503,1.6768,-1.1027
0.0869,-0.65418,1.6864,-1.0517
0.087,-0.71221,1.6938,-0.99941
0.0871,-0.76909,1.6989,-0.94587
0.0872,-0.82487,1.7019,-0.8912
0.0873,-0.87955,1.7029,-0.83547
0.0874,-0.9331,1.7019,-0.77877
0.0875,-0.98548,1.6989,-0.72111
0.0876,-1.0367,1.6937,-0.66247
0.0877,-1.0866,1.6863,-0.60285
0.0878,-1.1351,1.6765,-0.54224
0.0879,-1.1822,1.6643,-0.48063
0.088,-1.2278,1.6495,-0.41808
0.0881,-1.2716,1.6321,-0.3547
0.0882,-1.3137,1.6121,-0.29065
0.0883,-1.354,1.5896,-0.22609
0.0884,-1.3922,1.5645,-0.1612
0.0885,-1.4283,1.537,-0.096183
0.0886,-1.4623,1.507,-0.031177
0.0887,-1.4939,1.4747,0.03369
0.0888,-1.5233,1.4401,0.098282
0.0889,-1.5504,1.4034,0.16253
0.089,-1.5752,1.3646,0.22637
0.0891,-1.5978,1.3237,0.28974
0.0892,-1.6182,1.2811,0.35257
0.0893,-1.6364,1.2366,0.41481
0.0894,-1.6525,1.1905,0.47639
0.0895,-1.6665,1.1427,0.53721
0.0896,-1.6784,1.0935,0.59723
0.0897,-1.6882,1.0429,0.65639
0.0898,-1.6959,0.99089,0.71463
0.0899,-1.7014,0.93757,0.77188
0.09,-1.7048,0.88296,0.82811
0.0901,-1.7059,0.82709,0.88328
0.0902,-1.7048,0.77001,0.93729
0.0903,-1.7014,0.71173,0.9901
0.0904,-1.6955,0.65227,1.0416
0.0905,-1.6872,0.5917,1.0917
0.0906,-1.6763,0.53011,1.1403
0.0907,-1.6628,0.46764,1.1872
0.0908,-1.6467,0.40444,1.2324
0.0909,-1.628,0.34072,1.2756
0.091,-1.6069,0.27663,1.3168
0.0911,-1.5832,0.21232,1.356
0.0912,-1.5572,0.14792,1.393
0.0913,-1.5288,0.083523,1.428
0.0914,-1.4982,0.01919,1.4608
0.0915,-1.4655,-0.045025,1.4915
0.0916,-1.4306,-0.10906,1.5203
0.0917,-1.3937,-0.17288,1.547
0.0918,-1.355,-0.2364,1.5717
0.0919,-1.3143,-0.29954,1.5943
0.092,-1.2718,-0.36218,1.6149
0.0921,-1.2277,-0.42426,1.6335
0.0922,-1.1818,-0.4857,1.6498
0.0923,-1.1342,-0.54644,1.664
0.0924,-1.085,-0.60643,1.676
0.0925,-1.0342,-0.66564,1.6858
0.0926,-0.98183,-0.724,1.6934
0.0927,-0.92792,-0.78142,1.6986
0.0928,-0.87258,-0.83784,1.7015
0.0929,-0.81587,-0.89316,1.7021
0.093,-0.75789,-0.94722,1.7002
0.0931,-0.69876,-0.99992,1.6959
0.0932,-0.63857,-1.0511,1.689
0.0933,-0.57745,-1.1007,1.6797
0.0934,-0.51553,-1.1485,1.6677
0.0935,-0.45297,-1.1946,1.6533
0.0936,-0.38988,-1.2387,1.6363
0.0937,-0.3264,-1.281,1.6169
0.0938,-0.26267,-1.3213,1.5952
0.0939,-0.19879,-1.3596,1.5712
0.094,-0.13484,-1.396,1.5449
0.0941,-0.070902,-1.4305,1.5165
0.0942,-0.0070166,-1.463,1.486
0.0943,0.056787,-1.4935,1.4534
0.0944,0.12047,-1.5222,1.4188
0.0945,0.18398,-1.5488,1.3821
0.0946,0.24728,-1.5735,1.3434
0.0947,0.3103,-1.5961,1.3027
0.0948,0.37297,-1.6166,1.26
0.0949,0.43522,-1.6349,1.2154
0.095,0.49696,-1.6511,1.1689
0.0951,0.55808,-1.6651,1.1205
0.0952,0.61848,-1.6768,1.0705
0.0953,0.67805,-1.6862,1.0187
0.0954,0.73665,-1.6933,0.96548
0.0955,0.79416,-1.6979,0.91075
0.0956,0.85045,-1.7002,0.85467
0.0957,0.90541,-1.7,0.79734
0.0958,0.95889,-1.6972,0.73886
0.0959,1.0108,-1.692,0.67937
0.096,1.0611,-1.6842,0.61899
0.0961,1.1096,-1.674,0.55785
0.0962,1.1565,-1.6614,0.4961
0.0963,1.2015,-1.6464,0.43384
0.0964,1.2448,-1.6292,0.37119
0.0965,1.2863,-1.6097,0.30822
0.0966,1.326,-1.588,0.24499
0.0967,1.3639,-1.5641,0.18155
0.0968,1.4001,-1.5379,0.1179
0.0969,1.4343,-1.5096,0.054091
0.097,1.4668,-1.479,-0.0098702
0.0971,1.4973,-1.4463,-0.073936
0.0972,1.5259,-1.4113,-0.13804
0.0973,1.5525,-1.3741,-0.20209
0.0974,1.5771,-1.3348,-0.26598
0.0975,1.5995,-1.2934,-0.32961
0.0976,1.6197,-1.2499,-0.39282
0.0977,1.6377,-1.2044,-0.4555
0.0978,1.6532,-1.1571,-0.51751
0.0979,1.6665,-1.1079,-0.57872
0.098,1.6773,-1.0571,-0.63901
0.0981,1.6856,-1.0047,-0.69826
0.0982,1.6916,-0.95078,-0.75638
0.0983,1.6951,-0.89554,-0.81326
0.0984,1.6963,-0.83906,-0.86884
0.0985,1.695,-0.78147,-0.92304
0.0986,1.6914,-0.72289,-0.97579
0.0987,1.6855,-0.66344,-1.027
0.0988,1.6772,-0.60321,-1.0767
0.0989,1.6667,-0.54231,-1.1248
0.099,1.654,-0.48081,-1.1713
0.0991,1.639,-0.41878,-1.2162
0.0992,1.6218,-0.35627,-1.2594
0.0993,1.6023,-0.29332,-1.301
0.0994,1.5805,-0.22997,-1.3408
0.0995,1.5564,-0.16625,-1.3789
0.0996,1.53,-0.1022,-1.4152
0.0997,1.5012,-0.037888,-1.4496
0.0998,1.4701,0.026594,-1.4821
0.0999,1.4366,0.091146,-1.5126
0.1,1.4008,0.15565,-1.541
0.1001,1.3628,0.21999,-1.5672
0.1002,1.3226,0.28404,-1.5912
0.1003,1.2802,0.34768,-1.6128
0.1004,1.2358,0.41079,-1.6322
0.1005,1.1895,0.47326,-1.6492
0.1006,1.1414,0.53498,-1.6638
0.1007,1.0916,0.59584,-1.6762
0.1008,1.0402,0.65574,-1.6862
0.1009,0.98744,0.71456,-1.6939
0.101,0.93332,0.77222,-1.6993
0.1011,0.878,0.82862,-1.7024
0.1012,0.82158,0.88371,-1.7031
0.1013,0.76414,0.93744,-1.7016
0.1014,0.70576,0.98975,-1.6979
0.1015,0.64652,1.0406,-1.6918
0.1016,0.58647,1.09,-1.6835
0.1017,0.52566,1.1379,-1.673
0.1018,0.46416,1.1843,-1.6601
0.1019,0.40201,1.2291,-1.6449
0.102,0.33928,1.2722,-1.6274
0.1021,0.27602,1.3137,-1.6075
0.1022,0.21229,1.3534,-1.5852
0.1023,0.14818,1.3914,-1.5605
0.1024,0.083753,1.4274,-1.5334
0.1025,0.019122,1.4614,-1.5038
0.1026,-0.045606,1.4933,-1.4718
0.1027,-0.11031,1.5231,-1.4375
0.1028,-0.17487,1.5508,-1.4008
0.1029,-0.23915,1.5761,-1.362
0.103,-0.30302,1.5992,-1.321
0.1031,-0.36636,1.62,-1.2781
0.1032,-0.42906,1.6385,-1.2332
0.1033,-0.49102,1.6548,-1.1866
0.1034,-0.55214,1.6687,-1.1384
0.1035,-0.61233,1.6804,-1.0885
0.1036,-0.67153,1.6898,-1.0372
0.1037,-0.72967,1.6969,-0.98457
0.1038,-0.78668,1.7018,-0.93059
0.1039,-0.84252,1.7044,-0.87537
0.104,-0.89717,1.7047,-0.81899
0.1041,-0.95057,1.7028,-0.76151
0.1042,-1.0027,1.6987,-0.703
0.1043,-1.0534,1.6923,-0.64351
0.1044,-1.1028,1.6836,-0.58311
0.1045,-1.1507,1.6725,-0.52188
0.1046,-1.197,1.6591,-0.45988
0.1047,-1.2418,1.6433,-0.39719
0.1048,-1.2847,1.625,-0.33389
0.1049,-1.3259,1.6043,-0.27007
0.105,-1.3652,1.5811,-0.20583
0.1051,-1.4026,1.5554,-0.1413
0.1052,-1.4379,1.5272,-0.07658
0.1053,-1.4711,1.4967,-0.0118
0.1054,-1.5022,1.4639,0.05292
0.1055,-1.531,1.4288,0.11747
0.1056,-1.5577,1.3916,0.18173
0.1057,-1.5822,1.3523,0.24561
0.1058,-1.6045,1.3111,0.30902
0.1059,-1.6245,1.2679,0.37189
0.106,-1.6424,1.223,0.43414
0.1061,-1.658,1.1763,0.49571
0.1062,-1.6715,1.128,0.55653
0.1063,-1.6828,1.0782,0.61654
0.1064,-1.6919,1.0269,0.67566
0.1065,-1.6988,0.9741,0.73382
0.1066,-1.7035,0.91999,0.79095
0.1067,-1.7059,0.86458,0.84698
0.1068,-1.706,0.80795,0.90182
0.1069,-1.7038,0.75016,0.95541
0.107,-1.6992,0.69129,1.0077
0.1071,-1.6922,0.63142,1.0585
0.1072,-1.6829,0.57062,1.1078
0.1073,-1.671,0.509,1.1555
0.1074,-1.6567,0.44665,1.2015
0.1075,-1.6399,0.38367,1.2458
0.1076,-1.6207,0.32016,1.2882
0.1077,-1.599,0.25624,1.3288
0.1078,-1.5749,0.19203,1.3675
0.1079,-1.5484,0.12762,1.4041
0.108,-1.5196,0.063138,1.4387
0.1081,-1.4885,-0.0013318,1.4713
0.1082,-1.4552,-0.065692,1.5018
0.1083,-1.4198,-0.12986,1.5302
0.1084,-1.3824,-0.19376,1.5564
0.1085,-1.343,-0.25732,1.5806
0.1086,-1.3016,-0.32047,1.6027
0.1087,-1.2584,-0.38314,1.6226
0.1088,-1.2134,-0.44526,1.6404
0.1089,-1.1666,-0.50674,1.656
0.109,-1.1182,-0.5675,1.6694
0.1091,-1.0682,-0.62746,1.6806
0.1092,-1.0166,-0.68652,1.6895
0.1093,-0.9635,-0.7446,1.6962
0.1094,-0.90901,-0.80162,1.7005
0.1095,-0.85318,-0.8575,1.7024
0.1096,-0.7961,-0.91216,1.702
0.1097,-0.73784,-0.9655,1.6991
0.1098,-0.67852,-1.0174,1.6939
0.1099,-0.61824,-1.0679,1.6862
0.11,-0.56094,-1.1092,1.6917
0.1101,-0.50334,-1.1477,1.6992
0.1102,-0.4442,-1.1838,1.7046
0.1103,-0.38389,-1.2175,1.7076
0.1104,-0.32294,-1.2489,1.7084
0.1105,-0.26136,-1.2782,1.7069
0.1106,-0.19898,-1.3055,1.7029
0.1107,-0.13607,-1.3305,1.6965
0.1108,-0.072958,-1.3532,1.6876
0.1109,-0.0095212,-1.3739,1.6762
0.111,0.054256,-1.3926,1.6624
0.1111,0.11813,-1.4095,1.6465
0.1112,0.182,-1.4246,1.6283
0.1113,0.24579,-1.4379,1.6076
0.1114,0.30934,-1.4491,1.5844
0.1115,0.37263,-1.4583,1.5588
0.1116,0.43584,-1.4656,1.5309
0.1117,0.49889,-1.4709,1.5008
0.1118,0.56149,-1.4739,1.4684
0.1119,0.62344,-1.4748,1.4339
0.112,0.68457,-1.4737,1.3975
0.1121,0.74462,-1.4707,1.3594
0.1122,0.80336,-1.4657,1.3194
0.1123,0.86062,-1.4587,1.2773
0.1124,0.91623,-1.4497,1.2334
0.1125,0.97018,-1.4386,1.1878
0.1126,1.0226,-1.4255,1.1406
0.1127,1.0733,-1.4101,1.0916
0.1128,1.1195,-1.399,1.0417
0.1129,1.1581,-1.4015,0.99135
0.113,1.1951,-1.4026,0.9398
0.1131,1.2295,-1.4016,0.88666
0.1132,1.2614,-1.3984,0.83217
0.1133,1.2913,-1.3932,0.77646
0.1134,1.3194,-1.3859,0.71939
0.1135,1.3454,-1.3763,0.66094
0.1136,1.3692,-1.3646,0.60129
0.1137,1.391,-1.3508,0.54062
0.1138,1.411,-1.3349,0.47909
0.1139,1.4291,-1.3171,0.41684
0.114,1.4454,-1.2976,0.35397
0.1141,1.4598,-1.2762,0.29056
0.1142,1.4721,-1.2527,0.22677
0.1143,1.4822,-1.2273,0.1626
0.1144,1.4899,-1.2,0.097924
0.1145,1.4953,-1.1707,0.03284
0.1146,1.4981,-1.1397,-0.032438
0.1147,1.4985,-1.1068,-0.097755
0.1148,1.4966,-1.0724,-0.1629
0.1149,1.4927,-1.0366,-0.22753
0.115,1.487,-0.99965,-0.29153
0.1151,1.4795,-0.96119,-0.35492
0.1152,1.4702,-0.92121,-0.4176
0.1153,1.4591,-0.87998,-0.47948
0.1154,1.4462,-0.83756,-0.54066
0.1155,1.4313,-0.79394,-0.60117
0.1156,1.4198,-0.74888,-0.65736
0.1157,1.4217,-0.70231,-0.70387
0.1158,1.4222,-0.65522,-0.74979
0.1159,1.4206,-0.6074,-0.7946
0.116,1.4171,-0.55911,-0.83809
0.1161,1.4116,-0.51032,-0.88043
0.1162,1.4038,-0.46069,-0.92174
0.1163,1.3938,-0.41024,-0.96189
0.1164,1.3817,-0.35918,-1.0008
0.1165,1.3672,-0.30749,-1.0382
0.1166,1.3505,-0.25521,-1.0743
0.1167,1.3317,-0.20267,-1.109
0.1168,1.311,-0.14995,-1.1422
0.1169,1.2881,-0.096944,-1.1739
0.117,1.2631,-0.043806,-1.2038
0.1171,1.236,0.0093704,-1.232
0.1172,1.207,0.062762,-1.2588
0.1173,1.1761,0.11633,-1.2839
0.1174,1.1434,0.16974,-1.3073
0.1175,1.109,0.22286,-1.3289
0.1176,1.0732,0.27566,-1.3488
0.1177,1.036,0.32786,-1.3669
0.1178,0.99785,0.37926,-1.3832
0.1179,0.9584,0.42999,-1.3976
0.118,0.91762,0.48004,-1.41
0.1181,0.87573,0.5293,-1.4203
0.1182,0.83276,0.57784,-1.4287
0.1183,0.78862,0.62573,-1.4351
0.1184,0.74345,0.67275,-1.4393
0.1185,0.69741,0.71876,-1.4414
0.1186,0.65049,0.76382,-1.4414
0.1187,0.60277,0.80785,-1.4393
0.1188,0.55434,0.85074,-1.4349
0.1189,0.50506,0.8926,-1.4284
0.119,0.45484,0.93352,-1.4196
0.1191,0.40384,0.97338,-1.4087
0.1192,0.35214,1.0121,-1.3956
0.1193,0.2997,1.0498,-1.3804
0.1194,0.24676,1.0862,-1.3631
0.1195,0.19359,1.121,-1.3436
0.1196,0.14029,1.1541,-1.3221
0.1197,0.08689,1.1857,-1.2986
0.1198,0.033628,1.2154,-1.2731
0.1199,-0.019489,1.2434,-1.2458
0.12,-0.072587,1.2697,-1.2167
0.1201,-0.12554,1.2944,-1.1859
0.1202,-0.17812,1.3172,-1.1534
0.1203,-0.23037,1.3382,-1.1195
0.1204,-0.28229,1.3574,-1.0839
0.1205,-0.33365,1.3746,-1.0468
0.1206,-0.38437,1.3898,-1.0083
0.1207,-0.43457,1.403,-0.96839
0.1208,-0.48422,1.4143,-0.92714
0.1209,-0.53326,1.4237,-0.88461
0.121,-0.58176,1.4312,-0.84095
0.1211,-0.62971,1.4369,-0.79621
0.1212,-0.67692,1.4408,-0.75048
0.1213,-0.72333,1.4426,-0.70383
0.1214,-0.76886,1.4425,-0.65631
0.1215,-0.81335,1.4402,-0.60793
0.1216,-0.85666,1.4356,-0.55879
0.1217,-0.89882,1.4289,-0.50892
0.1218,-0.93977,1.4199,-0.45839
0.1219,-0.97939,1.4087,-0.40725
0.122,-1.0177,1.3953,-0.35562
0.1221,-1.0546,1.3797,-0.30356
0.1222,-1.0899,1.3619,-0.25115
0.1223,-1.1237,1.3419,-0.19847
0.1224,-1.1558,1.3198,-0.14556
0.1225,-1.1862,1.2956,-0.092474
