0.05,1.3878,-0.28926,-1.0699
0.0501,1.3691,-0.2359,-1.1058
0.0502,1.3484,-0.18222,-1.1403
0.0503,1.3256,-0.1283,-1.1734
0.0504,1.301,-0.07422,-1.2049
0.0505,1.2745,-0.020064,-1.235
0.0506,1.2463,0.034091,-1.2634
0.0507,1.2162,0.08816,-1.2902
0.0508,1.1845,0.14207,-1.3153
0.0509,1.1512,0.19574,-1.3386
0.051,1.1162,0.24911,-1.3601
0.0511,1.0797,0.30207,-1.3797
0.0512,1.0417,0.35459,-1.3973
0.0513,1.0022,0.4066,-1.4129
0.0514,0.96126,0.45802,-1.4265
0.0515,0.919,0.50882,-1.4379
0.0516,0.87545,0.55892,-1.4473
0.0517,0.83069,0.60826,-1.4545
0.0518,0.78478,0.65678,-1.4596
0.0519,0.73781,0.70443,-1.4626
0.052,0.68986,0.75116,-1.4634
0.0521,0.64103,0.79689,-1.462
0.0522,0.5914,0.84158,-1.4585
0.0523,0.54105,0.88517,-1.4528
0.0524,0.49006,0.92758,-1.4449
0.0525,0.43851,0.96877,-1.435
0.0526,0.38646,1.0087,-1.4228
0.0527,0.33398,1.0472,-1.4086
0.0528,0.28112,1.0844,-1.3921
0.0529,0.22794,1.1202,-1.3736
0.053,0.17448,1.1544,-1.353
0.0531,0.1208,1.1871,-1.3304
0.0532,0.066964,1.2182,-1.3057
0.0533,0.013015,1.2476,-1.2791
0.0534,-0.040978,1.2754,-1.2505
0.0535,-0.094948,1.3015,-1.22
0.0536,-0.14882,1.3257,-1.1878
0.0537,-0.20252,1.3482,-1.1538
0.0538,-0.25595,1.3689,-1.1181
0.0539,-0.30903,1.3876,-1.0809
0.054,-0.36167,1.4045,-1.0422
0.0541,-0.4138,1.4194,-1.0022
0.0542,-0.46531,1.4324,-0.96078
0.0543,-0.51614,1.4433,-0.91818
0.0544,-0.5662,1.4522,-0.87445
0.0545,-0.61541,1.4591,-0.82965
0.0546,-0.66369,1.4638,-0.78386
0.0547,-0.71101,1.4665,-0.73713
0.0548,-0.7573,1.4669,-0.68951
0.0549,-0.80251,1.4652,-0.64105
0.055,-0.84663,1.4613,-0.59179
0.0551,-0.8896,1.4552,-0.54177
0.0552,-0.93139,1.4469,-0.49102
0.0553,-0.97197,1.4363,-0.43959
0.0554,-1.0113,1.4236,-0.38754
0.0555,-1.0494,1.4087,-0.33491
0.0556,-1.0861,1.3916,-0.28177
0.0557,-1.1214,1.3724,-0.22821
0.0558,-1.1554,1.3511,-0.1743
0.0559,-1.1878,1.3278,-0.12013
0.056,-1.2186,1.3026,-0.065801
0.0561,-1.2479,1.2755,-0.011418
0.0562,-1.2754,1.2465,0.042921
0.0563,-1.3012,1.2158,0.097117
0.0564,-1.3251,1.1833,0.15107
0.0565,-1.3472,1.1493,0.20468
0.0566,-1.3673,1.1136,0.25787
0.0567,-1.3855,1.0765,0.31056
0.0568,-1.4017,1.0379,0.36271
0.0569,-1.4159,0.9979,0.41426
0.057,-1.4281,0.95661,0.46517
0.0571,-1.4382,0.91405,0.51541
0.0572,-1.4462,0.87029,0.56492
0.0573,-1.4522,0.82538,0.61368
0.0574,-1.4561,0.77939,0.66164
0.0575,-1.458,0.73238,0.70875
0.0576,-1.4578,0.6844,0.75497
0.0577,-1.4554,0.63553,0.80025
0.0578,-1.451,0.58584,0.84452
0.0579,-1.4445,0.53539,0.88772
0.058,-1.4358,0.48424,0.92978
0.0581,-1.4249,0.43249,0.97062
0.0582,-1.4119,0.38019,1.0102
0.0583,-1.3967,0.32742,1.0483
0.0584,-1.3794,0.27426,1.085
0.0585,-1.3599,0.22078,1.1202
0.0586,-1.3384,0.16705,1.1538
0.0587,-1.3147,0.11315,1.1858
0.0588,-1.289,0.059152,1.216
0.0589,-1.2614,0.00513,1.2446
0.059,-1.2319,-0.048847,1.2714
0.0591,-1.2006,-0.1027,1.2964
0.0592,-1.1676,-0.15636,1.3196
0.0593,-1.1329,-0.20975,1.341
0.0594,-1.0966,-0.2628,1.3605
0.0595,-1.059,-0.31544,1.3783
0.0596,-1.0199,-0.36761,1.3941
0.0597,-0.97948,-0.41926,1.4081
0.0598,-0.93786,-0.47032,1.4202
0.0599,-0.89506,-0.52071,1.4303
0.06,-0.85115,-0.57038,1.4385
0.0601,-0.80617,-0.61925,1.4446
0.0602,-0.76018,-0.66725,1.4487
0.0603,-0.7132,-0.71433,1.4507
0.0604,-0.66529,-0.76042,1.4505
0.0605,-0.61648,-0.80546,1.448
0.0606,-0.56682,-0.8494,1.4433
0.0607,-0.51636,-0.89217,1.4364
0.0608,-0.46515,-0.93373,1.4271
0.0609,-0.41326,-0.97403,1.4156
0.061,-0.36076,-1.013,1.4018
0.0611,-0.30773,-1.0506,1.3858
0.0612,-0.25425,-1.0868,1.3676
0.0613,-0.20043,-1.1215,1.3473
0.0614,-0.14635,-1.1548,1.3249
0.0615,-0.092114,-1.1864,1.3006
0.0616,-0.037829,-1.2165,1.2743
0.0617,0.016413,-1.2449,1.2463
0.0618,0.07052,-1.2716,1.2165
0.0619,0.12441,-1.2966,1.1851
0.062,0.178,-1.3199,1.152
0.0621,0.23122,-1.3413,1.1174
0.0622,0.28401,-1.3608,1.0813
0.0623,0.33633,-1.3785,1.0438
0.0624,0.38815,-1.3942,1.0049
0.0625,1.3232,-1.5047,1.0886
0.0626,1.9085,-1.5757,1.1218
0.0627,2.4461,-1.6385,1.1469
0.0628,2.9548,-1.6995,1.1717
0.0629,3.4247,-1.7622,1.1977
0.063,3.8585,-1.8178,1.2156
0.0631,4.2788,-1.8629,1.2241
0.0632,4.6984,-1.9097,1.2359
0.0633,5.1226,-1.9629,1.2553
0.0634,5.5554,-2.0118,1.2722
0.0635,5.9912,-2.0531,1.2827
0.0636,6.4177,-2.091,1.2907
0.0637,6.8259,-2.123,1.2944
0.0638,7.2193,-2.1515,1.2953
0.0639,7.5837,-2.176,1.2929
0.064,7.922,-2.1954,1.2863
0.0641,8.2521,-2.2076,1.274
0.0642,8.5864,-2.2157,1.2595
0.0643,8.9273,-2.2236,1.2473
0.0644,9.2731,-2.2298,1.2357
0.0645,9.614,-2.2312,1.2215
0.0646,9.9368,-2.2285,1.205
0.0647,10.237,-2.2228,1.1873
0.0648,10.511,-2.214,1.1675
0.0649,10.743,-2.2014,1.1449
0.065,10.919,-2.1833,1.1174
0.0651,11.045,-2.1587,1.084
0.0652,11.135,-2.1316,1.0486
0.0653,11.199,-2.1049,1.0145
0.0654,11.25,-2.0741,0.97757
0.0655,11.298,-2.0365,0.93553
0.0656,11.347,-1.9972,0.89351
0.0657,11.395,-1.9589,0.85409
0.0658,11.441,-1.9174,0.81305
0.0659,11.478,-1.8713,0.76875
0.066,11.498,-1.8224,0.72293
0.0661,11.501,-1.7694,0.67421
0.0662,11.482,-1.7107,0.621
0.0663,11.433,-1.6493,0.56623
0.0664,11.357,-1.5863,0.511
0.0665,11.259,-1.5187,0.45278
0.0666,11.142,-1.4474,0.39243
0.0667,11.008,-1.3761,0.3336
0.0668,10.857,-1.3045,0.27578
0.0669,10.686,-1.2303,0.21683
0.067,10.484,-1.1549,0.1574
0.0671,10.252,-1.0789,0.097973
0.0672,9.9936,-1.0008,0.037026
0.0673,9.7112,-0.9203,-0.025686
0.0674,9.4023,-0.83764,-0.089903
0.0675,9.0722,-0.75208,-0.15629
0.0676,8.729,-0.66473,-0.22353
0.0677,8.3776,-0.57801,-0.28903
0.0678,8.0237,-0.49095,-0.35372
0.0679,7.6725,-0.40125,-0.41967
0.068,7.3236,-0.3101,-0.48571
0.0681,6.9731,-0.21889,-0.55054
0.0682,6.617,-0.1263,-0.61568
0.0683,6.2493,-0.031797,-0.68169
0.0684,5.865,0.063518,-0.74756
0.0685,5.4638,0.16022,-0.81374
0.0686,5.0447,0.25862,-0.88057
0.0687,4.6038,0.35654,-0.94593
0.0688,4.1405,0.45293,-1.0088
0.0689,3.6588,0.54902,-1.0703
0.069,3.1612,0.64435,-1.1301
0.0691,2.6508,0.73778,-1.187
0.0692,2.134,0.83043,-1.2422
0.0693,1.6138,0.92308,-1.2965
0.0694,1.0879,1.0142,-1.3487
0.0695,0.5572,1.1036,-1.3986
0.0696,0.02711,1.1926,-1.4474
0.0697,-0.50048,1.2803,-1.4944
0.0698,-1.0263,1.3661,-1.5391
0.0699,-1.5486,1.4519,-1.5832
0.07,-2.0661,1.5378,-1.6271
0.0701,-2.5806,1.6216,-1.6687
0.0702,-3.0918,1.7036,-1.7083
0.0703,-3.597,1.7857,-1.748
0.0704,-4.0962,1.8671,-1.7868
0.0705,-4.591,1.9451,-1.8224
0.0706,-5.0831,2.0216,-1.8568
0.0707,-5.5749,2.0959,-1.8893
0.0708,-6.0701,2.1663,-1.9186
0.0709,-6.5687,2.233,-1.9449
0.071,-7.069,2.2973,-1.9696
0.0711,-7.5711,2.3584,-1.9918
0.0712,-8.0747,2.416,-2.0114
0.0713,-8.5761,2.4706,-2.0289
0.0714,-9.0716,2.5218,-2.0439
0.0715,-9.557,2.5691,-2.0559
0.0716,-10.026,2.613,-2.0654
0.0717,-10.474,2.6538,-2.0728
0.0718,-10.9,2.6905,-2.0771
0.0719,-11.305,2.7233,-2.0787
0.072,-11.689,2.7531,-2.0784
0.0721,-12.055,2.7795,-2.0761
0.0722,-12.405,2.8024,-2.0716
0.0723,-12.74,2.8229,-2.0661
0.0724,-13.062,2.841,-2.0596
0.0725,-13.373,2.8553,-2.0509
0.0726,-13.675,2.8655,-2.0396
0.0727,-13.964,2.8721,-2.0263
0.0728,-14.24,2.8743,-2.0103
0.0729,-14.501,2.8716,-1.9909
0.073,-14.746,2.8648,-1.9689
0.0731,-14.974,2.8537,-1.9443
0.0732,-15.189,2.8377,-1.9162
0.0733,-15.389,2.8172,-1.8852
0.0734,-15.574,2.7932,-1.8523
0.0735,-15.742,2.7654,-1.8171
0.0736,-15.892,2.7338,-1.7796
0.0737,-16.022,2.6992,-1.7407
0.0738,-16.127,2.6617,-1.7002
0.0739,-16.208,2.6207,-1.6575
0.074,-16.261,2.5768,-1.6131
0.0741,-16.283,2.5309,-1.5677
0.0742,-16.276,2.4824,-1.5207
0.0743,-16.242,2.4313,-1.472
0.0744,-16.186,2.378,-1.4221
0.0745,-16.111,2.3224,-1.371
0.0746,-16.022,2.2638,-1.3183
0.0747,-15.922,2.2029,-1.2644
0.0748,-15.81,2.14,-1.2099
0.0749,-15.688,2.0746,-1.1541
0.075,-15.554,2.0062,-1.0966
0.0751,-15.406,1.9351,-1.0376
0.0752,-15.241,1.861,-0.97683
0.0753,-15.057,1.7836,-0.91388
0.0754,-14.852,1.7035,-0.8492
0.0755,-14.624,1.6208,-0.78308
0.0756,-14.375,1.5356,-0.71541
0.0757,-14.108,1.4483,-0.64678
0.0758,-13.821,1.3598,-0.57795
0.0759,-13.518,1.2703,-0.50902
0.076,-13.196,1.1802,-0.44027
0.0761,-12.856,1.0902,-0.37234
0.0762,-12.498,1,-0.305
0.0763,-12.122,0.90907,-0.23759
0.0764,-11.728,0.81751,-0.17036
0.0765,-11.317,0.72567,-0.10368
0.0766,-10.89,0.633,-0.037195
0.0767,-10.452,0.53951,0.028978
0.0768,-10.005,0.44587,0.094068
0.0769,-9.5519,0.35191,0.15812
0.077,-9.0975,0.25709,0.2216
0.0771,-8.6419,0.16185,0.28413
0.0772,-8.1842,0.066628,0.3453
0.0773,-7.7233,-0.029024,0.40563
0.0774,-7.2569,-0.12526,0.46536
0.0775,-6.7821,-0.22156,0.52409
0.0776,-6.2972,-0.31792,0.58188
0.0777,-5.8013,-0.41437,0.63892
0.0778,-5.293,-0.51014,0.6946
0.0779,-4.7727,-0.60449,0.74833
0.078,-4.243,-0.69738,0.80015
0.0781,-3.7068,-0.78855,0.84992
0.0782,-3.1665,-0.87749,0.89722
0.0783,-2.625,-0.96423,0.94212
0.0784,-2.0843,-1.0489,0.9848
0.0785,-1.5446,-1.131,1.025
0.0786,-1.0064,-1.2106,1.0627
0.0787,-0.47098,-1.2882,1.0985
0.0788,0.06097,-1.3637,1.1326
0.0789,0.5888,-1.4372,1.1648
0.079,1.1112,-1.5088,1.1955
0.0791,1.6268,-1.5787,1.2248
0.0792,2.1343,-1.6465,1.2525
0.0793,2.6322,-1.7122,1.2785
0.0794,3.1186,-1.776,1.303
0.0795,3.5935,-1.8374,1.3257
0.0796,4.0579,-1.896,1.3462
0.0797,4.513,-1.9517,1.3646
0.0798,4.9608,-2.0043,1.3808
0.0799,5.4034,-2.0532,1.3945
0.08,5.8413,-2.0985,1.4058
0.0801,6.2742,-2.1403,1.4149
0.0802,6.7015,-2.1783,1.4214
0.0803,7.1219,-2.2121,1.4252
0.0804,7.5324,-2.2418,1.4263
0.0805,7.93,-2.2673,1.4245
0.0806,8.3119,-2.2882,1.4195
0.0807,8.6752,-2.3047,1.4116
0.0808,9.0178,-2.3172,1.401
0.0809,9.3396,-2.3255,1.3877
0.081,9.6412,-2.3298,1.3719
0.0811,9.9227,-2.3306,1.354
0.0812,10.185,-2.3282,1.3345
0.0813,10.429,-2.3226,1.3132
0.0814,10.654,-2.3141,1.2904
0.0815,10.862,-2.3027,1.2662
0.0816,11.051,-2.288,1.2401
0.0817,11.222,-2.2699,1.2119
0.0818,11.374,-2.2483,1.1815
0.0819,11.508,-2.2233,1.149
0.082,11.623,-2.1945,1.1141
0.0821,11.721,-2.162,1.0769
0.0822,11.802,-2.126,1.0374
0.0823,11.867,-2.0862,0.99565
0.0824,11.917,-2.0427,0.95166
0.0825,11.951,-1.9959,0.90572
0.0826,11.967,-1.9457,0.85785
0.0827,11.964,-1.8922,0.80804
0.0828,11.94,-1.8356,0.75649
0.0829,11.893,-1.7761,0.70329
0.083,11.822,-1.7138,0.64842
0.0831,11.726,-1.649,0.59216
0.0832,11.604,-1.5821,0.53485
0.0833,11.458,-1.5132,0.47649
0.0834,11.289,-1.4422,0.4172
0.0835,11.1,-1.3695,0.35729
0.0836,10.893,-1.2952,0.2968
0.0837,10.67,-1.219,0.23566
0.0838,10.433,-1.1412,0.17405
0.0839,10.182,-1.062,0.11205
0.084,9.917,-0.98091,0.049354
0.0841,9.6385,-0.89789,-0.014203
0.0842,9.3458,-0.81305,-0.078541
0.0843,9.0385,-0.72628,-0.14377
0.0844,8.7165,-0.63748,-0.21
0.0845,8.3795,-0.54695,-0.27697
0.0846,8.028,-0.45497,-0.34442
0.0847,7.6628,-0.3616,-0.41228
0.0848,7.2844,-0.2671,-0.48028
0.0849,6.8927,-0.17198,-0.54795
0.085,6.4876,-0.076496,-0.61504
0.0851,6.0689,0.019221,-0.68143
0.0852,5.636,0.11486,-0.7468
0.0853,5.1888,0.21025,-0.81097
0.0854,4.7279,0.3055,-0.87396
0.0855,4.254,0.40051,-0.93564
0.0856,3.7681,0.49503,-0.99574
0.0857,3.2723,0.58903,-1.0542
0.0858,2.769,0.6825,-1.111
0.0859,2.2607,0.77527,-1.166
0.086,1.7496,0.8673,-1.2193
0.0861,1.2377,0.95869,-1.2711
0.0862,0.72575,1.0494,-1.3213
0.0863,0.21392,1.1393,-1.37
0.0864,-0.29803,1.2284,-1.4175
0.0865,-0.81064,1.3168,-1.4637
0.0866,-1.3247,1.4042,-1.5088
0.0867,-1.8408,1.4905,-1.5526
0.0868,-2.3589,1.5756,-1.5952
0.0869,-2.8791,1.6589,-1.6363
0.087,-3.4009,1.7403,-1.6756
0.0871,-3.9229,1.8195,-1.7131
0.0872,-4.4438,1.8962,-1.7484
0.0873,-4.9626,1.9702,-1.7814
0.0874,-5.4782,2.0414,-1.812
0.0875,-5.9897,2.1097,-1.8402
0.0876,-6.4967,2.1748,-1.8658
0.0877,-6.9984,2.2369,-1.8888
0.0878,-7.4939,2.2959,-1.9094
0.0879,-7.9821,2.352,-1.9277
0.088,-8.4617,2.4051,-1.9436
0.0881,-8.9314,2.4552,-1.9573
0.0882,-9.3894,2.5024,-1.9689
0.0883,-9.8344,2.5466,-1.9783
0.0884,-10.265,2.5876,-1.9856
0.0885,-10.68,2.6255,-1.9907
0.0886,-11.08,2.66,-1.9938
0.0887,-11.465,2.691,-1.9946
0.0888,-11.835,2.7182,-1.9931
0.0889,-12.192,2.7417,-1.9895
0.089,-12.537,2.7612,-1.9837
0.0891,-12.87,2.7767,-1.9755
0.0892,-13.191,2.7882,-1.9651
0.0893,-13.499,2.7956,-1.9522
0.0894,-13.794,2.7987,-1.9368
0.0895,-14.075,2.7976,-1.9187
0.0896,-14.338,2.7923,-1.898
0.0897,-14.584,2.7828,-1.8745
0.0898,-14.811,2.769,-1.8483
0.0899,-15.018,2.7514,-1.8195
0.09,-15.204,2.73,-1.7883
0.0901,-15.37,2.705,-1.7548
0.0902,-15.515,2.6767,-1.7193
0.0903,-15.639,2.6454,-1.6821
0.0904,-15.743,2.6112,-1.6432
0.0905,-15.825,2.5741,-1.6027
0.0906,-15.887,2.5344,-1.5608
0.0907,-15.927,2.4918,-1.5172
0.0908,-15.947,2.4463,-1.472
0.0909,-15.945,2.398,-1.4253
0.091,-15.923,2.3468,-1.3769
0.0911,-15.882,2.2927,-1.3269
0.0912,-15.822,2.2356,-1.2752
0.0913,-15.745,2.1757,-1.222
0.0914,-15.651,2.1128,-1.1672
0.0915,-15.541,2.047,-1.1109
0.0916,-15.415,1.9785,-1.053
0.0917,-15.271,1.9074,-0.99373
0.0918,-15.11,1.8335,-0.93293
0.0919,-14.93,1.7573,-0.87076
0.092,-14.73,1.6788,-0.80733
0.0921,-14.509,1.5981,-0.74273
0.0922,-14.268,1.5156,-0.67713
0.0923,-14.006,1.4316,-0.61078
0.0924,-13.724,1.3462,-0.54387
0.0925,-13.423,1.2595,-0.47653
0.0926,-13.104,1.1718,-0.40901
0.0927,-12.77,1.0832,-0.34147
0.0928,-12.421,0.99373,-0.27399
0.0929,-12.058,0.90351,-0.20669
0.093,-11.681,0.81257,-0.13964
0.0931,-11.292,0.72085,-0.072827
0.0932,-10.891,0.62827,-0.0062463
0.0933,-10.478,0.53484,0.060034
0.0934,-10.055,0.44058,0.12595
0.0935,-9.6207,0.3455,0.19143
0.0936,-9.1771,0.24974,0.25635
0.0937,-8.7246,0.15347,0.32054
0.0938,-8.2639,0.056829,0.38385
0.0939,-7.7952,-0.039963,0.44613
0.094,-7.3186,-0.13664,0.50718
0.0941,-6.834,-0.23298,0.56685
0.0942,-6.3411,-0.32881,0.62505
0.0943,-5.8399,-0.4239,0.68165
0.0944,-5.3304,-0.51806,0.73656
0.0945,-4.813,-0.61118,0.78974
0.0946,-4.2886,-0.70307,0.84114
0.0947,-3.7582,-0.79353,0.89062
0.0948,-3.2237,-0.88245,0.93818
0.0949,-2.6867,-0.96972,0.98379
0.095,-2.1491,-1.0552,1.0274
0.0951,-1.6126,-1.1389,1.069
0.0952,-1.0786,-1.2208,1.1087
0.0953,-0.54801,-1.3008,1.1466
0.0954,-0.021447,-1.379,1.1826
0.0955,0.5007,-1.4553,1.217
0.0956,1.0182,-1.5296,1.2496
0.0957,1.5308,-1.602,1.2806
0.0958,2.0385,-1.6722,1.3099
0.0959,2.5407,-1.7402,1.3375
0.096,3.0371,-1.8057,1.3633
0.0961,3.5272,-1.8685,1.387
0.0962,4.0103,-1.9284,1.4087
0.0963,4.4859,-1.9853,1.4282
0.0964,4.9533,-2.0388,1.4453
0.0965,5.4123,-2.0889,1.46
0.0966,5.8625,-2.1353,1.4722
0.0967,6.3034,-2.1781,1.4818
0.0968,6.7344,-2.2171,1.4888
0.0969,7.1548,-2.2522,1.4931
0.097,7.5635,-2.2836,1.4949
0.0971,7.9591,-2.311,1.4942
0.0972,8.3405,-2.3347,1.4909
0.0973,8.7062,-2.3545,1.4852
0.0974,9.055,-2.3706,1.477
0.0975,9.386,-2.3828,1.4664
0.0976,9.6983,-2.3914,1.4535
0.0977,9.9919,-2.3962,1.4383
0.0978,10.267,-2.3974,1.421
0.0979,10.524,-2.395,1.4015
0.098,10.763,-2.3889,1.38
0.0981,10.985,-2.3793,1.3565
0.0982,11.19,-2.3662,1.3309
0.0983,11.379,-2.3494,1.3033
0.0984,11.55,-2.3291,1.2736
0.0985,11.704,-2.3051,1.2417
0.0986,11.84,-2.2774,1.2076
0.0987,11.957,-2.246,1.1712
0.0988,12.055,-2.2111,1.1325
0.0989,12.134,-2.1725,1.0917
0.099,12.193,-2.1305,1.0487
0.0991,12.232,-2.0852,1.0037
0.0992,12.251,-2.0368,0.95681
0.0993,12.25,-1.9854,0.90819
0.0994,12.227,-1.9312,0.85797
0.0995,12.184,-1.8744,0.80624
0.0996,12.12,-1.815,0.75312
0.0997,12.034,-1.7531,0.69868
0.0998,11.927,-1.6889,0.64299
0.0999,11.799,-1.6223,0.5861
0.1,11.65,-1.5535,0.5281
0.1001,11.482,-1.4825,0.46906
0.1002,11.295,-1.4093,0.40904
0.1003,11.091,-1.334,0.34809
0.1004,10.87,-1.2566,0.28628
0.1005,10.633,-1.1772,0.22364
0.1006,10.381,-1.0958,0.16019
0.1007,10.114,-1.0125,0.095974
0.1008,9.8311,-0.92732,0.031025
0.1009,9.5334,-0.84043,-0.034628
0.101,9.2201,-0.75193,-0.10091
0.1011,8.8909,-0.66199,-0.1677
0.1012,8.5458,-0.57079,-0.23489
0.1013,8.185,-0.47852,-0.3023
0.1014,7.8088,-0.38542,-0.36973
0.1015,7.4177,-0.29164,-0.43698
0.1016,7.0126,-0.19737,-0.50384
0.1017,6.5942,-0.10277,-0.57008
0.1018,6.1633,-0.0080031,-0.63551
0.1019,5.7208,0.086834,-0.69996
0.102,5.2673,0.18164,-0.76327
0.1021,4.8037,0.27635,-0.82534
0.1022,4.3307,0.37092,-0.88608
0.1023,3.8493,0.46533,-0.94546
0.1024,3.3602,0.55951,-1.0034
0.1025,2.8645,0.65341,-1.06
0.1026,2.3632,0.74696,-1.1151
0.1027,1.8572,0.84005,-1.1688
0.1028,1.3475,0.93255,-1.2211
0.1029,0.83467,1.0243,-1.272
0.103,0.31932,1.1152,-1.3213
0.1031,-0.19828,1.205,-1.3692
0.1032,-0.71796,1.2935,-1.4156
0.1033,-1.2396,1.3806,-1.4603
0.1034,-1.763,1.4661,-1.5035
0.1035,-2.2878,1.5498,-1.545
0.1036,-2.8136,1.6315,-1.5847
0.1037,-3.3396,1.711,-1.6225
0.1038,-3.8648,1.7883,-1.6584
0.1039,-4.3882,1.863,-1.6921
0.104,-4.9084,1.9353,-1.7237
0.1041,-5.4242,2.0049,-1.7531
0.1042,-5.9345,2.0718,-1.7802
0.1043,-6.4381,2.136,-1.805
0.1044,-6.9344,2.1975,-1.8275
0.1045,-7.4224,2.2561,-1.8478
0.1046,-7.9016,2.312,-1.8658
0.1047,-8.3714,2.3651,-1.8816
0.1048,-8.8311,2.4153,-1.8953
0.1049,-9.2802,2.4624,-1.9068
0.105,-9.7182,2.5064,-1.9162
0.1051,-10.144,2.547,-1.9233
0.1052,-10.558,2.5842,-1.9282
0.1053,-10.959,2.6177,-1.9308
0.1054,-11.348,2.6474,-1.931
0.1055,-11.722,2.6731,-1.9289
0.1056,-12.084,2.6947,-1.9244
0.1057,-12.431,2.7122,-1.9174
0.1058,-12.765,2.7255,-1.9079
0.1059,-13.084,2.7346,-1.8959
0.106,-13.388,2.7396,-1.8814
0.1061,-13.676,2.7404,-1.8645
0.1062,-13.948,2.7373,-1.845
0.1063,-14.202,2.7301,-1.8232
0.1064,-14.438,2.7192,-1.7989
0.1065,-14.654,2.7046,-1.7724
0.1066,-14.851,2.6864,-1.7435
0.1067,-15.027,2.6648,-1.7124
0.1068,-15.183,2.6398,-1.6792
0.1069,-15.318,2.6115,-1.644
0.107,-15.433,2.5802,-1.6069
0.1071,-15.528,2.5457,-1.568
0.1072,-15.604,2.5082,-1.5273
0.1073,-15.659,2.4677,-1.4849
0.1074,-15.696,2.4241,-1.4408
0.1075,-15.713,2.3775,-1.3951
0.1076,-15.711,2.3278,-1.3476
0.1077,-15.689,2.2751,-1.2985
0.1078,-15.649,2.2193,-1.2476
0.1079,-15.589,2.1605,-1.1951
0.108,-15.509,2.0988,-1.141
0.1081,-15.411,2.0342,-1.0853
0.1082,-15.294,1.9669,-1.0282
0.1083,-15.158,1.897,-0.96959
0.1084,-15.002,1.8248,-0.90971
0.1085,-14.828,1.7502,-0.84863
0.1086,-14.634,1.6736,-0.78644
0.1087,-14.421,1.595,-0.72322
0.1088,-14.188,1.5147,-0.65909
0.1089,-13.937,1.4326,-0.59416
0.109,-13.667,1.3491,-0.52853
0.1091,-13.379,1.2641,-0.46233
0.1092,-13.074,1.1778,-0.39568
0.1093,-12.752,1.0903,-0.32868
0.1094,-12.416,1.0016,-0.26146
0.1095,-12.065,0.91176,-0.19411
0.1096,-11.7,0.82092,-0.12672
0.1097,-11.323,0.72908,-0.059364
0.1098,-10.933,0.63631,0.0078502
0.1099,-10.531,0.54265,0.074837
0.11,-10.117,0.44817,0.14149
0.1101,-9.6915,0.35298,0.20768
0.1102,-9.2551,0.25723,0.27327
0.1103,-8.8078,0.16105,0.3381
0.1104,-8.35,0.064636,0.40201
0.1105,-7.8823,-0.031833,0.46481
0.1106,-7.4051,-0.12816,0.52635
0.1107,-6.919,-0.22417,0.58649
0.1108,-6.4246,-0.31967,0.6451
0.1109,-5.9227,-0.41449,0.70207
0.111,-5.4138,-0.50848,0.75735
0.1111,-4.8987,-0.60152,0.81089
0.1112,-4.3782,-0.69347,0.86267
0.1113,-3.8532,-0.78424,0.91268
0.1114,-3.3246,-0.87375,0.96095
0.1115,-2.7935,-0.96192,1.0075
0.1116,-2.261,-1.0487,1.0522
0.1117,-1.7281,-1.1339,1.0953
0.1118,-1.196,-1.2175,1.1366
0.1119,-0.6655,-1.2995,1.1762
0.112,-0.13743,-1.3796,1.214
0.1121,0.38757,-1.4579,1.25
0.1122,0.909,-1.5341,1.2842
0.1123,1.4265,-1.6082,1.3167
0.1124,1.9396,-1.68,1.3472
0.1125,2.4481,-1.7493,1.3758
0.1126,2.9515,-1.8161,1.4025
0.1127,3.4492,-1.8801,1.4271
0.1128,3.9408,-1.9413,1.4497
0.1129,4.4254,-1.9994,1.47
0.113,4.9022,-2.0543,1.488
0.1131,5.3705,-2.1058,1.5037
0.1132,5.8294,-2.154,1.517
0.1133,6.278,-2.1987,1.5279
0.1134,6.7155,-2.2398,1.5362
0.1135,7.1411,-2.2772,1.5421
0.1136,7.5542,-2.3111,1.5455
0.1137,7.9539,-2.3412,1.5465
0.1138,8.3397,-2.3677,1.545
0.1139,8.7108,-2.3904,1.5411
0.114,9.0666,-2.4094,1.5348
0.1141,9.4065,-2.4246,1.5261
0.1142,9.73,-2.436,1.5151
0.1143,10.037,-2.4436,1.5018
0.1144,10.326,-2.4474,1.4862
0.1145,10.599,-2.4475,1.4683
0.1146,10.854,-2.4437,1.4482
0.1147,11.091,-2.4361,1.4259
0.1148,11.311,-2.4247,1.4013
0.1149,11.514,-2.4095,1.3746
0.115,11.698,-2.3907,1.3456
0.1151,11.865,-2.3681,1.3145
0.1152,12.013,-2.342,1.2812
0.1153,12.142,-2.3122,1.2458
0.1154,12.253,-2.279,1.2083
0.1155,12.343,-2.2424,1.1687
0.1156,12.413,-2.2025,1.1272
0.1157,12.462,-2.1594,1.0837
0.1158,12.491,-2.1133,1.0383
0.1159,12.499,-2.0642,0.99121
0.116,12.486,-2.0122,0.94241
0.1161,12.453,-1.9575,0.89203
0.1162,12.399,-1.9001,0.84014
0.1163,12.325,-1.8402,0.78683
0.1164,12.232,-1.7777,0.73217
0.1165,12.118,-1.7128,0.67622
0.1166,11.985,-1.6454,0.61904
0.1167,11.834,-1.5756,0.56067
0.1168,11.663,-1.5035,0.50117
0.1169,11.475,-1.4291,0.4406
0.117,11.268,-1.3524,0.379
0.1171,11.045,-1.2736,0.31647
0.1172,10.804,-1.1928,0.25306
0.1173,10.546,-1.11,0.18885
0.1174,10.271,-1.0254,0.12393
0.1175,9.9808,-0.9392,0.058395
0.1176,9.6739,-0.85149,-0.00767
0.1177,9.351,-0.76244,-0.07416
0.1178,9.0123,-0.67221,-0.14096
0.1179,8.658,-0.58096,-0.20794
0.118,8.2885,-0.48884,-0.27496
0.1181,7.9045,-0.396,-0.34187
0.1182,7.5064,-0.30254,-0.40852
0.1183,7.0951,-0.2086,-0.47472
0.1184,6.6714,-0.11427,-0.54033
0.1185,6.2362,-0.019654,-0.60517
0.1186,5.7902,0.075168,-0.66911
0.1187,5.3342,0.17012,-0.73201
0.1188,4.8691,0.26512,-0.79377
0.1189,4.3954,0.3601,-0.85429
0.119,3.9139,0.45497,-0.91351
0.1191,3.425,0.54964,-0.97138
0.1192,2.9295,0.64401,-1.0278
0.1193,2.4279,0.73793,-1.0829
0.1194,1.9208,0.83127,-1.1364
0.1195,1.4087,0.92387,-1.1885
0.1196,0.89243,1.0155,-1.239
0.1197,0.3725,1.1061,-1.2879
0.1198,0.12935,1.1644,-1.2954
0.1199,0.073666,1.2008,-1.2754
0.12,0.017866,1.2353,-1.2537
0.1201,-0.037295,1.2671,-1.2283
0.1202,-0.091811,1.2933,-1.1971
0.1203,-0.14599,1.3149,-1.1614
0.1204,-0.19985,1.3354,-1.125
0.1205,-0.25303,1.3543,-1.0869
0.1206,-0.3053,1.3676,-1.0435
0.1207,-0.35667,1.3765,-0.99609
0.1208,-0.40744,1.3847,-0.94851
0.1209,-0.45775,1.3927,-0.9016
0.121,-0.5075,1.3996,-0.85453
0.1211,-0.55662,1.4054,-0.80719
0.1212,-0.60515,1.409,-0.75878
0.1213,-0.65309,1.4101,-0.70926
0.1214,-0.70045,1.4109,-0.66095
0.1215,-0.74713,1.4126,-0.61489
0.1216,-0.79296,1.4131,-0.56922
0.1217,-0.83774,1.4116,-0.52305
0.1218,-0.88144,1.4092,-0.47751
0.1219,-0.92395,1.4059,-0.43251
0.122,-0.96508,1.4005,-0.38687
0.1221,-1.0048,1.3925,-0.34016
0.1222,-1.043,1.3811,-0.29169
0.1223,-1.0798,1.3658,-0.24075
0.1224,-1.115,1.3469,-0.18787
0.1225,-1.1484,1.3245,-0.13301
