0.05,0.055466,-0.0020144,-0.030507
0.0501,0.056568,0.00020729,-0.031224
0.0502,0.057531,0.0023557,-0.031952
0.0503,0.058325,0.0044298,-0.032695
0.0504,0.058918,0.0064288,-0.033454
0.0505,0.05928,0.0083529,-0.034233
0.0506,0.059386,0.010202,-0.035035
0.0507,0.059217,0.011977,-0.035863
0.0508,0.058761,0.013677,-0.036717
0.0509,0.058007,0.015303,-0.037609
0.051,0.056961,0.016855,-0.038538
0.0511,0.055628,0.018333,-0.039509
0.0512,0.054029,0.019738,-0.040524
0.0513,0.052183,0.021071,-0.041587
0.0514,0.050122,0.022333,-0.042703
0.0515,0.047873,0.023522,-0.043873
0.0516,0.045471,0.024642,-0.0451
0.0517,0.042948,0.025692,-0.046385
0.0518,0.040338,0.026673,-0.047728
0.0519,0.037667,0.027587,-0.049126
0.052,0.034969,0.028436,-0.050578
0.0521,0.032261,0.029233,-0.052077
0.0522,0.029567,0.029979,-0.053616
0.0523,0.026902,0.030678,-0.05518
0.0524,0.024282,0.031341,-0.056754
0.0525,0.021716,0.031998,-0.058319
0.0526,0.019213,0.032653,-0.059848
0.0527,0.016777,0.033309,-0.061314
0.0528,0.014413,0.033969,-0.062682
0.0529,0.012122,0.034634,-0.063916
0.053,0.0099053,0.035316,-0.064978
0.0531,0.0077638,0.036016,-0.065828
0.0532,0.0056977,0.036736,-0.066429
0.0533,0.0037065,0.037483,-0.066746
0.0534,0.0017899,0.038258,-0.066751
0.0535,-5.134e-05,0.039066,-0.066429
0.0536,-0.001817,0.039912,-0.065764
0.0537,-0.0035074,0.040798,-0.064764
0.0538,-0.0051212,0.041728,-0.063433
0.0539,-0.0066586,0.042704,-0.061796
0.054,-0.0081184,0.043729,-0.059876
0.0541,-0.0095008,0.044806,-0.057712
0.0542,-0.010805,0.045939,-0.055335
0.0543,-0.012031,0.047128,-0.052787
0.0544,-0.01318,0.048377,-0.050103
0.0545,-0.014252,0.049685,-0.047323
0.0546,-0.015248,0.051053,-0.044479
0.0547,-0.016169,0.052478,-0.041596
0.0548,-0.017019,0.053958,-0.038704
0.0549,-0.0178,0.055488,-0.035825
0.055,-0.018526,0.057056,-0.032978
0.0551,-0.019199,0.05865,-0.03018
0.0552,-0.019841,0.060253,-0.02744
0.0553,-0.020474,0.061842,-0.024768
0.0554,-0.021104,0.063391,-0.022172
0.0555,-0.021734,0.064867,-0.019656
0.0556,-0.022369,0.066236,-0.017223
0.0557,-0.023012,0.067457,-0.014875
0.0558,-0.023668,0.06849,-0.012613
0.0559,-0.02434,0.069295,-0.010437
0.056,-0.025033,0.069834,-0.0083459
0.0561,-0.02575,0.070074,-0.0063404
0.0562,-0.026495,0.069988,-0.0044182
0.0563,-0.02727,0.069566,-0.0025796
0.0564,-0.028074,0.068798,-0.00082383
0.0565,-0.028917,0.067693,0.00085058
0.0566,-0.029797,0.066261,0.0024435
0.0567,-0.030716,0.064532,0.0039561
0.0568,-0.031675,0.06253,0.0053883
0.0569,-0.032676,0.060294,0.0067415
0.057,-0.03372,0.057859,0.008016
0.0571,-0.034809,0.055264,0.0092134
0.0572,-0.035942,0.052543,0.010335
0.0573,-0.037119,0.049735,0.011382
0.0574,-0.038338,0.046871,0.012356
0.0575,-0.039596,0.043973,0.013261
0.0576,-0.040887,0.04107,0.014097
0.0577,-0.042207,0.038185,0.014868
0.0578,-0.043544,0.035335,0.015575
0.0579,-0.044886,0.032534,0.016229
0.058,-0.046216,0.029797,0.016871
0.0581,-0.047516,0.027132,0.01751
0.0582,-0.048764,0.024547,0.018145
0.0583,-0.049933,0.022047,0.018781
0.0584,-0.050996,0.019637,0.01942
0.0585,-0.051922,0.017318,0.020064
0.0586,-0.052682,0.015093,0.020716
0.0587,-0.053245,0.012962,0.021379
0.0588,-0.053584,0.010924,0.022055
0.0589,-0.053675,0.008977,0.022746
0.059,-0.053497,0.0071208,0.023454
0.0591,-0.053041,0.0053531,0.024184
0.0592,-0.052298,0.0036724,0.024937
0.0593,-0.051271,0.0020752,0.025716
0.0594,-0.049967,0.00056062,0.026523
0.0595,-0.048403,-0.00087467,0.02736
0.0596,-0.046598,-0.0022319,0.028231
0.0597,-0.04458,-0.003514,0.029136
0.0598,-0.042375,-0.0047223,0.030078
0.0599,-0.040017,-0.0058604,0.031059
0.06,-0.037537,-0.0069298,0.032079
0.0601,-0.03496,-0.0079331,0.033138
0.0602,-0.032317,-0.0088716,0.034234
0.0603,-0.029636,-0.0097475,0.035362
0.0604,-0.026942,-0.010563,0.03652
0.0605,-0.024255,-0.011318,0.037698
0.0606,-0.021594,-0.012016,0.038887
0.0607,-0.018974,-0.012677,0.040075
0.0608,-0.016408,-0.013333,0.041247
0.0609,-0.013906,-0.013986,0.042385
0.061,-0.011475,-0.014638,0.04347
0.0611,-0.0091209,-0.01529,0.044478
0.0612,-0.006847,-0.015944,0.045384
0.0613,-0.0046562,-0.016601,0.046163
0.0614,-0.0025493,-0.017264,0.046789
0.0615,-0.00052695,-0.017931,0.047234
0.0616,0.0014117,-0.018614,0.047475
0.0617,0.0032676,-0.01931,0.047489
0.0618,0.0050422,-0.020023,0.047259
0.0619,0.0067366,-0.020758,0.046777
0.062,0.0083525,-0.021517,0.046032
0.0621,0.0098924,-0.022304,0.045028
0.0622,0.011357,-0.023122,0.043769
0.0623,0.012749,-0.023974,0.042271
0.0624,0.01407,-0.024863,0.040549
0.0625,0.014714,-0.026225,0.039206
0.0626,0.015533,-0.027494,0.037449
0.0627,0.016292,-0.028828,0.035546
0.0628,0.017005,-0.030221,0.033528
0.0629,0.017664,-0.031662,0.031428
0.063,0.01828,-0.033146,0.029279
0.0631,0.018869,-0.034679,0.027101
0.0632,0.019423,-0.03626,0.024916
0.0633,0.019934,-0.037876,0.022732
0.0634,0.02042,-0.039517,0.020574
0.0635,0.020911,-0.041174,0.018453
0.0636,0.021424,-0.042829,0.016379
0.0637,0.021954,-0.044457,0.014362
0.0638,0.022501,-0.046027,0.012413
0.0639,0.023072,-0.047515,0.010537
0.064,0.023679,-0.0489,0.0087339
0.0641,0.024321,-0.050161,0.0070005
0.0642,0.024992,-0.051273,0.0053304
0.0643,0.026232,-0.052483,0.0034344
0.0644,0.026977,-0.053234,0.0018697
0.0645,0.027756,-0.053764,0.00036624
0.0646,0.028574,-0.054043,-0.0010749
0.0647,0.029443,-0.054057,-0.0024402
0.0648,0.030371,-0.053788,-0.0037303
0.0649,0.03136,-0.053223,-0.0049416
0.065,0.032415,-0.052367,-0.0060758
0.0651,0.033539,-0.051238,-0.0071218
0.0652,0.034731,-0.04985,-0.0080888
0.0653,0.035991,-0.048233,-0.0089871
0.0654,0.037317,-0.046421,-0.0098162
0.0655,0.038711,-0.04446,-0.01058
0.0656,0.040168,-0.042385,-0.011284
0.0657,0.041684,-0.040222,-0.011934
0.0658,0.043254,-0.037997,-0.012538
0.0659,0.044876,-0.035732,-0.013098
0.066,0.046544,-0.033458,-0.013624
0.0661,0.04825,-0.031199,-0.014119
0.0662,0.049975,-0.028969,-0.014592
0.0663,0.051703,-0.026782,-0.015071
0.0664,0.053412,-0.024648,-0.015573
0.0665,0.055079,-0.022577,-0.016101
0.0666,0.056682,-0.020575,-0.01666
0.0667,0.058198,-0.018649,-0.017249
0.0668,0.059602,-0.0168,-0.01787
0.0669,0.060869,-0.015029,-0.018522
0.067,0.062196,-0.013135,-0.019628
0.0671,0.063508,-0.011041,-0.021216
0.0672,0.064219,-0.0094683,-0.022006
0.0673,0.064687,-0.0079654,-0.022843
0.0674,0.064891,-0.0065345,-0.023733
0.0675,0.064826,-0.0051931,-0.024683
0.0676,0.064464,-0.003912,-0.025693
0.0677,0.063795,-0.0026981,-0.026766
0.0678,0.062839,-0.0015565,-0.027911
0.0679,0.06162,-0.00049607,-0.02913
0.068,0.060149,0.00049465,-0.03042
0.0681,0.058456,0.0014149,-0.031781
0.0682,0.056577,0.0022634,-0.033215
0.0683,0.05456,0.0030318,-0.034724
0.0684,0.052432,0.003731,-0.036307
0.0685,0.050215,0.0043725,-0.037961
0.0686,0.047926,0.0049691,-0.039678
0.0687,0.0456,0.0055209,-0.041455
0.0688,0.043266,0.0060364,-0.043285
0.0689,0.040949,0.0065177,-0.045155
0.069,0.038659,0.0069758,-0.047049
0.0691,0.036413,0.0074326,-0.048948
0.0692,0.034224,0.0079115,-0.050831
0.0693,0.032105,0.0084113,-0.052672
0.0694,0.03006,0.0089352,-0.05444
0.0695,0.028099,0.0094802,-0.056106
0.0696,0.026226,0.010049,-0.057636
0.0697,0.024439,0.010644,-0.058995
0.0698,0.02226,0.012302,-0.060697
0.0699,0.020066,0.013978,-0.062059
0.07,0.018492,0.014732,-0.062744
0.0701,0.016989,0.015542,-0.063127
0.0702,0.015561,0.016413,-0.063197
0.0703,0.014219,0.017351,-0.062954
0.0704,0.012934,0.01835,-0.062364
0.0705,0.011705,0.019417,-0.061435
0.0706,0.010545,0.020559,-0.0602
0.0707,0.0094705,0.021775,-0.058688
0.0708,0.0084691,0.023059,-0.056912
0.0709,0.0075346,0.02441,-0.054911
0.071,0.0066766,0.025832,-0.052732
0.0711,0.0059052,0.027334,-0.050432
0.0712,0.0052023,0.028913,-0.048037
0.0713,0.0045487,0.030563,-0.045564
0.0714,0.003931,0.032276,-0.043031
0.0715,0.0033602,0.03405,-0.040479
0.0716,0.002832,0.035877,-0.03794
0.0717,0.0023403,0.037747,-0.035439
0.0718,0.001872,0.039641,-0.032987
0.0719,0.0014005,0.04154,-0.030603
0.072,0.00091659,0.043421,-0.028299
0.0721,0.00042285,0.045254,-0.026085
0.0722,-7.948e-05,0.047005,-0.023964
0.0723,-0.00060003,0.048643,-0.021949
0.0724,-0.0011331,0.050132,-0.020041
0.0725,-0.0016919,0.051438,-0.018235
0.0726,-0.0042905,0.053573,-0.015573
0.0727,-0.0056934,0.054724,-0.013481
0.0728,-0.0064295,0.055336,-0.011911
0.0729,-0.0072227,0.055627,-0.010412
0.073,-0.0080817,0.05561,-0.0090021
0.0731,-0.0090068,0.05528,-0.0076812
0.0732,-0.0099877,0.054593,-0.0064062
0.0733,-0.011034,0.053575,-0.0051889
0.0734,-0.012154,0.052268,-0.0040508
0.0735,-0.013342,0.050691,-0.0029917
0.0736,-0.014588,0.048857,-0.0019956
0.0737,-0.015896,0.04681,-0.0010679
0.0738,-0.017274,0.04461,-0.00022204
0.0739,-0.01873,0.042314,0.00053695
0.074,-0.02026,0.039938,0.0012375
0.0741,-0.021854,0.037488,0.0019051
0.0742,-0.023504,0.034984,0.0025461
0.0743,-0.025206,0.032471,0.0031405
0.0744,-0.026952,0.029984,0.0036806
0.0745,-0.028727,0.027538,0.0041696
0.0746,-0.030512,0.025145,0.0046384
0.0747,-0.03229,0.022821,0.0051109
0.0748,-0.034035,0.020578,0.0055882
0.0749,-0.035718,0.018421,0.0060692
0.075,-0.037307,0.01636,0.0065552
0.0751,-0.038778,0.014409,0.0070427
0.0752,-0.0401,0.012571,0.0075365
0.0753,-0.04124,0.010836,0.0080602
0.0754,-0.043679,0.0078191,0.011513
0.0755,-0.044607,0.005843,0.012734
0.0756,-0.045117,0.0043358,0.013437
0.0757,-0.045333,0.0028984,0.014197
0.0758,-0.045284,0.0015588,0.015018
0.0759,-0.044954,0.00030784,0.015899
0.076,-0.044283,-0.00091326,0.016824
0.0761,-0.043309,-0.0020815,0.01781
0.0762,-0.042076,-0.0031679,0.018865
0.0763,-0.040588,-0.0041748,0.019978
0.0764,-0.038855,-0.0051282,0.021141
0.0765,-0.036919,-0.006015,0.022357
0.0766,-0.03485,-0.0068206,0.023641
0.0767,-0.0327,-0.0075357,0.025003
0.0768,-0.030474,-0.0082022,0.026437
0.0769,-0.028164,-0.0088503,0.027926
0.077,-0.025796,-0.0094808,0.029461
0.0771,-0.02341,-0.010066,0.031039
0.0772,-0.021043,-0.010597,0.03265
0.0773,-0.018705,-0.011081,0.034277
0.0774,-0.016404,-0.011566,0.035902
0.0775,-0.01416,-0.012059,0.037509
0.0776,-0.011984,-0.012557,0.039074
0.0777,-0.0098826,-0.013058,0.040565
0.0778,-0.0078699,-0.013556,0.041958
0.0779,-0.0059679,-0.014057,0.043234
0.078,-0.0041805,-0.014567,0.044372
0.0781,-0.0022974,-0.015536,0.045577
0.0782,0.0010753,-0.019775,0.048243
0.0783,0.0027872,-0.020555,0.048805
0.0784,0.0042609,-0.021288,0.049222
0.0785,0.0056635,-0.022079,0.049378
0.0786,0.0069663,-0.022935,0.049316
0.0787,0.008193,-0.023848,0.048996
0.0788,0.0094058,-0.024805,0.048352
0.0789,0.010568,-0.02583,0.047443
0.079,0.011641,-0.026928,0.046307
0.0791,0.012642,-0.028081,0.044932
0.0792,0.013586,-0.029281,0.043326
0.0793,0.014458,-0.030537,0.041538
0.0794,0.01523,-0.031868,0.039649
0.0795,0.015915,-0.033283,0.037687
0.0796,0.016563,-0.034772,0.035644
0.0797,0.017209,-0.036319,0.033501
0.0798,0.017842,-0.037915,0.031287
0.0799,0.018431,-0.039558,0.029053
0.08,0.018969,-0.041238,0.026829
0.0801,0.019477,-0.042936,0.024618
0.0802,0.019994,-0.044635,0.022429
0.0803,0.020521,-0.046315,0.020282
0.0804,0.021053,-0.047949,0.018192
0.0805,0.021585,-0.049502,0.016167
0.0806,0.022113,-0.050951,0.014227
0.0807,0.022632,-0.052275,0.0124
0.0808,0.023159,-0.053453,0.010686
0.0809,0.024667,-0.054966,0.0086319
0.081,0.029275,-0.057782,0.0051039
0.0811,0.029965,-0.058311,0.0035175
0.0812,0.030742,-0.058733,0.0020829
0.0813,0.031581,-0.058889,0.00071467
0.0814,0.03249,-0.058821,-0.00054715
0.0815,0.033458,-0.058477,-0.0017452
0.0816,0.034473,-0.057792,-0.0029407
0.0817,0.03556,-0.056836,-0.0040806
0.0818,0.036718,-0.055646,-0.0051301
0.0819,0.037925,-0.054203,-0.0061096
0.082,0.039175,-0.05252,-0.007029
0.0821,0.040479,-0.050655,-0.0078687
0.0822,0.04186,-0.048699,-0.0086025
0.0823,0.04333,-0.046674,-0.009253
0.0824,0.044876,-0.044563,-0.0098789
0.0825,0.04648,-0.042348,-0.010515
0.0826,0.048134,-0.040063,-0.011143
0.0827,0.049837,-0.037765,-0.011739
0.0828,0.051576,-0.03548,-0.012297
0.0829,0.053332,-0.03321,-0.012832
0.083,0.055085,-0.030965,-0.01338
0.0831,0.056814,-0.028765,-0.013939
0.0832,0.058484,-0.026626,-0.014498
0.0833,0.06006,-0.024556,-0.015053
0.0834,0.061517,-0.022582,-0.015598
0.0835,0.062836,-0.02073,-0.016134
0.0836,0.063994,-0.018998,-0.01668
0.0837,0.065948,-0.016482,-0.019139
0.0838,0.068598,-0.013013,-0.023583
0.0839,0.069099,-0.011418,-0.024321
0.084,0.069465,-0.009969,-0.025153
0.0841,0.069563,-0.008596,-0.026057
0.0842,0.069432,-0.0073322,-0.027035
0.0843,0.069004,-0.0061196,-0.028075
0.0844,0.068234,-0.0049099,-0.02917
0.0845,0.067192,-0.0037619,-0.030342
0.0846,0.06591,-0.0027053,-0.031587
0.0847,0.064366,-0.0017189,-0.032881
0.0848,0.062581,-0.00079744,-0.034218
0.0849,0.060629,3.3018e-05,-0.035618
0.085,0.058596,0.00074937,-0.037107
0.0851,0.056507,0.0013855,-0.038695
0.0852,0.054332,0.0020064,-0.04037
0.0853,0.052056,0.0026413,-0.042112
0.0854,0.049721,0.0032706,-0.043915
0.0855,0.047383,0.0038641,-0.045778
0.0856,0.045064,0.004417,-0.047686
0.0857,0.042765,0.0049439,-0.049618
0.0858,0.040492,0.0054756,-0.05155
0.0859,0.038267,0.0060131,-0.053456
0.086,0.036102,0.0065455,-0.055294
0.0861,0.034009,0.0070658,-0.057022
0.0862,0.03202,0.0075668,-0.058609
0.0863,0.030162,0.008053,-0.060031
0.0864,0.02843,0.008551,-0.061257
0.0865,0.025423,0.011975,-0.063756
0.0866,0.022028,0.016086,-0.066191
0.0867,0.020469,0.016807,-0.066715
0.0868,0.019013,0.017612,-0.066994
0.0869,0.017646,0.018495,-0.06697
0.087,0.016381,0.019459,-0.066673
0.0871,0.015149,0.020483,-0.066024
0.0872,0.013917,0.021568,-0.065002
0.0873,0.01275,0.022736,-0.063685
0.0874,0.011672,0.023976,-0.0621
0.0875,0.010663,0.02526,-0.060233
0.0876,0.0097229,0.026588,-0.058124
0.0877,0.0088854,0.027982,-0.055863
0.0878,0.0081703,0.029472,-0.053547
0.0879,0.0075325,0.031065,-0.051197
0.088,0.0069016,0.032744,-0.048779
0.0881,0.0062535,0.03449,-0.04628
0.0882,0.0056179,0.036298,-0.043751
0.0883,0.0050351,0.038167,-0.041246
0.0884,0.004491,0.040081,-0.038784
0.0885,0.0039655,0.042016,-0.036358
0.0886,0.0034283,0.04395,-0.033978
0.0887,0.0028905,0.045852,-0.031662
0.0888,0.0023641,0.047675,-0.029422
0.0889,0.0018581,0.049377,-0.02727
0.089,0.001381,0.050929,-0.025245
0.0891,0.00092456,0.052305,-0.023368
0.0892,-8.4938e-06,0.053723,-0.021417
0.0893,-0.0042474,0.056569,-0.017976
0.0894,-0.0077388,0.058594,-0.014825
0.0895,-0.0084507,0.059097,-0.013315
0.0896,-0.0092433,0.05929,-0.011873
0.0897,-0.010114,0.059186,-0.010518
0.0898,-0.011067,0.058811,-0.0092666
0.0899,-0.012076,0.058059,-0.0080292
0.09,-0.013155,0.056957,-0.0068006
0.0901,-0.014316,0.055562,-0.0056332
0.0902,-0.015542,0.053909,-0.0045589
0.0903,-0.016802,0.051971,-0.003543
0.0904,-0.018104,0.04982,-0.0026128
0.0905,-0.019468,0.047542,-0.0017918
0.0906,-0.020929,0.045242,-0.0011026
0.0907,-0.022482,0.042907,-0.00047107
0.0908,-0.024112,0.040512,0.00015969
0.0909,-0.025798,0.038039,0.00081529
0.091,-0.02754,0.035557,0.0014414
0.0911,-0.029329,0.033103,0.0020169
0.0912,-0.031152,0.030698,0.0025388
0.0913,-0.032982,0.028326,0.0030591
0.0914,-0.034801,0.026007,0.0035911
0.0915,-0.036569,0.023748,0.00413
0.0916,-0.038247,0.021568,0.0046432
0.0917,-0.039793,0.019478,0.005131
0.0918,-0.041188,0.017529,0.0055758
0.0919,-0.042408,0.015728,0.0060002
0.092,-0.043937,0.013629,0.0073843
0.0921,-0.047047,0.009844,0.012396
0.0922,-0.048677,0.0070238,0.015295
0.0923,-0.04909,0.005574,0.015974
0.0924,-0.049226,0.0041915,0.016736
0.0925,-0.049111,0.0029113,0.01758
0.0926,-0.048743,0.0017154,0.018495
0.0927,-0.048012,0.00051237,0.01946
0.0928,-0.046963,-0.00067467,0.020495
0.0929,-0.045652,-0.0017931,0.021604
0.093,-0.044087,-0.0028248,0.022764
0.0931,-0.042247,-0.0037984,0.023944
0.0932,-0.040205,-0.0046827,0.025157
0.0933,-0.038057,-0.0054485,0.026432
0.0934,-0.035891,-0.0060894,0.027799
0.0935,-0.033682,-0.0066886,0.029253
0.0936,-0.031388,-0.0073044,0.030772
0.0937,-0.029008,-0.0079476,0.032338
0.0938,-0.026618,-0.0085602,0.033952
0.0939,-0.024252,-0.0091176,0.035599
0.094,-0.021925,-0.0096396,0.037273
0.0941,-0.019621,-0.010182,0.038945
0.0942,-0.017364,-0.010736,0.040594
0.0943,-0.01516,-0.011293,0.042181
0.0944,-0.013027,-0.011823,0.043666
0.0945,-0.010986,-0.012322,0.045016
0.0946,-0.0090879,-0.012775,0.04622
0.0947,-0.0073395,-0.013209,0.047263
0.0948,-0.0049098,-0.015386,0.049043
0.0949,-0.0011896,-0.020375,0.052
0.095,0.0016132,-0.023288,0.053488
0.0951,0.0030356,-0.024,0.053818
0.0952,0.0043847,-0.024797,0.053917
0.0953,0.0056342,-0.025672,0.053806
0.0954,0.0068052,-0.02662,0.053463
0.0955,0.0079948,-0.027623,0.052787
0.0956,0.0091683,-0.028698,0.051825
0.0957,0.010275,-0.029849,0.05062
0.0958,0.011298,-0.031042,0.04918
0.0959,0.012262,-0.032249,0.047472
0.096,0.013131,-0.033496,0.04558
0.0961,0.013878,-0.034813,0.043598
0.0962,0.014507,-0.03623,0.041599
0.0963,0.015107,-0.037736,0.03954
0.0964,0.015733,-0.039312,0.037386
0.0965,0.016387,-0.040938,0.03514
0.0966,0.017008,-0.042615,0.032877
0.0967,0.017585,-0.044334,0.030629
0.0968,0.018133,-0.046078,0.028411
0.0969,0.018706,-0.04782,0.026204
0.097,0.019288,-0.049538,0.024033
0.0971,0.019869,-0.051187,0.021904
0.0972,0.020421,-0.052725,0.019841
0.0973,0.020936,-0.054121,0.01787
0.0974,0.021403,-0.055364,0.016038
0.0975,0.021853,-0.056437,0.014358
0.0976,0.025059,-0.058753,0.011507
0.0977,0.030878,-0.062123,0.0074246
0.0978,0.032737,-0.063077,0.0052127
0.0979,0.033487,-0.063413,0.0038356
0.098,0.034325,-0.063512,0.0025324
0.0981,0.035248,-0.063409,0.0013377
0.0982,0.036239,-0.063035,0.00019057
0.0983,0.037285,-0.062305,-0.00099267
0.0984,0.038412,-0.061296,-0.0021485
0.0985,0.039613,-0.060043,-0.0032303
0.0986,0.040851,-0.058521,-0.0042437
0.0987,0.042106,-0.056731,-0.0051996
0.0988,0.043401,-0.054759,-0.0060519
0.0989,0.044777,-0.052721,-0.0067658
0.099,0.046254,-0.050666,-0.0073701
0.0991,0.047816,-0.048537,-0.0079649
0.0992,0.049443,-0.046296,-0.0086031
0.0993,0.051121,-0.043973,-0.0092657
0.0994,0.052853,-0.041646,-0.0099002
0.0995,0.054625,-0.039344,-0.010495
0.0996,0.056416,-0.037065,-0.011071
0.0997,0.058201,-0.034802,-0.011671
0.0998,0.059951,-0.03258,-0.012279
0.0999,0.061621,-0.030404,-0.012879
0.1,0.063166,-0.028298,-0.01345
0.1001,0.064556,-0.026301,-0.013975
0.1002,0.06578,-0.024463,-0.014449
0.1003,0.067008,-0.022619,-0.015257
0.1004,0.069716,-0.019305,-0.019385
0.1005,0.073378,-0.014839,-0.025948
0.1006,0.073676,-0.013232,-0.026612
0.1007,0.073961,-0.011843,-0.027415
0.1008,0.073988,-0.010534,-0.028311
0.1009,0.073818,-0.0093462,-0.0293
0.101,0.073343,-0.0081774,-0.030357
0.1011,0.072501,-0.0069599,-0.031476
0.1012,0.071399,-0.0057876,-0.032691
0.1013,0.070061,-0.004703,-0.033983
0.1014,0.068438,-0.0036779,-0.035307
0.1015,0.066553,-0.0027185,-0.036652
0.1016,0.064514,-0.0018788,-0.038049
0.1017,0.062443,-0.0011947,-0.03954
0.1018,0.060356,-0.00060554,-0.041142
0.1019,0.058182,-4.3271e-06,-0.042835
0.102,0.055884,0.00065223,-0.044595
0.1021,0.05352,0.0013241,-0.046418
0.1022,0.051169,0.0019552,-0.048304
0.1023,0.048849,0.0025392,-0.050237
0.1024,0.046546,0.0031044,-0.052192
0.1025,0.044263,0.0036866,-0.054144
0.1026,0.042022,0.0042706,-0.056059
0.1027,0.039833,0.0048346,-0.057881
0.1028,0.037715,0.0053598,-0.059557
0.1029,0.035722,0.0058268,-0.061056
0.103,0.033895,0.0062407,-0.06236
0.1031,0.031798,0.0075648,-0.063932
0.1032,0.028002,0.012575,-0.067089
0.1033,0.023827,0.01832,-0.070234
0.1034,0.022282,0.018988,-0.070581
0.1035,0.020879,0.019776,-0.070756
0.1036,0.019571,0.020663,-0.070642
0.1037,0.018375,0.021641,-0.070284
0.1038,0.017179,0.022689,-0.069572
0.1039,0.015941,0.023811,-0.068482
0.104,0.014757,0.025031,-0.067115
0.1041,0.01366,0.026319,-0.065486
0.1042,0.012626,0.027631,-0.063559
0.1043,0.011665,0.028965,-0.061382
0.1044,0.010841,0.030359,-0.059079
0.1045,0.010176,0.031856,-0.056769
0.1046,0.0095815,0.033468,-0.05445
0.1047,0.0089581,0.03517,-0.052053
0.1048,0.0082827,0.036938,-0.049555
0.1049,0.0076116,0.038769,-0.047021
0.105,0.006989,0.040662,-0.044522
0.1051,0.0064138,0.0426,-0.042071
0.1052,0.0058462,0.044559,-0.039653
0.1053,0.0052607,0.046509,-0.037273
0.1054,0.0046797,0.048413,-0.034949
0.1055,0.0041291,0.050208,-0.032691
0.1056,0.0036299,0.051844,-0.030526
0.1057,0.0031956,0.053294,-0.028509
0.1058,0.0028105,0.05454,-0.026673
0.1059,0.00059268,0.056517,-0.024133
0.106,-0.0044816,0.059656,-0.020299
0.1061,-0.0099316,0.062531,-0.016205
0.1062,-0.010613,0.062854,-0.014696
0.1063,-0.0114,0.062948,-0.013308
0.1064,-0.012283,0.062765,-0.012024
0.1065,-0.013255,0.062325,-0.010838
0.1066,-0.014298,0.06153,-0.0096453
0.1067,-0.015416,0.06037,-0.0084182
0.1068,-0.016624,0.058936,-0.0072472
0.1069,-0.01789,0.057241,-0.0061619
0.107,-0.019172,0.055255,-0.0051412
0.1071,-0.020474,0.053045,-0.0042082
0.1072,-0.021842,0.050741,-0.0034149
0.1073,-0.023316,0.04845,-0.0027663
0.1074,-0.0249,0.046153,-0.002175
0.1075,-0.026564,0.04378,-0.0015452
0.1076,-0.028286,0.041315,-0.00086482
0.1077,-0.03006,0.038826,-0.00019592
0.1078,-0.031885,0.036376,0.00041175
0.1079,-0.033742,0.033974,0.00097302
0.108,-0.035609,0.031605,0.0015426
0.1081,-0.037452,0.029275,0.0021275
0.1082,-0.03923,0.026996,0.0027026
0.1083,-0.040885,0.024788,0.0032394
0.1084,-0.042375,0.022683,0.003716
0.1085,-0.043681,0.020739,0.0041214
0.1086,-0.04479,0.01898,0.0044774
0.1087,-0.047123,0.01607,0.0075978
0.1088,-0.050516,0.011928,0.013377
0.1089,-0.052778,0.0083138,0.017844
0.109,-0.053088,0.0069192,0.018506
0.1091,-0.053148,0.005607,0.019266
0.1092,-0.05297,0.0043941,0.020114
0.1093,-0.052552,0.0032669,0.021045
0.1094,-0.051766,0.002099,0.022034
0.1095,-0.050662,0.00092166,0.023104
0.1096,-0.049287,-0.00020654,0.02425
0.1097,-0.047661,-0.0012465,0.025443
0.1098,-0.045736,-0.0022342,0.026636
0.1099,-0.043621,-0.0031132,0.027854
0.11,-0.041432,-0.0038524,0.029137
0.1101,-0.039267,-0.0044418,0.030529
0.1102,-0.037064,-0.0050118,0.032017
0.1103,-0.034774,-0.0056345,0.033577
0.1104,-0.032377,-0.0063142,0.035184
0.1105,-0.029971,-0.0069683,0.03684
0.1106,-0.027591,-0.007571,0.038535
0.1107,-0.025255,-0.008141,0.040255
0.1108,-0.022934,-0.00874,0.04197
0.1109,-0.020655,-0.0093453,0.043653
0.111,-0.018415,-0.009944,0.045255
0.1111,-0.01625,-0.010493,0.046728
0.1112,-0.014188,-0.010979,0.048034
0.1113,-0.012305,-0.011381,0.049169
0.1114,-0.010513,-0.011936,0.050223
0.1115,-0.0073027,-0.015759,0.052777
0.1116,-0.0029005,-0.022137,0.056343
0.1117,0.00031099,-0.025869,0.058125
0.1118,0.0016811,-0.02656,0.058367
0.1119,0.0029682,-0.02735,0.058401
0.112,0.00415,-0.028231,0.05824
0.1121,0.0052714,-0.029193,0.057844
0.1122,0.0064495,-0.030217,0.057099
0.1123,0.0076304,-0.031327,0.056063
0.1124,0.0087523,-0.032513,0.054782
0.1125,0.0097912,-0.033735,0.053253
0.1126,0.010773,-0.034958,0.051442
0.1127,0.011635,-0.03621,0.049463
0.1128,0.012346,-0.037537,0.047432
0.1129,0.012925,-0.038981,0.045429
0.113,0.013501,-0.040525,0.043371
0.1131,0.01414,-0.042142,0.041203
0.1132,0.014834,-0.04381,0.038928
0.1133,0.015498,-0.045534,0.036642
0.1134,0.016118,-0.047302,0.034378
0.1135,0.016715,-0.049095,0.032144
0.1136,0.017342,-0.050884,0.029914
0.1137,0.017975,-0.052638,0.027715
0.1138,0.018591,-0.054302,0.02555
0.1139,0.01915,-0.055825,0.023454
0.114,0.019636,-0.057174,0.021467
0.1141,0.020038,-0.058343,0.019659
0.1142,0.02111,-0.059697,0.017707
0.1143,0.025798,-0.062672,0.014117
0.1144,0.032911,-0.066599,0.0093921
0.1145,0.035328,-0.067716,0.0068907
0.1146,0.036059,-0.067964,0.0055534
0.1147,0.036895,-0.067991,0.0042993
0.1148,0.037827,-0.067825,0.0031543
0.1149,0.038837,-0.067384,0.0020363
0.115,0.03991,-0.066571,0.00084938
0.1151,0.041076,-0.065483,-0.000324
0.1152,0.042314,-0.06415,-0.0014268
0.1153,0.043575,-0.062534,-0.0024595
0.1154,0.044834,-0.060635,-0.003427
0.1155,0.046129,-0.058584,-0.0042627
0.1156,0.04751,-0.056509,-0.0049331
0.1157,0.049008,-0.054452,-0.0054903
0.1158,0.050601,-0.052321,-0.0060683
0.1159,0.052262,-0.050067,-0.0067244
0.116,0.053976,-0.047722,-0.0074274
0.1161,0.055746,-0.045382,-0.0081031
0.1162,0.057558,-0.04307,-0.0087369
0.1163,0.059387,-0.040782,-0.0093575
0.1164,0.061205,-0.038502,-0.010007
0.1165,0.062975,-0.036254,-0.010658
0.1166,0.064639,-0.034046,-0.011286
0.1167,0.066144,-0.031911,-0.011853
0.1168,0.067462,-0.029905,-0.012339
0.1169,0.068589,-0.028089,-0.012744
0.117,0.070259,-0.025805,-0.014527
0.1171,0.073227,-0.022147,-0.019351
0.1172,0.077551,-0.016905,-0.027472
0.1173,0.078083,-0.0149,-0.028892
0.1174,0.078278,-0.013552,-0.029687
0.1175,0.078232,-0.01229,-0.03059
0.1176,0.077998,-0.011144,-0.031594
0.1177,0.077474,-0.010008,-0.032679
0.1178,0.076568,-0.0087908,-0.033832
0.1179,0.075398,-0.0075994,-0.035082
0.118,0.073987,-0.0064944,-0.036403
0.1181,0.072285,-0.0054577,-0.037741
0.1182,0.070315,-0.0044972,-0.039082
0.1183,0.068213,-0.0036788,-0.040468
0.1184,0.066113,-0.0030334,-0.041958
0.1185,0.064032,-0.0024859,-0.043574
0.1186,0.06187,-0.0019028,-0.045291
0.1187,0.059575,-0.0012342,-0.047078
0.1188,0.057202,-0.00052616,-0.048925
0.1189,0.054845,0.00014403,-0.050836
0.119,0.052521,0.00076643,-0.052794
0.1191,0.050214,0.0013751,-0.054773
0.1192,0.047914,0.0020085,-0.05674
0.1193,0.045645,0.0026374,-0.058652
0.1194,0.043421,0.0032281,-0.060443
0.1195,0.041276,0.0037505,-0.062053
0.1196,0.039275,0.004185,-0.063454
0.1197,0.037471,0.0045405,-0.064633
0.1198,0.034624,0.0074719,-0.066927
0.1199,0.030496,0.013188,-0.070329
0.12,0.025494,0.020664,-0.074246
0.1201,0.023955,0.021293,-0.074427
0.1202,0.022611,0.022078,-0.074532
0.1203,0.021365,0.022975,-0.074357
0.1204,0.020218,0.023971,-0.073947
0.1205,0.019052,0.025043,-0.073188
0.1206,0.017813,0.026193,-0.072042
0.1207,0.016619,0.027444,-0.070619
0.1208,0.015506,0.028757,-0.068929
0.1209,0.014455,0.030077,-0.066924
0.121,0.013496,0.031405,-0.064671
0.1211,0.012699,0.032793,-0.062323
0.1212,0.012079,0.034292,-0.060011
0.1213,0.011528,0.035916,-0.057713
0.1214,0.010915,0.037635,-0.055331
0.1215,0.010217,0.039422,-0.052833
0.1216,0.0095064,0.041273,-0.050296
0.1217,0.008843,0.043188,-0.0478
0.1218,0.0082258,0.045149,-0.045354
0.1219,0.0076038,0.047128,-0.042936
0.122,0.0069633,0.049089,-0.040546
0.1221,0.006335,0.050986,-0.038202
0.1222,0.0057568,0.052748,-0.035923
0.1223,0.0052614,0.054321,-0.033748
0.1224,0.0048675,0.055677,-0.03175
0.1225,0.0044091,0.05688,-0.029902
